09/04/2024 16.14.28
09/04/2024 16.23.28

800.0000	  0.5242

800.0000	  0.5242

900.0000	  0.5183



  1.0000
900.0000
  3.0000
340.0000
  1.0000
1401.0000
  5.0000
  6.0000
  2.0000
  1.0000
  0.0000
  0.0000
100.0000
  0.0000
  1.0000
  0.0000
500.0000
900.0000
200.0000
  4.0000
  1.0000
 18.0000
  2.0000
  1.0000
255.0000
  0.8352
  1.0000
 30.0000
  4.0000
500.0000
  0.0000
  0.0000
  4.0000
900.0000
200.0000
  0.0000
100.0000
  0.0000
  1.0000
  0.0000
500.0000
  1.0000
  1.0000
  1.0000
  1.0000
  4.0000
  0.0000
  1.0000
  1.0000
  1.0000
  1.0000
  1.0000
  2.0000
  1.0000
  1.0000
  1.0000
  3.0000
  1.0000
  1.0000
  1.0000
  4.0000
  5.0000
539.504
0.000

lambda: 800 
Abs:    -0.0002

#
900.0000	  0.5139
899.5000	  0.5383
899.0000	  0.5602
898.5000	  0.5378
898.0000	  0.5124
897.5000	  0.5133
897.0000	  0.5263
896.5000	  0.5336
896.0000	  0.5381
895.5000	  0.5332
895.0000	  0.5134
894.5000	  0.5391
894.0000	  0.5358
893.5000	  0.5486
893.0000	  0.5405
892.5000	  0.5386
892.0000	  0.5333
891.5000	  0.5313
891.0000	  0.5306
890.5000	  0.5398
890.0000	  0.5284
889.5000	  0.5514
889.0000	  0.5230
888.5000	  0.5355
888.0000	  0.5424
887.5000	  0.5310
887.0000	  0.5391
886.5000	  0.5270
886.0000	  0.5360
885.5000	  0.5308
885.0000	  0.5324
884.5000	  0.5422
884.0000	  0.5320
883.5000	  0.5351
883.0000	  0.5301
882.5000	  0.5284
882.0000	  0.5324
881.5000	  0.5423
881.0000	  0.5420
880.5000	  0.5335
880.0000	  0.5275
879.5000	  0.5401
879.0000	  0.5304
878.5000	  0.5350
878.0000	  0.5351
877.5000	  0.5368
877.0000	  0.5399
876.5000	  0.5370
876.0000	  0.5353
875.5000	  0.5272
875.0000	  0.5270
874.5000	  0.5324
874.0000	  0.5407
873.5000	  0.5396
873.0000	  0.5319
872.5000	  0.5312
872.0000	  0.5390
871.5000	  0.5315
871.0000	  0.5414
870.5000	  0.5353
870.0000	  0.5313
869.5000	  0.5343
869.0000	  0.5299
868.5000	  0.5340
868.0000	  0.5302
867.5000	  0.5304
867.0000	  0.5357
866.5000	  0.5294
866.0000	  0.5350
865.5000	  0.5371
865.0000	  0.5352
864.5000	  0.5288
864.0000	  0.5307
863.5000	  0.5272
863.0000	  0.5288
862.5000	  0.5272
862.0000	  0.5316
861.5000	  0.5298
861.0000	  0.5326
860.5000	  0.5306
860.0000	  0.5285
859.5000	  0.5341
859.0000	  0.5301
858.5000	  0.5280
858.0000	  0.5319
857.5000	  0.5322
857.0000	  0.5313
856.5000	  0.5331
856.0000	  0.5276
855.5000	  0.5312
855.0000	  0.5268
854.5000	  0.5304
854.0000	  0.5283
853.5000	  0.5286
853.0000	  0.5304
852.5000	  0.5283
852.0000	  0.5290
851.5000	  0.5278
851.0000	  0.5292
850.5000	  0.5295
850.0000	  0.5267
849.5000	  0.5290
849.0000	  0.5295
848.5000	  0.5283
848.0000	  0.5269
847.5000	  0.5270
847.0000	  0.5272
846.5000	  0.5258
846.0000	  0.5275
845.5000	  0.5274
845.0000	  0.5268
844.5000	  0.5272
844.0000	  0.5268
843.5000	  0.5276
843.0000	  0.5262
842.5000	  0.5283
842.0000	  0.5282
841.5000	  0.5296
841.0000	  0.5265
840.5000	  0.5293
840.0000	  0.5277
839.5000	  0.5283
839.0000	  0.5289
838.5000	  0.5285
838.0000	  0.5275
837.5000	  0.5277
837.0000	  0.5271
836.5000	  0.5282
836.0000	  0.5284
835.5000	  0.5272
835.0000	  0.5281
834.5000	  0.5258
834.0000	  0.5283
833.5000	  0.5274
833.0000	  0.5274
832.5000	  0.5285
832.0000	  0.5292
831.5000	  0.5273
831.0000	  0.5288
830.5000	  0.5283
830.0000	  0.5282
829.5000	  0.5278
829.0000	  0.5293
828.5000	  0.5288
828.0000	  0.5291
827.5000	  0.5286
827.0000	  0.5281
826.5000	  0.5272
826.0000	  0.5285
825.5000	  0.5289
825.0000	  0.5286
824.5000	  0.5293
824.0000	  0.5283
823.5000	  0.5291
823.0000	  0.5277
822.5000	  0.5278
822.0000	  0.5284
821.5000	  0.5279
821.0000	  0.5288
820.5000	  0.5290
820.0000	  0.5277
819.5000	  0.5288
819.0000	  0.5284
818.5000	  0.5290
818.0000	  0.5277
817.5000	  0.5293
817.0000	  0.5291
816.5000	  0.5269
816.0000	  0.5286
815.5000	  0.5286
815.0000	  0.5280
814.5000	  0.5282
814.0000	  0.5276
813.5000	  0.5285
813.0000	  0.5279
812.5000	  0.5281
812.0000	  0.5290
811.5000	  0.5269
811.0000	  0.5281
810.5000	  0.5292
810.0000	  0.5281
809.5000	  0.5287
809.0000	  0.5266
808.5000	  0.5273
808.0000	  0.5283
807.5000	  0.5272
807.0000	  0.5285
806.5000	  0.5277
806.0000	  0.5282
805.5000	  0.5273
805.0000	  0.5276
804.5000	  0.5280
804.0000	  0.5275
803.5000	  0.5272
803.0000	  0.5269
802.5000	  0.5279
802.0000	  0.5271
801.5000	  0.5263
801.0000	  0.5266
800.5000	  0.5279
800.0000	  0.5268
799.5000	  0.5276
799.0000	  0.5281
798.5000	  0.5261
798.0000	  0.5265
797.5000	  0.5268
797.0000	  0.5257
796.5000	  0.5262
796.0000	  0.5255
795.5000	  0.5265
795.0000	  0.5281
794.5000	  0.5265
794.0000	  0.5266
793.5000	  0.5265
793.0000	  0.5268
792.5000	  0.5265
792.0000	  0.5256
791.5000	  0.5266
791.0000	  0.5262
790.5000	  0.5266
790.0000	  0.5257
789.5000	  0.5254
789.0000	  0.5262
788.5000	  0.5256
788.0000	  0.5253
787.5000	  0.5267
787.0000	  0.5262
786.5000	  0.5262
786.0000	  0.5250
785.5000	  0.5255
785.0000	  0.5248
784.5000	  0.5251
784.0000	  0.5244
783.5000	  0.5251
783.0000	  0.5239
782.5000	  0.5249
782.0000	  0.5248
781.5000	  0.5245
781.0000	  0.5254
780.5000	  0.5243
780.0000	  0.5245
779.5000	  0.5248
779.0000	  0.5247
778.5000	  0.5241
778.0000	  0.5244
777.5000	  0.5247
777.0000	  0.5251
776.5000	  0.5242
776.0000	  0.5243
775.5000	  0.5240
775.0000	  0.5233
774.5000	  0.5237
774.0000	  0.5241
773.5000	  0.5243
773.0000	  0.5249
772.5000	  0.5243
772.0000	  0.5246
771.5000	  0.5246
771.0000	  0.5248
770.5000	  0.5245
770.0000	  0.5239
769.5000	  0.5244
769.0000	  0.5240
768.5000	  0.5243
768.0000	  0.5236
767.5000	  0.5234
767.0000	  0.5240
766.5000	  0.5242
766.0000	  0.5229
765.5000	  0.5237
765.0000	  0.5234
764.5000	  0.5242
764.0000	  0.5224
763.5000	  0.5233
763.0000	  0.5236
762.5000	  0.5238
762.0000	  0.5233
761.5000	  0.5240
761.0000	  0.5235
760.5000	  0.5226
760.0000	  0.5230
759.5000	  0.5229
759.0000	  0.5234
758.5000	  0.5234
758.0000	  0.5235
757.5000	  0.5228
757.0000	  0.5234
756.5000	  0.5238
756.0000	  0.5228
755.5000	  0.5229
755.0000	  0.5226
754.5000	  0.5218
754.0000	  0.5237
753.5000	  0.5235
753.0000	  0.5231
752.5000	  0.5231
752.0000	  0.5225
751.5000	  0.5230
751.0000	  0.5228
750.5000	  0.5231
750.0000	  0.5224
749.5000	  0.5226
749.0000	  0.5220
748.5000	  0.5217
748.0000	  0.5223
747.5000	  0.5219
747.0000	  0.5226
746.5000	  0.5210
746.0000	  0.5226
745.5000	  0.5225
745.0000	  0.5222
744.5000	  0.5218
744.0000	  0.5217
743.5000	  0.5216
743.0000	  0.5209
742.5000	  0.5213
742.0000	  0.5212
741.5000	  0.5202
741.0000	  0.5211
740.5000	  0.5209
740.0000	  0.5206
739.5000	  0.5213
739.0000	  0.5205
738.5000	  0.5202
738.0000	  0.5209
737.5000	  0.5207
737.0000	  0.5206
736.5000	  0.5201
736.0000	  0.5202
735.5000	  0.5195
735.0000	  0.5199
734.5000	  0.5200
734.0000	  0.5193
733.5000	  0.5192
733.0000	  0.5194
732.5000	  0.5183
732.0000	  0.5187
731.5000	  0.5177
731.0000	  0.5181
730.5000	  0.5183
730.0000	  0.5180
729.5000	  0.5173
729.0000	  0.5165
728.5000	  0.5166
728.0000	  0.5163
727.5000	  0.5157
727.0000	  0.5154
726.5000	  0.5151
726.0000	  0.5148
725.5000	  0.5139
725.0000	  0.5131
724.5000	  0.5128
724.0000	  0.5120
723.5000	  0.5106
723.0000	  0.5115
722.5000	  0.5103
722.0000	  0.5093
721.5000	  0.5085
721.0000	  0.5071
720.5000	  0.5069
720.0000	  0.5053
719.5000	  0.5042
719.0000	  0.5040
718.5000	  0.5027
718.0000	  0.5027
717.5000	  0.5026
717.0000	  0.5019
716.5000	  0.5027
716.0000	  0.5037
715.5000	  0.5036
715.0000	  0.5032
714.5000	  0.5055
714.0000	  0.5069
713.5000	  0.5074
713.0000	  0.5095
712.5000	  0.5108
712.0000	  0.5115
711.5000	  0.5128
711.0000	  0.5130
710.5000	  0.5145
710.0000	  0.5158
709.5000	  0.5165
709.0000	  0.5168
708.5000	  0.5171
708.0000	  0.5180
707.5000	  0.5181
707.0000	  0.5187
706.5000	  0.5182
706.0000	  0.5185
705.5000	  0.5180
705.0000	  0.5188
704.5000	  0.5183
704.0000	  0.5183
703.5000	  0.5186
703.0000	  0.5186
702.5000	  0.5185
702.0000	  0.5192
701.5000	  0.5183
701.0000	  0.5188
700.5000	  0.5176
700.0000	  0.5183
699.5000	  0.5188
699.0000	  0.5181
698.5000	  0.5185
698.0000	  0.5186
697.5000	  0.5181
697.0000	  0.5178
696.5000	  0.5186
696.0000	  0.5183
695.5000	  0.5181
695.0000	  0.5176
694.5000	  0.5191
694.0000	  0.5182
693.5000	  0.5184
693.0000	  0.5188
692.5000	  0.5174
692.0000	  0.5190
691.5000	  0.5183
691.0000	  0.5190
690.5000	  0.5184
690.0000	  0.5188
689.5000	  0.5187
689.0000	  0.5189
688.5000	  0.5188
688.0000	  0.5182
687.5000	  0.5181
687.0000	  0.5185
686.5000	  0.5184
686.0000	  0.5185
685.5000	  0.5192
685.0000	  0.5186
684.5000	  0.5181
684.0000	  0.5186
683.5000	  0.5184
683.0000	  0.5187
682.5000	  0.5187
682.0000	  0.5189
681.5000	  0.5187
681.0000	  0.5187
680.5000	  0.5184
680.0000	  0.5183
679.5000	  0.5183
679.0000	  0.5186
678.5000	  0.5188
678.0000	  0.5179
677.5000	  0.5192
677.0000	  0.5196
676.5000	  0.5185
676.0000	  0.5190
675.5000	  0.5189
675.0000	  0.5186
674.5000	  0.5196
674.0000	  0.5179
673.5000	  0.5186
673.0000	  0.5187
672.5000	  0.5192
672.0000	  0.5190
671.5000	  0.5182
671.0000	  0.5185
670.5000	  0.5184
670.0000	  0.5181
669.5000	  0.5189
669.0000	  0.5180
668.5000	  0.5186
668.0000	  0.5174
667.5000	  0.5189
667.0000	  0.5186
666.5000	  0.5193
666.0000	  0.5190
665.5000	  0.5184
665.0000	  0.5183
664.5000	  0.5186
664.0000	  0.5186
663.5000	  0.5186
663.0000	  0.5191
662.5000	  0.5186
662.0000	  0.5192
661.5000	  0.5187
661.0000	  0.5180
660.5000	  0.5195
660.0000	  0.5183
659.5000	  0.5193
659.0000	  0.5192
658.5000	  0.5187
658.0000	  0.5190
657.5000	  0.5192
657.0000	  0.5188
656.5000	  0.5187
656.0000	  0.5181
655.5000	  0.5189
655.0000	  0.5190
654.5000	  0.5188
654.0000	  0.5188
653.5000	  0.5192
653.0000	  0.5195
652.5000	  0.5194
652.0000	  0.5187
651.5000	  0.5193
651.0000	  0.5195
650.5000	  0.5190
650.0000	  0.5187
649.5000	  0.5192
649.0000	  0.5190
648.5000	  0.5190
648.0000	  0.5197
647.5000	  0.5198
647.0000	  0.5199
646.5000	  0.5192
646.0000	  0.5201
645.5000	  0.5197
645.0000	  0.5200
644.5000	  0.5199
644.0000	  0.5197
643.5000	  0.5203
643.0000	  0.5199
642.5000	  0.5203
642.0000	  0.5202
641.5000	  0.5206
641.0000	  0.5206
640.5000	  0.5203
640.0000	  0.5209
639.5000	  0.5211
639.0000	  0.5205
638.5000	  0.5212
638.0000	  0.5210
637.5000	  0.5217
637.0000	  0.5211
636.5000	  0.5212
636.0000	  0.5212
635.5000	  0.5211
635.0000	  0.5216
634.5000	  0.5207
634.0000	  0.5207
633.5000	  0.5210
633.0000	  0.5206
632.5000	  0.5215
632.0000	  0.5207
631.5000	  0.5200
631.0000	  0.5205
630.5000	  0.5199
630.0000	  0.5196
629.5000	  0.5190
629.0000	  0.5191
628.5000	  0.5190
628.0000	  0.5173
627.5000	  0.5177
627.0000	  0.5166
626.5000	  0.5159
626.0000	  0.5157
625.5000	  0.5146
625.0000	  0.5151
624.5000	  0.5137
624.0000	  0.5137
623.5000	  0.5136
623.0000	  0.5121
622.5000	  0.5131
622.0000	  0.5114
621.5000	  0.5116
621.0000	  0.5119
620.5000	  0.5118
620.0000	  0.5110
619.5000	  0.5108
619.0000	  0.5108
618.5000	  0.5106
618.0000	  0.5111
617.5000	  0.5109
617.0000	  0.5107
616.5000	  0.5112
616.0000	  0.5117
615.5000	  0.5103
615.0000	  0.5112
614.5000	  0.5109
614.0000	  0.5116
613.5000	  0.5113
613.0000	  0.5121
612.5000	  0.5115
612.0000	  0.5117
611.5000	  0.5121
611.0000	  0.5116
610.5000	  0.5110
610.0000	  0.5115
609.5000	  0.5103
609.0000	  0.5115
608.5000	  0.5110
608.0000	  0.5106
607.5000	  0.5113
607.0000	  0.5114
606.5000	  0.5110
606.0000	  0.5114
605.5000	  0.5107
605.0000	  0.5114
604.5000	  0.5106
604.0000	  0.5106
603.5000	  0.5107
603.0000	  0.5103
602.5000	  0.5107
602.0000	  0.5112
601.5000	  0.5105
601.0000	  0.5108
600.5000	  0.5106
600.0000	  0.5109
599.5000	  0.5104
599.0000	  0.5100
598.5000	  0.5105
598.0000	  0.5099
597.5000	  0.5098
597.0000	  0.5108
596.5000	  0.5103
596.0000	  0.5102
595.5000	  0.5102
595.0000	  0.5099
594.5000	  0.5102
594.0000	  0.5094
593.5000	  0.5100
593.0000	  0.5104
592.5000	  0.5102
592.0000	  0.5100
591.5000	  0.5098
591.0000	  0.5099
590.5000	  0.5089
590.0000	  0.5099
589.5000	  0.5097
589.0000	  0.5092
588.5000	  0.5093
588.0000	  0.5086
587.5000	  0.5091
587.0000	  0.5094
586.5000	  0.5096
586.0000	  0.5088
585.5000	  0.5084
585.0000	  0.5091
584.5000	  0.5100
584.0000	  0.5084
583.5000	  0.5086
583.0000	  0.5087
582.5000	  0.5082
582.0000	  0.5095
581.5000	  0.5085
581.0000	  0.5084
580.5000	  0.5086
580.0000	  0.5079
579.5000	  0.5087
579.0000	  0.5080
578.5000	  0.5080
578.0000	  0.5086
577.5000	  0.5083
577.0000	  0.5083
576.5000	  0.5084
576.0000	  0.5084
575.5000	  0.5080
575.0000	  0.5074
574.5000	  0.5083
574.0000	  0.5076
573.5000	  0.5081
573.0000	  0.5081
572.5000	  0.5077
572.0000	  0.5079
571.5000	  0.5076
571.0000	  0.5079
570.5000	  0.5076
570.0000	  0.5067
569.5000	  0.5077
569.0000	  0.5079
568.5000	  0.5077
568.0000	  0.5073
567.5000	  0.5076
567.0000	  0.5082
566.5000	  0.5077
566.0000	  0.5070
565.5000	  0.5065
565.0000	  0.5068
564.5000	  0.5074
564.0000	  0.5075
563.5000	  0.5065
563.0000	  0.5065
562.5000	  0.5072
562.0000	  0.5071
561.5000	  0.5070
561.0000	  0.5073
560.5000	  0.5071
560.0000	  0.5052
559.5000	  0.5051
559.0000	  0.5058
558.5000	  0.5051
558.0000	  0.5055
557.5000	  0.5052
557.0000	  0.5043
556.5000	  0.5053
556.0000	  0.5048
555.5000	  0.5049
555.0000	  0.5054
554.5000	  0.5040
554.0000	  0.5047
553.5000	  0.5046
553.0000	  0.5045
552.5000	  0.5050
552.0000	  0.5045
551.5000	  0.5048
551.0000	  0.5044
550.5000	  0.5041
550.0000	  0.5048
549.5000	  0.5047
549.0000	  0.5039
548.5000	  0.5048
548.0000	  0.5043
547.5000	  0.5047
547.0000	  0.5042
546.5000	  0.5043
546.0000	  0.5038
545.5000	  0.5036
545.0000	  0.5040
544.5000	  0.5038
544.0000	  0.5031
543.5000	  0.5039
543.0000	  0.5032
542.5000	  0.5039
542.0000	  0.5038
541.5000	  0.5028
541.0000	  0.5038
540.5000	  0.5031
540.0000	  0.5035
539.5000	  0.5032
539.0000	  0.5034
538.5000	  0.5039
538.0000	  0.5028
537.5000	  0.5039
537.0000	  0.5028
536.5000	  0.5034
536.0000	  0.5034
535.5000	  0.5027
535.0000	  0.5028
534.5000	  0.5028
534.0000	  0.5031
533.5000	  0.5031
533.0000	  0.5026
532.5000	  0.5029
532.0000	  0.5026
531.5000	  0.5031
531.0000	  0.5031
530.5000	  0.5024
530.0000	  0.5026
529.5000	  0.5026
529.0000	  0.5023
528.5000	  0.5027
528.0000	  0.5019
527.5000	  0.5031
527.0000	  0.5024
526.5000	  0.5018
526.0000	  0.5030
525.5000	  0.5015
525.0000	  0.5030
524.5000	  0.5019
524.0000	  0.5024
523.5000	  0.5023
523.0000	  0.5023
522.5000	  0.5028
522.0000	  0.5026
521.5000	  0.5022
521.0000	  0.5028
520.5000	  0.5018
520.0000	  0.5021
519.5000	  0.5023
519.0000	  0.5024
518.5000	  0.5025
518.0000	  0.5020
517.5000	  0.5024
517.0000	  0.5021
516.5000	  0.5021
516.0000	  0.5023
515.5000	  0.5022
515.0000	  0.5030
514.5000	  0.5019
514.0000	  0.5023
513.5000	  0.5021
513.0000	  0.5018
512.5000	  0.5025
512.0000	  0.5017
511.5000	  0.5018
511.0000	  0.5014
510.5000	  0.5019
510.0000	  0.5019
509.5000	  0.5010
509.0000	  0.5013
508.5000	  0.5013
508.0000	  0.5010
507.5000	  0.5008
507.0000	  0.5000
506.5000	  0.5004
506.0000	  0.4996
505.5000	  0.4995
505.0000	  0.4992
504.5000	  0.4989
504.0000	  0.4984
503.5000	  0.4977
503.0000	  0.4983
502.5000	  0.4977
502.0000	  0.4975
501.5000	  0.4972
501.0000	  0.4958
500.5000	  0.4970
500.0000	  0.4959
499.5000	  0.4954
499.0000	  0.4951
498.5000	  0.4948
498.0000	  0.4946
497.5000	  0.4943
497.0000	  0.4942
496.5000	  0.4936
496.0000	  0.4934
495.5000	  0.4938
495.0000	  0.4936
494.5000	  0.4933
494.0000	  0.4932
493.5000	  0.4920
493.0000	  0.4935
492.5000	  0.4925
492.0000	  0.4924
491.5000	  0.4925
491.0000	  0.4915
490.5000	  0.4924
490.0000	  0.4919
489.5000	  0.4919
489.0000	  0.4920
488.5000	  0.4915
488.0000	  0.4923
487.5000	  0.4920
487.0000	  0.4922
486.5000	  0.4920
486.0000	  0.4912
485.5000	  0.4915
485.0000	  0.4914
484.5000	  0.4916
484.0000	  0.4918
483.5000	  0.4912
483.0000	  0.4910
482.5000	  0.4903
482.0000	  0.4911
481.5000	  0.4901
481.0000	  0.4906
480.5000	  0.4903
480.0000	  0.4905
479.5000	  0.4901
479.0000	  0.4905
478.5000	  0.4897
478.0000	  0.4896
477.5000	  0.4888
477.0000	  0.4890
476.5000	  0.4886
476.0000	  0.4884
475.5000	  0.4891
475.0000	  0.4886
474.5000	  0.4882
474.0000	  0.4883
473.5000	  0.4874
473.0000	  0.4879
472.5000	  0.4870
472.0000	  0.4869
471.5000	  0.4863
471.0000	  0.4858
470.5000	  0.4865
470.0000	  0.4861
469.5000	  0.4855
469.0000	  0.4858
468.5000	  0.4852
468.0000	  0.4845
467.5000	  0.4852
467.0000	  0.4836
466.5000	  0.4836
466.0000	  0.4835
465.5000	  0.4821
465.0000	  0.4824
464.5000	  0.4816
464.0000	  0.4817
463.5000	  0.4825
463.0000	  0.4808
462.5000	  0.4808
462.0000	  0.4800
461.5000	  0.4802
461.0000	  0.4797
460.5000	  0.4802
460.0000	  0.4796
459.5000	  0.4777
459.0000	  0.4775
458.5000	  0.4779
458.0000	  0.4771
457.5000	  0.4782
457.0000	  0.4775
456.5000	  0.4771
456.0000	  0.4777
455.5000	  0.4776
455.0000	  0.4769
454.5000	  0.4781
454.0000	  0.4770
453.5000	  0.4773
453.0000	  0.4774
452.5000	  0.4781
452.0000	  0.4793
451.5000	  0.4782
451.0000	  0.4789
450.5000	  0.4792
450.0000	  0.4794
449.5000	  0.4802
449.0000	  0.4805
448.5000	  0.4815
448.0000	  0.4822
447.5000	  0.4817
447.0000	  0.4832
446.5000	  0.4836
446.0000	  0.4822
445.5000	  0.4833
445.0000	  0.4833
444.5000	  0.4837
444.0000	  0.4842
443.5000	  0.4834
443.0000	  0.4851
442.5000	  0.4848
442.0000	  0.4846
441.5000	  0.4860
441.0000	  0.4850
440.5000	  0.4860
440.0000	  0.4853
439.5000	  0.4853
439.0000	  0.4852
438.5000	  0.4855
438.0000	  0.4859
437.5000	  0.4858
437.0000	  0.4859
436.5000	  0.4863
436.0000	  0.4857
435.5000	  0.4855
435.0000	  0.4859
434.5000	  0.4855
434.0000	  0.4866
433.5000	  0.4853
433.0000	  0.4859
432.5000	  0.4859
432.0000	  0.4861
431.5000	  0.4866
431.0000	  0.4861
430.5000	  0.4850
430.0000	  0.4853
429.5000	  0.4851
429.0000	  0.4861
428.5000	  0.4862
428.0000	  0.4848
427.5000	  0.4864
427.0000	  0.4855
426.5000	  0.4845
426.0000	  0.4861
425.5000	  0.4847
425.0000	  0.4846
424.5000	  0.4851
424.0000	  0.4848
423.5000	  0.4843
423.0000	  0.4842
422.5000	  0.4839
422.0000	  0.4841
421.5000	  0.4831
421.0000	  0.4842
420.5000	  0.4829
420.0000	  0.4832
419.5000	  0.4833
419.0000	  0.4821
418.5000	  0.4827
418.0000	  0.4843
417.5000	  0.4830
417.0000	  0.4836
416.5000	  0.4827
416.0000	  0.4828
415.5000	  0.4847
415.0000	  0.4826
414.5000	  0.4819
414.0000	  0.4822
413.5000	  0.4822
413.0000	  0.4827
412.5000	  0.4828
412.0000	  0.4825
411.5000	  0.4818
411.0000	  0.4808
410.5000	  0.4828
410.0000	  0.4809
409.5000	  0.4805
409.0000	  0.4822
408.5000	  0.4810
408.0000	  0.4816
407.5000	  0.4810
407.0000	  0.4811
406.5000	  0.4810
406.0000	  0.4803
405.5000	  0.4813
405.0000	  0.4798
404.5000	  0.4811
404.0000	  0.4798
403.5000	  0.4797
403.0000	  0.4809
402.5000	  0.4813
402.0000	  0.4798
401.5000	  0.4799
401.0000	  0.4802
400.5000	  0.4801
400.0000	  0.4791
399.5000	  0.4803
399.0000	  0.4805
398.5000	  0.4792
398.0000	  0.4794
397.5000	  0.4796
397.0000	  0.4792
396.5000	  0.4797
396.0000	  0.4786
395.5000	  0.4794
395.0000	  0.4794
394.5000	  0.4791
394.0000	  0.4782
393.5000	  0.4795
393.0000	  0.4792
392.5000	  0.4790
392.0000	  0.4779
391.5000	  0.4774
391.0000	  0.4762
390.5000	  0.4773
390.0000	  0.4792
389.5000	  0.4771
389.0000	  0.4768
388.5000	  0.4773
388.0000	  0.4767
387.5000	  0.4768
387.0000	  0.4772
386.5000	  0.4743
386.0000	  0.4751
385.5000	  0.4756
385.0000	  0.4749
384.5000	  0.4753
384.0000	  0.4744
383.5000	  0.4732
383.0000	  0.4762
382.5000	  0.4730
382.0000	  0.4749
381.5000	  0.4735
381.0000	  0.4743
380.5000	  0.4737
380.0000	  0.4733
379.5000	  0.4724
379.0000	  0.4718
378.5000	  0.4729
378.0000	  0.4724
377.5000	  0.4714
377.0000	  0.4725
376.5000	  0.4716
376.0000	  0.4722
375.5000	  0.4716
375.0000	  0.4713
374.5000	  0.4708
374.0000	  0.4708
373.5000	  0.4711
373.0000	  0.4717
372.5000	  0.4712
372.0000	  0.4710
371.5000	  0.4713
371.0000	  0.4710
370.5000	  0.4709
370.0000	  0.4704
369.5000	  0.4713
369.0000	  0.4698
368.5000	  0.4716
368.0000	  0.4708
367.5000	  0.4690
367.0000	  0.4696
366.5000	  0.4691
366.0000	  0.4688
365.5000	  0.4686
365.0000	  0.4682
364.5000	  0.4701
364.0000	  0.4695
363.5000	  0.4685
363.0000	  0.4680
362.5000	  0.4669
362.0000	  0.4678
361.5000	  0.4674
361.0000	  0.4693
360.5000	  0.4669
360.0000	  0.4676
359.5000	  0.4695
359.0000	  0.4671
358.5000	  0.4680
358.0000	  0.4685
357.5000	  0.4693
357.0000	  0.4699
356.5000	  0.4655
356.0000	  0.4653
355.5000	  0.4656
355.0000	  0.4676
354.5000	  0.4672
354.0000	  0.4647
353.5000	  0.4648
353.0000	  0.4667
352.5000	  0.4644
352.0000	  0.4644
351.5000	  0.4675
351.0000	  0.4658
350.5000	  0.4652
350.0000	  0.4646
349.5000	  0.4665
349.0000	  0.4650
348.5000	  0.4654
348.0000	  0.4654
347.5000	  0.4644
347.0000	  0.4633
346.5000	  0.4609
346.0000	  0.4631
345.5000	  0.4646
345.0000	  0.4621
344.5000	  0.4646
344.0000	  0.4651
343.5000	  0.4639
343.0000	  0.4629
342.5000	  0.4627
342.0000	  0.4622
341.5000	  0.4619
341.0000	  0.4620
340.5000	  0.4628
340.0000	  0.4651
339.5000	  0.4617
339.0000	  0.4583
338.5000	  0.4569
338.0000	  0.4592
337.5000	  0.4606
337.0000	  0.4607
336.5000	  0.4594
336.0000	  0.4611
335.5000	  0.4621
335.0000	  0.4579
334.5000	  0.4582
334.0000	  0.4570
333.5000	  0.4587
333.0000	  0.4563
332.5000	  0.4582
332.0000	  0.4568
331.5000	  0.4544
331.0000	  0.4570
330.5000	  0.4567
330.0000	  0.4611
329.5000	  0.4563
329.0000	  0.4572
328.5000	  0.4557
328.0000	  0.4513
327.5000	  0.4563
327.0000	  0.4524
326.5000	  0.4557
326.0000	  0.4542
325.5000	  0.4562
325.0000	  0.4563
324.5000	  0.4572
324.0000	  0.4564
323.5000	  0.4502
323.0000	  0.4571
322.5000	  0.4550
322.0000	  0.4536
321.5000	  0.4538
321.0000	  0.4514
320.5000	  0.4514
320.0000	  0.4484
319.5000	  0.4529
319.0000	  0.4517
318.5000	  0.4528
318.0000	  0.4532
317.5000	  0.4527
317.0000	  0.4531
316.5000	  0.4571
316.0000	  0.4503
315.5000	  0.4497
315.0000	  0.4514
314.5000	  0.4478
314.0000	  0.4506
313.5000	  0.4512
313.0000	  0.4517
312.5000	  0.4515
312.0000	  0.4514
311.5000	  0.4520
311.0000	  0.4472
310.5000	  0.4474
310.0000	  0.4522
309.5000	  0.4488
309.0000	  0.4474
308.5000	  0.4526
308.0000	  0.4471
307.5000	  0.4503
307.0000	  0.4463
306.5000	  0.4491
306.0000	  0.4446
305.5000	  0.4467
305.0000	  0.4503
304.5000	  0.4459
304.0000	  0.4456
303.5000	  0.4516
303.0000	  0.4439
302.5000	  0.4519
302.0000	  0.4496
301.5000	  0.4482
301.0000	  0.4475
300.5000	  0.4498
300.0000	  0.4496
299.5000	  0.4446
299.0000	  0.4466
298.5000	  0.4438
298.0000	  0.4479
297.5000	  0.4451
297.0000	  0.4449
296.5000	  0.4449
296.0000	  0.4458
295.5000	  0.4441
295.0000	  0.4460
294.5000	  0.4433
294.0000	  0.4426
293.5000	  0.4451
293.0000	  0.4439
292.5000	  0.4435
292.0000	  0.4441
291.5000	  0.4421
291.0000	  0.4456
290.5000	  0.4418
290.0000	  0.4419
289.5000	  0.4420
289.0000	  0.4396
288.5000	  0.4432
288.0000	  0.4393
287.5000	  0.4385
287.0000	  0.4407
286.5000	  0.4360
286.0000	  0.4337
285.5000	  0.4358
285.0000	  0.4386
284.5000	  0.4393
284.0000	  0.4353
283.5000	  0.4369
283.0000	  0.4338
282.5000	  0.4362
282.0000	  0.4344
281.5000	  0.4334
281.0000	  0.4323
280.5000	  0.4309
280.0000	  0.4336
279.5000	  0.4335
279.0000	  0.4333
278.5000	  0.4308
278.0000	  0.4281
277.5000	  0.4318
277.0000	  0.4303
276.5000	  0.4270
276.0000	  0.4273
275.5000	  0.4273
275.0000	  0.4272
274.5000	  0.4284
274.0000	  0.4286
273.5000	  0.4245
273.0000	  0.4279
272.5000	  0.4264
272.0000	  0.4232
271.5000	  0.4174
271.0000	  0.4222
270.5000	  0.4205
270.0000	  0.4188
269.5000	  0.4185
269.0000	  0.4171
268.5000	  0.4202
268.0000	  0.4121
267.5000	  0.4134
267.0000	  0.4138
266.5000	  0.4133
266.0000	  0.4130
265.5000	  0.4186
265.0000	  0.4094
264.5000	  0.4130
264.0000	  0.4073
263.5000	  0.4093
263.0000	  0.4045
262.5000	  0.4089
262.0000	  0.4121
261.5000	  0.3995
261.0000	  0.4059
260.5000	  0.3989
260.0000	  0.3995
259.5000	  0.3956
259.0000	  0.3931
258.5000	  0.3950
258.0000	  0.3899
257.5000	  0.3947
257.0000	  0.3952
256.5000	  0.3896
256.0000	  0.3848
255.5000	  0.3867
255.0000	  0.3828
254.5000	  0.3821
254.0000	  0.3811
253.5000	  0.3835
253.0000	  0.3717
252.5000	  0.3734
252.0000	  0.3801
251.5000	  0.3746
251.0000	  0.3713
250.5000	  0.3724
250.0000	  0.3631
249.5000	  0.3611
249.0000	  0.3626
248.5000	  0.3599
248.0000	  0.3603
247.5000	  0.3545
247.0000	  0.3533
246.5000	  0.3547
246.0000	  0.3513
245.5000	  0.3483
245.0000	  0.3494
244.5000	  0.3431
244.0000	  0.3464
243.5000	  0.3364
243.0000	  0.3385
242.5000	  0.3347
242.0000	  0.3294
241.5000	  0.3317
241.0000	  0.3237
240.5000	  0.3279
240.0000	  0.3252
239.5000	  0.3175
239.0000	  0.3250
238.5000	  0.3187
238.0000	  0.3104
237.5000	  0.3069
237.0000	  0.3126
236.5000	  0.3117
236.0000	  0.3029
235.5000	  0.3095
235.0000	  0.2975
234.5000	  0.3000
234.0000	  0.2990
233.5000	  0.3049
233.0000	  0.2920
232.5000	  0.2932
232.0000	  0.3159
231.5000	  0.3064
231.0000	  0.2908
230.5000	  0.2877
230.0000	  0.2732
229.5000	  0.2727
229.0000	  0.2978
228.5000	  0.2778
228.0000	  0.2424
227.5000	  0.2511
227.0000	  0.2464
226.5000	  0.1960
226.0000	  0.2151
225.5000	  0.2680
225.0000	  0.3183
224.5000	  0.2169
224.0000	  0.1637
223.5000	  0.4016
223.0000	  0.2645
222.5000	  0.2048
222.0000	  0.3930
221.5000	  0.3338
221.0000	  0.7084
220.5000	 -0.1243
220.0000	  0.2540
219.5000	 -0.1240
219.0000	  0.3288
218.5000	  7.0000
218.0000	 -0.0273
217.5000	  0.1311
217.0000	 -0.5870
216.5000	 -0.1762
216.0000	  0.0145
215.5000	 -0.5532
215.0000	 -0.1318
214.5000	 -0.2709
214.0000	  0.0804
213.5000	  0.1589
213.0000	  1.0210
212.5000	  7.0000
212.0000	 -0.2203
211.5000	 -0.6005
211.0000	  0.0460
210.5000	  7.0000
210.0000	  0.2678
209.5000	  7.0000
209.0000	  0.0992
208.5000	  7.0000
208.0000	 -0.3909
207.5000	  0.1505
207.0000	  7.0000
206.5000	 -0.9643
206.0000	  7.0000
205.5000	  7.0000
205.0000	 -0.4010
204.5000	 -0.2217
204.0000	 -0.1315
203.5000	  7.0000
203.0000	  0.0540
202.5000	  0.0829
202.0000	  7.0000
201.5000	  7.0000
201.0000	 -0.5103
200.5000	  7.0000
200.0000	  7.0000
