09/04/2024 16.38.17
09/04/2024 16.47.16

800.0000	 70.6200

800.0000	 70.6200

900.0000	 71.7700



  1.0000
900.0000
  3.0000
340.0000
  1.0000
1401.0000
  5.0000
  6.0000
  1.0000
  1.0000
  0.0000
  0.0000
100.0000
  0.0000
  1.0000
  0.0000
500.0000
900.0000
200.0000
  4.0000
  1.0000
 18.0000
  2.0000
  1.0000
255.0000
  0.8367
  1.0000
 30.0000
  4.0000
500.0000
  0.0000
  0.0000
  4.0000
900.0000
200.0000
  0.0000
100.0000
  0.0000
  1.0000
  0.0000
500.0000
  1.0000
  1.0000
  1.0000
  1.0000
  4.0000
  0.0000
  1.0000
  1.0000
  1.0000
  1.0000
  1.0000
  2.0000
  1.0000
  1.0000
  1.0000
  3.0000
  1.0000
  1.0000
  1.0000
  4.0000
  5.0000
539.333
0.000

lambda: 800
Abs:    -0.0004

#
900.0000	  0.6898
899.5000	  0.7116
899.0000	  0.7001
898.5000	  0.6720
898.0000	  0.6938
897.5000	  0.6885
897.0000	  0.7086
896.5000	  0.7206
896.0000	  0.6989
895.5000	  0.6984
895.0000	  0.6822
894.5000	  0.7007
894.0000	  0.7200
893.5000	  0.6940
893.0000	  0.6959
892.5000	  0.6949
892.0000	  0.6724
891.5000	  0.6818
891.0000	  0.7083
890.5000	  0.7020
890.0000	  0.6997
889.5000	  0.6935
889.0000	  0.7023
888.5000	  0.6987
888.0000	  0.6982
887.5000	  0.7197
887.0000	  0.6978
886.5000	  0.6840
886.0000	  0.7051
885.5000	  0.6818
885.0000	  0.7097
884.5000	  0.6915
884.0000	  0.6954
883.5000	  0.6826
883.0000	  0.6941
882.5000	  0.6816
882.0000	  0.6934
881.5000	  0.6923
881.0000	  0.7052
880.5000	  0.7008
880.0000	  0.7015
879.5000	  0.6951
879.0000	  0.7080
878.5000	  0.7063
878.0000	  0.7041
877.5000	  0.7031
877.0000	  0.7049
876.5000	  0.6916
876.0000	  0.6884
875.5000	  0.6945
875.0000	  0.6923
874.5000	  0.6964
874.0000	  0.7031
873.5000	  0.6932
873.0000	  0.6963
872.5000	  0.6973
872.0000	  0.7007
871.5000	  0.6963
871.0000	  0.7000
870.5000	  0.7007
870.0000	  0.6960
869.5000	  0.6950
869.0000	  0.7031
868.5000	  0.6984
868.0000	  0.7038
867.5000	  0.7052
867.0000	  0.7033
866.5000	  0.7059
866.0000	  0.6975
865.5000	  0.7053
865.0000	  0.6989
864.5000	  0.7017
864.0000	  0.7039
863.5000	  0.7041
863.0000	  0.6995
862.5000	  0.7041
862.0000	  0.7075
861.5000	  0.7088
861.0000	  0.7053
860.5000	  0.6996
860.0000	  0.7057
859.5000	  0.7027
859.0000	  0.7054
858.5000	  0.6997
858.0000	  0.7033
857.5000	  0.7066
857.0000	  0.7083
856.5000	  0.7103
856.0000	  0.7067
855.5000	  0.7083
855.0000	  0.7091
854.5000	  0.7032
854.0000	  0.7083
853.5000	  0.7055
853.0000	  0.7072
852.5000	  0.7079
852.0000	  0.7103
851.5000	  0.7088
851.0000	  0.7106
850.5000	  0.7103
850.0000	  0.7108
849.5000	  0.7080
849.0000	  0.7095
848.5000	  0.7093
848.0000	  0.7105
847.5000	  0.7101
847.0000	  0.7097
846.5000	  0.7094
846.0000	  0.7098
845.5000	  0.7102
845.0000	  0.7104
844.5000	  0.7107
844.0000	  0.7105
843.5000	  0.7070
843.0000	  0.7104
842.5000	  0.7107
842.0000	  0.7097
841.5000	  0.7078
841.0000	  0.7115
840.5000	  0.7098
840.0000	  0.7095
839.5000	  0.7087
839.0000	  0.7110
838.5000	  0.7085
838.0000	  0.7092
837.5000	  0.7084
837.0000	  0.7101
836.5000	  0.7090
836.0000	  0.7085
835.5000	  0.7065
835.0000	  0.7068
834.5000	  0.7072
834.0000	  0.7086
833.5000	  0.7058
833.0000	  0.7055
832.5000	  0.7068
832.0000	  0.7075
831.5000	  0.7067
831.0000	  0.7061
830.5000	  0.7060
830.0000	  0.7075
829.5000	  0.7062
829.0000	  0.7063
828.5000	  0.7054
828.0000	  0.7063
827.5000	  0.7061
827.0000	  0.7056
826.5000	  0.7052
826.0000	  0.7049
825.5000	  0.7036
825.0000	  0.7041
824.5000	  0.7049
824.0000	  0.7051
823.5000	  0.7058
823.0000	  0.7051
822.5000	  0.7054
822.0000	  0.7032
821.5000	  0.7058
821.0000	  0.7041
820.5000	  0.7032
820.0000	  0.7042
819.5000	  0.7043
819.0000	  0.7031
818.5000	  0.7040
818.0000	  0.7046
817.5000	  0.7034
817.0000	  0.7061
816.5000	  0.7055
816.0000	  0.7049
815.5000	  0.7034
815.0000	  0.7034
814.5000	  0.7041
814.0000	  0.7049
813.5000	  0.7035
813.0000	  0.7042
812.5000	  0.7048
812.0000	  0.7031
811.5000	  0.7043
811.0000	  0.7044
810.5000	  0.7047
810.0000	  0.7047
809.5000	  0.7055
809.0000	  0.7046
808.5000	  0.7024
808.0000	  0.7040
807.5000	  0.7045
807.0000	  0.7044
806.5000	  0.7060
806.0000	  0.7034
805.5000	  0.7042
805.0000	  0.7051
804.5000	  0.7040
804.0000	  0.7056
803.5000	  0.7048
803.0000	  0.7043
802.5000	  0.7058
802.0000	  0.7046
801.5000	  0.7059
801.0000	  0.7051
800.5000	  0.7035
800.0000	  0.7046
799.5000	  0.7056
799.0000	  0.7061
798.5000	  0.7054
798.0000	  0.7055
797.5000	  0.7048
797.0000	  0.7046
796.5000	  0.7060
796.0000	  0.7060
795.5000	  0.7059
795.0000	  0.7057
794.5000	  0.7057
794.0000	  0.7058
793.5000	  0.7051
793.0000	  0.7054
792.5000	  0.7078
792.0000	  0.7067
791.5000	  0.7048
791.0000	  0.7045
790.5000	  0.7071
790.0000	  0.7058
789.5000	  0.7055
789.0000	  0.7070
788.5000	  0.7055
788.0000	  0.7048
787.5000	  0.7063
787.0000	  0.7068
786.5000	  0.7066
786.0000	  0.7063
785.5000	  0.7069
785.0000	  0.7052
784.5000	  0.7069
784.0000	  0.7078
783.5000	  0.7042
783.0000	  0.7072
782.5000	  0.7066
782.0000	  0.7062
781.5000	  0.7092
781.0000	  0.7066
780.5000	  0.7064
780.0000	  0.7065
779.5000	  0.7062
779.0000	  0.7071
778.5000	  0.7071
778.0000	  0.7077
777.5000	  0.7081
777.0000	  0.7063
776.5000	  0.7081
776.0000	  0.7060
775.5000	  0.7069
775.0000	  0.7064
774.5000	  0.7081
774.0000	  0.7080
773.5000	  0.7068
773.0000	  0.7071
772.5000	  0.7075
772.0000	  0.7088
771.5000	  0.7079
771.0000	  0.7072
770.5000	  0.7073
770.0000	  0.7074
769.5000	  0.7067
769.0000	  0.7084
768.5000	  0.7076
768.0000	  0.7073
767.5000	  0.7078
767.0000	  0.7089
766.5000	  0.7095
766.0000	  0.7070
765.5000	  0.7090
765.0000	  0.7081
764.5000	  0.7085
764.0000	  0.7094
763.5000	  0.7065
763.0000	  0.7083
762.5000	  0.7093
762.0000	  0.7076
761.5000	  0.7083
761.0000	  0.7073
760.5000	  0.7081
760.0000	  0.7089
759.5000	  0.7081
759.0000	  0.7083
758.5000	  0.7068
758.0000	  0.7089
757.5000	  0.7087
757.0000	  0.7077
756.5000	  0.7094
756.0000	  0.7076
755.5000	  0.7098
755.0000	  0.7081
754.5000	  0.7080
754.0000	  0.7089
753.5000	  0.7083
753.0000	  0.7095
752.5000	  0.7089
752.0000	  0.7097
751.5000	  0.7080
751.0000	  0.7083
750.5000	  0.7086
750.0000	  0.7095
749.5000	  0.7100
749.0000	  0.7104
748.5000	  0.7098
748.0000	  0.7093
747.5000	  0.7100
747.0000	  0.7094
746.5000	  0.7106
746.0000	  0.7092
745.5000	  0.7102
745.0000	  0.7100
744.5000	  0.7098
744.0000	  0.7099
743.5000	  0.7099
743.0000	  0.7094
742.5000	  0.7109
742.0000	  0.7107
741.5000	  0.7119
741.0000	  0.7103
740.5000	  0.7106
740.0000	  0.7109
739.5000	  0.7116
739.0000	  0.7106
738.5000	  0.7112
738.0000	  0.7113
737.5000	  0.7128
737.0000	  0.7114
736.5000	  0.7118
736.0000	  0.7124
735.5000	  0.7125
735.0000	  0.7130
734.5000	  0.7127
734.0000	  0.7134
733.5000	  0.7121
733.0000	  0.7131
732.5000	  0.7139
732.0000	  0.7142
731.5000	  0.7141
731.0000	  0.7130
730.5000	  0.7159
730.0000	  0.7159
729.5000	  0.7167
729.0000	  0.7168
728.5000	  0.7171
728.0000	  0.7185
727.5000	  0.7193
727.0000	  0.7202
726.5000	  0.7212
726.0000	  0.7222
725.5000	  0.7234
725.0000	  0.7244
724.5000	  0.7266
724.0000	  0.7264
723.5000	  0.7277
723.0000	  0.7297
722.5000	  0.7296
722.0000	  0.7334
721.5000	  0.7327
721.0000	  0.7351
720.5000	  0.7378
720.0000	  0.7373
719.5000	  0.7407
719.0000	  0.7417
718.5000	  0.7426
718.0000	  0.7436
717.5000	  0.7436
717.0000	  0.7456
716.5000	  0.7413
716.0000	  0.7423
715.5000	  0.7401
715.0000	  0.7380
714.5000	  0.7360
714.0000	  0.7327
713.5000	  0.7321
713.0000	  0.7289
712.5000	  0.7273
712.0000	  0.7258
711.5000	  0.7219
711.0000	  0.7220
710.5000	  0.7193
710.0000	  0.7181
709.5000	  0.7161
709.0000	  0.7170
708.5000	  0.7160
708.0000	  0.7154
707.5000	  0.7144
707.0000	  0.7131
706.5000	  0.7122
706.0000	  0.7132
705.5000	  0.7130
705.0000	  0.7142
704.5000	  0.7138
704.0000	  0.7132
703.5000	  0.7136
703.0000	  0.7122
702.5000	  0.7132
702.0000	  0.7121
701.5000	  0.7139
701.0000	  0.7130
700.5000	  0.7122
700.0000	  0.7132
699.5000	  0.7116
699.0000	  0.7133
698.5000	  0.7126
698.0000	  0.7125
697.5000	  0.7134
697.0000	  0.7122
696.5000	  0.7129
696.0000	  0.7119
695.5000	  0.7126
695.0000	  0.7126
694.5000	  0.7117
694.0000	  0.7118
693.5000	  0.7127
693.0000	  0.7111
692.5000	  0.7132
692.0000	  0.7123
691.5000	  0.7117
691.0000	  0.7129
690.5000	  0.7113
690.0000	  0.7129
689.5000	  0.7115
689.0000	  0.7120
688.5000	  0.7129
688.0000	  0.7110
687.5000	  0.7117
687.0000	  0.7109
686.5000	  0.7111
686.0000	  0.7110
685.5000	  0.7116
685.0000	  0.7118
684.5000	  0.7118
684.0000	  0.7114
683.5000	  0.7122
683.0000	  0.7119
682.5000	  0.7119
682.0000	  0.7107
681.5000	  0.7117
681.0000	  0.7118
680.5000	  0.7108
680.0000	  0.7118
679.5000	  0.7112
679.0000	  0.7108
678.5000	  0.7118
678.0000	  0.7112
677.5000	  0.7101
677.0000	  0.7109
676.5000	  0.7112
676.0000	  0.7115
675.5000	  0.7104
675.0000	  0.7117
674.5000	  0.7099
674.0000	  0.7096
673.5000	  0.7108
673.0000	  0.7113
672.5000	  0.7096
672.0000	  0.7099
671.5000	  0.7117
671.0000	  0.7099
670.5000	  0.7111
670.0000	  0.7111
669.5000	  0.7095
669.0000	  0.7105
668.5000	  0.7103
668.0000	  0.7102
667.5000	  0.7101
667.0000	  0.7102
666.5000	  0.7097
666.0000	  0.7096
665.5000	  0.7106
665.0000	  0.7090
664.5000	  0.7108
664.0000	  0.7102
663.5000	  0.7101
663.0000	  0.7100
662.5000	  0.7096
662.0000	  0.7094
661.5000	  0.7096
661.0000	  0.7097
660.5000	  0.7099
660.0000	  0.7092
659.5000	  0.7098
659.0000	  0.7094
658.5000	  0.7093
658.0000	  0.7098
657.5000	  0.7080
657.0000	  0.7091
656.5000	  0.7095
656.0000	  0.7088
655.5000	  0.7100
655.0000	  0.7082
654.5000	  0.7090
654.0000	  0.7094
653.5000	  0.7085
653.0000	  0.7089
652.5000	  0.7078
652.0000	  0.7084
651.5000	  0.7087
651.0000	  0.7079
650.5000	  0.7088
650.0000	  0.7069
649.5000	  0.7081
649.0000	  0.7083
648.5000	  0.7079
648.0000	  0.7082
647.5000	  0.7070
647.0000	  0.7071
646.5000	  0.7073
646.0000	  0.7064
645.5000	  0.7076
645.0000	  0.7063
644.5000	  0.7065
644.0000	  0.7060
643.5000	  0.7066
643.0000	  0.7067
642.5000	  0.7053
642.0000	  0.7055
641.5000	  0.7055
641.0000	  0.7054
640.5000	  0.7052
640.0000	  0.7040
639.5000	  0.7051
639.0000	  0.7053
638.5000	  0.7042
638.0000	  0.7039
637.5000	  0.7034
637.0000	  0.7040
636.5000	  0.7032
636.0000	  0.7033
635.5000	  0.7031
635.0000	  0.7027
634.5000	  0.7032
634.0000	  0.7033
633.5000	  0.7026
633.0000	  0.7021
632.5000	  0.7026
632.0000	  0.7037
631.5000	  0.7033
631.0000	  0.7043
630.5000	  0.7037
630.0000	  0.7039
629.5000	  0.7049
629.0000	  0.7059
628.5000	  0.7066
628.0000	  0.7069
627.5000	  0.7087
627.0000	  0.7089
626.5000	  0.7097
626.0000	  0.7128
625.5000	  0.7120
625.0000	  0.7125
624.5000	  0.7141
624.0000	  0.7152
623.5000	  0.7173
623.0000	  0.7158
622.5000	  0.7169
622.0000	  0.7187
621.5000	  0.7190
621.0000	  0.7198
620.5000	  0.7189
620.0000	  0.7203
619.5000	  0.7210
619.0000	  0.7208
618.5000	  0.7220
618.0000	  0.7209
617.5000	  0.7213
617.0000	  0.7216
616.5000	  0.7200
616.0000	  0.7200
615.5000	  0.7195
615.0000	  0.7202
614.5000	  0.7198
614.0000	  0.7202
613.5000	  0.7199
613.0000	  0.7187
612.5000	  0.7199
612.0000	  0.7197
611.5000	  0.7208
611.0000	  0.7200
610.5000	  0.7192
610.0000	  0.7197
609.5000	  0.7192
609.0000	  0.7202
608.5000	  0.7197
608.0000	  0.7195
607.5000	  0.7203
607.0000	  0.7199
606.5000	  0.7200
606.0000	  0.7196
605.5000	  0.7197
605.0000	  0.7213
604.5000	  0.7202
604.0000	  0.7211
603.5000	  0.7195
603.0000	  0.7213
602.5000	  0.7200
602.0000	  0.7201
601.5000	  0.7214
601.0000	  0.7191
600.5000	  0.7205
600.0000	  0.7211
599.5000	  0.7191
599.0000	  0.7219
598.5000	  0.7202
598.0000	  0.7215
597.5000	  0.7207
597.0000	  0.7211
596.5000	  0.7215
596.0000	  0.7215
595.5000	  0.7211
595.0000	  0.7218
594.5000	  0.7209
594.0000	  0.7222
593.5000	  0.7210
593.0000	  0.7216
592.5000	  0.7220
592.0000	  0.7214
591.5000	  0.7223
591.0000	  0.7222
590.5000	  0.7220
590.0000	  0.7221
589.5000	  0.7226
589.0000	  0.7229
588.5000	  0.7216
588.0000	  0.7221
587.5000	  0.7221
587.0000	  0.7219
586.5000	  0.7229
586.0000	  0.7224
585.5000	  0.7223
585.0000	  0.7224
584.5000	  0.7225
584.0000	  0.7224
583.5000	  0.7224
583.0000	  0.7228
582.5000	  0.7227
582.0000	  0.7232
581.5000	  0.7227
581.0000	  0.7237
580.5000	  0.7234
580.0000	  0.7233
579.5000	  0.7249
579.0000	  0.7227
578.5000	  0.7232
578.0000	  0.7242
577.5000	  0.7228
577.0000	  0.7246
576.5000	  0.7241
576.0000	  0.7249
575.5000	  0.7246
575.0000	  0.7239
574.5000	  0.7239
574.0000	  0.7230
573.5000	  0.7244
573.0000	  0.7242
572.5000	  0.7253
572.0000	  0.7250
571.5000	  0.7237
571.0000	  0.7251
570.5000	  0.7250
570.0000	  0.7239
569.5000	  0.7242
569.0000	  0.7247
568.5000	  0.7249
568.0000	  0.7246
567.5000	  0.7258
567.0000	  0.7246
566.5000	  0.7257
566.0000	  0.7256
565.5000	  0.7258
565.0000	  0.7269
564.5000	  0.7241
564.0000	  0.7259
563.5000	  0.7261
563.0000	  0.7251
562.5000	  0.7268
562.0000	  0.7250
561.5000	  0.7258
561.0000	  0.7267
560.5000	  0.7256
560.0000	  0.7283
559.5000	  0.7279
559.0000	  0.7285
558.5000	  0.7286
558.0000	  0.7280
557.5000	  0.7285
557.0000	  0.7286
556.5000	  0.7289
556.0000	  0.7289
555.5000	  0.7293
555.0000	  0.7290
554.5000	  0.7277
554.0000	  0.7288
553.5000	  0.7295
553.0000	  0.7294
552.5000	  0.7293
552.0000	  0.7284
551.5000	  0.7295
551.0000	  0.7283
550.5000	  0.7294
550.0000	  0.7294
549.5000	  0.7300
549.0000	  0.7301
548.5000	  0.7286
548.0000	  0.7301
547.5000	  0.7288
547.0000	  0.7300
546.5000	  0.7296
546.0000	  0.7305
545.5000	  0.7310
545.0000	  0.7298
544.5000	  0.7314
544.0000	  0.7308
543.5000	  0.7305
543.0000	  0.7309
542.5000	  0.7306
542.0000	  0.7309
541.5000	  0.7305
541.0000	  0.7320
540.5000	  0.7309
540.0000	  0.7304
539.5000	  0.7312
539.0000	  0.7306
538.5000	  0.7322
538.0000	  0.7305
537.5000	  0.7313
537.0000	  0.7319
536.5000	  0.7316
536.0000	  0.7318
535.5000	  0.7317
535.0000	  0.7314
534.5000	  0.7318
534.0000	  0.7311
533.5000	  0.7322
533.0000	  0.7306
532.5000	  0.7321
532.0000	  0.7316
531.5000	  0.7328
531.0000	  0.7316
530.5000	  0.7310
530.0000	  0.7318
529.5000	  0.7320
529.0000	  0.7312
528.5000	  0.7321
528.0000	  0.7316
527.5000	  0.7327
527.0000	  0.7315
526.5000	  0.7325
526.0000	  0.7319
525.5000	  0.7323
525.0000	  0.7328
524.5000	  0.7316
524.0000	  0.7329
523.5000	  0.7315
523.0000	  0.7322
522.5000	  0.7322
522.0000	  0.7321
521.5000	  0.7321
521.0000	  0.7316
520.5000	  0.7319
520.0000	  0.7328
519.5000	  0.7331
519.0000	  0.7317
518.5000	  0.7322
518.0000	  0.7328
517.5000	  0.7320
517.0000	  0.7325
516.5000	  0.7316
516.0000	  0.7320
515.5000	  0.7327
515.0000	  0.7312
514.5000	  0.7330
514.0000	  0.7316
513.5000	  0.7327
513.0000	  0.7323
512.5000	  0.7328
512.0000	  0.7331
511.5000	  0.7318
511.0000	  0.7325
510.5000	  0.7326
510.0000	  0.7326
509.5000	  0.7335
509.0000	  0.7328
508.5000	  0.7335
508.0000	  0.7332
507.5000	  0.7348
507.0000	  0.7343
506.5000	  0.7353
506.0000	  0.7356
505.5000	  0.7354
505.0000	  0.7374
504.5000	  0.7368
504.0000	  0.7382
503.5000	  0.7394
503.0000	  0.7390
502.5000	  0.7411
502.0000	  0.7396
501.5000	  0.7405
501.0000	  0.7417
500.5000	  0.7421
500.0000	  0.7434
499.5000	  0.7434
499.0000	  0.7442
498.5000	  0.7453
498.0000	  0.7468
497.5000	  0.7459
497.0000	  0.7461
496.5000	  0.7476
496.0000	  0.7472
495.5000	  0.7492
495.0000	  0.7472
494.5000	  0.7487
494.0000	  0.7496
493.5000	  0.7493
493.0000	  0.7506
492.5000	  0.7490
492.0000	  0.7505
491.5000	  0.7505
491.0000	  0.7506
490.5000	  0.7515
490.0000	  0.7508
489.5000	  0.7515
489.0000	  0.7510
488.5000	  0.7524
488.0000	  0.7508
487.5000	  0.7515
487.0000	  0.7519
486.5000	  0.7519
486.0000	  0.7528
485.5000	  0.7511
485.0000	  0.7523
484.5000	  0.7525
484.0000	  0.7520
483.5000	  0.7534
483.0000	  0.7518
482.5000	  0.7542
482.0000	  0.7538
481.5000	  0.7539
481.0000	  0.7554
480.5000	  0.7532
480.0000	  0.7558
479.5000	  0.7557
479.0000	  0.7555
478.5000	  0.7562
478.0000	  0.7556
477.5000	  0.7576
477.0000	  0.7567
476.5000	  0.7574
476.0000	  0.7589
475.5000	  0.7586
475.0000	  0.7591
474.5000	  0.7585
474.0000	  0.7618
473.5000	  0.7601
473.0000	  0.7618
472.5000	  0.7631
472.0000	  0.7625
471.5000	  0.7635
471.0000	  0.7619
470.5000	  0.7640
470.0000	  0.7646
469.5000	  0.7671
469.0000	  0.7648
468.5000	  0.7664
468.0000	  0.7676
467.5000	  0.7679
467.0000	  0.7699
466.5000	  0.7684
466.0000	  0.7698
465.5000	  0.7719
465.0000	  0.7721
464.5000	  0.7735
464.0000	  0.7735
463.5000	  0.7738
463.0000	  0.7744
462.5000	  0.7760
462.0000	  0.7764
461.5000	  0.7767
461.0000	  0.7772
460.5000	  0.7784
460.0000	  0.7787
459.5000	  0.7793
459.0000	  0.7789
458.5000	  0.7798
458.0000	  0.7803
457.5000	  0.7822
457.0000	  0.7806
456.5000	  0.7809
456.0000	  0.7810
455.5000	  0.7816
455.0000	  0.7836
454.5000	  0.7798
454.0000	  0.7806
453.5000	  0.7811
453.0000	  0.7790
452.5000	  0.7803
452.0000	  0.7766
451.5000	  0.7779
451.0000	  0.7778
450.5000	  0.7750
450.0000	  0.7735
449.5000	  0.7730
449.0000	  0.7730
448.5000	  0.7714
448.0000	  0.7720
447.5000	  0.7694
447.0000	  0.7689
446.5000	  0.7694
446.0000	  0.7680
445.5000	  0.7687
445.0000	  0.7661
444.5000	  0.7662
444.0000	  0.7670
443.5000	  0.7671
443.0000	  0.7670
442.5000	  0.7635
442.0000	  0.7659
441.5000	  0.7652
441.0000	  0.7652
440.5000	  0.7646
440.0000	  0.7653
439.5000	  0.7636
439.0000	  0.7634
438.5000	  0.7645
438.0000	  0.7632
437.5000	  0.7646
437.0000	  0.7639
436.5000	  0.7638
436.0000	  0.7642
435.5000	  0.7641
435.0000	  0.7638
434.5000	  0.7631
434.0000	  0.7633
433.5000	  0.7639
433.0000	  0.7637
432.5000	  0.7633
432.0000	  0.7642
431.5000	  0.7642
431.0000	  0.7638
430.5000	  0.7631
430.0000	  0.7645
429.5000	  0.7639
429.0000	  0.7653
428.5000	  0.7638
428.0000	  0.7646
427.5000	  0.7653
427.0000	  0.7647
426.5000	  0.7667
426.0000	  0.7649
425.5000	  0.7644
425.0000	  0.7659
424.5000	  0.7652
424.0000	  0.7679
423.5000	  0.7660
423.0000	  0.7679
422.5000	  0.7692
422.0000	  0.7669
421.5000	  0.7682
421.0000	  0.7683
420.5000	  0.7676
420.0000	  0.7673
419.5000	  0.7687
419.0000	  0.7691
418.5000	  0.7688
418.0000	  0.7687
417.5000	  0.7704
417.0000	  0.7704
416.5000	  0.7695
416.0000	  0.7711
415.5000	  0.7705
415.0000	  0.7707
414.5000	  0.7704
414.0000	  0.7717
413.5000	  0.7728
413.0000	  0.7718
412.5000	  0.7729
412.0000	  0.7719
411.5000	  0.7708
411.0000	  0.7716
410.5000	  0.7726
410.0000	  0.7733
409.5000	  0.7723
409.0000	  0.7731
408.5000	  0.7743
408.0000	  0.7736
407.5000	  0.7755
407.0000	  0.7727
406.5000	  0.7732
406.0000	  0.7750
405.5000	  0.7735
405.0000	  0.7751
404.5000	  0.7746
404.0000	  0.7752
403.5000	  0.7755
403.0000	  0.7778
402.5000	  0.7737
402.0000	  0.7761
401.5000	  0.7761
401.0000	  0.7766
400.5000	  0.7776
400.0000	  0.7767
399.5000	  0.7769
399.0000	  0.7783
398.5000	  0.7751
398.0000	  0.7768
397.5000	  0.7769
397.0000	  0.7775
396.5000	  0.7787
396.0000	  0.7794
395.5000	  0.7777
395.0000	  0.7789
394.5000	  0.7788
394.0000	  0.7783
393.5000	  0.7802
393.0000	  0.7796
392.5000	  0.7780
392.0000	  0.7784
391.5000	  0.7815
391.0000	  0.7825
390.5000	  0.7810
390.0000	  0.7812
389.5000	  0.7817
389.0000	  0.7848
388.5000	  0.7849
388.0000	  0.7850
387.5000	  0.7845
387.0000	  0.7858
386.5000	  0.7869
386.0000	  0.7847
385.5000	  0.7862
385.0000	  0.7857
384.5000	  0.7894
384.0000	  0.7873
383.5000	  0.7882
383.0000	  0.7916
382.5000	  0.7913
382.0000	  0.7922
381.5000	  0.7904
381.0000	  0.7916
380.5000	  0.7894
380.0000	  0.7941
379.5000	  0.7930
379.0000	  0.7930
378.5000	  0.7912
378.0000	  0.7933
377.5000	  0.7952
377.0000	  0.7932
376.5000	  0.7938
376.0000	  0.7960
375.5000	  0.7935
375.0000	  0.7961
374.5000	  0.7962
374.0000	  0.7933
373.5000	  0.7984
373.0000	  0.7978
372.5000	  0.7959
372.0000	  0.7967
371.5000	  0.7991
371.0000	  0.7964
370.5000	  0.7987
370.0000	  0.7974
369.5000	  0.7973
369.0000	  0.7991
368.5000	  0.7976
368.0000	  0.8000
367.5000	  0.7993
367.0000	  0.8012
366.5000	  0.8027
366.0000	  0.7994
365.5000	  0.7993
365.0000	  0.8039
364.5000	  0.8043
364.0000	  0.8036
363.5000	  0.8033
363.0000	  0.8011
362.5000	  0.8044
362.0000	  0.8037
361.5000	  0.8046
361.0000	  0.8045
360.5000	  0.8029
360.0000	  0.8045
359.5000	  0.8053
359.0000	  0.8059
358.5000	  0.8073
358.0000	  0.8058
357.5000	  0.8064
357.0000	  0.8092
356.5000	  0.8087
356.0000	  0.8093
355.5000	  0.8080
355.0000	  0.8076
354.5000	  0.8094
354.0000	  0.8093
353.5000	  0.8088
353.0000	  0.8085
352.5000	  0.8106
352.0000	  0.8122
351.5000	  0.8135
351.0000	  0.8129
350.5000	  0.8144
350.0000	  0.8096
349.5000	  0.8177
349.0000	  0.8117
348.5000	  0.8126
348.0000	  0.8154
347.5000	  0.8153
347.0000	  0.8169
346.5000	  0.8121
346.0000	  0.8162
345.5000	  0.8156
345.0000	  0.8139
344.5000	  0.8166
344.0000	  0.8149
343.5000	  0.8162
343.0000	  0.8154
342.5000	  0.8159
342.0000	  0.8191
341.5000	  0.8186
341.0000	  0.8214
340.5000	  0.8189
340.0000	  0.8261
339.5000	  0.8337
339.0000	  0.8273
338.5000	  0.8252
338.0000	  0.8364
337.5000	  0.8289
337.0000	  0.8294
336.5000	  0.8327
336.0000	  0.8282
335.5000	  0.8324
335.0000	  0.8308
334.5000	  0.8311
334.0000	  0.8325
333.5000	  0.8308
333.0000	  0.8390
332.5000	  0.8317
332.0000	  0.8377
331.5000	  0.8400
331.0000	  0.8407
330.5000	  0.8368
330.0000	  0.8333
329.5000	  0.8380
329.0000	  0.8339
328.5000	  0.8440
328.0000	  0.8379
327.5000	  0.8364
327.0000	  0.8463
326.5000	  0.8372
326.0000	  0.8419
325.5000	  0.8425
325.0000	  0.8491
324.5000	  0.8442
324.0000	  0.8435
323.5000	  0.8451
323.0000	  0.8434
322.5000	  0.8506
322.0000	  0.8474
321.5000	  0.8466
321.0000	  0.8506
320.5000	  0.8521
320.0000	  0.8533
319.5000	  0.8520
319.0000	  0.8500
318.5000	  0.8515
318.0000	  0.8548
317.5000	  0.8517
317.0000	  0.8489
316.5000	  0.8518
316.0000	  0.8558
315.5000	  0.8491
315.0000	  0.8595
314.5000	  0.8558
314.0000	  0.8544
313.5000	  0.8544
313.0000	  0.8638
312.5000	  0.8603
312.0000	  0.8540
311.5000	  0.8550
311.0000	  0.8591
310.5000	  0.8623
310.0000	  0.8608
309.5000	  0.8629
309.0000	  0.8623
308.5000	  0.8579
308.0000	  0.8598
307.5000	  0.8626
307.0000	  0.8634
306.5000	  0.8617
306.0000	  0.8598
305.5000	  0.8644
305.0000	  0.8660
304.5000	  0.8569
304.0000	  0.8643
303.5000	  0.8568
303.0000	  0.8637
302.5000	  0.8655
302.0000	  0.8598
301.5000	  0.8710
301.0000	  0.8697
300.5000	  0.8697
300.0000	  0.8644
299.5000	  0.8706
299.0000	  0.8640
298.5000	  0.8706
298.0000	  0.8676
297.5000	  0.8708
297.0000	  0.8754
296.5000	  0.8703
296.0000	  0.8703
295.5000	  0.8714
295.0000	  0.8727
294.5000	  0.8728
294.0000	  0.8749
293.5000	  0.8757
293.0000	  0.8757
292.5000	  0.8819
292.0000	  0.8791
291.5000	  0.8775
291.0000	  0.8759
290.5000	  0.8796
290.0000	  0.8766
289.5000	  0.8770
289.0000	  0.8807
288.5000	  0.8868
288.0000	  0.8823
287.5000	  0.8852
287.0000	  0.8864
286.5000	  0.8923
286.0000	  0.8899
285.5000	  0.8863
285.0000	  0.8875
284.5000	  0.8905
284.0000	  0.8928
283.5000	  0.8996
283.0000	  0.8956
282.5000	  0.8947
282.0000	  0.8992
281.5000	  0.9009
281.0000	  0.9031
280.5000	  0.8975
280.0000	  0.9046
279.5000	  0.8970
279.0000	  0.9087
278.5000	  0.9151
278.0000	  0.9104
277.5000	  0.9139
277.0000	  0.9058
276.5000	  0.9171
276.0000	  0.9191
275.5000	  0.9193
275.0000	  0.9179
274.5000	  0.9204
274.0000	  0.9183
273.5000	  0.9310
273.0000	  0.9319
272.5000	  0.9219
272.0000	  0.9316
271.5000	  0.9326
271.0000	  0.9312
270.5000	  0.9367
270.0000	  0.9336
269.5000	  0.9338
269.0000	  0.9385
268.5000	  0.9395
268.0000	  0.9457
267.5000	  0.9413
267.0000	  0.9381
266.5000	  0.9522
266.0000	  0.9479
265.5000	  0.9504
265.0000	  0.9540
264.5000	  0.9578
264.0000	  0.9608
263.5000	  0.9659
263.0000	  0.9626
262.5000	  0.9654
262.0000	  0.9669
261.5000	  0.9726
261.0000	  0.9737
260.5000	  0.9727
260.0000	  0.9824
259.5000	  0.9809
259.0000	  0.9844
258.5000	  0.9869
258.0000	  0.9905
257.5000	  0.9932
257.0000	  0.9977
256.5000	  0.9950
256.0000	  1.0073
255.5000	  1.0104
255.0000	  1.0039
254.5000	  1.0099
254.0000	  1.0146
253.5000	  1.0180
253.0000	  1.0223
252.5000	  1.0276
252.0000	  1.0368
251.5000	  1.0356
251.0000	  1.0336
250.5000	  1.0369
250.0000	  1.0367
249.5000	  1.0371
249.0000	  1.0464
248.5000	  1.0509
248.0000	  1.0474
247.5000	  1.0629
247.0000	  1.0705
246.5000	  1.0692
246.0000	  1.0856
245.5000	  1.0850
245.0000	  1.0875
244.5000	  1.0939
244.0000	  1.0976
243.5000	  1.1041
243.0000	  1.1224
242.5000	  1.1230
242.0000	  1.1199
241.5000	  1.1212
241.0000	  1.1143
240.5000	  1.1285
240.0000	  1.1550
239.5000	  1.1417
239.0000	  1.1279
238.5000	  1.1372
238.0000	  1.1426
237.5000	  1.1674
237.0000	  1.1752
236.5000	  1.1620
236.0000	  1.1921
235.5000	  1.1782
235.0000	  1.1920
234.5000	  1.1995
234.0000	  1.2360
233.5000	  1.1824
233.0000	  1.1578
232.5000	  1.2279
232.0000	  1.2454
231.5000	  1.2224
231.0000	  1.2468
230.5000	  1.1762
230.0000	  1.2407
229.5000	  1.2568
229.0000	  1.1531
228.5000	  1.3332
228.0000	  1.3808
227.5000	  1.3093
227.0000	  1.3670
226.5000	  1.2010
226.0000	  1.3360
225.5000	  1.2401
225.0000	  1.1238
224.5000	  1.1719
224.0000	  1.3688
223.5000	  1.5194
223.0000	  1.5985
222.5000	  1.2024
222.0000	  1.1740
221.5000	  1.4657
221.0000	  1.2404
220.5000	  1.3169
220.0000	  1.5977
219.5000	  1.3954
219.0000	  3.1744
218.5000	  2.2208
218.0000	  1.6882
217.5000	  1.0541
217.0000	  0.9327
216.5000	  0.6780
216.0000	  0.7947
215.5000	 -2.2819
215.0000	  2.8716
214.5000	  0.5592
214.0000	  1.5995
213.5000	  2.1704
213.0000	  1.2494
212.5000	 -1.9868
212.0000	  0.9247
211.5000	  0.8888
211.0000	 -0.1143
210.5000	  0.3060
210.0000	  0.4350
209.5000	  1.8731
209.0000	  0.4593
208.5000	 -1.5125
208.0000	  1.4517
207.5000	  0.3697
207.0000	  1.2110
206.5000	 -0.3103
206.0000	  1.0154
205.5000	  0.4736
205.0000	  1.2289
204.5000	  1.9196
204.0000	 -2.2614
203.5000	  0.2455
203.0000	  0.7361
202.5000	  1.0730
202.0000	  0.6058
201.5000	  5.0324
201.0000	  0.3173
200.5000	  1.6214
200.0000	  1.5431
