lambda		value

Calibration:
lambda:	800
Abs:	-0.0001

Data:
#
900		0.9703
899.5		0.9267
899		0.9106
898.5		0.9498
898		0.9309
897.5		0.931
897		0.9447
896.5		0.9262
896		0.9088
895.5		0.9361
895		0.9551
894.5		0.9157
894		0.938
893.5		0.9354
893		0.9152
892.5		0.9387
892		0.931
891.5		0.9139
891		0.9097
890.5		0.9318
890		0.9258
889.5		0.9502
889		0.9372
888.5		0.9321
888		0.9298
887.5		0.9327
887		0.9256
886.5		0.928
886		0.9478
885.5		0.9367
885		0.9178
884.5		0.9373
884		0.933
883.5		0.9373
883		0.9226
882.5		0.9218
882		0.9465
881.5		0.936
881		0.939
880.5		0.9259
880		0.9344
879.5		0.9412
879		0.9346
878.5		0.9341
878		0.9431
877.5		0.9362
877		0.9405
876.5		0.9395
876		0.929
875.5		0.9363
875		0.9455
874.5		0.9406
874		0.9393
873.5		0.9355
873		0.9407
872.5		0.9302
872		0.938
871.5		0.9375
871		0.9409
870.5		0.9381
870		0.9368
869.5		0.9374
869		0.9366
868.5		0.937
868		0.9414
867.5		0.9454
867		0.9391
866.5		0.9499
866		0.9353
865.5		0.9393
865		0.9428
864.5		0.9396
864		0.9409
863.5		0.9443
863		0.9448
862.5		0.9468
862		0.9413
861.5		0.9423
861		0.9468
860.5		0.9422
860		0.9416
859.5		0.9435
859		0.9495
858.5		0.9449
858		0.9502
857.5		0.9487
857		0.945
856.5		0.9464
856		0.9461
855.5		0.9476
855		0.9457
854.5		0.9517
854		0.9493
853.5		0.9501
853		0.9508
852.5		0.9502
852		0.9552
851.5		0.9507
851		0.9514
850.5		0.9548
850		0.9527
849.5		0.953
849		0.9521
848.5		0.9533
848		0.9539
847.5		0.9551
847		0.9544
846.5		0.9535
846		0.9489
845.5		0.9538
845		0.9559
844.5		0.9518
844		0.9542
843.5		0.9543
843		0.9519
842.5		0.9544
842		0.9531
841.5		0.9525
841		0.952
840.5		0.9529
840		0.9536
839.5		0.9541
839		0.9528
838.5		0.9517
838		0.9523
837.5		0.9511
837		0.9529
836.5		0.9536
836		0.9522
835.5		0.9511
835		0.9498
834.5		0.9508
834		0.9486
833.5		0.9505
833		0.95
832.5		0.9503
832		0.9511
831.5		0.9494
831		0.9482
830.5		0.9497
830		0.9488
829.5		0.9487
829		0.9489
828.5		0.9487
828		0.9471
827.5		0.9502
827		0.9469
826.5		0.9468
826		0.9485
825.5		0.9486
825		0.9482
824.5		0.95
824		0.95
823.5		0.9468
823		0.9473
822.5		0.9506
822		0.9477
821.5		0.9469
821		0.9479
820.5		0.9469
820		0.9475
819.5		0.9462
819		0.949
818.5		0.9485
818		0.9478
817.5		0.9464
817		0.948
816.5		0.9454
816		0.9467
815.5		0.9481
815		0.9485
814.5		0.9501
814		0.9489
813.5		0.9462
813		0.949
812.5		0.9454
812		0.9468
811.5		0.9487
811		0.9484
810.5		0.9488
810		0.9476
809.5		0.949
809		0.9479
808.5		0.9483
808		0.9467
807.5		0.9467
807		0.9473
806.5		0.948
806		0.9489
805.5		0.9476
805		0.9489
804.5		0.9493
804		0.9469
803.5		0.9484
803		0.9487
802.5		0.9484
802		0.9513
801.5		0.9477
801		0.9492
800.5		0.9494
800		0.9491
799.5		0.9474
799		0.9479
798.5		0.9492
798		0.9484
797.5		0.9493
797		0.9499
796.5		0.9498
796		0.9499
795.5		0.9476
795		0.9496
794.5		0.9504
794		0.9494
793.5		0.9496
793		0.9501
792.5		0.9503
792		0.9494
791.5		0.9522
791		0.949
790.5		0.9506
790		0.9507
789.5		0.9505
789		0.9511
788.5		0.9502
788		0.9511
787.5		0.9506
787		0.9521
786.5		0.9489
786		0.9496
785.5		0.9518
785		0.9512
784.5		0.9529
784		0.9516
783.5		0.9525
783		0.9519
782.5		0.9505
782		0.9513
781.5		0.9518
781		0.9504
780.5		0.9516
780		0.9532
779.5		0.9527
779		0.9517
778.5		0.952
778		0.9535
777.5		0.9532
777		0.9518
776.5		0.9529
776		0.9527
775.5		0.9531
775		0.9538
774.5		0.9529
774		0.9529
773.5		0.9531
773		0.955
772.5		0.9527
772		0.9511
771.5		0.9527
771		0.953
770.5		0.9538
770		0.9521
769.5		0.9536
769		0.9536
768.5		0.9543
768		0.9539
767.5		0.9522
767		0.9532
766.5		0.9546
766		0.9556
765.5		0.9535
765		0.9529
764.5		0.9553
764		0.9538
763.5		0.9566
763		0.9546
762.5		0.9538
762		0.9541
761.5		0.9548
761		0.9548
760.5		0.9543
760		0.9545
759.5		0.9535
759		0.9557
758.5		0.9546
758		0.9565
757.5		0.9557
757		0.9547
756.5		0.9558
756		0.9542
755.5		0.9552
755		0.9552
754.5		0.957
754		0.9543
753.5		0.9559
753		0.9539
752.5		0.9548
752		0.9579
751.5		0.956
751		0.9562
750.5		0.9571
750		0.9562
749.5		0.9562
749		0.9568
748.5		0.9556
748		0.9568
747.5		0.9577
747		0.9562
746.5		0.9565
746		0.9581
745.5		0.9579
745		0.9591
744.5		0.9558
744		0.9584
743.5		0.9579
743		0.9572
742.5		0.9586
742		0.9575
741.5		0.9589
741		0.958
740.5		0.96
740		0.9586
739.5		0.9596
739		0.9608
738.5		0.9579
738		0.9604
737.5		0.9586
737		0.9595
736.5		0.9604
736		0.9603
735.5		0.9598
735		0.9601
734.5		0.961
734		0.9614
733.5		0.9636
733		0.9626
732.5		0.9632
732		0.9629
731.5		0.9656
731		0.9654
730.5		0.9655
730		0.9658
729.5		0.9658
729		0.9678
728.5		0.9666
728		0.9673
727.5		0.9705
727		0.9706
726.5		0.9714
726		0.9719
725.5		0.9736
725		0.9745
724.5		0.9762
724		0.979
723.5		0.9771
723		0.9821
722.5		0.982
722		0.9866
721.5		0.9882
721		0.9897
720.5		0.9914
720		0.9955
719.5		0.9978
719		0.9983
718.5		0.9993
718		0.9995
717.5		1.0013
717		0.9997
716.5		1.002
716		1.0008
715.5		0.9984
715		0.995
714.5		0.9916
714		0.9895
713.5		0.9886
713		0.9846
712.5		0.9826
712		0.9798
711.5		0.9777
711		0.9741
710.5		0.9729
710		0.9727
709.5		0.9686
709		0.9662
708.5		0.966
708		0.9641
707.5		0.9634
707		0.9626
706.5		0.9628
706		0.9623
705.5		0.9645
705		0.9618
704.5		0.9621
704		0.9638
703.5		0.9621
703		0.964
702.5		0.9624
702		0.9622
701.5		0.9633
701		0.9634
700.5		0.9639
700		0.9632
699.5		0.9624
699		0.9628
698.5		0.9627
698		0.9625
697.5		0.9598
697		0.9625
696.5		0.9624
696		0.9645
695.5		0.964
695		0.9624
694.5		0.9621
694		0.9624
693.5		0.9633
693		0.9621
692.5		0.9615
692		0.9621
691.5		0.9614
691		0.964
690.5		0.9617
690		0.9625
689.5		0.9623
689		0.9612
688.5		0.9636
688		0.9603
687.5		0.9612
687		0.9612
686.5		0.962
686		0.9625
685.5		0.9611
685		0.9615
684.5		0.9616
684		0.9628
683.5		0.9618
683		0.9618
682.5		0.9622
682		0.9612
681.5		0.9623
681		0.9606
680.5		0.9608
680		0.9625
679.5		0.9606
679		0.9608
678.5		0.9603
678		0.9594
677.5		0.9615
677		0.9605
676.5		0.9606
676		0.9615
675.5		0.9611
675		0.9609
674.5		0.9622
674		0.9617
673.5		0.9614
673		0.9617
672.5		0.9614
672		0.9615
671.5		0.9613
671		0.962
670.5		0.962
670		0.9608
669.5		0.9611
669		0.9598
668.5		0.9617
668		0.9612
667.5		0.9622
667		0.96
666.5		0.9607
666		0.9612
665.5		0.9604
665		0.9617
664.5		0.9589
664		0.96
663.5		0.9613
663		0.9603
662.5		0.9611
662		0.9607
661.5		0.9613
661		0.961
660.5		0.9614
660		0.9591
659.5		0.9595
659		0.9608
658.5		0.9594
658		0.9611
657.5		0.9599
657		0.9609
656.5		0.96
656		0.96
655.5		0.9605
655		0.9595
654.5		0.9605
654		0.9596
653.5		0.9601
653		0.9591
652.5		0.9588
652		0.96
651.5		0.959
651		0.9598
650.5		0.9582
650		0.9593
649.5		0.96
649		0.9591
648.5		0.9586
648		0.9579
647.5		0.9585
647		0.9586
646.5		0.9578
646		0.9582
645.5		0.9564
645		0.9582
644.5		0.9577
644		0.9581
643.5		0.9569
643		0.9565
642.5		0.9571
642		0.9567
641.5		0.9565
641		0.9561
640.5		0.9566
640		0.9555
639.5		0.9556
639		0.9543
638.5		0.9542
638		0.9558
637.5		0.9548
637		0.9554
636.5		0.9547
636		0.9535
635.5		0.9541
635		0.9524
634.5		0.9544
634		0.952
633.5		0.9534
633		0.9536
632.5		0.9522
632		0.9528
631.5		0.9518
631		0.9529
630.5		0.9544
630		0.9545
629.5		0.9559
629		0.9548
628.5		0.9572
628		0.957
627.5		0.9586
627		0.9614
626.5		0.961
626		0.9621
625.5		0.9645
625		0.9659
624.5		0.9663
624		0.9681
623.5		0.9704
623		0.9702
622.5		0.9724
622		0.9722
621.5		0.9737
621		0.9752
620.5		0.974
620		0.9781
619.5		0.9764
619		0.9771
618.5		0.9784
618		0.9768
617.5		0.9774
617		0.9766
616.5		0.9761
616		0.9774
615.5		0.9765
615		0.9756
614.5		0.9751
614		0.976
613.5		0.9764
613		0.9759
612.5		0.9763
612		0.9749
611.5		0.9757
611		0.9763
610.5		0.9772
610		0.976
609.5		0.9765
609		0.9774
608.5		0.9761
608		0.9783
607.5		0.9768
607		0.9775
606.5		0.9769
606		0.9754
605.5		0.9778
605		0.9754
604.5		0.9776
604		0.9771
603.5		0.9769
603		0.9777
602.5		0.9771
602		0.978
601.5		0.9767
601		0.9782
600.5		0.9777
600		0.9777
599.5		0.9791
599		0.9775
598.5		0.979
598		0.9762
597.5		0.9788
597		0.979
596.5		0.9787
596		0.9794
595.5		0.9791
595		0.9787
594.5		0.979
594		0.9801
593.5		0.9785
593		0.9806
592.5		0.9802
592		0.9794
591.5		0.9809
591		0.9806
590.5		0.9805
590		0.9808
589.5		0.9814
589		0.9818
588.5		0.9794
588		0.9808
587.5		0.9819
587		0.9805
586.5		0.9824
586		0.9812
585.5		0.9812
585		0.9808
584.5		0.9817
584		0.9811
583.5		0.9822
583		0.9814
582.5		0.9814
582		0.9829
581.5		0.9816
581		0.9817
580.5		0.9829
580		0.9818
579.5		0.9833
579		0.9824
578.5		0.9828
578		0.9837
577.5		0.9836
577		0.9841
576.5		0.9824
576		0.9842
575.5		0.9834
575		0.9845
574.5		0.9839
574		0.9831
573.5		0.9838
573		0.9829
572.5		0.9859
572		0.9841
571.5		0.9845
571		0.9842
570.5		0.9846
570		0.9851
569.5		0.9841
569		0.9854
568.5		0.9856
568		0.9854
567.5		0.9858
567		0.9848
566.5		0.9863
566		0.9862
565.5		0.9877
565		0.986
564.5		0.9853
564		0.9879
563.5		0.9865
563		0.9882
562.5		0.9866
562		0.9869
561.5		0.9871
561		0.9869
560.5		0.9894
560		0.9903
559.5		0.9901
559		0.9911
558.5		0.9899
558		0.9917
557.5		0.9905
557		0.9918
556.5		0.9911
556		0.9912
555.5		0.9915
555		0.9904
554.5		0.9924
554		0.9911
553.5		0.9928
553		0.9922
552.5		0.9925
552		0.993
551.5		0.9921
551		0.9931
550.5		0.991
550		0.9924
549.5		0.9934
549		0.9929
548.5		0.9933
548		0.9925
547.5		0.9942
547		0.9928
546.5		0.9944
546		0.9922
545.5		0.9944
545		0.9945
544.5		0.9937
544		0.9958
543.5		0.9936
543		0.9939
542.5		0.9947
542		0.994
541.5		0.9956
541		0.9948
540.5		0.9951
540		0.9957
539.5		0.9959
539		0.9955
538.5		0.995
538		0.9966
537.5		0.9954
537		0.9968
536.5		0.9949
536		0.9961
535.5		0.9972
535		0.9963
534.5		0.9972
534		0.9962
533.5		0.997
533		0.9975
532.5		0.9969
532		0.9981
531.5		0.9962
531		0.9972
530.5		0.996
530		0.9977
529.5		0.9969
529		0.9968
528.5		0.9979
528		0.9974
527.5		0.9984
527		0.9972
526.5		0.997
526		0.999
525.5		0.9978
525		0.9987
524.5		0.9968
524		0.9987
523.5		0.9976
523		0.9982
522.5		0.9985
522		0.998
521.5		0.9995
521		0.9975
520.5		0.9998
520		0.9986
519.5		0.9987
519		0.9988
518.5		0.9989
518		0.9993
517.5		0.998
517		0.999
516.5		0.9997
516		0.9989
515.5		0.9996
515		0.9984
514.5		0.9986
514		0.999
513.5		0.9998
513		0.9995
512.5		0.999
512		1.0001
511.5		0.999
511		1.0002
510.5		0.9989
510		0.9992
509.5		1.0016
509		1.0011
508.5		1.0024
508		1.0007
507.5		1.0022
507		1.0036
506.5		1.0029
506		1.0061
505.5		1.0032
505		1.005
504.5		1.0049
504		1.0074
503.5		1.0087
503		1.0079
502.5		1.0097
502		1.0104
501.5		1.0121
501		1.0111
500.5		1.0123
500		1.0135
499.5		1.0151
499		1.0163
498.5		1.0155
498		1.0168
497.5		1.0172
497		1.0171
496.5		1.0186
496		1.0193
495.5		1.0197
495		1.0206
494.5		1.0214
494		1.0207
493.5		1.0204
493		1.023
492.5		1.0237
492		1.0237
491.5		1.0224
491		1.0235
490.5		1.0251
490		1.0244
489.5		1.0261
489		1.0242
488.5		1.0241
488		1.0239
487.5		1.0239
487		1.0263
486.5		1.0252
486		1.0255
485.5		1.026
485		1.0266
484.5		1.0267
484		1.0248
483.5		1.0282
483		1.028
482.5		1.0277
482		1.0281
481.5		1.0277
481		1.0291
480.5		1.029
480		1.03
479.5		1.0297
479		1.0304
478.5		1.0322
478		1.0324
477.5		1.0321
477		1.0311
476.5		1.0328
476		1.0344
475.5		1.0339
475		1.0361
474.5		1.0349
474		1.0366
473.5		1.036
473		1.0367
472.5		1.0394
472		1.0389
471.5		1.04
471		1.0409
470.5		1.0414
470		1.0424
469.5		1.0414
469		1.043
468.5		1.0435
468		1.0452
467.5		1.0454
467		1.0451
466.5		1.0475
466		1.048
465.5		1.0485
465		1.0501
464.5		1.0485
464		1.0518
463.5		1.0518
463		1.0539
462.5		1.0535
462		1.0551
461.5		1.0569
461		1.0578
460.5		1.0572
460		1.0563
459.5		1.0596
459		1.06
458.5		1.06
458		1.0611
457.5		1.0612
457		1.0618
456.5		1.0612
456		1.0616
455.5		1.0634
455		1.0636
454.5		1.0615
454		1.0627
453.5		1.0622
453		1.0615
452.5		1.0586
452		1.0598
451.5		1.0568
451		1.0586
450.5		1.0562
450		1.057
449.5		1.0559
449		1.0534
448.5		1.0531
448		1.0534
447.5		1.0521
447		1.0531
446.5		1.0511
446		1.0497
445.5		1.0503
445		1.0488
444.5		1.0483
444		1.0488
443.5		1.048
443		1.045
442.5		1.0476
442		1.0478
441.5		1.048
441		1.0457
440.5		1.0462
440		1.0482
439.5		1.0464
439		1.0457
438.5		1.0462
438		1.0457
437.5		1.0464
437		1.0452
436.5		1.0466
436		1.0447
435.5		1.0461
435		1.047
434.5		1.0455
434		1.0464
433.5		1.0465
433		1.0463
432.5		1.0464
432		1.0446
431.5		1.0469
431		1.0451
430.5		1.047
430		1.0457
429.5		1.0471
429		1.0481
428.5		1.0456
428		1.0484
427.5		1.0477
427		1.0477
426.5		1.0489
426		1.048
425.5		1.048
425		1.0488
424.5		1.0473
424		1.0518
423.5		1.0488
423		1.0503
422.5		1.051
422		1.0509
421.5		1.0513
421		1.0508
420.5		1.0517
420		1.0535
419.5		1.0528
419		1.0542
418.5		1.0533
418		1.053
417.5		1.055
417		1.056
416.5		1.0562
416		1.0555
415.5		1.0563
415		1.0567
414.5		1.0568
414		1.0584
413.5		1.0566
413		1.0555
412.5		1.0581
412		1.0582
411.5		1.0605
411		1.0575
410.5		1.0576
410		1.0592
409.5		1.0589
409		1.0617
408.5		1.0586
408		1.0604
407.5		1.0606
407		1.0619
406.5		1.0618
406		1.0615
405.5		1.0627
405		1.0612
404.5		1.0637
404		1.064
403.5		1.0658
403		1.0649
402.5		1.062
402		1.0662
401.5		1.0629
401		1.0639
400.5		1.0659
400		1.0668
399.5		1.0654
399		1.0672
398.5		1.0655
398		1.0658
397.5		1.0665
397		1.069
396.5		1.0674
396		1.068
395.5		1.07
395		1.0708
394.5		1.0687
394		1.0706
393.5		1.0687
393		1.0705
392.5		1.0715
392		1.0724
391.5		1.0703
391		1.0725
390.5		1.0739
390		1.073
389.5		1.0752
389		1.0751
388.5		1.0737
388		1.0782
387.5		1.0796
387		1.08
386.5		1.0796
386		1.0794
385.5		1.0799
385		1.0842
384.5		1.0825
384		1.0822
383.5		1.0837
383		1.0843
382.5		1.0852
382		1.0844
381.5		1.0867
381		1.0862
380.5		1.0862
380		1.0871
379.5		1.0854
379		1.0862
378.5		1.0907
378		1.0932
377.5		1.0896
377		1.0928
376.5		1.0896
376		1.0948
375.5		1.0934
375		1.0957
374.5		1.0933
374		1.095
373.5		1.0917
373		1.0969
372.5		1.0933
372		1.0976
371.5		1.0979
371		1.0972
370.5		1.1011
370		1.0975
369.5		1.102
369		1.0975
368.5		1.0996
368		1.1001
367.5		1.102
367		1.1044
366.5		1.098
366		1.1037
365.5		1.1048
365		1.0985
364.5		1.1063
364		1.1041
363.5		1.1009
363		1.1088
362.5		1.1072
362		1.1082
361.5		1.1068
361		1.1088
360.5		1.1107
360		1.1072
359.5		1.1095
359		1.1113
358.5		1.1112
358		1.1067
357.5		1.112
357		1.1153
356.5		1.1108
356		1.1187
355.5		1.1137
355		1.1185
354.5		1.1134
354		1.114
353.5		1.1155
353		1.1178
352.5		1.1209
352		1.1151
351.5		1.1203
351		1.1231
350.5		1.1202
350		1.1211
349.5		1.1226
349		1.1296
348.5		1.1266
348		1.1273
347.5		1.1244
347		1.1254
346.5		1.1279
346		1.1309
345.5		1.1348
345		1.1322
344.5		1.1311
344		1.1304
343.5		1.1353
343		1.1314
342.5		1.1326
342		1.1396
341.5		1.1332
341		1.131
340.5		1.1371
340		1.1478
339.5		1.1391
339		1.1499
338.5		1.1506
338		1.1554
337.5		1.1548
337		1.1474
336.5		1.1517
336		1.1516
335.5		1.1543
335		1.1584
334.5		1.1569
334		1.16
333.5		1.1576
333		1.1631
332.5		1.166
332		1.1629
331.5		1.1626
331		1.1645
330.5		1.1664
330		1.1713
329.5		1.163
329		1.1748
328.5		1.1668
328		1.1668
327.5		1.1713
327		1.1715
326.5		1.1651
326		1.1722
325.5		1.1796
325		1.175
324.5		1.1768
324		1.1848
323.5		1.1795
323		1.1755
322.5		1.178
322		1.1758
321.5		1.176
321		1.1814
320.5		1.1824
320		1.1753
319.5		1.1851
319		1.1787
318.5		1.1925
318		1.1904
317.5		1.189
317		1.1894
316.5		1.1922
316		1.2008
315.5		1.1983
315		1.1989
314.5		1.1934
314		1.1967
313.5		1.1994
313		1.1973
312.5		1.2053
312		1.2061
311.5		1.2032
311		1.2056
310.5		1.2028
310		1.2049
309.5		1.2122
309		1.2154
308.5		1.2151
308		1.2142
307.5		1.2044
307		1.2085
306.5		1.2104
306		1.2133
305.5		1.2228
305		1.2191
304.5		1.2174
304		1.2193
303.5		1.2209
303		1.2169
302.5		1.2281
302		1.2321
301.5		1.2207
301		1.2291
300.5		1.2297
300		1.2332
299.5		1.2326
299		1.2349
298.5		1.23
298		1.2412
297.5		1.2343
297		1.2351
296.5		1.2395
296		1.2411
295.5		1.2395
295		1.2521
294.5		1.2521
294		1.2527
293.5		1.2571
293		1.2599
292.5		1.2545
292		1.2636
291.5		1.2578
291		1.2619
290.5		1.269
290		1.2797
289.5		1.2731
289		1.2688
288.5		1.2712
288		1.2866
287.5		1.2796
287		1.2931
286.5		1.2868
286		1.2991
285.5		1.299
285		1.2985
284.5		1.3051
284		1.3015
283.5		1.3086
283		1.3106
282.5		1.3147
282		1.3186
281.5		1.3169
281		1.326
280.5		1.3245
280		1.3285
279.5		1.339
279		1.3366
278.5		1.3295
278		1.34
277.5		1.3494
277		1.3538
276.5		1.3493
276		1.3513
275.5		1.3657
275		1.359
274.5		1.3632
274		1.3631
273.5		1.3729
273		1.3737
272.5		1.3628
272		1.3805
271.5		1.3838
271		1.3844
270.5		1.3845
270		1.3836
269.5		1.3902
269		1.3838
268.5		1.3965
268		1.3947
267.5		1.4043
267		1.4035
266.5		1.4078
266		1.4098
265.5		1.4125
265		1.3996
264.5		1.416
264		1.4185
263.5		1.4194
263		1.4154
262.5		1.4309
262		1.4369
261.5		1.4513
261		1.4503
260.5		1.4339
260		1.4457
259.5		1.4532
259		1.4518
258.5		1.4601
258		1.4655
257.5		1.4696
257		1.4704
256.5		1.4806
256		1.4796
255.5		1.4978
255		1.4882
254.5		1.5022
254		1.494
253.5		1.5143
253		1.5227
252.5		1.5051
252		1.5244
251.5		1.535
251		1.5447
250.5		1.5515
250		1.5579
249.5		1.5516
249		1.5501
248.5		1.5681
248		1.5751
247.5		1.5877
247		1.564
246.5		1.6074
246		1.6017
245.5		1.6314
245		1.6225
244.5		1.6359
244		1.6426
243.5		1.6432
243		1.6589
242.5		1.6838
242		1.6974
241.5		1.6914
241		1.7114
240.5		1.7574
240		1.756
239.5		1.7369
239		1.8098
238.5		1.7551
238		1.8143
237.5		1.8137
237		1.8043
236.5		1.8199
236		1.8423
235.5		1.8366
235		1.8819
234.5		1.8815
234		1.9146
233.5		1.9318
233		1.8797
232.5		1.9151
232		1.919
231.5		1.927
231		1.9916
230.5		1.8614
230		1.9822
229.5		2.0446
229		1.9665
228.5		2.0266
228		2.0884
227.5		1.9906
227		1.9141
226.5		2.0039
226		1.9502
225.5		1.9462
225		2.3227
224.5		2.0069
224		2.3756
223.5		2.1978
223		2.0494
222.5		2.1
222		2.6118
221.5		2.195
221		1.9808
220.5		2.0496
220		2.0354
219.5		1.4878
219		3.4663
218.5		2.7752
218		0.9988
217.5		1.4094
217		2.0394
216.5		1.1391
216		3.2182
215.5		2.2547
215		-0.5312
214.5		0.6519
214		0.076
213.5		0.8735
213		-0.3614
212.5		1.0142
212		0.7186
211.5		2.1174
211		1.966
210.5		-0.3313
210		2.2016
209.5		3.8197
209		-0.3342
208.5		0.9499
208		1.4733
207.5		0.0375
207		0.3656
206.5		-0.2366
206		3.3721
205.5		1.0251
205		0.7507
204.5		0.9182
204		1.4261
203.5		5.1761
203		0.8595
202.5		0.6606
202		1.1183
201.5		0.2342
201		1.0194
200.5		-0.5363
200		1.0743
lambda		value

Calibration:
lambda:	0
Abs:	0

Data:
#
900		0.970494
899.5		0.911478
899		0.918777
898.5		0.948851
898		0.920498
897.5		0.917874
897		0.971614
896.5		0.947907
896		0.906353
895.5		0.919458
895		0.942936
894.5		0.919932
894		0.922502
893.5		0.961258
893		0.957723
892.5		0.918313
892		0.941165
891.5		0.911257
891		0.920376
890.5		0.93292
890		0.910504
889.5		0.954879
889		0.940492
888.5		0.961126
888		0.93344
887.5		0.938424
887		0.913812
886.5		0.938227
886		0.966255
885.5		0.930743
885		0.902547
884.5		0.949549
884		0.957906
883.5		0.936364
883		0.948884
882.5		0.931017
882		0.945743
881.5		0.925633
881		0.935352
880.5		0.932052
880		0.948244
879.5		0.954951
879		0.947774
878.5		0.937381
878		0.946602
877.5		0.935358
877		0.958325
876.5		0.946504
876		0.936209
875.5		0.950269
875		0.959801
874.5		0.95241
874		0.946493
873.5		0.949072
873		0.949722
872.5		0.939786
872		0.933798
871.5		0.940321
871		0.951846
870.5		0.932134
870		0.937362
869.5		0.935342
869		0.9366
868.5		0.938314
868		0.939427
867.5		0.944928
867		0.937974
866.5		0.951613
866		0.931481
865.5		0.938737
865		0.948682
864.5		0.929929
864		0.93846
863.5		0.94298
863		0.939445
862.5		0.945571
862		0.932349
861.5		0.938826
861		0.951462
860.5		0.944846
860		0.933664
859.5		0.939835
859		0.941591
858.5		0.938518
858		0.942939
857.5		0.946995
857		0.938338
856.5		0.93768
856		0.937568
855.5		0.938032
855		0.937265
854.5		0.941811
854		0.941019
853.5		0.942373
853		0.942693
852.5		0.93625
852		0.943221
851.5		0.943998
851		0.939562
850.5		0.944598
850		0.943267
849.5		0.940863
849		0.94081
848.5		0.938287
848		0.941565
847.5		0.943122
847		0.941966
846.5		0.939872
846		0.937185
845.5		0.943889
845		0.944565
844.5		0.939678
844		0.942513
843.5		0.93844
843		0.939962
842.5		0.943549
842		0.939848
841.5		0.942696
841		0.939876
840.5		0.942346
840		0.942013
839.5		0.94167
839		0.942713
838.5		0.940136
838		0.943058
837.5		0.940845
837		0.943559
836.5		0.946032
836		0.942026
835.5		0.94159
835		0.942355
834.5		0.944097
834		0.941725
833.5		0.942956
833		0.943115
832.5		0.944538
832		0.945804
831.5		0.943644
831		0.943013
830.5		0.946482
830		0.943798
829.5		0.945014
829		0.942491
828.5		0.945297
828		0.943139
827.5		0.947169
827		0.943597
826.5		0.94284
826		0.946323
825.5		0.945197
825		0.946213
824.5		0.948009
824		0.948482
823.5		0.946043
823		0.945409
822.5		0.951171
822		0.945242
821.5		0.945576
821		0.94648
820.5		0.943786
820		0.945798
819.5		0.946011
819		0.94919
818.5		0.946796
818		0.948464
817.5		0.948772
817		0.947621
816.5		0.944456
816		0.944622
815.5		0.945264
815		0.949544
814.5		0.94991
814		0.94909
813.5		0.946673
813		0.948905
812.5		0.944644
812		0.946516
811.5		0.949365
811		0.948021
810.5		0.946906
810		0.947221
809.5		0.946445
809		0.948374
808.5		0.948585
808		0.946795
807.5		0.947363
807		0.947111
806.5		0.948759
806		0.949755
805.5		0.946843
805		0.949945
804.5		0.948731
804		0.945954
803.5		0.949064
803		0.947468
802.5		0.948305
802		0.949212
801.5		0.947132
801		0.950912
800.5		0.946372
800		0.949005
799.5		0.947305
799		0.945819
798.5		0.948441
798		0.947642
797.5		0.950821
797		0.949046
796.5		0.948567
796		0.947909
795.5		0.946086
795		0.949315
794.5		0.94983
794		0.947978
793.5		0.947421
793		0.950005
792.5		0.949635
792		0.95035
791.5		0.949731
791		0.944373
790.5		0.949176
790		0.947195
789.5		0.94993
789		0.949296
788.5		0.949915
788		0.949012
787.5		0.948703
787		0.951339
786.5		0.946439
786		0.94544
785.5		0.950849
785		0.94675
784.5		0.950903
784		0.949416
783.5		0.949651
783		0.951519
782.5		0.948319
782		0.947982
781.5		0.9499
781		0.947557
780.5		0.948848
780		0.950159
779.5		0.950609
779		0.949516
778.5		0.948396
778		0.951977
777.5		0.949024
777		0.948291
776.5		0.949955
776		0.948526
775.5		0.948358
775		0.952562
774.5		0.947782
774		0.951758
773.5		0.950155
773		0.950816
772.5		0.950229
772		0.945898
771.5		0.950704
771		0.948825
770.5		0.949149
770		0.949063
769.5		0.950085
769		0.949895
768.5		0.949836
768		0.949249
767.5		0.948406
767		0.947892
766.5		0.950892
766		0.952932
765.5		0.94989
765		0.945806
764.5		0.952348
764		0.949527
763.5		0.954024
763		0.948907
762.5		0.95
762		0.949731
761.5		0.948257
761		0.950712
760.5		0.950119
760		0.951076
759.5		0.948756
759		0.949906
758.5		0.949662
758		0.950512
757.5		0.950283
757		0.949195
756.5		0.949722
756		0.949642
755.5		0.95007
755		0.949786
754.5		0.952049
754		0.946351
753.5		0.951902
753		0.949438
752.5		0.948163
752		0.952187
751.5		0.947285
751		0.950308
750.5		0.950636
750		0.949742
749.5		0.950781
749		0.948548
748.5		0.94924
748		0.950621
747.5		0.950571
747		0.95097
746.5		0.94825
746		0.952007
745.5		0.950581
745		0.951582
744.5		0.947744
744		0.949099
743.5		0.949732
743		0.949321
742.5		0.950521
742		0.948959
741.5		0.949406
741		0.948515
740.5		0.950966
740		0.948639
739.5		0.951512
739		0.950158
738.5		0.947665
738		0.950421
737.5		0.947889
737		0.948123
736.5		0.948918
736		0.949101
735.5		0.947763
735		0.948528
734.5		0.946425
734		0.948407
733.5		0.950296
733		0.949216
732.5		0.947845
732		0.945688
731.5		0.948713
731		0.947771
730.5		0.949081
730		0.946863
729.5		0.946584
729		0.946596
728.5		0.942932
728		0.945275
727.5		0.944709
727		0.946096
726.5		0.946507
726		0.94286
725.5		0.944784
725		0.942912
724.5		0.942187
724		0.942615
723.5		0.939971
723		0.942514
722.5		0.940523
722		0.940515
721.5		0.939979
721		0.937127
720.5		0.936697
720		0.940304
719.5		0.937165
719		0.939311
718.5		0.936112
718		0.936826
717.5		0.938777
717		0.936224
716.5		0.938994
716		0.939277
715.5		0.93914
715		0.941967
714.5		0.941601
714		0.941932
713.5		0.944402
713		0.942833
712.5		0.944354
712		0.945114
711.5		0.945734
711		0.94417
710.5		0.945389
710		0.949624
709.5		0.945898
709		0.946234
708.5		0.948174
708		0.946495
707.5		0.948508
707		0.948468
706.5		0.948571
706		0.949763
705.5		0.950246
705		0.947866
704.5		0.947508
704		0.950493
703.5		0.947415
703		0.94938
702.5		0.948832
702		0.948915
701.5		0.949064
701		0.949911
700.5		0.950873
700		0.948405
699.5		0.950143
699		0.948011
698.5		0.949034
698		0.949961
697.5		0.946548
697		0.949398
696.5		0.950425
696		0.950808
695.5		0.949847
695		0.94771
694.5		0.949941
694		0.949112
693.5		0.950281
693		0.949285
692.5		0.947664
692		0.950222
691.5		0.949531
691		0.950597
690.5		0.950203
690		0.950054
689.5		0.950326
689		0.950084
688.5		0.951422
688		0.950134
687.5		0.948677
687		0.949146
686.5		0.949842
686		0.951463
685.5		0.949141
685		0.949536
684.5		0.949541
684		0.951195
683.5		0.950771
683		0.950207
682.5		0.950697
682		0.948584
681.5		0.950795
681		0.947805
680.5		0.949501
680		0.950899
679.5		0.948366
679		0.951287
678.5		0.949382
678		0.948774
677.5		0.950756
677		0.949392
676.5		0.951466
676		0.951603
675.5		0.950831
675		0.951386
674.5		0.951449
674		0.95199
673.5		0.951504
673		0.951425
672.5		0.950846
672		0.951133
671.5		0.951123
671		0.95191
670.5		0.952004
670		0.95157
669.5		0.950455
669		0.950109
668.5		0.952084
668		0.950272
667.5		0.951637
667		0.950213
666.5		0.950059
666		0.953099
665.5		0.949857
665		0.952367
664.5		0.950724
664		0.948992
663.5		0.952442
663		0.951169
662.5		0.951302
662		0.951471
661.5		0.951876
661		0.951485
660.5		0.95207
660		0.950168
659.5		0.951036
659		0.951853
658.5		0.951125
658		0.953283
657.5		0.951055
657		0.952518
656.5		0.951249
656		0.951626
655.5		0.953823
655		0.95113
654.5		0.951838
654		0.951984
653.5		0.952291
653		0.952528
652.5		0.950907
652		0.952381
651.5		0.952996
651		0.950862
650.5		0.950973
650		0.952253
649.5		0.95399
649		0.953001
648.5		0.951936
648		0.952471
647.5		0.952689
647		0.954591
646.5		0.952371
646		0.95239
645.5		0.950507
645		0.953812
644.5		0.953125
644		0.954949
643.5		0.953088
643		0.953354
642.5		0.955094
642		0.954219
641.5		0.954781
641		0.953811
640.5		0.954119
640		0.955978
639.5		0.9556
639		0.954109
638.5		0.955442
638		0.957236
637.5		0.958346
637		0.958756
636.5		0.958246
636		0.958484
635.5		0.958605
635		0.958728
634.5		0.960934
634		0.959001
633.5		0.961767
633		0.962552
632.5		0.961624
632		0.963105
631.5		0.960735
631		0.962428
630.5		0.964235
630		0.962974
629.5		0.964289
629		0.961144
628.5		0.962978
628		0.96094
627.5		0.959752
627		0.963037
626.5		0.958795
626		0.958267
625.5		0.958462
625		0.95558
624.5		0.955786
624		0.954357
623.5		0.955212
623		0.95342
622.5		0.95212
622		0.953324
621.5		0.952647
621		0.951786
620.5		0.949133
620		0.951459
619.5		0.948975
619		0.949563
618.5		0.949442
618		0.947062
617.5		0.947736
617		0.948524
616.5		0.949329
616		0.950686
615.5		0.949349
615		0.949859
614.5		0.947527
614		0.950341
613.5		0.949898
613		0.949966
612.5		0.950725
612		0.948439
611.5		0.950326
611		0.949616
610.5		0.952065
610		0.949232
609.5		0.948887
609		0.950501
608.5		0.949144
608		0.951376
607.5		0.95001
607		0.951246
606.5		0.949276
606		0.949202
605.5		0.950428
605		0.948371
604.5		0.950418
604		0.950301
603.5		0.949738
603		0.949408
602.5		0.94947
602		0.950345
601.5		0.94816
601		0.951834
600.5		0.948671
600		0.949315
599.5		0.951044
599		0.946548
598.5		0.950116
598		0.946297
597.5		0.950845
597		0.951132
596.5		0.948996
596		0.950505
595.5		0.948373
595		0.948077
594.5		0.949195
594		0.949433
593.5		0.949171
593		0.950194
592.5		0.949438
592		0.949031
591.5		0.949289
591		0.948907
590.5		0.949637
590		0.949192
589.5		0.949956
589		0.949884
588.5		0.947287
588		0.949559
587.5		0.951085
587		0.948259
586.5		0.949087
586		0.947653
585.5		0.949303
585		0.946444
584.5		0.948319
584		0.948014
583.5		0.947704
583		0.949497
582.5		0.948121
582		0.949203
581.5		0.947856
581		0.946764
580.5		0.949387
580		0.947409
579.5		0.949131
579		0.947897
578.5		0.946912
578		0.949701
577.5		0.948231
577		0.949171
576.5		0.947257
576		0.948901
575.5		0.950237
575		0.94919
574.5		0.948429
574		0.947201
573.5		0.946508
573		0.948379
572.5		0.950448
572		0.947617
571.5		0.947911
571		0.947713
570.5		0.947916
570		0.949037
569.5		0.947161
569		0.947682
568.5		0.94751
568		0.946045
567.5		0.949071
567		0.947196
566.5		0.948092
566		0.947722
565.5		0.94798
565		0.948442
564.5		0.947131
564		0.949083
563.5		0.947373
563		0.947187
562.5		0.948563
562		0.947303
561.5		0.946223
561		0.948031
560.5		0.948519
560		0.951114
559.5		0.953027
559		0.951243
558.5		0.950821
558		0.952916
557.5		0.949938
557		0.951915
556.5		0.950969
556		0.950427
555.5		0.951262
555		0.948932
554.5		0.952125
554		0.949966
553.5		0.951596
553		0.951294
552.5		0.950397
552		0.951241
551.5		0.950743
551		0.951519
550.5		0.949598
550		0.948032
549.5		0.95208
549		0.949417
548.5		0.951072
548		0.949216
547.5		0.94948
547		0.950412
546.5		0.951124
546		0.949292
545.5		0.952399
545		0.950492
544.5		0.950727
544		0.951644
543.5		0.949088
543		0.950555
542.5		0.949141
542		0.950014
541.5		0.95
541		0.949237
540.5		0.949432
540		0.948286
539.5		0.951557
539		0.949723
538.5		0.948975
538		0.950863
537.5		0.948542
537		0.951781
536.5		0.948608
536		0.949843
535.5		0.949443
535		0.948315
534.5		0.949353
534		0.949395
533.5		0.94853
533		0.950362
532.5		0.949971
532		0.950209
531.5		0.948762
531		0.94863
530.5		0.948662
530		0.949648
529.5		0.948074
529		0.949786
528.5		0.949386
528		0.948911
527.5		0.950857
527		0.948359
526.5		0.949162
526		0.950976
525.5		0.949201
525		0.951596
524.5		0.94834
524		0.950419
523.5		0.950548
523		0.950214
522.5		0.950138
522		0.949391
521.5		0.951905
521		0.950362
520.5		0.950923
520		0.950052
519.5		0.949696
519		0.950785
518.5		0.951787
518		0.950899
517.5		0.950024
517		0.950885
516.5		0.950827
516		0.952422
515.5		0.952091
515		0.951129
514.5		0.952681
514		0.951157
513.5		0.954099
513		0.952721
512.5		0.953244
512		0.955297
511.5		0.9517
511		0.955392
510.5		0.952876
510		0.952526
509.5		0.955999
509		0.953429
508.5		0.956215
508		0.952685
507.5		0.954204
507		0.955173
506.5		0.952331
506		0.954373
505.5		0.951712
505		0.951705
504.5		0.95044
504		0.951095
503.5		0.950707
503		0.949684
502.5		0.948699
502		0.948198
501.5		0.94757
501		0.945483
500.5		0.947669
500		0.945606
499.5		0.946657
499		0.946364
498.5		0.943072
498		0.945245
497.5		0.944125
497		0.943157
496.5		0.943235
496		0.943272
495.5		0.943119
495		0.94186
494.5		0.941469
494		0.940564
493.5		0.939335
493		0.942076
492.5		0.94116
492		0.941247
491.5		0.938326
491		0.938388
490.5		0.94089
490		0.940939
489.5		0.940858
489		0.938686
488.5		0.937992
488		0.937294
487.5		0.939789
487		0.938975
486.5		0.938312
486		0.938931
485.5		0.936986
485		0.939852
484.5		0.939169
484		0.936489
483.5		0.937711
483		0.937614
482.5		0.937597
482		0.937022
481.5		0.935719
481		0.936056
480.5		0.93503
480		0.93696
479.5		0.936431
479		0.934942
478.5		0.936746
478		0.93523
477.5		0.933774
477		0.933967
476.5		0.933141
476		0.935262
475.5		0.931945
475		0.933423
474.5		0.933183
474		0.932446
473.5		0.931655
473		0.931447
472.5		0.932365
472		0.931832
471.5		0.932234
471		0.929624
470.5		0.929987
470		0.929138
469.5		0.929075
469		0.928845
468.5		0.927391
468		0.928654
467.5		0.926198
467		0.924785
466.5		0.925353
466		0.925141
465.5		0.924277
465		0.924058
464.5		0.922488
464		0.923036
463.5		0.923117
463		0.921805
462.5		0.920811
462		0.92052
461.5		0.922976
461		0.922071
460.5		0.919065
460		0.918043
459.5		0.919792
459		0.918863
458.5		0.917034
458		0.918463
457.5		0.916803
457		0.915898
456.5		0.917676
456		0.916041
455.5		0.919498
455		0.91983
454.5		0.918173
454		0.919609
453.5		0.918779
453		0.91865
452.5		0.919003
452		0.920845
451.5		0.918717
451		0.922608
450.5		0.921801
450		0.922178
449.5		0.923312
449		0.920161
448.5		0.924583
448		0.92363
447.5		0.924273
447		0.927678
446.5		0.924613
446		0.925825
445.5		0.926436
445		0.925521
444.5		0.927699
444		0.926829
443.5		0.926614
443		0.926336
442.5		0.928394
442		0.929807
441.5		0.928913
441		0.927203
440.5		0.92913
440		0.932065
439.5		0.931044
439		0.929594
438.5		0.929708
438		0.929016
437.5		0.93063
437		0.930473
436.5		0.930973
436		0.929614
435.5		0.931357
435		0.930584
434.5		0.931818
434		0.930795
433.5		0.929314
433		0.931286
432.5		0.932039
432		0.928203
431.5		0.930992
431		0.9284
430.5		0.933571
430		0.929016
429.5		0.930425
429		0.931893
428.5		0.927773
428		0.931994
427.5		0.930131
427		0.930049
426.5		0.929464
426		0.928666
425.5		0.928666
425		0.928552
424.5		0.927471
424		0.93022
423.5		0.927977
423		0.929551
422.5		0.930418
422		0.926965
421.5		0.92986
421		0.926877
420.5		0.927425
420		0.930243
419.5		0.928068
419		0.928238
418.5		0.927772
418		0.926203
417.5		0.92788
417		0.925585
416.5		0.927712
416		0.927504
415.5		0.926579
415		0.926605
414.5		0.925718
414		0.928014
413.5		0.925705
413		0.92377
412.5		0.927832
412		0.925162
411.5		0.928715
411		0.925116
410.5		0.923104
410		0.928064
409.5		0.923513
409		0.92539
408.5		0.922045
408		0.925386
407.5		0.926207
407		0.923954
406.5		0.925558
406		0.925296
405.5		0.923364
405		0.925196
404.5		0.925117
404		0.92562
403.5		0.92638
403		0.924633
402.5		0.922355
402		0.926084
401.5		0.923538
401		0.922883
400.5		0.923497
400		0.926927
399.5		0.926032
399		0.925104
398.5		0.921474
398		0.922691
397.5		0.923457
397		0.925782
396.5		0.924556
396		0.924835
395.5		0.926327
395		0.925177
394.5		0.925602
394		0.92317
393.5		0.925682
393		0.922686
392.5		0.921958
392		0.925201
391.5		0.921798
391		0.923614
390.5		0.922991
390		0.920951
389.5		0.921495
389		0.922278
388.5		0.919185
388		0.92209
387.5		0.921318
387		0.921659
386.5		0.920532
386		0.918795
385.5		0.918829
385		0.920608
384.5		0.915821
384		0.917741
383.5		0.917379
383		0.916491
382.5		0.913776
382		0.91673
381.5		0.916119
381		0.914618
380.5		0.912007
380		0.916688
379.5		0.907829
379		0.91262
378.5		0.91494
378		0.915195
377.5		0.912104
377		0.914247
376.5		0.908909
376		0.914543
375.5		0.913145
375		0.91354
374.5		0.913825
374		0.913033
373.5		0.913098
373		0.913703
372.5		0.910401
372		0.915811
371.5		0.910894
371		0.911977
370.5		0.914079
370		0.911848
369.5		0.916882
369		0.909279
368.5		0.91034
368		0.912113
367.5		0.908416
367		0.9122
366.5		0.908038
366		0.911245
365.5		0.912003
365		0.90419
364.5		0.912262
364		0.910073
363.5		0.906314
363		0.912593
362.5		0.910377
362		0.909404
361.5		0.906247
361		0.908927
360.5		0.911082
360		0.906575
359.5		0.909054
359		0.910528
358.5		0.902534
358		0.906611
357.5		0.906497
357		0.909781
356.5		0.907146
356		0.91129
355.5		0.906036
355		0.911276
354.5		0.902488
354		0.903707
353.5		0.906321
353		0.905908
352.5		0.909305
352		0.899564
351.5		0.90845
351		0.91013
350.5		0.905505
350		0.906892
349.5		0.905688
349		0.910454
348.5		0.9049
348		0.903141
347.5		0.904877
347		0.907361
346.5		0.905071
346		0.90472
345.5		0.903359
345		0.906195
344.5		0.906911
344		0.903669
343.5		0.905849
343		0.904469
342.5		0.902183
342		0.908989
341.5		0.905835
341		0.898261
340.5		0.901888
340		0.908501
339.5		0.891943
339		0.90054
338.5		0.906698
338		0.911055
337.5		0.90601
337		0.901265
336.5		0.898923
336		0.904493
335.5		0.901656
335		0.90204
334.5		0.901083
334		0.900831
333.5		0.897921
333		0.904362
332.5		0.906053
332		0.900147
331.5		0.899776
331		0.904045
330.5		0.899098
330		0.90707
329.5		0.894615
329		0.904806
328.5		0.894031
328		0.894374
327.5		0.899616
327		0.897151
326.5		0.891158
326		0.895698
325.5		0.902111
325		0.896947
324.5		0.902108
324		0.90422
323.5		0.899009
323		0.900352
322.5		0.899168
322		0.895643
321.5		0.888822
321		0.896494
320.5		0.897185
320		0.886952
319.5		0.893606
319		0.889585
318.5		0.90102
318		0.898686
317.5		0.896817
317		0.889471
316.5		0.893034
316		0.897459
315.5		0.897939
315		0.893035
314.5		0.888872
314		0.889013
313.5		0.890886
313		0.894977
312.5		0.896267
312		0.890242
311.5		0.893443
311		0.89053
310.5		0.889316
310		0.893246
309.5		0.885723
309		0.895718
308.5		0.893456
308		0.892794
307.5		0.879959
307		0.891421
306.5		0.889935
306		0.886526
305.5		0.890605
305		0.89246
304.5		0.889587
304		0.89078
303.5		0.895548
303		0.891175
302.5		0.901159
302		0.893927
301.5		0.890112
301		0.890201
300.5		0.896087
300		0.90265
299.5		0.896176
299		0.899548
298.5		0.890079
298		0.894172
297.5		0.892738
297		0.891383
296.5		0.893462
296		0.896425
295.5		0.895981
295		0.905744
294.5		0.898916
294		0.893701
293.5		0.901082
293		0.90128
292.5		0.897225
292		0.902571
291.5		0.889911
291		0.897638
290.5		0.902882
290		0.909653
289.5		0.902652
289		0.892515
288.5		0.895653
288		0.903829
287.5		0.898343
287		0.902562
286.5		0.895041
286		0.90789
285.5		0.902459
285		0.896259
284.5		0.907201
284		0.907728
283.5		0.900681
283		0.905673
282.5		0.902953
282		0.909191
281.5		0.906207
281		0.906419
280.5		0.901818
280		0.903127
279.5		0.905648
279		0.903169
278.5		0.903009
278		0.903635
277.5		0.908565
277		0.906765
276.5		0.908926
276		0.903215
275.5		0.914246
275		0.90329
274.5		0.907046
274		0.904272
273.5		0.910049
273		0.905358
272.5		0.898293
272		0.905959
271.5		0.905865
271		0.908697
270.5		0.899318
270		0.89652
269.5		0.90614
269		0.893928
268.5		0.900735
268		0.899865
267.5		0.902448
267		0.894633
266.5		0.900473
266		0.90285
265.5		0.897566
265		0.882861
264.5		0.893939
264		0.898126
263.5		0.897275
263		0.885234
262.5		0.890472
262		0.896885
261.5		0.908198
261		0.900752
260.5		0.889461
260		0.895392
259.5		0.893287
259		0.883628
258.5		0.890413
258		0.893761
257.5		0.891099
257		0.896094
256.5		0.898968
256		0.890628
255.5		0.901963
255		0.889327
254.5		0.899144
254		0.889021
253.5		0.896195
253		0.901433
252.5		0.885822
252		0.893343
251.5		0.906942
251		0.899808
250.5		0.900621
250		0.905808
249.5		0.897086
249		0.890299
248.5		0.90736
248		0.905698
247.5		0.895185
247		0.890813
246.5		0.916472
246		0.90676
245.5		0.913745
245		0.91121
244.5		0.918065
244		0.911391
243.5		0.907094
243		0.910033
242.5		0.919306
242		0.919551
241.5		0.917892
241		0.925732
240.5		0.941801
240		0.934788
239.5		0.918557
239		0.952125
238.5		0.927937
238		0.94421
237.5		0.945177
237		0.939104
236.5		0.931848
236		0.952881
235.5		0.93082
235		0.952668
234.5		0.955804
234		0.965361
233.5		0.973935
233		0.934895
232.5		0.952786
232		0.944669
231.5		0.956043
231		0.968771
230.5		0.908931
230		0.952981
229.5		0.968683
229		0.943256
228.5		0.961066
228		1.00274
227.5		0.939805
227		0.897753
226.5		0.940445
226		0.906859
225.5		0.909524
225		1.0719
224.5		0.921442
224		1.07493
223.5		0.96845
223		0.91267
222.5		0.935495
222		1.14072
221.5		0.964581
221		0.866037
220.5		0.89753
220		0.888007
219.5		0.634213
219		1.49868
218.5		1.19683
218		0.441049
217.5		0.58382
217		0.844962
216.5		0.479783
216		1.30461
215.5		0.934436
215		-0.214038
214.5		0.25447
214		0.0300075
213.5		0.342952
213		-0.1393
212.5		0.401203
212		0.280254
211.5		0.829962
211		0.759103
210.5		-0.128128
210		0.823613
209.5		1.46607
209		-0.127232
208.5		0.364295
208		0.531685
207.5		0.0136082
207		0.124202
206.5		-0.0857184
206		1.19481
205.5		0.358289
205		0.269793
204.5		0.309836
204		0.55816
203.5		1.86849
203		0.282535
202.5		0.217783
202		0.345955
201.5		0.07708
201		0.326177
200.5		-0.176618
200		0.421162
