27/03/2024 15.43.21
27/03/2024 15.47.20

500.0000	-122.9300

500.0000	-122.9300

900.0000	 16.8100



  1.0000
900.0000
  3.0000
340.0000
  1.0000
1401.0000
  7.0000
  6.0000
  1.0000
  1.0000
  0.0000
  0.0000
100.0000
  0.0000
  1.0000
  0.0000
500.0000
900.0000
200.0000
  4.0000
  1.0000
 18.0000
  2.0000
  1.0000
255.0000
  1.5941
  1.0000
 30.0000
  4.0000
500.0000
  0.0000
  0.0000
  4.0000
900.0000
200.0000
  0.0000
100.0000
  0.0000
  1.0000
  0.0000
500.0000
  1.0000
  1.0000
  1.0000
  1.0000
  4.0000
  0.0000
  1.0000
  1.0000
  1.0000
  1.0000
  1.0000
  2.0000
  1.0000
  1.0000
  1.0000
  3.0000
  1.0000
  1.0000
  1.0000
  4.0000
  5.0000
238.184
0.000
#
900.0000	 -7.6098
899.5000	  0.1274
899.0000	 -0.0287
898.5000	  0.4502
898.0000	  0.7407
897.5000	  0.5589
897.0000	  0.2110
896.5000	  0.3005
896.0000	  0.0972
895.5000	 -0.1833
895.0000	 -1.5200
894.5000	 -3.8748
894.0000	  0.0754
893.5000	-10.2654
893.0000	 -1.4814
892.5000	 -1.1063
892.0000	  0.5512
891.5000	  0.9357
891.0000	  0.6917
890.5000	  0.9189
890.0000	  0.1004
889.5000	  0.2210
889.0000	  0.3659
888.5000	 -0.3241
888.0000	 -0.2016
887.5000	 -2.0448
887.0000	 52.9036
886.5000	 -1.2614
886.0000	 -0.0525
885.5000	  0.2918
885.0000	 -0.0651
884.5000	 -0.0093
884.0000	  0.3902
883.5000	  0.1448
883.0000	 -0.0637
882.5000	  0.0650
882.0000	 -0.3139
881.5000	 -0.4564
881.0000	  0.4865
880.5000	  1.3573
880.0000	  0.4584
879.5000	  0.1307
879.0000	  2.1553
878.5000	  4.0059
878.0000	  0.0576
877.5000	  0.5897
877.0000	  0.5781
876.5000	  0.4437
876.0000	  0.0443
875.5000	 21.2033
875.0000	  0.1673
874.5000	  0.0669
874.0000	 -0.1215
873.5000	 -0.0460
873.0000	  0.5859
872.5000	 -0.0777
872.0000	  0.0780
871.5000	  0.8258
871.0000	 -1.2905
870.5000	 -2.1261
870.0000	  5.6145
869.5000	  2.2494
869.0000	 31.3658
868.5000	 -0.1553
868.0000	  0.0411
867.5000	  0.1815
867.0000	  0.3913
866.5000	  0.1571
866.0000	  0.3279
865.5000	 -0.5519
865.0000	  5.5831
864.5000	  1.7067
864.0000	 -6.7125
863.5000	  0.0758
863.0000	 -0.6919
862.5000	  0.3626
862.0000	 -0.4586
861.5000	  0.4414
861.0000	  0.5264
860.5000	 -0.1830
860.0000	  0.4257
859.5000	  0.0233
859.0000	  0.0512
858.5000	  3.1617
858.0000	  0.2348
857.5000	 -4.1300
857.0000	  0.3199
856.5000	 -0.2622
856.0000	  0.0506
855.5000	  0.2364
855.0000	  0.4658
854.5000	  0.7475
854.0000	  0.3279
853.5000	  0.0794
853.0000	  0.0406
852.5000	 -0.1261
852.0000	  0.0166
851.5000	 -0.0323
851.0000	  0.2016
850.5000	  0.1971
850.0000	  0.3033
849.5000	  0.2804
849.0000	  0.1200
848.5000	  0.1474
848.0000	  0.4010
847.5000	  0.5165
847.0000	  0.2311
846.5000	  0.0490
846.0000	  0.1072
845.5000	  0.1302
845.0000	  0.1876
844.5000	  0.3102
844.0000	  0.3248
843.5000	  0.2261
843.0000	  0.4845
842.5000	  0.4796
842.0000	  0.3595
841.5000	  0.2398
841.0000	  0.2351
840.5000	  0.2009
840.0000	  0.2745
839.5000	  0.2592
839.0000	  0.2331
838.5000	  0.2394
838.0000	  0.2430
837.5000	  0.1570
837.0000	  0.2857
836.5000	  0.3278
836.0000	  0.3482
835.5000	  0.2561
835.0000	  0.2087
834.5000	  0.1868
834.0000	  0.1307
833.5000	  0.1324
833.0000	  0.2755
832.5000	  0.2651
832.0000	  0.2267
831.5000	  0.2832
831.0000	  0.1545
830.5000	  0.1426
830.0000	  0.1613
829.5000	  0.2552
829.0000	  0.2109
828.5000	  0.2909
828.0000	  0.2860
827.5000	  0.3694
827.0000	  0.3957
826.5000	  0.4220
826.0000	  0.2692
825.5000	  0.2180
825.0000	  0.2010
824.5000	  0.2169
824.0000	  0.3391
823.5000	  0.3287
823.0000	  0.3395
822.5000	  0.3603
822.0000	  0.3126
821.5000	  0.2678
821.0000	  0.3012
820.5000	  0.2698
820.0000	  0.2790
819.5000	  0.1930
819.0000	  0.2280
818.5000	  0.2472
818.0000	  0.1878
817.5000	  0.1651
817.0000	  0.0935
816.5000	  0.1596
816.0000	  0.2236
815.5000	  0.3200
815.0000	  0.3406
814.5000	  0.3045
814.0000	  0.2689
813.5000	  0.2216
813.0000	  0.1781
812.5000	  0.2453
812.0000	  0.3309
811.5000	  0.4001
811.0000	  0.3299
810.5000	  0.3063
810.0000	  0.2551
809.5000	  0.2473
809.0000	  0.1686
808.5000	  0.1461
808.0000	  0.1643
807.5000	  0.1836
807.0000	  0.2487
806.5000	  0.2913
806.0000	  0.2401
805.5000	  0.2622
805.0000	  0.1983
804.5000	  0.2421
804.0000	  0.2797
803.5000	  0.2853
803.0000	  0.2722
802.5000	  0.2910
802.0000	  0.1908
801.5000	  0.2113
801.0000	  0.1490
800.5000	  0.1572
800.0000	  0.1769
799.5000	  0.2073
799.0000	  0.2191
798.5000	  0.2070
798.0000	  0.1878
797.5000	  0.1965
797.0000	  0.1807
796.5000	  0.2276
796.0000	  0.2469
795.5000	  0.2485
795.0000	  0.2714
794.5000	  0.2691
794.0000	  0.2486
793.5000	  0.2100
793.0000	  0.2008
792.5000	  0.2118
792.0000	  0.1968
791.5000	  0.1853
791.0000	  0.1975
790.5000	  0.2627
790.0000	  0.3225
789.5000	  0.2821
789.0000	  0.2897
788.5000	  0.2967
788.0000	  0.3004
787.5000	  0.2680
787.0000	  0.2367
786.5000	  0.2122
786.0000	  0.2485
785.5000	  0.2900
785.0000	  0.2659
784.5000	  0.2507
784.0000	  0.1618
783.5000	  0.2044
783.0000	  0.2044
782.5000	  0.2299
782.0000	  0.2449
781.5000	  0.2894
781.0000	  0.2971
780.5000	  0.3717
780.0000	  0.3433
779.5000	  0.3321
779.0000	  0.2369
778.5000	  0.2733
778.0000	  0.2890
777.5000	  0.3399
777.0000	  0.2773
776.5000	  0.2223
776.0000	  0.1694
775.5000	  0.1880
775.0000	  0.2448
774.5000	  0.2578
774.0000	  0.2736
773.5000	  0.2791
773.0000	  0.1794
772.5000	  0.1917
772.0000	  0.2346
771.5000	  0.2783
771.0000	  0.2935
770.5000	  0.2885
770.0000	  0.2482
769.5000	  0.2439
769.0000	  0.2389
768.5000	  0.2326
768.0000	  0.1772
767.5000	  0.1865
767.0000	  0.2152
766.5000	  0.2749
766.0000	  0.2678
765.5000	  0.2973
765.0000	  0.2883
764.5000	  0.2957
764.0000	  0.2880
763.5000	  0.2596
763.0000	  0.2118
762.5000	  0.2089
762.0000	  0.2366
761.5000	  0.2726
761.0000	  0.3218
760.5000	  0.3102
760.0000	  0.2600
759.5000	  0.2235
759.0000	  0.2171
758.5000	  0.2300
758.0000	  0.2706
757.5000	  0.3019
757.0000	  0.3342
756.5000	  0.3224
756.0000	  0.2696
755.5000	  0.2361
755.0000	  0.2102
754.5000	  0.1821
754.0000	  0.2036
753.5000	  0.2220
753.0000	  0.2684
752.5000	  0.2926
752.0000	  0.2560
751.5000	  0.2042
751.0000	  0.1896
750.5000	  0.2166
750.0000	  0.2672
749.5000	  0.2812
749.0000	  0.2652
748.5000	  0.2614
748.0000	  0.2213
747.5000	  0.2202
747.0000	  0.2342
746.5000	  0.2573
746.0000	  0.2483
745.5000	  0.2628
745.0000	  0.2117
744.5000	  0.2068
744.0000	  0.1709
743.5000	  0.2141
743.0000	  0.2519
742.5000	  0.2678
742.0000	  0.2582
741.5000	  0.2317
741.0000	  0.2442
740.5000	  0.2911
740.0000	  0.2777
739.5000	  0.2844
739.0000	  0.2284
738.5000	  0.2282
738.0000	  0.2146
737.5000	  0.2286
737.0000	  0.2451
736.5000	  0.3059
736.0000	  0.2971
735.5000	  0.2606
735.0000	  0.2281
734.5000	  0.2520
734.0000	  0.2519
733.5000	  0.2270
733.0000	  0.2139
732.5000	  0.2025
732.0000	  0.2083
731.5000	  0.1965
731.0000	  0.1896
730.5000	  0.2110
730.0000	  0.2294
729.5000	  0.2925
729.0000	  0.3319
728.5000	  0.3133
728.0000	  0.3020
727.5000	  0.3082
727.0000	  0.3066
726.5000	  0.2684
726.0000	  0.2446
725.5000	  0.2059
725.0000	  0.2179
724.5000	  0.2605
724.0000	  0.2501
723.5000	  0.2802
723.0000	  0.2574
722.5000	  0.2822
722.0000	  0.2461
721.5000	  0.2608
721.0000	  0.2481
720.5000	  0.3112
720.0000	  0.2971
719.5000	  0.2730
719.0000	  0.2467
718.5000	  0.2322
718.0000	  0.2612
717.5000	  0.2386
717.0000	  0.2105
716.5000	  0.1539
716.0000	  0.2053
715.5000	  0.2785
715.0000	  0.2646
714.5000	  0.2350
714.0000	  0.1454
713.5000	  0.1988
713.0000	  0.1914
712.5000	  0.2396
712.0000	  0.2857
711.5000	  0.2838
711.0000	  0.2723
710.5000	  0.3182
710.0000	  0.2415
709.5000	  0.2725
709.0000	  0.2635
708.5000	  0.3342
708.0000	  0.2962
707.5000	  0.2664
707.0000	  0.2056
706.5000	  0.2216
706.0000	  0.2337
705.5000	  0.2493
705.0000	  0.2492
704.5000	  0.2234
704.0000	  0.2203
703.5000	  0.2341
703.0000	  0.2461
702.5000	  0.2893
702.0000	  0.2410
701.5000	  0.2329
701.0000	  0.1798
700.5000	  0.1902
700.0000	  0.2652
699.5000	  0.2466
699.0000	  0.2880
698.5000	  0.2362
698.0000	  0.2601
697.5000	  0.2497
697.0000	  0.2817
696.5000	  0.2698
696.0000	  0.2469
695.5000	  0.2208
695.0000	  0.2411
694.5000	  0.2237
694.0000	  0.2571
693.5000	  0.2244
693.0000	  0.2010
692.5000	  0.1876
692.0000	  0.2428
691.5000	  0.2876
691.0000	  0.3050
690.5000	  0.2769
690.0000	  0.2606
689.5000	  0.2975
689.0000	  0.3062
688.5000	  0.2741
688.0000	  0.2600
687.5000	  0.2385
687.0000	  0.2599
686.5000	  0.2606
686.0000	  0.2116
685.5000	  0.1932
685.0000	  0.2103
684.5000	  0.2380
684.0000	  0.2639
683.5000	  0.2589
683.0000	  0.2382
682.5000	  0.2757
682.0000	  0.2848
681.5000	  0.2853
681.0000	  0.2786
680.5000	  0.2424
680.0000	  0.2769
679.5000	  0.2580
679.0000	  0.2636
678.5000	  0.2509
678.0000	  0.2309
677.5000	  0.2454
677.0000	  0.2430
676.5000	  0.2722
676.0000	  0.2733
675.5000	  0.2638
675.0000	  0.2405
674.5000	  0.2407
674.0000	  0.2356
673.5000	  0.2298
673.0000	  0.2194
672.5000	  0.2279
672.0000	  0.2279
671.5000	  0.2165
671.0000	  0.2279
670.5000	  0.2259
670.0000	  0.2146
669.5000	  0.1923
669.0000	  0.1903
668.5000	  0.2045
668.0000	  0.2193
667.5000	  0.2428
667.0000	  0.2991
666.5000	  0.2674
666.0000	  0.2562
665.5000	  0.2449
665.0000	  0.2553
664.5000	  0.2509
664.0000	  0.2657
663.5000	  0.2982
663.0000	  0.2777
662.5000	  0.2662
662.0000	  0.2745
661.5000	  0.2811
661.0000	  0.2587
660.5000	  0.2075
660.0000	  0.2313
659.5000	  0.2199
659.0000	  0.2665
658.5000	  0.2611
658.0000	  0.2971
657.5000	  0.2984
657.0000	  0.3012
656.5000	  0.3106
656.0000	  0.3033
655.5000	  0.2609
655.0000	  0.2516
654.5000	  0.2594
654.0000	  0.2641
653.5000	  0.2765
653.0000	  0.2177
652.5000	  0.2116
652.0000	  0.1890
651.5000	  0.2137
651.0000	  0.2293
650.5000	  0.2580
650.0000	  0.2657
649.5000	  0.2342
649.0000	  0.2374
648.5000	  0.2108
648.0000	  0.2295
647.5000	  0.2543
647.0000	  0.2404
646.5000	  0.2412
646.0000	  0.2394
645.5000	  0.2366
645.0000	  0.2408
644.5000	  0.2249
644.0000	  0.2157
643.5000	  0.2818
643.0000	  0.3119
642.5000	  0.3726
642.0000	  0.3190
641.5000	  0.3995
641.0000	  0.3255
640.5000	  0.3457
640.0000	  0.2466
639.5000	  0.2386
639.0000	  0.2354
638.5000	  0.2087
638.0000	  0.2340
637.5000	  0.2446
637.0000	  0.2210
636.5000	  0.2579
636.0000	  0.2880
635.5000	  0.3016
635.0000	  0.2485
634.5000	  0.2538
634.0000	  0.2656
633.5000	  0.2620
633.0000	  0.2367
632.5000	  0.2142
632.0000	  0.2360
631.5000	  0.2486
631.0000	  0.2370
630.5000	  0.2147
630.0000	  0.2303
629.5000	  0.2837
629.0000	  0.3308
628.5000	  0.3083
628.0000	  0.3076
627.5000	  0.3038
627.0000	  0.3224
626.5000	  0.3328
626.0000	  0.2023
625.5000	  0.2109
625.0000	  0.1482
624.5000	  0.1479
624.0000	  0.1640
623.5000	  0.2872
623.0000	  0.3571
622.5000	  0.3708
622.0000	  0.2871
621.5000	  0.4145
621.0000	  0.2975
620.5000	  0.2262
620.0000	  0.2020
619.5000	  0.1252
619.0000	  0.3987
618.5000	  0.3465
618.0000	  0.2496
617.5000	  0.1488
617.0000	 -0.0756
616.5000	 -0.0430
616.0000	  0.1969
615.5000	  0.2018
615.0000	  0.4526
614.5000	  0.4101
614.0000	  0.6569
613.5000	  0.5446
613.0000	  0.4799
612.5000	  0.3774
612.0000	  0.4094
611.5000	  0.8035
611.0000	  0.5878
610.5000	  0.2507
610.0000	  0.0596
609.5000	 -0.0598
609.0000	  0.2099
608.5000	  0.2352
608.0000	  0.1323
607.5000	  0.0289
607.0000	 -0.0216
606.5000	  0.1057
606.0000	  0.5721
605.5000	  0.7240
605.0000	  0.3309
604.5000	  0.0538
604.0000	  0.1549
603.5000	  0.1244
603.0000	  0.2320
602.5000	  0.3600
602.0000	  0.2687
601.5000	  0.4468
601.0000	  0.0796
600.5000	 -0.0183
600.0000	 -0.2013
599.5000	 -0.2433
599.0000	 -0.1982
598.5000	  0.2264
598.0000	  0.2411
597.5000	  0.2058
597.0000	  0.2614
596.5000	  0.2018
596.0000	  0.3651
595.5000	  0.2366
595.0000	  0.4954
594.5000	  0.3254
594.0000	  0.2667
593.5000	  0.1878
593.0000	  0.2181
592.5000	  0.2557
592.0000	  0.1853
591.5000	  0.1929
591.0000	  0.1490
590.5000	  0.3489
590.0000	  0.5213
589.5000	  0.6079
589.0000	  0.4035
588.5000	  0.4292
588.0000	  0.1802
587.5000	 -0.1310
587.0000	  0.0099
586.5000	 -0.0318
586.0000	  0.1826
585.5000	  0.0554
585.0000	  0.2347
584.5000	  0.2197
584.0000	  0.3214
583.5000	  0.2236
583.0000	  0.1889
582.5000	  0.2924
582.0000	  0.2576
581.5000	  0.7016
581.0000	  0.2563
580.5000	  0.3898
580.0000	  0.2831
579.5000	  0.2671
579.0000	  0.1345
578.5000	 -0.0370
578.0000	 -0.0065
577.5000	  0.0459
577.0000	  0.1252
576.5000	  0.0902
576.0000	 -0.0427
575.5000	 -0.2611
575.0000	  0.5188
574.5000	  0.4155
574.0000	  0.3526
573.5000	  0.5516
573.0000	  0.5312
572.5000	  0.5096
572.0000	  0.1712
571.5000	  0.0127
571.0000	  0.2728
570.5000	  0.3014
570.0000	  0.5239
569.5000	  0.2016
569.0000	 -0.0622
568.5000	 -0.1106
568.0000	  0.1192
567.5000	  0.4030
567.0000	  0.2814
566.5000	  0.0511
566.0000	  0.0805
565.5000	  0.3034
565.0000	  0.3638
564.5000	  0.1511
564.0000	  0.1436
563.5000	  0.4241
563.0000	  0.5433
562.5000	  0.9573
562.0000	  0.4924
561.5000	  0.4629
561.0000	  0.1896
560.5000	  0.2606
560.0000	  0.6602
559.5000	  0.7879
559.0000	  0.2916
558.5000	  0.1663
558.0000	  0.3606
557.5000	  0.4377
557.0000	  0.6145
556.5000	  0.2497
556.0000	  0.0684
555.5000	 -0.0350
555.0000	  0.0012
554.5000	  0.1137
554.0000	  0.2233
553.5000	  0.3271
553.0000	  0.2602
552.5000	  0.2390
552.0000	  0.2207
551.5000	  0.2896
551.0000	  0.3184
550.5000	  0.2315
550.0000	  0.0821
549.5000	  0.0596
549.0000	  0.2228
548.5000	  0.2379
548.0000	  0.1865
547.5000	  0.1659
547.0000	  0.3718
546.5000	  0.3682
546.0000	  0.3670
545.5000	  0.2103
545.0000	  0.0988
544.5000	  0.1437
544.0000	  0.1475
543.5000	  0.2523
543.0000	  0.2232
542.5000	  0.2137
542.0000	  0.2122
541.5000	  0.2471
541.0000	  0.3180
540.5000	  0.2637
540.0000	  0.1987
539.5000	  0.1986
539.0000	  0.2883
538.5000	  0.2473
538.0000	  0.2843
537.5000	  0.2441
537.0000	  0.2663
536.5000	  0.2542
536.0000	  0.2201
535.5000	  0.1992
535.0000	  0.1983
534.5000	  0.1088
534.0000	  0.2219
533.5000	  0.2722
533.0000	  0.2914
532.5000	  0.2839
532.0000	  0.2413
531.5000	  0.2252
531.0000	  0.2855
530.5000	  0.2655
530.0000	  0.2712
529.5000	  0.2964
529.0000	  0.2529
528.5000	  0.2914
528.0000	  0.3698
527.5000	  0.3516
527.0000	  0.3399
526.5000	  0.3210
526.0000	  0.3358
525.5000	  0.3332
525.0000	  0.3581
524.5000	  0.3198
524.0000	  0.2625
523.5000	  0.1718
523.0000	  0.0514
522.5000	  0.0583
522.0000	  0.1093
521.5000	  0.1926
521.0000	  0.1935
520.5000	  0.2551
520.0000	  0.3105
519.5000	  0.2897
519.0000	  0.3174
518.5000	  0.3560
518.0000	  0.4257
517.5000	  0.4195
517.0000	  0.4039
516.5000	  0.3841
516.0000	  0.3700
515.5000	  0.2949
515.0000	  0.2733
514.5000	  0.3006
514.0000	  0.2838
513.5000	  0.2474
513.0000	  0.1970
512.5000	  0.1975
512.0000	  0.2231
511.5000	  0.3253
511.0000	  0.3676
510.5000	  0.3661
510.0000	  0.3622
509.5000	  0.3180
509.0000	  0.2940
508.5000	  0.2833
508.0000	  0.3235
507.5000	  0.3684
507.0000	  0.3342
506.5000	  0.3495
506.0000	  0.2994
505.5000	  0.2207
505.0000	  0.2167
504.5000	  0.2121
504.0000	  0.2349
503.5000	  0.2013
503.0000	  0.2536
502.5000	  0.2972
502.0000	  0.2560
501.5000	  0.3606
501.0000	  0.3845
500.5000	  0.2452
500.0000	  0.1294
499.5000	  0.0842
499.0000	  0.2727
498.5000	  0.2347
498.0000	  0.2754
497.5000	  0.3140
497.0000	  0.3497
496.5000	  0.3218
496.0000	  0.2396
495.5000	  0.2082
495.0000	  0.3274
494.5000	  0.3357
494.0000	  0.2756
493.5000	  0.3156
493.0000	  0.1762
492.5000	  0.2042
492.0000	  0.1679
491.5000	  0.1545
491.0000	  0.1403
490.5000	  0.1859
490.0000	  0.1871
489.5000	  0.2082
489.0000	  0.2675
488.5000	  0.3042
488.0000	  0.3387
487.5000	  0.4846
487.0000	  0.3209
486.5000	  0.3120
486.0000	  0.2426
485.5000	  0.2231
485.0000	  0.2950
484.5000	  0.3126
484.0000	  0.2717
483.5000	  0.2299
483.0000	  0.1680
482.5000	  0.1835
482.0000	  0.1716
481.5000	  0.1469
481.0000	  0.1406
480.5000	  0.1448
480.0000	  0.2813
479.5000	  0.2796
479.0000	  0.2792
478.5000	  0.3014
478.0000	  0.1953
477.5000	  0.2508
477.0000	  0.2428
476.5000	  0.2385
476.0000	  0.2018
475.5000	  0.4560
475.0000	  0.3690
474.5000	  0.5008
474.0000	  0.3137
473.5000	  0.2964
473.0000	  0.1220
472.5000	  0.1578
472.0000	  0.3780
471.5000	  0.3709
471.0000	  0.4153
470.5000	  0.3942
470.0000	  0.4391
469.5000	  0.3617
469.0000	  0.3268
468.5000	  0.3075
468.0000	  0.2141
467.5000	  0.2375
467.0000	  0.1052
466.5000	  0.2845
466.0000	  0.2966
465.5000	  0.3092
465.0000	  0.3197
464.5000	  0.2451
464.0000	  0.1969
463.5000	 -0.0020
463.0000	 -0.0322
462.5000	 -0.1966
462.0000	  0.6688
461.5000	  0.7824
461.0000	  0.8224
460.5000	  0.5546
460.0000	  0.5297
459.5000	  0.5771
459.0000	  0.4622
458.5000	  0.3749
458.0000	  0.4038
457.5000	  0.5086
457.0000	  0.6336
456.5000	  0.4424
456.0000	  0.0289
455.5000	 -0.1443
455.0000	  0.2069
454.5000	 -0.0556
454.0000	 -0.2049
453.5000	  0.0050
453.0000	 -0.5366
452.5000	 -0.1501
452.0000	  0.0745
451.5000	  0.3705
451.0000	  0.9670
450.5000	  0.9637
450.0000	  0.4627
449.5000	  0.5510
449.0000	  0.2787
448.5000	  0.1107
448.0000	  0.2745
447.5000	  0.1568
447.0000	  0.8863
446.5000	  0.4425
446.0000	  0.3912
445.5000	 -0.0369
445.0000	 -0.9939
444.5000	 -0.0946
444.0000	  0.2488
443.5000	  0.2962
443.0000	  0.6014
442.5000	  0.5153
442.0000	  0.3114
441.5000	  0.2164
441.0000	  4.2120
440.5000	  0.3467
440.0000	 -0.0699
439.5000	  0.0939
439.0000	  0.2574
438.5000	  0.3859
438.0000	  0.0790
437.5000	 -0.0650
437.0000	 -0.7983
436.5000	 -2.1911
436.0000	 -0.2662
435.5000	 -0.0083
435.0000	  0.0336
434.5000	  0.2481
434.0000	  0.6491
433.5000	  0.5782
433.0000	  0.3469
432.5000	  0.3012
432.0000	  0.3356
431.5000	  0.5430
431.0000	  0.2910
430.5000	  0.3055
430.0000	 -0.0088
429.5000	  0.1435
429.0000	  2.2286
428.5000	  1.1867
428.0000	  0.5195
427.5000	  0.3207
427.0000	  0.1973
426.5000	  0.1470
426.0000	 -0.5360
425.5000	 -0.2039
425.0000	 -0.5846
424.5000	 -1.3424
424.0000	  2.8140
423.5000	  1.2907
423.0000	  0.6634
422.5000	  0.5909
422.0000	  0.8133
421.5000	  1.1521
421.0000	  1.0682
420.5000	  0.7228
420.0000	  0.0817
419.5000	  0.1013
419.0000	  0.1575
418.5000	  0.1875
418.0000	  0.5305
417.5000	  0.5703
417.0000	  0.2304
416.5000	  0.0855
416.0000	 -0.1101
415.5000	  0.1181
415.0000	  0.1654
414.5000	 -0.1839
414.0000	  0.3383
413.5000	  0.6965
413.0000	 11.6681
412.5000	  0.8663
412.0000	  0.6728
411.5000	 -0.2076
411.0000	  0.0941
410.5000	  0.1703
410.0000	  0.2970
409.5000	 -0.2698
409.0000	  0.4686
408.5000	  0.2908
408.0000	  0.4037
407.5000	 -0.0047
407.0000	  0.1039
406.5000	  0.2140
406.0000	  0.5742
405.5000	  2.3809
405.0000	  0.4252
404.5000	 -0.1598
404.0000	  0.1035
403.5000	  0.3182
403.0000	  0.3085
402.5000	  0.6794
402.0000	  1.1566
401.5000	  2.1574
401.0000	 -0.7792
400.5000	 -0.5427
400.0000	  0.3838
399.5000	  1.0578
399.0000	  0.8055
398.5000	  0.5369
398.0000	  0.3806
397.5000	  0.3006
397.0000	  0.5035
396.5000	 -2.1717
396.0000	  0.5535
395.5000	  0.9337
395.0000	  2.4648
394.5000	  0.5888
394.0000	  0.4394
393.5000	  0.1312
393.0000	  0.7882
392.5000	  0.4466
392.0000	  0.8543
391.5000	  0.4216
391.0000	 -0.3336
390.5000	 -0.3063
390.0000	  1.4339
389.5000	  1.2048
389.0000	  3.6498
388.5000	 -0.3766
388.0000	 -5.9461
387.5000	  2.9025
387.0000	  4.9016
386.5000	  1.3359
386.0000	  0.3273
385.5000	  0.1738
385.0000	  0.4942
384.5000	  1.2697
384.0000	  1.6322
383.5000	  3.4703
383.0000	  0.3194
382.5000	  0.3057
382.0000	 -0.2297
381.5000	 -0.3455
381.0000	 -0.2554
380.5000	 -0.1174
380.0000	 -1.8676
379.5000	  0.2578
379.0000	 -0.1141
378.5000	 -1.8339
378.0000	  0.4602
377.5000	  0.2464
377.0000	 -0.5519
376.5000	  0.3659
376.0000	  0.0443
375.5000	  2.3230
375.0000	  0.6481
374.5000	  0.4963
374.0000	  0.0342
373.5000	  0.0953
373.0000	  1.5961
372.5000	  1.2350
372.0000	  0.1027
371.5000	  0.1082
371.0000	  0.8618
370.5000	  0.1125
370.0000	  0.0310
369.5000	 -0.1750
369.0000	 -0.1024
368.5000	  0.1434
368.0000	  0.6273
367.5000	  0.1190
367.0000	-10.9598
366.5000	  4.2853
366.0000	 -6.3886
365.5000	  2.7569
365.0000	  0.7020
364.5000	  0.3056
364.0000	  0.6475
363.5000	  1.8026
363.0000	  1.2424
362.5000	  0.4854
362.0000	  0.1688
361.5000	 -0.0633
361.0000	  0.0619
360.5000	 -0.3018
360.0000	 -0.9800
359.5000	  2.3069
359.0000	 -0.0414
358.5000	 -0.2072
358.0000	  0.3995
357.5000	  0.5088
357.0000	  0.4671
356.5000	  0.3400
356.0000	  5.4069
355.5000	-17.7443
355.0000	-28.2294
354.5000	  0.4387
354.0000	  0.2248
353.5000	  0.1609
353.0000	 -0.0376
352.5000	 -0.0126
352.0000	  0.0955
351.5000	  0.1906
351.0000	 -0.2511
350.5000	 -1.0092
350.0000	  3.7270
349.5000	  0.7273
349.0000	  0.3978
348.5000	  0.1806
348.0000	 -0.0963
347.5000	  0.1255
347.0000	 -1.0647
346.5000	  1.9725
346.0000	  1.0177
345.5000	  3.6463
345.0000	  0.7131
344.5000	  0.9533
344.0000	 23.5871
343.5000	 -1.5685
343.0000	-10.3268
342.5000	 -1.0536
342.0000	 -1.3409
341.5000	  0.3048
341.0000	 -0.1236
340.5000	  0.8324
340.0000	 -0.5660
339.5000	 -1.8284
339.0000	 -0.5999
338.5000	 -1.0515
338.0000	 -0.4732
337.5000	 -2.7604
337.0000	  0.4481
336.5000	  0.4276
336.0000	  0.9281
335.5000	  0.9410
335.0000	 -0.2576
334.5000	  0.9819
334.0000	 -1.9449
333.5000	  0.7371
333.0000	 -2.5095
332.5000	 -3.5681
332.0000	  1.8919
331.5000	 -0.4903
331.0000	  1.9302
330.5000	  0.0906
330.0000	  0.4189
329.5000	 -0.0945
329.0000	 -0.6560
328.5000	 -2.9387
328.0000	 -0.5722
327.5000	  0.0281
327.0000	  0.0475
326.5000	  0.1998
326.0000	  4.3912
325.5000	  0.7264
325.0000	  0.5210
324.5000	  0.6948
324.0000	  0.4641
323.5000	 -5.1442
323.0000	 -0.1313
322.5000	 -0.1762
322.0000	 -0.4539
321.5000	 -0.0582
321.0000	 -0.2853
320.5000	 -1.3119
320.0000	  0.1667
319.5000	  0.1521
319.0000	  0.3830
318.5000	 -0.0653
318.0000	 -0.0442
317.5000	  2.9655
317.0000	  0.1838
316.5000	  0.2971
316.0000	  2.6719
315.5000	  9.0333
315.0000	  1.3057
314.5000	  4.8709
314.0000	 -1.1960
313.5000	  0.0539
313.0000	  0.1297
312.5000	  0.2893
312.0000	  0.3365
311.5000	 -0.0921
311.0000	 -0.1917
310.5000	 -0.0878
310.0000	  0.0444
309.5000	 -0.1402
309.0000	 -0.0316
308.5000	 -0.0438
308.0000	  0.1319
307.5000	  0.2837
307.0000	  1.3671
306.5000	  1.6906
306.0000	 -0.8715
305.5000	  0.3943
305.0000	  0.4989
304.5000	  1.9447
304.0000	  0.0692
303.5000	  0.2959
303.0000	  1.5825
302.5000	 91.9585
302.0000	 -0.3035
301.5000	  0.4533
301.0000	  0.1255
300.5000	  1.4936
300.0000	  1.9373
299.5000	  2.9729
299.0000	  0.1535
298.5000	  0.4030
298.0000	  0.0126
297.5000	  0.0703
297.0000	  0.4085
296.5000	  0.7539
296.0000	  0.1530
295.5000	  0.2867
295.0000	  0.3102
294.5000	  0.0982
294.0000	  0.2438
293.5000	 -0.1886
293.0000	  0.6453
292.5000	  0.3110
292.0000	  0.4282
291.5000	  0.9018
291.0000	  1.0806
290.5000	  0.9263
290.0000	  1.2230
289.5000	  0.8128
289.0000	  0.0855
288.5000	  0.3842
288.0000	  1.2482
287.5000	  0.3163
287.0000	  0.0784
286.5000	  0.1342
286.0000	  0.1583
285.5000	 -0.2093
285.0000	  0.3530
284.5000	 -0.7885
284.0000	 -1.1092
283.5000	 -0.5558
283.0000	  0.3085
282.5000	  0.6110
282.0000	  0.2804
281.5000	  0.4146
281.0000	 -0.5866
280.5000	  0.0448
280.0000	 -0.1948
279.5000	 -1.2622
279.0000	  0.0786
278.5000	 -0.1391
278.0000	 -0.3997
277.5000	 -2.4925
277.0000	 -1.2548
276.5000	 -0.8719
276.0000	 21.7051
275.5000	  0.3764
275.0000	  1.0471
274.5000	  0.0934
274.0000	  2.3271
273.5000	  1.3372
273.0000	 -0.0090
272.5000	 -0.0728
272.0000	  0.5263
271.5000	  1.2703
271.0000	  6.1686
270.5000	-54.1584
270.0000	 -0.1462
269.5000	 -2.6796
269.0000	  2.5456
268.5000	  1.5459
268.0000	  0.6394
267.5000	  0.2338
267.0000	  0.2223
266.5000	  0.0671
266.0000	  0.7211
265.5000	  0.0684
265.0000	  0.3174
264.5000	  0.0565
264.0000	  0.0842
263.5000	  0.1496
263.0000	 -0.8299
262.5000	 -2.0452
262.0000	  0.4600
261.5000	 -1.1383
261.0000	  0.4307
260.5000	  0.4329
260.0000	  0.6533
259.5000	 -0.9234
259.0000	  0.6386
258.5000	 -0.1926
258.0000	 -3.0170
257.5000	-43.8077
257.0000	 -0.3476
256.5000	  0.2138
256.0000	  0.3585
255.5000	  0.7169
255.0000	 -0.0732
254.5000	 -0.0143
254.0000	 -0.7171
253.5000	  0.5825
253.0000	  1.3048
252.5000	 -0.0272
252.0000	 -0.0882
251.5000	 -0.0644
251.0000	 -1.1744
250.5000	  4.2983
250.0000	 -0.9147
249.5000	 -0.1523
249.0000	  0.1251
248.5000	  0.1070
248.0000	  0.3452
247.5000	  0.9410
247.0000	 -0.3084
246.5000	 -0.9636
246.0000	 -0.2421
245.5000	 -1.4321
245.0000	  1.1889
244.5000	  0.2955
244.0000	  0.0659
243.5000	  0.4830
243.0000	 -3.3079
242.5000	 -1.4319
242.0000	 -1.5259
241.5000	 -1.8136
241.0000	  1.7449
240.5000	 -0.4747
240.0000	 -0.6483
239.5000	 -3.8617
239.0000	 -0.1348
238.5000	 -0.1292
238.0000	  0.3900
237.5000	  0.2669
237.0000	  1.2686
236.5000	  1.0883
236.0000	  0.8908
235.5000	 -0.5313
235.0000	  0.1289
234.5000	  0.5576
234.0000	  0.4598
233.5000	  0.0782
233.0000	  0.4091
232.5000	 -4.2032
232.0000	  0.5402
231.5000	  0.8728
231.0000	  0.1442
230.5000	 -0.1626
230.0000	 -0.3041
229.5000	 -0.9412
229.0000	  0.1527
228.5000	  0.4697
228.0000	 -1.3770
227.5000	  1.2967
227.0000	  3.7335
226.5000	  0.6029
226.0000	 -0.7140
225.5000	 -0.0863
225.0000	 -0.2322
224.5000	  0.0037
224.0000	  0.4904
223.5000	  0.4290
223.0000	  0.2489
222.5000	 -0.1075
222.0000	  0.3366
221.5000	  0.9982
221.0000	 -0.2430
220.5000	  0.6002
220.0000	  0.6351
219.5000	  2.4688
219.0000	  0.5537
218.5000	  0.8108
218.0000	  1.0140
217.5000	 -2.1087
217.0000	  1.5560
216.5000	 -0.2278
216.0000	  1.7754
215.5000	 -2.1958
215.0000	 -0.3931
214.5000	 -0.2309
214.0000	 -0.1684
213.5000	  0.0773
213.0000	  0.8410
212.5000	  0.2319
212.0000	  0.1226
211.5000	  0.2879
211.0000	  0.6438
210.5000	 -3.5058
210.0000	  0.3060
209.5000	  0.2788
209.0000	 -2.6140
208.5000	 -0.4019
208.0000	  0.0478
207.5000	 -0.4881
207.0000	  0.8862
206.5000	 -0.5507
206.0000	  1.7565
205.5000	  0.6922
205.0000	  1.0118
204.5000	  0.4011
204.0000	  0.6109
203.5000	 -0.6890
203.0000	  1.6225
202.5000	 -9.1530
202.0000	  0.2665
201.5000	 -0.7258
201.0000	 -0.1364
200.5000	  0.1255
200.0000	 -0.2929
