08/05/2024 17.42.45
08/05/2024 17.51.44

800.0000	 28.6100

800.0000	 28.6100

900.0000	 22.9500



  1.0000
900.0000
  3.0000
340.0000
  1.0000
1401.0000
  5.0000
  6.0000
  1.0000
  1.0000
  0.0000
  0.0000
100.0000
  0.0000
  1.0000
  0.0000
500.0000
900.0000
200.0000
  4.0000
  1.0000
 18.0000
  2.0000
  1.0000
255.0000
  0.8374
  1.0000
 30.0000
  4.0000
500.0000
  0.0000
  0.0000
  4.0000
900.0000
200.0000
  0.0000
100.0000
  0.0000
  1.0000
  0.0000
500.0000
  1.0000
  1.0000
  1.0000
  1.0000
  4.0000
  0.0000
  1.0000
  1.0000
  1.0000
  1.0000
  1.0000
  2.0000
  1.0000
  1.0000
  1.0000
  3.0000
  1.0000
  1.0000
  1.0000
  4.0000
  5.0000
538.889
0.000

lambda: 800
Abs:    -0.0003
ID: 11

#
900.0000	  0.2244
899.5000	  0.2294
899.0000	  0.2256
898.5000	  0.2267
898.0000	  0.2124
897.5000	  0.2173
897.0000	  0.2324
896.5000	  0.2340
896.0000	  0.2333
895.5000	  0.2254
895.0000	  0.2299
894.5000	  0.2237
894.0000	  0.2259
893.5000	  0.2322
893.0000	  0.2257
892.5000	  0.2272
892.0000	  0.2318
891.5000	  0.2298
891.0000	  0.2303
890.5000	  0.2363
890.0000	  0.2214
889.5000	  0.2230
889.0000	  0.2298
888.5000	  0.2292
888.0000	  0.2316
887.5000	  0.2319
887.0000	  0.2193
886.5000	  0.2246
886.0000	  0.2346
885.5000	  0.2305
885.0000	  0.2348
884.5000	  0.2305
884.0000	  0.2236
883.5000	  0.2303
883.0000	  0.2357
882.5000	  0.2402
882.0000	  0.2304
881.5000	  0.2359
881.0000	  0.2334
880.5000	  0.2399
880.0000	  0.2360
879.5000	  0.2401
879.0000	  0.2370
878.5000	  0.2393
878.0000	  0.2344
877.5000	  0.2411
877.0000	  0.2348
876.5000	  0.2346
876.0000	  0.2329
875.5000	  0.2380
875.0000	  0.2383
874.5000	  0.2400
874.0000	  0.2398
873.5000	  0.2413
873.0000	  0.2391
872.5000	  0.2395
872.0000	  0.2367
871.5000	  0.2422
871.0000	  0.2389
870.5000	  0.2426
870.0000	  0.2395
869.5000	  0.2417
869.0000	  0.2412
868.5000	  0.2418
868.0000	  0.2426
867.5000	  0.2436
867.0000	  0.2411
866.5000	  0.2411
866.0000	  0.2435
865.5000	  0.2427
865.0000	  0.2435
864.5000	  0.2457
864.0000	  0.2456
863.5000	  0.2443
863.0000	  0.2452
862.5000	  0.2461
862.0000	  0.2476
861.5000	  0.2487
861.0000	  0.2483
860.5000	  0.2460
860.0000	  0.2471
859.5000	  0.2482
859.0000	  0.2492
858.5000	  0.2503
858.0000	  0.2496
857.5000	  0.2500
857.0000	  0.2510
856.5000	  0.2500
856.0000	  0.2512
855.5000	  0.2513
855.0000	  0.2520
854.5000	  0.2520
854.0000	  0.2519
853.5000	  0.2531
853.0000	  0.2526
852.5000	  0.2542
852.0000	  0.2536
851.5000	  0.2534
851.0000	  0.2558
850.5000	  0.2550
850.0000	  0.2560
849.5000	  0.2550
849.0000	  0.2558
848.5000	  0.2556
848.0000	  0.2568
847.5000	  0.2572
847.0000	  0.2564
846.5000	  0.2566
846.0000	  0.2578
845.5000	  0.2583
845.0000	  0.2585
844.5000	  0.2586
844.0000	  0.2583
843.5000	  0.2591
843.0000	  0.2595
842.5000	  0.2596
842.0000	  0.2606
841.5000	  0.2600
841.0000	  0.2601
840.5000	  0.2612
840.0000	  0.2608
839.5000	  0.2603
839.0000	  0.2610
838.5000	  0.2612
838.0000	  0.2619
837.5000	  0.2620
837.0000	  0.2626
836.5000	  0.2630
836.0000	  0.2632
835.5000	  0.2631
835.0000	  0.2634
834.5000	  0.2639
834.0000	  0.2636
833.5000	  0.2649
833.0000	  0.2653
832.5000	  0.2646
832.0000	  0.2649
831.5000	  0.2655
831.0000	  0.2656
830.5000	  0.2666
830.0000	  0.2655
829.5000	  0.2663
829.0000	  0.2668
828.5000	  0.2662
828.0000	  0.2668
827.5000	  0.2675
827.0000	  0.2672
826.5000	  0.2676
826.0000	  0.2689
825.5000	  0.2694
825.0000	  0.2687
824.5000	  0.2691
824.0000	  0.2688
823.5000	  0.2695
823.0000	  0.2702
822.5000	  0.2696
822.0000	  0.2712
821.5000	  0.2716
821.0000	  0.2708
820.5000	  0.2713
820.0000	  0.2722
819.5000	  0.2717
819.0000	  0.2718
818.5000	  0.2719
818.0000	  0.2734
817.5000	  0.2731
817.0000	  0.2736
816.5000	  0.2736
816.0000	  0.2744
815.5000	  0.2739
815.0000	  0.2754
814.5000	  0.2754
814.0000	  0.2763
813.5000	  0.2764
813.0000	  0.2767
812.5000	  0.2776
812.0000	  0.2765
811.5000	  0.2771
811.0000	  0.2777
810.5000	  0.2785
810.0000	  0.2781
809.5000	  0.2782
809.0000	  0.2799
808.5000	  0.2795
808.0000	  0.2795
807.5000	  0.2792
807.0000	  0.2804
806.5000	  0.2816
806.0000	  0.2814
805.5000	  0.2820
805.0000	  0.2825
804.5000	  0.2830
804.0000	  0.2837
803.5000	  0.2831
803.0000	  0.2834
802.5000	  0.2845
802.0000	  0.2842
801.5000	  0.2843
801.0000	  0.2854
800.5000	  0.2863
800.0000	  0.2863
799.5000	  0.2861
799.0000	  0.2862
798.5000	  0.2877
798.0000	  0.2878
797.5000	  0.2880
797.0000	  0.2886
796.5000	  0.2888
796.0000	  0.2899
795.5000	  0.2895
795.0000	  0.2892
794.5000	  0.2904
794.0000	  0.2908
793.5000	  0.2914
793.0000	  0.2918
792.5000	  0.2926
792.0000	  0.2927
791.5000	  0.2926
791.0000	  0.2938
790.5000	  0.2940
790.0000	  0.2938
789.5000	  0.2948
789.0000	  0.2952
788.5000	  0.2953
788.0000	  0.2957
787.5000	  0.2956
787.0000	  0.2966
786.5000	  0.2968
786.0000	  0.2976
785.5000	  0.2977
785.0000	  0.2984
784.5000	  0.2981
784.0000	  0.2986
783.5000	  0.2991
783.0000	  0.2993
782.5000	  0.3005
782.0000	  0.3004
781.5000	  0.3005
781.0000	  0.3008
780.5000	  0.3020
780.0000	  0.3017
779.5000	  0.3027
779.0000	  0.3028
778.5000	  0.3031
778.0000	  0.3043
777.5000	  0.3039
777.0000	  0.3046
776.5000	  0.3049
776.0000	  0.3057
775.5000	  0.3054
775.0000	  0.3060
774.5000	  0.3070
774.0000	  0.3068
773.5000	  0.3077
773.0000	  0.3081
772.5000	  0.3088
772.0000	  0.3088
771.5000	  0.3090
771.0000	  0.3094
770.5000	  0.3096
770.0000	  0.3105
769.5000	  0.3108
769.0000	  0.3114
768.5000	  0.3123
768.0000	  0.3128
767.5000	  0.3129
767.0000	  0.3131
766.5000	  0.3137
766.0000	  0.3144
765.5000	  0.3149
765.0000	  0.3145
764.5000	  0.3149
764.0000	  0.3159
763.5000	  0.3159
763.0000	  0.3157
762.5000	  0.3175
762.0000	  0.3175
761.5000	  0.3179
761.0000	  0.3187
760.5000	  0.3185
760.0000	  0.3189
759.5000	  0.3197
759.0000	  0.3203
758.5000	  0.3210
758.0000	  0.3204
757.5000	  0.3220
757.0000	  0.3225
756.5000	  0.3227
756.0000	  0.3226
755.5000	  0.3230
755.0000	  0.3233
754.5000	  0.3238
754.0000	  0.3253
753.5000	  0.3243
753.0000	  0.3252
752.5000	  0.3260
752.0000	  0.3266
751.5000	  0.3266
751.0000	  0.3276
750.5000	  0.3279
750.0000	  0.3284
749.5000	  0.3290
749.0000	  0.3290
748.5000	  0.3302
748.0000	  0.3297
747.5000	  0.3298
747.0000	  0.3313
746.5000	  0.3320
746.0000	  0.3321
745.5000	  0.3322
745.0000	  0.3334
744.5000	  0.3328
744.0000	  0.3341
743.5000	  0.3345
743.0000	  0.3347
742.5000	  0.3355
742.0000	  0.3360
741.5000	  0.3368
741.0000	  0.3373
740.5000	  0.3375
740.0000	  0.3378
739.5000	  0.3386
739.0000	  0.3387
738.5000	  0.3398
738.0000	  0.3399
737.5000	  0.3399
737.0000	  0.3418
736.5000	  0.3416
736.0000	  0.3429
735.5000	  0.3431
735.0000	  0.3436
734.5000	  0.3443
734.0000	  0.3444
733.5000	  0.3456
733.0000	  0.3459
732.5000	  0.3465
732.0000	  0.3473
731.5000	  0.3482
731.0000	  0.3485
730.5000	  0.3491
730.0000	  0.3503
729.5000	  0.3515
729.0000	  0.3522
728.5000	  0.3527
728.0000	  0.3532
727.5000	  0.3540
727.0000	  0.3554
726.5000	  0.3570
726.0000	  0.3572
725.5000	  0.3587
725.0000	  0.3596
724.5000	  0.3605
724.0000	  0.3620
723.5000	  0.3629
723.0000	  0.3647
722.5000	  0.3657
722.0000	  0.3671
721.5000	  0.3683
721.0000	  0.3701
720.5000	  0.3713
720.0000	  0.3731
719.5000	  0.3742
719.0000	  0.3743
718.5000	  0.3766
718.0000	  0.3769
717.5000	  0.3785
717.0000	  0.3797
716.5000	  0.3791
716.0000	  0.3793
715.5000	  0.3796
715.0000	  0.3786
714.5000	  0.3777
714.0000	  0.3777
713.5000	  0.3759
713.0000	  0.3753
712.5000	  0.3756
712.0000	  0.3735
711.5000	  0.3740
711.0000	  0.3730
710.5000	  0.3726
710.0000	  0.3726
709.5000	  0.3717
709.0000	  0.3715
708.5000	  0.3714
708.0000	  0.3718
707.5000	  0.3715
707.0000	  0.3722
706.5000	  0.3722
706.0000	  0.3724
705.5000	  0.3733
705.0000	  0.3735
704.5000	  0.3746
704.0000	  0.3750
703.5000	  0.3756
703.0000	  0.3762
702.5000	  0.3760
702.0000	  0.3768
701.5000	  0.3773
701.0000	  0.3779
700.5000	  0.3779
700.0000	  0.3794
699.5000	  0.3797
699.0000	  0.3804
698.5000	  0.3806
698.0000	  0.3814
697.5000	  0.3810
697.0000	  0.3816
696.5000	  0.3824
696.0000	  0.3820
695.5000	  0.3828
695.0000	  0.3833
694.5000	  0.3844
694.0000	  0.3846
693.5000	  0.3849
693.0000	  0.3852
692.5000	  0.3862
692.0000	  0.3865
691.5000	  0.3873
691.0000	  0.3875
690.5000	  0.3879
690.0000	  0.3883
689.5000	  0.3894
689.0000	  0.3890
688.5000	  0.3903
688.0000	  0.3905
687.5000	  0.3917
687.0000	  0.3917
686.5000	  0.3918
686.0000	  0.3924
685.5000	  0.3930
685.0000	  0.3939
684.5000	  0.3942
684.0000	  0.3949
683.5000	  0.3950
683.0000	  0.3953
682.5000	  0.3963
682.0000	  0.3961
681.5000	  0.3979
681.0000	  0.3979
680.5000	  0.3989
680.0000	  0.3990
679.5000	  0.3994
679.0000	  0.4003
678.5000	  0.4006
678.0000	  0.4016
677.5000	  0.4015
677.0000	  0.4023
676.5000	  0.4025
676.0000	  0.4036
675.5000	  0.4041
675.0000	  0.4042
674.5000	  0.4045
674.0000	  0.4050
673.5000	  0.4062
673.0000	  0.4059
672.5000	  0.4066
672.0000	  0.4071
671.5000	  0.4079
671.0000	  0.4090
670.5000	  0.4088
670.0000	  0.4092
669.5000	  0.4098
669.0000	  0.4104
668.5000	  0.4109
668.0000	  0.4109
667.5000	  0.4118
667.0000	  0.4126
666.5000	  0.4130
666.0000	  0.4132
665.5000	  0.4147
665.0000	  0.4145
664.5000	  0.4148
664.0000	  0.4154
663.5000	  0.4152
663.0000	  0.4163
662.5000	  0.4169
662.0000	  0.4173
661.5000	  0.4180
661.0000	  0.4187
660.5000	  0.4191
660.0000	  0.4195
659.5000	  0.4205
659.0000	  0.4206
658.5000	  0.4207
658.0000	  0.4214
657.5000	  0.4221
657.0000	  0.4227
656.5000	  0.4232
656.0000	  0.4232
655.5000	  0.4234
655.0000	  0.4243
654.5000	  0.4248
654.0000	  0.4253
653.5000	  0.4257
653.0000	  0.4265
652.5000	  0.4268
652.0000	  0.4266
651.5000	  0.4273
651.0000	  0.4286
650.5000	  0.4288
650.0000	  0.4285
649.5000	  0.4299
649.0000	  0.4300
648.5000	  0.4305
648.0000	  0.4306
647.5000	  0.4313
647.0000	  0.4317
646.5000	  0.4326
646.0000	  0.4329
645.5000	  0.4325
645.0000	  0.4338
644.5000	  0.4341
644.0000	  0.4343
643.5000	  0.4355
643.0000	  0.4348
642.5000	  0.4358
642.0000	  0.4365
641.5000	  0.4366
641.0000	  0.4367
640.5000	  0.4373
640.0000	  0.4371
639.5000	  0.4376
639.0000	  0.4383
638.5000	  0.4384
638.0000	  0.4392
637.5000	  0.4392
637.0000	  0.4393
636.5000	  0.4392
636.0000	  0.4402
635.5000	  0.4408
635.0000	  0.4410
634.5000	  0.4424
634.0000	  0.4421
633.5000	  0.4423
633.0000	  0.4432
632.5000	  0.4434
632.0000	  0.4439
631.5000	  0.4444
631.0000	  0.4455
630.5000	  0.4459
630.0000	  0.4471
629.5000	  0.4474
629.0000	  0.4489
628.5000	  0.4503
628.0000	  0.4514
627.5000	  0.4518
627.0000	  0.4529
626.5000	  0.4544
626.0000	  0.4564
625.5000	  0.4573
625.0000	  0.4575
624.5000	  0.4595
624.0000	  0.4607
623.5000	  0.4630
623.0000	  0.4630
622.5000	  0.4650
622.0000	  0.4656
621.5000	  0.4664
621.0000	  0.4684
620.5000	  0.4686
620.0000	  0.4690
619.5000	  0.4709
619.0000	  0.4716
618.5000	  0.4714
618.0000	  0.4719
617.5000	  0.4726
617.0000	  0.4731
616.5000	  0.4737
616.0000	  0.4731
615.5000	  0.4736
615.0000	  0.4743
614.5000	  0.4751
614.0000	  0.4758
613.5000	  0.4759
613.0000	  0.4764
612.5000	  0.4769
612.0000	  0.4781
611.5000	  0.4773
611.0000	  0.4784
610.5000	  0.4790
610.0000	  0.4786
609.5000	  0.4795
609.0000	  0.4800
608.5000	  0.4807
608.0000	  0.4815
607.5000	  0.4819
607.0000	  0.4819
606.5000	  0.4830
606.0000	  0.4839
605.5000	  0.4843
605.0000	  0.4844
604.5000	  0.4845
604.0000	  0.4864
603.5000	  0.4860
603.0000	  0.4876
602.5000	  0.4872
602.0000	  0.4879
601.5000	  0.4884
601.0000	  0.4888
600.5000	  0.4895
600.0000	  0.4897
599.5000	  0.4905
599.0000	  0.4915
598.5000	  0.4918
598.0000	  0.4916
597.5000	  0.4932
597.0000	  0.4928
596.5000	  0.4934
596.0000	  0.4942
595.5000	  0.4942
595.0000	  0.4944
594.5000	  0.4953
594.0000	  0.4965
593.5000	  0.4965
593.0000	  0.4967
592.5000	  0.4979
592.0000	  0.4978
591.5000	  0.4991
591.0000	  0.4990
590.5000	  0.5000
590.0000	  0.5009
589.5000	  0.5011
589.0000	  0.5019
588.5000	  0.5026
588.0000	  0.5035
587.5000	  0.5036
587.0000	  0.5043
586.5000	  0.5035
586.0000	  0.5042
585.5000	  0.5054
585.0000	  0.5055
584.5000	  0.5058
584.0000	  0.5065
583.5000	  0.5068
583.0000	  0.5073
582.5000	  0.5084
582.0000	  0.5084
581.5000	  0.5088
581.0000	  0.5091
580.5000	  0.5097
580.0000	  0.5102
579.5000	  0.5110
579.0000	  0.5114
578.5000	  0.5113
578.0000	  0.5122
577.5000	  0.5123
577.0000	  0.5125
576.5000	  0.5138
576.0000	  0.5143
575.5000	  0.5141
575.0000	  0.5149
574.5000	  0.5149
574.0000	  0.5157
573.5000	  0.5167
573.0000	  0.5162
572.5000	  0.5169
572.0000	  0.5177
571.5000	  0.5175
571.0000	  0.5176
570.5000	  0.5189
570.0000	  0.5196
569.5000	  0.5198
569.0000	  0.5210
568.5000	  0.5205
568.0000	  0.5213
567.5000	  0.5212
567.0000	  0.5220
566.5000	  0.5220
566.0000	  0.5235
565.5000	  0.5233
565.0000	  0.5239
564.5000	  0.5240
564.0000	  0.5243
563.5000	  0.5254
563.0000	  0.5251
562.5000	  0.5261
562.0000	  0.5261
561.5000	  0.5273
561.0000	  0.5278
560.5000	  0.5272
560.0000	  0.5288
559.5000	  0.5294
559.0000	  0.5297
558.5000	  0.5302
558.0000	  0.5304
557.5000	  0.5308
557.0000	  0.5312
556.5000	  0.5317
556.0000	  0.5328
555.5000	  0.5321
555.0000	  0.5323
554.5000	  0.5330
554.0000	  0.5335
553.5000	  0.5338
553.0000	  0.5345
552.5000	  0.5345
552.0000	  0.5352
551.5000	  0.5359
551.0000	  0.5355
550.5000	  0.5365
550.0000	  0.5366
549.5000	  0.5364
549.0000	  0.5370
548.5000	  0.5370
548.0000	  0.5377
547.5000	  0.5384
547.0000	  0.5387
546.5000	  0.5386
546.0000	  0.5394
545.5000	  0.5391
545.0000	  0.5401
544.5000	  0.5403
544.0000	  0.5398
543.5000	  0.5409
543.0000	  0.5407
542.5000	  0.5415
542.0000	  0.5408
541.5000	  0.5418
541.0000	  0.5429
540.5000	  0.5428
540.0000	  0.5423
539.5000	  0.5428
539.0000	  0.5432
538.5000	  0.5433
538.0000	  0.5442
537.5000	  0.5431
537.0000	  0.5442
536.5000	  0.5442
536.0000	  0.5449
535.5000	  0.5449
535.0000	  0.5450
534.5000	  0.5457
534.0000	  0.5448
533.5000	  0.5462
533.0000	  0.5449
532.5000	  0.5454
532.0000	  0.5459
531.5000	  0.5469
531.0000	  0.5466
530.5000	  0.5462
530.0000	  0.5464
529.5000	  0.5468
529.0000	  0.5476
528.5000	  0.5461
528.0000	  0.5481
527.5000	  0.5479
527.0000	  0.5475
526.5000	  0.5477
526.0000	  0.5482
525.5000	  0.5476
525.0000	  0.5473
524.5000	  0.5482
524.0000	  0.5473
523.5000	  0.5478
523.0000	  0.5481
522.5000	  0.5481
522.0000	  0.5485
521.5000	  0.5476
521.0000	  0.5477
520.5000	  0.5477
520.0000	  0.5487
519.5000	  0.5477
519.0000	  0.5478
518.5000	  0.5475
518.0000	  0.5480
517.5000	  0.5474
517.0000	  0.5472
516.5000	  0.5469
516.0000	  0.5467
515.5000	  0.5469
515.0000	  0.5463
514.5000	  0.5461
514.0000	  0.5457
513.5000	  0.5464
513.0000	  0.5457
512.5000	  0.5449
512.0000	  0.5452
511.5000	  0.5448
511.0000	  0.5447
510.5000	  0.5443
510.0000	  0.5444
509.5000	  0.5440
509.0000	  0.5442
508.5000	  0.5444
508.0000	  0.5427
507.5000	  0.5433
507.0000	  0.5437
506.5000	  0.5431
506.0000	  0.5430
505.5000	  0.5428
505.0000	  0.5437
504.5000	  0.5428
504.0000	  0.5439
503.5000	  0.5427
503.0000	  0.5433
502.5000	  0.5435
502.0000	  0.5430
501.5000	  0.5437
501.0000	  0.5429
500.5000	  0.5429
500.0000	  0.5425
499.5000	  0.5429
499.0000	  0.5417
498.5000	  0.5414
498.0000	  0.5413
497.5000	  0.5410
497.0000	  0.5406
496.5000	  0.5398
496.0000	  0.5392
495.5000	  0.5393
495.0000	  0.5384
494.5000	  0.5381
494.0000	  0.5370
493.5000	  0.5357
493.0000	  0.5350
492.5000	  0.5340
492.0000	  0.5344
491.5000	  0.5328
491.0000	  0.5316
490.5000	  0.5307
490.0000	  0.5296
489.5000	  0.5277
489.0000	  0.5270
488.5000	  0.5259
488.0000	  0.5248
487.5000	  0.5237
487.0000	  0.5223
486.5000	  0.5211
486.0000	  0.5196
485.5000	  0.5185
485.0000	  0.5172
484.5000	  0.5163
484.0000	  0.5148
483.5000	  0.5141
483.0000	  0.5118
482.5000	  0.5111
482.0000	  0.5106
481.5000	  0.5094
481.0000	  0.5085
480.5000	  0.5070
480.0000	  0.5057
479.5000	  0.5046
479.0000	  0.5035
478.5000	  0.5021
478.0000	  0.5014
477.5000	  0.5006
477.0000	  0.4995
476.5000	  0.4981
476.0000	  0.4962
475.5000	  0.4956
475.0000	  0.4949
474.5000	  0.4949
474.0000	  0.4931
473.5000	  0.4920
473.0000	  0.4911
472.5000	  0.4905
472.0000	  0.4902
471.5000	  0.4888
471.0000	  0.4882
470.5000	  0.4872
470.0000	  0.4861
469.5000	  0.4849
469.0000	  0.4846
468.5000	  0.4835
468.0000	  0.4831
467.5000	  0.4827
467.0000	  0.4811
466.5000	  0.4810
466.0000	  0.4814
465.5000	  0.4801
465.0000	  0.4793
464.5000	  0.4785
464.0000	  0.4784
463.5000	  0.4776
463.0000	  0.4774
462.5000	  0.4761
462.0000	  0.4768
461.5000	  0.4748
461.0000	  0.4739
460.5000	  0.4741
460.0000	  0.4734
459.5000	  0.4728
459.0000	  0.4732
458.5000	  0.4726
458.0000	  0.4708
457.5000	  0.4706
457.0000	  0.4698
456.5000	  0.4686
456.0000	  0.4668
455.5000	  0.4658
455.0000	  0.4654
454.5000	  0.4634
454.0000	  0.4628
453.5000	  0.4610
453.0000	  0.4603
452.5000	  0.4585
452.0000	  0.4567
451.5000	  0.4546
451.0000	  0.4533
450.5000	  0.4523
450.0000	  0.4508
449.5000	  0.4486
449.0000	  0.4476
448.5000	  0.4453
448.0000	  0.4439
447.5000	  0.4420
447.0000	  0.4409
446.5000	  0.4399
446.0000	  0.4388
445.5000	  0.4368
445.0000	  0.4354
444.5000	  0.4339
444.0000	  0.4327
443.5000	  0.4316
443.0000	  0.4310
442.5000	  0.4293
442.0000	  0.4294
441.5000	  0.4273
441.0000	  0.4270
440.5000	  0.4261
440.0000	  0.4241
439.5000	  0.4235
439.0000	  0.4214
438.5000	  0.4217
438.0000	  0.4203
437.5000	  0.4202
437.0000	  0.4194
436.5000	  0.4188
436.0000	  0.4178
435.5000	  0.4168
435.0000	  0.4165
434.5000	  0.4151
434.0000	  0.4149
433.5000	  0.4137
433.0000	  0.4126
432.5000	  0.4124
432.0000	  0.4119
431.5000	  0.4104
431.0000	  0.4105
430.5000	  0.4097
430.0000	  0.4087
429.5000	  0.4082
429.0000	  0.4077
428.5000	  0.4070
428.0000	  0.4068
427.5000	  0.4059
427.0000	  0.4055
426.5000	  0.4057
426.0000	  0.4041
425.5000	  0.4038
425.0000	  0.4034
424.5000	  0.4026
424.0000	  0.4025
423.5000	  0.4020
423.0000	  0.4016
422.5000	  0.4019
422.0000	  0.4009
421.5000	  0.4008
421.0000	  0.4001
420.5000	  0.3997
420.0000	  0.3990
419.5000	  0.3977
419.0000	  0.3993
418.5000	  0.3968
418.0000	  0.3980
417.5000	  0.3971
417.0000	  0.3967
416.5000	  0.3960
416.0000	  0.3952
415.5000	  0.3953
415.0000	  0.3954
414.5000	  0.3948
414.0000	  0.3929
413.5000	  0.3940
413.0000	  0.3942
412.5000	  0.3924
412.0000	  0.3927
411.5000	  0.3917
411.0000	  0.3912
410.5000	  0.3912
410.0000	  0.3902
409.5000	  0.3903
409.0000	  0.3902
408.5000	  0.3895
408.0000	  0.3895
407.5000	  0.3885
407.0000	  0.3874
406.5000	  0.3877
406.0000	  0.3876
405.5000	  0.3878
405.0000	  0.3870
404.5000	  0.3868
404.0000	  0.3870
403.5000	  0.3855
403.0000	  0.3854
402.5000	  0.3844
402.0000	  0.3842
401.5000	  0.3848
401.0000	  0.3845
400.5000	  0.3836
400.0000	  0.3819
399.5000	  0.3823
399.0000	  0.3820
398.5000	  0.3818
398.0000	  0.3825
397.5000	  0.3819
397.0000	  0.3817
396.5000	  0.3804
396.0000	  0.3797
395.5000	  0.3804
395.0000	  0.3810
394.5000	  0.3798
394.0000	  0.3793
393.5000	  0.3803
393.0000	  0.3787
392.5000	  0.3784
392.0000	  0.3783
391.5000	  0.3780
391.0000	  0.3790
390.5000	  0.3781
390.0000	  0.3782
389.5000	  0.3791
389.0000	  0.3782
388.5000	  0.3773
388.0000	  0.3787
387.5000	  0.3780
387.0000	  0.3784
386.5000	  0.3793
386.0000	  0.3773
385.5000	  0.3797
385.0000	  0.3787
384.5000	  0.3789
384.0000	  0.3787
383.5000	  0.3770
383.0000	  0.3788
382.5000	  0.3786
382.0000	  0.3786
381.5000	  0.3794
381.0000	  0.3773
380.5000	  0.3785
380.0000	  0.3788
379.5000	  0.3793
379.0000	  0.3784
378.5000	  0.3786
378.0000	  0.3783
377.5000	  0.3776
377.0000	  0.3782
376.5000	  0.3765
376.0000	  0.3781
375.5000	  0.3782
375.0000	  0.3783
374.5000	  0.3779
374.0000	  0.3783
373.5000	  0.3790
373.0000	  0.3768
372.5000	  0.3783
372.0000	  0.3765
371.5000	  0.3783
371.0000	  0.3759
370.5000	  0.3767
370.0000	  0.3774
369.5000	  0.3780
369.0000	  0.3765
368.5000	  0.3774
368.0000	  0.3767
367.5000	  0.3763
367.0000	  0.3761
366.5000	  0.3760
366.0000	  0.3747
365.5000	  0.3773
365.0000	  0.3751
364.5000	  0.3758
364.0000	  0.3769
363.5000	  0.3758
363.0000	  0.3759
362.5000	  0.3768
362.0000	  0.3765
361.5000	  0.3740
361.0000	  0.3753
360.5000	  0.3751
360.0000	  0.3773
359.5000	  0.3764
359.0000	  0.3736
358.5000	  0.3768
358.0000	  0.3761
357.5000	  0.3753
357.0000	  0.3745
356.5000	  0.3742
356.0000	  0.3737
355.5000	  0.3750
355.0000	  0.3753
354.5000	  0.3746
354.0000	  0.3734
353.5000	  0.3736
353.0000	  0.3732
352.5000	  0.3727
352.0000	  0.3715
351.5000	  0.3732
351.0000	  0.3725
350.5000	  0.3715
350.0000	  0.3718
349.5000	  0.3723
349.0000	  0.3697
348.5000	  0.3721
348.0000	  0.3706
347.5000	  0.3694
347.0000	  0.3713
346.5000	  0.3691
346.0000	  0.3694
345.5000	  0.3681
345.0000	  0.3687
344.5000	  0.3689
344.0000	  0.3698
343.5000	  0.3674
343.0000	  0.3689
342.5000	  0.3666
342.0000	  0.3654
341.5000	  0.3658
341.0000	  0.3651
340.5000	  0.3667
340.0000	  0.3643
339.5000	  0.3687
339.0000	  0.3665
338.5000	  0.3678
338.0000	  0.3660
337.5000	  0.3666
337.0000	  0.3657
336.5000	  0.3635
336.0000	  0.3654
335.5000	  0.3662
335.0000	  0.3642
334.5000	  0.3662
334.0000	  0.3617
333.5000	  0.3622
333.0000	  0.3598
332.5000	  0.3637
332.0000	  0.3631
331.5000	  0.3641
331.0000	  0.3622
330.5000	  0.3598
330.0000	  0.3601
329.5000	  0.3588
329.0000	  0.3589
328.5000	  0.3604
328.0000	  0.3590
327.5000	  0.3567
327.0000	  0.3586
326.5000	  0.3590
326.0000	  0.3582
325.5000	  0.3574
325.0000	  0.3532
324.5000	  0.3577
324.0000	  0.3555
323.5000	  0.3586
323.0000	  0.3577
322.5000	  0.3525
322.0000	  0.3553
321.5000	  0.3555
321.0000	  0.3574
320.5000	  0.3528
320.0000	  0.3549
319.5000	  0.3543
319.0000	  0.3540
318.5000	  0.3540
318.0000	  0.3559
317.5000	  0.3541
317.0000	  0.3503
316.5000	  0.3543
316.0000	  0.3587
315.5000	  0.3530
315.0000	  0.3526
314.5000	  0.3526
314.0000	  0.3558
313.5000	  0.3511
313.0000	  0.3574
312.5000	  0.3561
312.0000	  0.3489
311.5000	  0.3529
311.0000	  0.3544
310.5000	  0.3502
310.0000	  0.3510
309.5000	  0.3484
309.0000	  0.3496
308.5000	  0.3434
308.0000	  0.3521
307.5000	  0.3484
307.0000	  0.3464
306.5000	  0.3603
306.0000	  0.3509
305.5000	  0.3363
305.0000	  0.3514
304.5000	  0.3427
304.0000	  0.3389
303.5000	  0.3516
303.0000	  0.3558
302.5000	  0.3694
302.0000	  0.3600
301.5000	  0.3452
301.0000	  0.3247
300.5000	  0.3788
300.0000	  0.3316
299.5000	  0.3162
299.0000	  0.3658
298.5000	  0.3689
298.0000	  0.3420
297.5000	  0.3117
297.0000	  0.3933
296.5000	  0.3706
296.0000	  0.3593
295.5000	  0.4268
295.0000	  0.5307
294.5000	  0.2288
294.0000	  0.5985
293.5000	  0.3230
293.0000	  0.3471
292.5000	  0.0104
292.0000	  0.4472
291.5000	 -1.0402
291.0000	  0.7694
290.5000	 -1.7012
290.0000	  2.5239
289.5000	 -1.1466
289.0000	 -0.8719
288.5000	  1.4436
288.0000	 -0.4831
287.5000	  0.5285
287.0000	  2.4175
286.5000	 10.0537
286.0000	  0.6120
285.5000	 82.9914
285.0000	  1.4213
284.5000	  0.2372
284.0000	  0.4721
283.5000	  0.2422
283.0000	  1.0200
282.5000	  0.0049
282.0000	  0.2229
281.5000	-34.6297
281.0000	  7.6016
280.5000	  1.0150
280.0000	  0.9969
279.5000	  0.9000
279.0000	  0.4159
278.5000	  1.0147
278.0000	  1.2905
277.5000	  0.1601
277.0000	 -0.9384
276.5000	  3.0882
276.0000	  1.2581
275.5000	-43.6009
275.0000	  0.2540
274.5000	  0.5809
274.0000	  5.7716
273.5000	 -0.0800
273.0000	  6.0792
272.5000	  1.2826
272.0000	  0.6308
271.5000	  0.9785
271.0000	  2.5594
270.5000	 -0.4163
270.0000	  0.5252
269.5000	  1.8108
269.0000	  7.4560
268.5000	  0.9068
268.0000	  0.4844
267.5000	  0.5757
267.0000	  0.8865
266.5000	  1.1464
266.0000	  0.8160
265.5000	 -4.2964
265.0000	 -0.0435
264.5000	  1.7334
264.0000	 -5.7397
263.5000	-17.2297
263.0000	 -0.1466
262.5000	  0.8583
262.0000	  0.5008
261.5000	  0.6308
261.0000	 -0.1674
260.5000	  1.0796
260.0000	  0.8060
259.5000	 29.9449
259.0000	  0.3644
258.5000	  2.5463
258.0000	  0.1319
257.5000	  0.6430
257.0000	  0.3665
256.5000	  1.7537
256.0000	  1.2140
255.5000	 -0.2280
255.0000	  0.7313
254.5000	 -1.1469
254.0000	  0.8601
253.5000	  0.2377
253.0000	 -0.7263
252.5000	  1.4150
252.0000	 -1.6919
251.5000	 -0.3279
251.0000	 -1.7803
250.5000	  0.7348
250.0000	  0.0022
249.5000	 -0.5444
249.0000	 -5.1142
248.5000	  1.9058
248.0000	 -0.8426
247.5000	 -2.0327
247.0000	 -0.5683
246.5000	  0.7451
246.0000	  0.4495
245.5000	 -0.1805
245.0000	  0.1396
244.5000	  0.8194
244.0000	  2.8565
243.5000	  1.2266
243.0000	  0.3980
242.5000	 -0.3450
242.0000	  0.8870
241.5000	 -0.0141
241.0000	  2.4758
240.5000	  1.9721
240.0000	  0.6860
239.5000	  1.6911
239.0000	  1.4555
238.5000	  1.9549
238.0000	  0.0731
237.5000	 -5.7589
237.0000	 -1.6142
236.5000	  5.9912
236.0000	  1.3784
235.5000	  1.5307
235.0000	  2.5757
234.5000	 -8.8867
234.0000	 -1.8978
233.5000	 15.7889
233.0000	 -0.7402
232.5000	  1.1981
232.0000	  1.3636
231.5000	  0.2944
231.0000	 -1.7781
230.5000	  0.0759
230.0000	  0.9022
229.5000	  0.9887
229.0000	 30.0521
228.5000	 -0.0798
228.0000	  0.3929
227.5000	 -9.9512
227.0000	  0.4711
226.5000	  0.2803
226.0000	  1.5718
225.5000	  0.9753
225.0000	  0.1102
224.5000	 -1.0740
224.0000	 -2.7519
223.5000	  2.3471
223.0000	 11.0314
222.5000	  0.8558
222.0000	 -0.8405
221.5000	  1.3900
221.0000	  1.7086
220.5000	  0.5578
220.0000	 -1.7701
219.5000	  1.6609
219.0000	  1.0839
218.5000	  1.1861
218.0000	  1.0726
217.5000	 10.5702
217.0000	  2.0188
216.5000	  1.2792
216.0000	  0.8363
215.5000	  3.4419
215.0000	  7.3886
214.5000	  6.1298
214.0000	  0.2501
213.5000	  0.9639
213.0000	 -0.4317
212.5000	 -0.3773
212.0000	 -0.3906
211.5000	  1.6632
211.0000	-37.7344
210.5000	 -0.6243
210.0000	  3.3645
209.5000	  1.2974
209.0000	  0.8011
208.5000	 -4.1796
208.0000	  1.3962
207.5000	  0.6100
207.0000	  0.3612
206.5000	 -0.5734
206.0000	  2.7485
205.5000	 -0.1886
205.0000	 -0.1227
204.5000	 -1.9127
204.0000	  0.9514
203.5000	  2.1586
203.0000	  0.7928
202.5000	  1.6075
202.0000	 -0.0949
201.5000	 -0.2987
201.0000	 -0.1970
200.5000	 -0.4422
200.0000	  0.9710
