03/06/2024 11.13.36
03/06/2024 11.22.35

800.0000	100.0900

800.0000	100.0900

900.0000	101.0200



  1.0000
900.0000
  3.0000
340.0000
  1.0000
1401.0000
  5.0000
  6.0000
  1.0000
  1.0000
  0.0000
  0.0000
100.0000
  0.0000
  1.0000
  0.0000
500.0000
900.0000
200.0000
  4.0000
  1.0000
 18.0000
  2.0000
  1.0000
255.0000
  0.8061
  1.0000
 30.0000
  4.0000
500.0000
  0.0000
  0.0000
  4.0000
900.0000
200.0000
  0.0000
100.0000
  0.0000
  1.0000
  0.0000
500.0000
  1.0000
  1.0000
  1.0000
  1.0000
  4.0000
  0.0000
  1.0000
  1.0000
  1.0000
  1.0000
  1.0000
  2.0000
  1.0000
  1.0000
  1.0000
  3.0000
  1.0000
  1.0000
  1.0000
  4.0000
  5.0000
539.669
0.000
900.0000	  1.0099
899.5000	  0.9714
899.0000	  1.0248
898.5000	  1.0082
898.0000	  0.9729
897.5000	  1.0026
897.0000	  1.0180
896.5000	  1.0007
896.0000	  0.9867
895.5000	  0.9621
895.0000	  0.9798
894.5000	  1.0018
894.0000	  0.9580
893.5000	  0.9914
893.0000	  0.9838
892.5000	  0.9710
892.0000	  1.0343
891.5000	  0.9829
891.0000	  0.9850
890.5000	  0.9577
890.0000	  1.0121
889.5000	  0.9963
889.0000	  0.9837
888.5000	  0.9809
888.0000	  0.9870
887.5000	  0.9938
887.0000	  1.0206
886.5000	  1.0060
886.0000	  0.9992
885.5000	  0.9875
885.0000	  0.9967
884.5000	  1.0096
884.0000	  0.9855
883.5000	  0.9596
883.0000	  0.9809
882.5000	  0.9859
882.0000	  0.9964
881.5000	  0.9610
881.0000	  0.9759
880.5000	  0.9819
880.0000	  0.9816
879.5000	  0.9937
879.0000	  1.0005
878.5000	  0.9745
878.0000	  0.9997
877.5000	  1.0195
877.0000	  0.9945
876.5000	  0.9968
876.0000	  0.9735
875.5000	  0.9831
875.0000	  0.9915
874.5000	  0.9916
874.0000	  0.9926
873.5000	  0.9973
873.0000	  0.9932
872.5000	  0.9749
872.0000	  0.9809
871.5000	  0.9938
871.0000	  1.0005
870.5000	  0.9931
870.0000	  0.9963
869.5000	  1.0023
869.0000	  0.9948
868.5000	  0.9932
868.0000	  0.9936
867.5000	  0.9988
867.0000	  0.9997
866.5000	  0.9928
866.0000	  0.9967
865.5000	  0.9896
865.0000	  0.9963
864.5000	  0.9901
864.0000	  1.0062
863.5000	  0.9890
863.0000	  0.9929
862.5000	  0.9918
862.0000	  1.0026
861.5000	  1.0012
861.0000	  0.9980
860.5000	  1.0059
860.0000	  0.9977
859.5000	  1.0035
859.0000	  1.0064
858.5000	  1.0017
858.0000	  1.0043
857.5000	  1.0043
857.0000	  0.9960
856.5000	  1.0041
856.0000	  1.0056
855.5000	  1.0023
855.0000	  1.0082
854.5000	  1.0009
854.0000	  1.0045
853.5000	  1.0030
853.0000	  1.0058
852.5000	  1.0045
852.0000	  1.0082
851.5000	  1.0064
851.0000	  1.0056
850.5000	  1.0057
850.0000	  1.0083
849.5000	  1.0084
849.0000	  1.0083
848.5000	  1.0053
848.0000	  1.0106
847.5000	  1.0090
847.0000	  1.0105
846.5000	  1.0115
846.0000	  1.0101
845.5000	  1.0057
845.0000	  1.0070
844.5000	  1.0118
844.0000	  1.0079
843.5000	  1.0127
843.0000	  1.0108
842.5000	  1.0102
842.0000	  1.0117
841.5000	  1.0084
841.0000	  1.0108
840.5000	  1.0079
840.0000	  1.0102
839.5000	  1.0089
839.0000	  1.0077
838.5000	  1.0092
838.0000	  1.0108
837.5000	  1.0117
837.0000	  1.0115
836.5000	  1.0047
836.0000	  1.0103
835.5000	  1.0066
835.0000	  1.0055
834.5000	  1.0068
834.0000	  1.0089
833.5000	  1.0071
833.0000	  1.0092
832.5000	  1.0074
832.0000	  1.0045
831.5000	  1.0062
831.0000	  1.0055
830.5000	  1.0051
830.0000	  1.0083
829.5000	  1.0062
829.0000	  1.0054
828.5000	  1.0042
828.0000	  1.0070
827.5000	  1.0051
827.0000	  1.0036
826.5000	  1.0037
826.0000	  1.0042
825.5000	  1.0047
825.0000	  1.0037
824.5000	  1.0040
824.0000	  1.0026
823.5000	  1.0042
823.0000	  1.0043
822.5000	  1.0031
822.0000	  1.0021
821.5000	  1.0050
821.0000	  1.0014
820.5000	  1.0014
820.0000	  1.0034
819.5000	  1.0030
819.0000	  1.0038
818.5000	  1.0017
818.0000	  1.0024
817.5000	  1.0011
817.0000	  1.0009
816.5000	  1.0021
816.0000	  1.0027
815.5000	  1.0020
815.0000	  1.0035
814.5000	  1.0026
814.0000	  1.0013
813.5000	  1.0021
813.0000	  1.0013
812.5000	  1.0026
812.0000	  1.0011
811.5000	  1.0020
811.0000	  1.0023
810.5000	  1.0022
810.0000	  1.0016
809.5000	  1.0021
809.0000	  1.0001
808.5000	  1.0029
808.0000	  1.0042
807.5000	  1.0002
807.0000	  1.0026
806.5000	  1.0018
806.0000	  1.0017
805.5000	  1.0033
805.0000	  1.0031
804.5000	  1.0010
804.0000	  1.0018
803.5000	  1.0031
803.0000	  1.0028
802.5000	  1.0026
802.0000	  1.0035
801.5000	  1.0025
801.0000	  1.0036
800.5000	  1.0041
800.0000	  1.0025
799.5000	  1.0035
799.0000	  1.0014
798.5000	  1.0045
798.0000	  1.0034
797.5000	  1.0036
797.0000	  1.0036
796.5000	  1.0036
796.0000	  1.0027
795.5000	  1.0044
795.0000	  1.0055
794.5000	  1.0062
794.0000	  1.0043
793.5000	  1.0026
793.0000	  1.0039
792.5000	  1.0040
792.0000	  1.0048
791.5000	  1.0035
791.0000	  1.0055
790.5000	  1.0037
790.0000	  1.0032
789.5000	  1.0048
789.0000	  1.0058
788.5000	  1.0051
788.0000	  1.0039
787.5000	  1.0068
787.0000	  1.0058
786.5000	  1.0046
786.0000	  1.0054
785.5000	  1.0053
785.0000	  1.0074
784.5000	  1.0032
784.0000	  1.0056
783.5000	  1.0050
783.0000	  1.0039
782.5000	  1.0057
782.0000	  1.0068
781.5000	  1.0060
781.0000	  1.0054
780.5000	  1.0054
780.0000	  1.0047
779.5000	  1.0047
779.0000	  1.0058
778.5000	  1.0072
778.0000	  1.0072
777.5000	  1.0063
777.0000	  1.0071
776.5000	  1.0057
776.0000	  1.0076
775.5000	  1.0072
775.0000	  1.0071
774.5000	  1.0060
774.0000	  1.0063
773.5000	  1.0061
773.0000	  1.0062
772.5000	  1.0076
772.0000	  1.0077
771.5000	  1.0077
771.0000	  1.0077
770.5000	  1.0072
770.0000	  1.0082
769.5000	  1.0053
769.0000	  1.0072
768.5000	  1.0081
768.0000	  1.0078
767.5000	  1.0086
767.0000	  1.0082
766.5000	  1.0077
766.0000	  1.0075
765.5000	  1.0082
765.0000	  1.0074
764.5000	  1.0076
764.0000	  1.0076
763.5000	  1.0082
763.0000	  1.0081
762.5000	  1.0097
762.0000	  1.0106
761.5000	  1.0076
761.0000	  1.0088
760.5000	  1.0083
760.0000	  1.0096
759.5000	  1.0092
759.0000	  1.0091
758.5000	  1.0076
758.0000	  1.0088
757.5000	  1.0093
757.0000	  1.0090
756.5000	  1.0102
756.0000	  1.0075
755.5000	  1.0102
755.0000	  1.0066
754.5000	  1.0095
754.0000	  1.0090
753.5000	  1.0097
753.0000	  1.0084
752.5000	  1.0102
752.0000	  1.0104
751.5000	  1.0100
751.0000	  1.0093
750.5000	  1.0106
750.0000	  1.0098
749.5000	  1.0108
749.0000	  1.0105
748.5000	  1.0109
748.0000	  1.0097
747.5000	  1.0099
747.0000	  1.0111
746.5000	  1.0110
746.0000	  1.0105
745.5000	  1.0103
745.0000	  1.0104
744.5000	  1.0110
744.0000	  1.0106
743.5000	  1.0132
743.0000	  1.0128
742.5000	  1.0119
742.0000	  1.0115
741.5000	  1.0120
741.0000	  1.0117
740.5000	  1.0132
740.0000	  1.0118
739.5000	  1.0122
739.0000	  1.0135
738.5000	  1.0142
738.0000	  1.0148
737.5000	  1.0160
737.0000	  1.0168
736.5000	  1.0148
736.0000	  1.0150
735.5000	  1.0154
735.0000	  1.0166
734.5000	  1.0165
734.0000	  1.0172
733.5000	  1.0187
733.0000	  1.0197
732.5000	  1.0203
732.0000	  1.0206
731.5000	  1.0203
731.0000	  1.0206
730.5000	  1.0202
730.0000	  1.0223
729.5000	  1.0230
729.0000	  1.0239
728.5000	  1.0249
728.0000	  1.0267
727.5000	  1.0284
727.0000	  1.0287
726.5000	  1.0300
726.0000	  1.0312
725.5000	  1.0333
725.0000	  1.0360
724.5000	  1.0366
724.0000	  1.0379
723.5000	  1.0420
723.0000	  1.0452
722.5000	  1.0469
722.0000	  1.0510
721.5000	  1.0522
721.0000	  1.0570
720.5000	  1.0578
720.0000	  1.0612
719.5000	  1.0622
719.0000	  1.0657
718.5000	  1.0661
718.0000	  1.0670
717.5000	  1.0682
717.0000	  1.0668
716.5000	  1.0692
716.0000	  1.0644
715.5000	  1.0617
715.0000	  1.0584
714.5000	  1.0549
714.0000	  1.0528
713.5000	  1.0473
713.0000	  1.0434
712.5000	  1.0415
712.0000	  1.0371
711.5000	  1.0330
711.0000	  1.0299
710.5000	  1.0281
710.0000	  1.0251
709.5000	  1.0230
709.0000	  1.0216
708.5000	  1.0173
708.0000	  1.0174
707.5000	  1.0150
707.0000	  1.0155
706.5000	  1.0147
706.0000	  1.0138
705.5000	  1.0135
705.0000	  1.0146
704.5000	  1.0143
704.0000	  1.0138
703.5000	  1.0146
703.0000	  1.0139
702.5000	  1.0143
702.0000	  1.0152
701.5000	  1.0145
701.0000	  1.0139
700.5000	  1.0121
700.0000	  1.0150
699.5000	  1.0130
699.0000	  1.0128
698.5000	  1.0129
698.0000	  1.0119
697.5000	  1.0121
697.0000	  1.0123
696.5000	  1.0116
696.0000	  1.0128
695.5000	  1.0123
695.0000	  1.0120
694.5000	  1.0103
694.0000	  1.0123
693.5000	  1.0106
693.0000	  1.0112
692.5000	  1.0110
692.0000	  1.0106
691.5000	  1.0096
691.0000	  1.0099
690.5000	  1.0113
690.0000	  1.0093
689.5000	  1.0087
689.0000	  1.0080
688.5000	  1.0103
688.0000	  1.0086
687.5000	  1.0077
687.0000	  1.0066
686.5000	  1.0073
686.0000	  1.0073
685.5000	  1.0085
685.0000	  1.0090
684.5000	  1.0077
684.0000	  1.0083
683.5000	  1.0072
683.0000	  1.0074
682.5000	  1.0073
682.0000	  1.0062
681.5000	  1.0064
681.0000	  1.0058
680.5000	  1.0067
680.0000	  1.0064
679.5000	  1.0043
679.0000	  1.0063
678.5000	  1.0045
678.0000	  1.0053
677.5000	  1.0046
677.0000	  1.0047
676.5000	  1.0032
676.0000	  1.0054
675.5000	  1.0028
675.0000	  1.0036
674.5000	  1.0035
674.0000	  1.0021
673.5000	  1.0032
673.0000	  1.0019
672.5000	  1.0027
672.0000	  1.0030
671.5000	  1.0025
671.0000	  1.0004
670.5000	  1.0021
670.0000	  1.0011
669.5000	  1.0020
669.0000	  1.0006
668.5000	  1.0009
668.0000	  0.9995
667.5000	  1.0002
667.0000	  1.0007
666.5000	  0.9998
666.0000	  0.9984
665.5000	  0.9987
665.0000	  0.9987
664.5000	  0.9982
664.0000	  0.9979
663.5000	  0.9978
663.0000	  0.9975
662.5000	  0.9982
662.0000	  0.9968
661.5000	  0.9953
661.0000	  0.9966
660.5000	  0.9951
660.0000	  0.9952
659.5000	  0.9955
659.0000	  0.9945
658.5000	  0.9955
658.0000	  0.9926
657.5000	  0.9939
657.0000	  0.9935
656.5000	  0.9932
656.0000	  0.9940
655.5000	  0.9915
655.0000	  0.9923
654.5000	  0.9916
654.0000	  0.9913
653.5000	  0.9908
653.0000	  0.9896
652.5000	  0.9903
652.0000	  0.9884
651.5000	  0.9891
651.0000	  0.9889
650.5000	  0.9885
650.0000	  0.9869
649.5000	  0.9878
649.0000	  0.9857
648.5000	  0.9855
648.0000	  0.9858
647.5000	  0.9845
647.0000	  0.9845
646.5000	  0.9840
646.0000	  0.9822
645.5000	  0.9817
645.0000	  0.9818
644.5000	  0.9809
644.0000	  0.9805
643.5000	  0.9791
643.0000	  0.9800
642.5000	  0.9782
642.0000	  0.9770
641.5000	  0.9769
641.0000	  0.9766
640.5000	  0.9762
640.0000	  0.9758
639.5000	  0.9743
639.0000	  0.9728
638.5000	  0.9729
638.0000	  0.9710
637.5000	  0.9709
637.0000	  0.9692
636.5000	  0.9699
636.0000	  0.9666
635.5000	  0.9663
635.0000	  0.9656
634.5000	  0.9647
634.0000	  0.9632
633.5000	  0.9629
633.0000	  0.9617
632.5000	  0.9615
632.0000	  0.9605
631.5000	  0.9588
631.0000	  0.9595
630.5000	  0.9608
630.0000	  0.9604
629.5000	  0.9613
629.0000	  0.9614
628.5000	  0.9620
628.0000	  0.9623
627.5000	  0.9651
627.0000	  0.9665
626.5000	  0.9670
626.0000	  0.9685
625.5000	  0.9690
625.0000	  0.9716
624.5000	  0.9734
624.0000	  0.9744
623.5000	  0.9748
623.0000	  0.9765
622.5000	  0.9787
622.0000	  0.9799
621.5000	  0.9811
621.0000	  0.9806
620.5000	  0.9810
620.0000	  0.9806
619.5000	  0.9815
619.0000	  0.9816
618.5000	  0.9817
618.0000	  0.9794
617.5000	  0.9792
617.0000	  0.9781
616.5000	  0.9773
616.0000	  0.9754
615.5000	  0.9735
615.0000	  0.9735
614.5000	  0.9730
614.0000	  0.9718
613.5000	  0.9714
613.0000	  0.9694
612.5000	  0.9705
612.0000	  0.9684
611.5000	  0.9674
611.0000	  0.9678
610.5000	  0.9656
610.0000	  0.9652
609.5000	  0.9639
609.0000	  0.9631
608.5000	  0.9629
608.0000	  0.9608
607.5000	  0.9608
607.0000	  0.9583
606.5000	  0.9598
606.0000	  0.9592
605.5000	  0.9577
605.0000	  0.9556
604.5000	  0.9558
604.0000	  0.9548
603.5000	  0.9545
603.0000	  0.9535
602.5000	  0.9519
602.0000	  0.9507
601.5000	  0.9499
601.0000	  0.9492
600.5000	  0.9491
600.0000	  0.9468
599.5000	  0.9459
599.0000	  0.9448
598.5000	  0.9431
598.0000	  0.9410
597.5000	  0.9414
597.0000	  0.9401
596.5000	  0.9387
596.0000	  0.9382
595.5000	  0.9374
595.0000	  0.9349
594.5000	  0.9342
594.0000	  0.9340
593.5000	  0.9310
593.0000	  0.9311
592.5000	  0.9304
592.0000	  0.9263
591.5000	  0.9274
591.0000	  0.9254
590.5000	  0.9248
590.0000	  0.9232
589.5000	  0.9216
589.0000	  0.9203
588.5000	  0.9182
588.0000	  0.9170
587.5000	  0.9152
587.0000	  0.9139
586.5000	  0.9113
586.0000	  0.9106
585.5000	  0.9092
585.0000	  0.9083
584.5000	  0.9072
584.0000	  0.9034
583.5000	  0.9028
583.0000	  0.9012
582.5000	  0.9003
582.0000	  0.8995
581.5000	  0.8970
581.0000	  0.8951
580.5000	  0.8929
580.0000	  0.8913
579.5000	  0.8904
579.0000	  0.8887
578.5000	  0.8869
578.0000	  0.8837
577.5000	  0.8832
577.0000	  0.8806
576.5000	  0.8804
576.0000	  0.8764
575.5000	  0.8770
575.0000	  0.8739
574.5000	  0.8731
574.0000	  0.8705
573.5000	  0.8686
573.0000	  0.8674
572.5000	  0.8644
572.0000	  0.8622
571.5000	  0.8611
571.0000	  0.8590
570.5000	  0.8562
570.0000	  0.8545
569.5000	  0.8519
569.0000	  0.8498
568.5000	  0.8492
568.0000	  0.8456
567.5000	  0.8441
567.0000	  0.8440
566.5000	  0.8410
566.0000	  0.8393
565.5000	  0.8355
565.0000	  0.8342
564.5000	  0.8308
564.0000	  0.8304
563.5000	  0.8283
563.0000	  0.8247
562.5000	  0.8231
562.0000	  0.8216
561.5000	  0.8206
561.0000	  0.8182
560.5000	  0.8152
560.0000	  0.8117
559.5000	  0.8110
559.0000	  0.8088
558.5000	  0.8067
558.0000	  0.8051
557.5000	  0.8022
557.0000	  0.8007
556.5000	  0.7987
556.0000	  0.7965
555.5000	  0.7944
555.0000	  0.7927
554.5000	  0.7910
554.0000	  0.7886
553.5000	  0.7871
553.0000	  0.7861
552.5000	  0.7842
552.0000	  0.7809
551.5000	  0.7808
551.0000	  0.7781
550.5000	  0.7763
550.0000	  0.7752
549.5000	  0.7735
549.0000	  0.7715
548.5000	  0.7695
548.0000	  0.7690
547.5000	  0.7672
547.0000	  0.7654
546.5000	  0.7643
546.0000	  0.7635
545.5000	  0.7627
545.0000	  0.7604
544.5000	  0.7599
544.0000	  0.7587
543.5000	  0.7572
543.0000	  0.7565
542.5000	  0.7559
542.0000	  0.7547
541.5000	  0.7528
541.0000	  0.7539
540.5000	  0.7519
540.0000	  0.7514
539.5000	  0.7510
539.0000	  0.7503
538.5000	  0.7491
538.0000	  0.7481
537.5000	  0.7489
537.0000	  0.7474
536.5000	  0.7485
536.0000	  0.7473
535.5000	  0.7475
535.0000	  0.7473
534.5000	  0.7473
534.0000	  0.7478
533.5000	  0.7467
533.0000	  0.7470
532.5000	  0.7481
532.0000	  0.7478
531.5000	  0.7477
531.0000	  0.7482
530.5000	  0.7480
530.0000	  0.7491
529.5000	  0.7489
529.0000	  0.7505
528.5000	  0.7518
528.0000	  0.7513
527.5000	  0.7527
527.0000	  0.7532
526.5000	  0.7535
526.0000	  0.7547
525.5000	  0.7557
525.0000	  0.7568
524.5000	  0.7583
524.0000	  0.7589
523.5000	  0.7600
523.0000	  0.7620
522.5000	  0.7621
522.0000	  0.7634
521.5000	  0.7655
521.0000	  0.7668
520.5000	  0.7685
520.0000	  0.7704
519.5000	  0.7712
519.0000	  0.7742
518.5000	  0.7746
518.0000	  0.7765
517.5000	  0.7783
517.0000	  0.7784
516.5000	  0.7816
516.0000	  0.7825
515.5000	  0.7841
515.0000	  0.7858
514.5000	  0.7873
514.0000	  0.7895
513.5000	  0.7908
513.0000	  0.7933
512.5000	  0.7945
512.0000	  0.7966
511.5000	  0.7991
511.0000	  0.8006
510.5000	  0.8025
510.0000	  0.8048
509.5000	  0.8072
509.0000	  0.8096
508.5000	  0.8115
508.0000	  0.8135
507.5000	  0.8165
507.0000	  0.8193
506.5000	  0.8216
506.0000	  0.8226
505.5000	  0.8268
505.0000	  0.8285
504.5000	  0.8321
504.0000	  0.8360
503.5000	  0.8385
503.0000	  0.8416
502.5000	  0.8437
502.0000	  0.8483
501.5000	  0.8505
501.0000	  0.8531
500.5000	  0.8562
500.0000	  0.8598
499.5000	  0.8620
499.0000	  0.8647
498.5000	  0.8681
498.0000	  0.8701
497.5000	  0.8727
497.0000	  0.8750
496.5000	  0.8781
496.0000	  0.8811
495.5000	  0.8825
495.0000	  0.8842
494.5000	  0.8869
494.0000	  0.8886
493.5000	  0.8904
493.0000	  0.8931
492.5000	  0.8942
492.0000	  0.8969
491.5000	  0.8980
491.0000	  0.9012
490.5000	  0.9024
490.0000	  0.9038
489.5000	  0.9057
489.0000	  0.9071
488.5000	  0.9078
488.0000	  0.9093
487.5000	  0.9109
487.0000	  0.9122
486.5000	  0.9139
486.0000	  0.9139
485.5000	  0.9154
485.0000	  0.9182
484.5000	  0.9203
484.0000	  0.9198
483.5000	  0.9219
483.0000	  0.9235
482.5000	  0.9253
482.0000	  0.9265
481.5000	  0.9263
481.0000	  0.9282
480.5000	  0.9300
480.0000	  0.9329
479.5000	  0.9333
479.0000	  0.9338
478.5000	  0.9342
478.0000	  0.9361
477.5000	  0.9370
477.0000	  0.9391
476.5000	  0.9410
476.0000	  0.9413
475.5000	  0.9425
475.0000	  0.9445
474.5000	  0.9463
474.0000	  0.9467
473.5000	  0.9481
473.0000	  0.9489
472.5000	  0.9524
472.0000	  0.9522
471.5000	  0.9535
471.0000	  0.9552
470.5000	  0.9566
470.0000	  0.9600
469.5000	  0.9603
469.0000	  0.9623
468.5000	  0.9639
468.0000	  0.9640
467.5000	  0.9668
467.0000	  0.9682
466.5000	  0.9678
466.0000	  0.9722
465.5000	  0.9713
465.0000	  0.9731
464.5000	  0.9760
464.0000	  0.9769
463.5000	  0.9796
463.0000	  0.9802
462.5000	  0.9819
462.0000	  0.9834
461.5000	  0.9842
461.0000	  0.9865
460.5000	  0.9893
460.0000	  0.9901
459.5000	  0.9905
459.0000	  0.9924
458.5000	  0.9925
458.0000	  0.9933
457.5000	  0.9944
457.0000	  0.9961
456.5000	  0.9947
456.0000	  0.9944
455.5000	  0.9942
455.0000	  0.9936
454.5000	  0.9948
454.0000	  0.9932
453.5000	  0.9949
453.0000	  0.9915
452.5000	  0.9915
452.0000	  0.9906
451.5000	  0.9899
451.0000	  0.9882
450.5000	  0.9864
450.0000	  0.9851
449.5000	  0.9851
449.0000	  0.9821
448.5000	  0.9797
448.0000	  0.9782
447.5000	  0.9794
447.0000	  0.9769
446.5000	  0.9758
446.0000	  0.9751
445.5000	  0.9716
445.0000	  0.9741
444.5000	  0.9730
444.0000	  0.9714
443.5000	  0.9709
443.0000	  0.9703
442.5000	  0.9695
442.0000	  0.9673
441.5000	  0.9679
441.0000	  0.9667
440.5000	  0.9666
440.0000	  0.9678
439.5000	  0.9676
439.0000	  0.9667
438.5000	  0.9670
438.0000	  0.9672
437.5000	  0.9655
437.0000	  0.9664
436.5000	  0.9644
436.0000	  0.9662
435.5000	  0.9675
435.0000	  0.9654
434.5000	  0.9656
434.0000	  0.9659
433.5000	  0.9657
433.0000	  0.9665
432.5000	  0.9648
432.0000	  0.9649
431.5000	  0.9654
431.0000	  0.9653
430.5000	  0.9668
430.0000	  0.9667
429.5000	  0.9657
429.0000	  0.9663
428.5000	  0.9679
428.0000	  0.9670
427.5000	  0.9670
427.0000	  0.9667
426.5000	  0.9666
426.0000	  0.9693
425.5000	  0.9683
425.0000	  0.9712
424.5000	  0.9687
424.0000	  0.9678
423.5000	  0.9715
423.0000	  0.9712
422.5000	  0.9717
422.0000	  0.9704
421.5000	  0.9716
421.0000	  0.9720
420.5000	  0.9723
420.0000	  0.9712
419.5000	  0.9740
419.0000	  0.9733
418.5000	  0.9715
418.0000	  0.9747
417.5000	  0.9746
417.0000	  0.9748
416.5000	  0.9752
416.0000	  0.9754
415.5000	  0.9754
415.0000	  0.9742
414.5000	  0.9764
414.0000	  0.9744
413.5000	  0.9776
413.0000	  0.9787
412.5000	  0.9767
412.0000	  0.9774
411.5000	  0.9767
411.0000	  0.9781
410.5000	  0.9769
410.0000	  0.9796
409.5000	  0.9795
409.0000	  0.9797
408.5000	  0.9796
408.0000	  0.9783
407.5000	  0.9802
407.0000	  0.9781
406.5000	  0.9805
406.0000	  0.9792
405.5000	  0.9813
405.0000	  0.9790
404.5000	  0.9803
404.0000	  0.9812
403.5000	  0.9796
403.0000	  0.9805
402.5000	  0.9805
402.0000	  0.9818
401.5000	  0.9811
401.0000	  0.9806
400.5000	  0.9819
400.0000	  0.9828
399.5000	  0.9819
399.0000	  0.9810
398.5000	  0.9804
398.0000	  0.9847
397.5000	  0.9831
397.0000	  0.9804
396.5000	  0.9829
396.0000	  0.9817
395.5000	  0.9839
395.0000	  0.9854
394.5000	  0.9830
394.0000	  0.9846
393.5000	  0.9821
393.0000	  0.9863
392.5000	  0.9848
392.0000	  0.9853
391.5000	  0.9859
391.0000	  0.9858
390.5000	  0.9889
390.0000	  0.9869
389.5000	  0.9901
389.0000	  0.9885
388.5000	  0.9905
388.0000	  0.9920
387.5000	  0.9939
387.0000	  0.9956
386.5000	  0.9920
386.0000	  0.9930
385.5000	  0.9947
385.0000	  0.9971
384.5000	  0.9983
384.0000	  0.9975
383.5000	  0.9991
383.0000	  0.9975
382.5000	  1.0003
382.0000	  1.0020
381.5000	  1.0025
381.0000	  1.0016
380.5000	  1.0013
380.0000	  1.0018
379.5000	  1.0038
379.0000	  1.0027
378.5000	  1.0060
378.0000	  1.0060
377.5000	  1.0058
377.0000	  1.0076
376.5000	  1.0070
376.0000	  1.0079
375.5000	  1.0078
375.0000	  1.0097
374.5000	  1.0087
374.0000	  1.0094
373.5000	  1.0106
373.0000	  1.0077
372.5000	  1.0094
372.0000	  1.0090
371.5000	  1.0096
371.0000	  1.0124
370.5000	  1.0127
370.0000	  1.0096
369.5000	  1.0109
369.0000	  1.0135
368.5000	  1.0102
368.0000	  1.0145
367.5000	  1.0115
367.0000	  1.0139
366.5000	  1.0157
366.0000	  1.0129
365.5000	  1.0174
365.0000	  1.0148
364.5000	  1.0171
364.0000	  1.0200
363.5000	  1.0175
363.0000	  1.0196
362.5000	  1.0165
362.0000	  1.0232
361.5000	  1.0213
361.0000	  1.0208
360.5000	  1.0209
360.0000	  1.0247
359.5000	  1.0213
359.0000	  1.0216
358.5000	  1.0252
358.0000	  1.0240
357.5000	  1.0252
357.0000	  1.0263
356.5000	  1.0270
356.0000	  1.0268
355.5000	  1.0259
355.0000	  1.0288
354.5000	  1.0302
354.0000	  1.0265
353.5000	  1.0295
353.0000	  1.0285
352.5000	  1.0333
352.0000	  1.0302
351.5000	  1.0310
351.0000	  1.0305
350.5000	  1.0332
350.0000	  1.0321
349.5000	  1.0379
349.0000	  1.0366
348.5000	  1.0355
348.0000	  1.0371
347.5000	  1.0411
347.0000	  1.0372
346.5000	  1.0392
346.0000	  1.0429
345.5000	  1.0404
345.0000	  1.0445
344.5000	  1.0438
344.0000	  1.0458
343.5000	  1.0432
343.0000	  1.0420
342.5000	  1.0486
342.0000	  1.0439
341.5000	  1.0481
341.0000	  1.0440
340.5000	  1.0485
340.0000	  1.0470
339.5000	  1.0442
339.0000	  1.0603
338.5000	  1.0541
338.0000	  1.0572
337.5000	  1.0537
337.0000	  1.0561
336.5000	  1.0564
336.0000	  1.0508
335.5000	  1.0559
335.0000	  1.0598
334.5000	  1.0567
334.0000	  1.0560
333.5000	  1.0534
333.0000	  1.0608
332.5000	  1.0547
332.0000	  1.0586
331.5000	  1.0568
331.0000	  1.0586
330.5000	  1.0601
330.0000	  1.0662
329.5000	  1.0628
329.0000	  1.0582
328.5000	  1.0622
328.0000	  1.0621
327.5000	  1.0550
327.0000	  1.0578
326.5000	  1.0630
326.0000	  1.0658
325.5000	  1.0583
325.0000	  1.0654
324.5000	  1.0624
324.0000	  1.0593
323.5000	  1.0600
323.0000	  1.0492
322.5000	  1.0598
322.0000	  1.0448
321.5000	  1.0595
321.0000	  1.0483
320.5000	  1.0532
320.0000	  1.0466
319.5000	  1.0520
319.0000	  1.0463
318.5000	  1.0516
318.0000	  1.0502
317.5000	  1.0390
317.0000	  1.0372
316.5000	  1.0308
316.0000	  1.0283
315.5000	  1.0291
315.0000	  1.0197
314.5000	  1.0268
314.0000	  1.0261
313.5000	  1.0218
313.0000	  1.0109
312.5000	  1.0115
312.0000	  0.9996
311.5000	  0.9944
311.0000	  0.9888
310.5000	  0.9935
310.0000	  0.9985
309.5000	  0.9775
309.0000	  0.9758
308.5000	  0.9566
308.0000	  0.9493
307.5000	  0.9591
307.0000	  0.9346
306.5000	  0.9463
306.0000	  0.9423
305.5000	  0.9265
305.0000	  0.9253
304.5000	  0.9188
304.0000	  0.8828
303.5000	  0.8954
303.0000	  0.8869
302.5000	  0.8578
302.0000	  0.8571
301.5000	  0.8252
301.0000	  0.8180
300.5000	  0.7944
300.0000	  0.8102
299.5000	  0.8118
299.0000	  0.7807
298.5000	  0.8045
298.0000	  0.7277
297.5000	  0.6789
297.0000	  0.7208
296.5000	  0.7836
296.0000	  0.7904
295.5000	  1.1247
295.0000	  0.6538
294.5000	  0.6133
294.0000	  0.7878
293.5000	  0.6236
293.0000	  1.5944
292.5000	  0.4284
292.0000	  1.3941
291.5000	  0.9497
291.0000	  1.3732
290.5000	  0.7049
290.0000	  1.4653
289.5000	  0.9002
289.0000	  0.3161
288.5000	  0.9446
288.0000	  0.6019
287.5000	  2.1222
287.0000	  0.9399
286.5000	  1.0988
286.0000	  1.3002
285.5000	  0.5785
285.0000	  1.8857
284.5000	  1.7468
284.0000	  0.6924
283.5000	  4.5786
283.0000	  1.6902
282.5000	  3.4143
282.0000	  2.0290
281.5000	  0.9668
281.0000	 -1.0250
280.5000	  0.6647
280.0000	  2.9116
279.5000	  0.1060
279.0000	  0.7206
278.5000	  1.9002
278.0000	  3.3248
277.5000	  0.5738
277.0000	  2.2755
276.5000	  2.5069
276.0000	  0.9360
275.5000	  1.8803
275.0000	  0.9756
274.5000	  0.6622
274.0000	  2.8301
273.5000	 -1.4333
273.0000	  0.4852
272.5000	  1.4335
272.0000	  2.0718
271.5000	  0.6188
271.0000	  1.0515
270.5000	  0.7290
270.0000	  0.8846
269.5000	  1.5540
269.0000	  3.1989
268.5000	  1.6959
268.0000	  2.0241
267.5000	  2.6128
267.0000	  1.4426
266.5000	 12.3328
266.0000	  0.5182
265.5000	  1.0381
265.0000	  2.7142
264.5000	  3.0014
264.0000	  3.2907
263.5000	  0.3269
263.0000	  1.2554
262.5000	  0.9353
262.0000	 -0.0159
261.5000	  0.3145
261.0000	  1.4353
260.5000	  0.6660
260.0000	  1.0193
259.5000	 12.9251
259.0000	  0.6727
258.5000	  0.2575
258.0000	  6.4430
257.5000	  3.0029
257.0000	  1.2166
256.5000	  1.2006
256.0000	  0.9878
255.5000	  1.2489
255.0000	  1.2406
254.5000	  0.8909
254.0000	 -0.4513
253.5000	 19.2290
253.0000	  1.9056
252.5000	 -0.1468
252.0000	  1.6585
251.5000	 -1.9271
251.0000	 -0.1223
250.5000	  1.0590
250.0000	  1.1819
249.5000	  1.0112
249.0000	  1.4473
248.5000	  1.5579
248.0000	  1.5650
247.5000	  0.3038
247.0000	  3.0128
246.5000	  1.6090
246.0000	  0.8271
245.5000	  1.2310
245.0000	  1.7971
244.5000	  6.0353
244.0000	  1.4969
243.5000	  0.5183
243.0000	  4.4661
242.5000	  1.9447
242.0000	  2.2191
241.5000	-12.1992
241.0000	  0.7747
240.5000	  1.8929
240.0000	  1.3560
239.5000	  0.9545
239.0000	 10.5698
238.5000	  4.0848
238.0000	 -0.1236
237.5000	 -1.2904
237.0000	  1.3057
236.5000	  1.6615
236.0000	  6.0257
235.5000	  0.1764
235.0000	  0.2533
234.5000	  3.3392
234.0000	  1.6781
233.5000	  1.3606
233.0000	  1.1073
232.5000	 -0.4724
232.0000	  1.6143
231.5000	  3.7217
231.0000	 -5.0807
230.5000	  0.7624
230.0000	  0.9962
229.5000	  0.7219
229.0000	  1.3510
228.5000	  0.7724
228.0000	  0.2702
227.5000	 -0.1267
227.0000	  0.5201
226.5000	  5.1075
226.0000	  9.8065
225.5000	  1.2859
225.0000	  3.5502
224.5000	  0.7577
224.0000	 -0.1345
223.5000	  1.0966
223.0000	  0.7003
222.5000	  2.0343
222.0000	  1.1274
221.5000	  1.0349
221.0000	  2.8947
220.5000	  7.9628
220.0000	  0.3491
219.5000	 -0.2642
219.0000	 -1.4719
218.5000	  1.0794
218.0000	  0.8999
217.5000	  0.5291
217.0000	  1.4586
216.5000	  0.0414
216.0000	  1.2802
215.5000	  4.3747
215.0000	  1.9455
214.5000	 -0.4763
214.0000	  0.8488
213.5000	  1.4163
213.0000	  0.6869
212.5000	  1.1021
212.0000	  0.0322
211.5000	 -2.1624
211.0000	  0.3403
210.5000	  0.8984
210.0000	  2.4920
209.5000	  1.5336
209.0000	  2.5176
208.5000	  0.6203
208.0000	  1.6300
207.5000	  1.5673
207.0000	  0.5231
206.5000	 -3.2130
206.0000	  0.3012
205.5000	  7.5514
205.0000	 -0.3138
204.5000	 -1.0070
204.0000	 -0.1438
203.5000	  1.1065
203.0000	 -0.6073
202.5000	 -0.3128
202.0000	  0.6033
201.5000	  6.4510
201.0000	  1.3553
200.5000	 -1.4584
200.0000	  0.6962
