03/06/2024 14.46.28
03/06/2024 14.55.27

800.0000	 42.7100

800.0000	 42.7100

900.0000	 41.9300



  1.0000
900.0000
  3.0000
340.0000
  1.0000
1401.0000
  5.0000
  6.0000
  1.0000
  1.0000
  0.0000
  0.0000
100.0000
  0.0000
  1.0000
  0.0000
500.0000
900.0000
200.0000
  4.0000
  1.0000
 18.0000
  2.0000
  1.0000
255.0000
  0.8377
  1.0000
 30.0000
  4.0000
500.0000
  0.0000
  0.0000
  4.0000
900.0000
200.0000
  0.0000
100.0000
  0.0000
  1.0000
  0.0000
500.0000
  1.0000
  1.0000
  1.0000
  1.0000
  4.0000
  0.0000
  1.0000
  1.0000
  1.0000
  1.0000
  1.0000
  2.0000
  1.0000
  1.0000
  1.0000
  3.0000
  1.0000
  1.0000
  1.0000
  4.0000
  5.0000
539.726
0.000
900.0000	  0.4115
899.5000	  0.4132
899.0000	  0.4227
898.5000	  0.4046
898.0000	  0.4082
897.5000	  0.4097
897.0000	  0.4063
896.5000	  0.4233
896.0000	  0.4171
895.5000	  0.4226
895.0000	  0.4071
894.5000	  0.4352
894.0000	  0.4148
893.5000	  0.4024
893.0000	  0.4164
892.5000	  0.4143
892.0000	  0.4180
891.5000	  0.4112
891.0000	  0.4166
890.5000	  0.4127
890.0000	  0.4153
889.5000	  0.4125
889.0000	  0.4184
888.5000	  0.4158
888.0000	  0.4145
887.5000	  0.4158
887.0000	  0.4155
886.5000	  0.4179
886.0000	  0.4185
885.5000	  0.4188
885.0000	  0.4199
884.5000	  0.4160
884.0000	  0.4255
883.5000	  0.4133
883.0000	  0.4250
882.5000	  0.4150
882.0000	  0.4191
881.5000	  0.4171
881.0000	  0.4146
880.5000	  0.4172
880.0000	  0.4189
879.5000	  0.4211
879.0000	  0.4236
878.5000	  0.4195
878.0000	  0.4158
877.5000	  0.4245
877.0000	  0.4209
876.5000	  0.4222
876.0000	  0.4174
875.5000	  0.4157
875.0000	  0.4120
874.5000	  0.4223
874.0000	  0.4220
873.5000	  0.4198
873.0000	  0.4218
872.5000	  0.4230
872.0000	  0.4241
871.5000	  0.4216
871.0000	  0.4199
870.5000	  0.4224
870.0000	  0.4220
869.5000	  0.4268
869.0000	  0.4234
868.5000	  0.4200
868.0000	  0.4201
867.5000	  0.4220
867.0000	  0.4187
866.5000	  0.4253
866.0000	  0.4218
865.5000	  0.4270
865.0000	  0.4200
864.5000	  0.4206
864.0000	  0.4226
863.5000	  0.4256
863.0000	  0.4256
862.5000	  0.4249
862.0000	  0.4266
861.5000	  0.4296
861.0000	  0.4264
860.5000	  0.4298
860.0000	  0.4271
859.5000	  0.4230
859.0000	  0.4283
858.5000	  0.4258
858.0000	  0.4282
857.5000	  0.4249
857.0000	  0.4285
856.5000	  0.4290
856.0000	  0.4289
855.5000	  0.4297
855.0000	  0.4294
854.5000	  0.4289
854.0000	  0.4278
853.5000	  0.4300
853.0000	  0.4276
852.5000	  0.4286
852.0000	  0.4280
851.5000	  0.4280
851.0000	  0.4291
850.5000	  0.4288
850.0000	  0.4294
849.5000	  0.4302
849.0000	  0.4302
848.5000	  0.4297
848.0000	  0.4280
847.5000	  0.4283
847.0000	  0.4305
846.5000	  0.4280
846.0000	  0.4303
845.5000	  0.4287
845.0000	  0.4275
844.5000	  0.4299
844.0000	  0.4277
843.5000	  0.4269
843.0000	  0.4288
842.5000	  0.4287
842.0000	  0.4282
841.5000	  0.4285
841.0000	  0.4276
840.5000	  0.4278
840.0000	  0.4284
839.5000	  0.4275
839.0000	  0.4290
838.5000	  0.4273
838.0000	  0.4270
837.5000	  0.4272
837.0000	  0.4274
836.5000	  0.4286
836.0000	  0.4278
835.5000	  0.4264
835.0000	  0.4274
834.5000	  0.4276
834.0000	  0.4268
833.5000	  0.4261
833.0000	  0.4264
832.5000	  0.4278
832.0000	  0.4265
831.5000	  0.4257
831.0000	  0.4266
830.5000	  0.4264
830.0000	  0.4258
829.5000	  0.4260
829.0000	  0.4261
828.5000	  0.4259
828.0000	  0.4262
827.5000	  0.4261
827.0000	  0.4264
826.5000	  0.4247
826.0000	  0.4264
825.5000	  0.4251
825.0000	  0.4267
824.5000	  0.4256
824.0000	  0.4252
823.5000	  0.4266
823.0000	  0.4259
822.5000	  0.4246
822.0000	  0.4250
821.5000	  0.4259
821.0000	  0.4247
820.5000	  0.4256
820.0000	  0.4267
819.5000	  0.4265
819.0000	  0.4262
818.5000	  0.4261
818.0000	  0.4260
817.5000	  0.4265
817.0000	  0.4263
816.5000	  0.4274
816.0000	  0.4262
815.5000	  0.4265
815.0000	  0.4267
814.5000	  0.4263
814.0000	  0.4271
813.5000	  0.4271
813.0000	  0.4261
812.5000	  0.4270
812.0000	  0.4272
811.5000	  0.4260
811.0000	  0.4274
810.5000	  0.4270
810.0000	  0.4273
809.5000	  0.4267
809.0000	  0.4278
808.5000	  0.4274
808.0000	  0.4275
807.5000	  0.4269
807.0000	  0.4272
806.5000	  0.4286
806.0000	  0.4271
805.5000	  0.4280
805.0000	  0.4276
804.5000	  0.4268
804.0000	  0.4268
803.5000	  0.4285
803.0000	  0.4283
802.5000	  0.4288
802.0000	  0.4280
801.5000	  0.4289
801.0000	  0.4290
800.5000	  0.4290
800.0000	  0.4289
799.5000	  0.4290
799.0000	  0.4290
798.5000	  0.4284
798.0000	  0.4290
797.5000	  0.4288
797.0000	  0.4293
796.5000	  0.4287
796.0000	  0.4289
795.5000	  0.4283
795.0000	  0.4292
794.5000	  0.4294
794.0000	  0.4300
793.5000	  0.4303
793.0000	  0.4283
792.5000	  0.4307
792.0000	  0.4299
791.5000	  0.4291
791.0000	  0.4300
790.5000	  0.4292
790.0000	  0.4300
789.5000	  0.4300
789.0000	  0.4306
788.5000	  0.4309
788.0000	  0.4313
787.5000	  0.4298
787.0000	  0.4303
786.5000	  0.4315
786.0000	  0.4311
785.5000	  0.4323
785.0000	  0.4308
784.5000	  0.4313
784.0000	  0.4317
783.5000	  0.4314
783.0000	  0.4325
782.5000	  0.4305
782.0000	  0.4309
781.5000	  0.4313
781.0000	  0.4331
780.5000	  0.4326
780.0000	  0.4327
779.5000	  0.4319
779.0000	  0.4319
778.5000	  0.4329
778.0000	  0.4318
777.5000	  0.4337
777.0000	  0.4329
776.5000	  0.4316
776.0000	  0.4326
775.5000	  0.4331
775.0000	  0.4332
774.5000	  0.4335
774.0000	  0.4331
773.5000	  0.4329
773.0000	  0.4335
772.5000	  0.4340
772.0000	  0.4335
771.5000	  0.4345
771.0000	  0.4338
770.5000	  0.4342
770.0000	  0.4343
769.5000	  0.4345
769.0000	  0.4349
768.5000	  0.4340
768.0000	  0.4346
767.5000	  0.4352
767.0000	  0.4351
766.5000	  0.4349
766.0000	  0.4354
765.5000	  0.4350
765.0000	  0.4361
764.5000	  0.4349
764.0000	  0.4357
763.5000	  0.4362
763.0000	  0.4354
762.5000	  0.4359
762.0000	  0.4363
761.5000	  0.4363
761.0000	  0.4364
760.5000	  0.4368
760.0000	  0.4361
759.5000	  0.4369
759.0000	  0.4368
758.5000	  0.4368
758.0000	  0.4374
757.5000	  0.4376
757.0000	  0.4374
756.5000	  0.4369
756.0000	  0.4375
755.5000	  0.4376
755.0000	  0.4379
754.5000	  0.4375
754.0000	  0.4378
753.5000	  0.4378
753.0000	  0.4377
752.5000	  0.4380
752.0000	  0.4388
751.5000	  0.4388
751.0000	  0.4386
750.5000	  0.4397
750.0000	  0.4395
749.5000	  0.4384
749.0000	  0.4393
748.5000	  0.4397
748.0000	  0.4399
747.5000	  0.4401
747.0000	  0.4407
746.5000	  0.4405
746.0000	  0.4395
745.5000	  0.4405
745.0000	  0.4405
744.5000	  0.4414
744.0000	  0.4411
743.5000	  0.4410
743.0000	  0.4420
742.5000	  0.4420
742.0000	  0.4422
741.5000	  0.4426
741.0000	  0.4420
740.5000	  0.4423
740.0000	  0.4428
739.5000	  0.4427
739.0000	  0.4428
738.5000	  0.4437
738.0000	  0.4441
737.5000	  0.4441
737.0000	  0.4439
736.5000	  0.4450
736.0000	  0.4451
735.5000	  0.4448
735.0000	  0.4453
734.5000	  0.4456
734.0000	  0.4463
733.5000	  0.4469
733.0000	  0.4467
732.5000	  0.4469
732.0000	  0.4470
731.5000	  0.4484
731.0000	  0.4487
730.5000	  0.4489
730.0000	  0.4492
729.5000	  0.4503
729.0000	  0.4509
728.5000	  0.4506
728.0000	  0.4515
727.5000	  0.4523
727.0000	  0.4528
726.5000	  0.4538
726.0000	  0.4547
725.5000	  0.4566
725.0000	  0.4570
724.5000	  0.4575
724.0000	  0.4583
723.5000	  0.4588
723.0000	  0.4607
722.5000	  0.4632
722.0000	  0.4639
721.5000	  0.4653
721.0000	  0.4659
720.5000	  0.4692
720.0000	  0.4697
719.5000	  0.4707
719.0000	  0.4702
718.5000	  0.4729
718.0000	  0.4734
717.5000	  0.4731
717.0000	  0.4743
716.5000	  0.4731
716.0000	  0.4728
715.5000	  0.4725
715.0000	  0.4708
714.5000	  0.4692
714.0000	  0.4690
713.5000	  0.4665
713.0000	  0.4646
712.5000	  0.4643
712.0000	  0.4630
711.5000	  0.4614
711.0000	  0.4599
710.5000	  0.4595
710.0000	  0.4586
709.5000	  0.4571
709.0000	  0.4567
708.5000	  0.4558
708.0000	  0.4549
707.5000	  0.4546
707.0000	  0.4547
706.5000	  0.4548
706.0000	  0.4546
705.5000	  0.4542
705.0000	  0.4547
704.5000	  0.4551
704.0000	  0.4547
703.5000	  0.4553
703.0000	  0.4559
702.5000	  0.4549
702.0000	  0.4559
701.5000	  0.4564
701.0000	  0.4557
700.5000	  0.4567
700.0000	  0.4561
699.5000	  0.4562
699.0000	  0.4562
698.5000	  0.4568
698.0000	  0.4570
697.5000	  0.4571
697.0000	  0.4570
696.5000	  0.4574
696.0000	  0.4577
695.5000	  0.4577
695.0000	  0.4575
694.5000	  0.4579
694.0000	  0.4582
693.5000	  0.4578
693.0000	  0.4589
692.5000	  0.4589
692.0000	  0.4589
691.5000	  0.4586
691.0000	  0.4584
690.5000	  0.4594
690.0000	  0.4593
689.5000	  0.4603
689.0000	  0.4597
688.5000	  0.4605
688.0000	  0.4595
687.5000	  0.4607
687.0000	  0.4606
686.5000	  0.4604
686.0000	  0.4611
685.5000	  0.4611
685.0000	  0.4617
684.5000	  0.4621
684.0000	  0.4622
683.5000	  0.4617
683.0000	  0.4623
682.5000	  0.4626
682.0000	  0.4620
681.5000	  0.4631
681.0000	  0.4632
680.5000	  0.4626
680.0000	  0.4632
679.5000	  0.4637
679.0000	  0.4637
678.5000	  0.4638
678.0000	  0.4636
677.5000	  0.4637
677.0000	  0.4649
676.5000	  0.4651
676.0000	  0.4654
675.5000	  0.4650
675.0000	  0.4653
674.5000	  0.4659
674.0000	  0.4668
673.5000	  0.4662
673.0000	  0.4671
672.5000	  0.4659
672.0000	  0.4661
671.5000	  0.4669
671.0000	  0.4677
670.5000	  0.4672
670.0000	  0.4679
669.5000	  0.4677
669.0000	  0.4679
668.5000	  0.4680
668.0000	  0.4683
667.5000	  0.4692
667.0000	  0.4683
666.5000	  0.4697
666.0000	  0.4690
665.5000	  0.4699
665.0000	  0.4704
664.5000	  0.4706
664.0000	  0.4703
663.5000	  0.4710
663.0000	  0.4708
662.5000	  0.4716
662.0000	  0.4716
661.5000	  0.4719
661.0000	  0.4718
660.5000	  0.4723
660.0000	  0.4723
659.5000	  0.4723
659.0000	  0.4732
658.5000	  0.4725
658.0000	  0.4731
657.5000	  0.4734
657.0000	  0.4738
656.5000	  0.4742
656.0000	  0.4748
655.5000	  0.4745
655.0000	  0.4744
654.5000	  0.4747
654.0000	  0.4748
653.5000	  0.4755
653.0000	  0.4757
652.5000	  0.4762
652.0000	  0.4767
651.5000	  0.4763
651.0000	  0.4765
650.5000	  0.4773
650.0000	  0.4768
649.5000	  0.4776
649.0000	  0.4776
648.5000	  0.4775
648.0000	  0.4781
647.5000	  0.4783
647.0000	  0.4783
646.5000	  0.4794
646.0000	  0.4790
645.5000	  0.4795
645.0000	  0.4804
644.5000	  0.4797
644.0000	  0.4804
643.5000	  0.4801
643.0000	  0.4801
642.5000	  0.4811
642.0000	  0.4810
641.5000	  0.4807
641.0000	  0.4816
640.5000	  0.4815
640.0000	  0.4816
639.5000	  0.4822
639.0000	  0.4814
638.5000	  0.4824
638.0000	  0.4825
637.5000	  0.4823
637.0000	  0.4832
636.5000	  0.4830
636.0000	  0.4831
635.5000	  0.4828
635.0000	  0.4836
634.5000	  0.4839
634.0000	  0.4835
633.5000	  0.4837
633.0000	  0.4842
632.5000	  0.4842
632.0000	  0.4844
631.5000	  0.4850
631.0000	  0.4848
630.5000	  0.4860
630.0000	  0.4861
629.5000	  0.4864
629.0000	  0.4874
628.5000	  0.4876
628.0000	  0.4888
627.5000	  0.4897
627.0000	  0.4905
626.5000	  0.4904
626.0000	  0.4928
625.5000	  0.4929
625.0000	  0.4947
624.5000	  0.4954
624.0000	  0.4956
623.5000	  0.4978
623.0000	  0.4982
622.5000	  0.4991
622.0000	  0.4995
621.5000	  0.5012
621.0000	  0.5018
620.5000	  0.5025
620.0000	  0.5028
619.5000	  0.5043
619.0000	  0.5051
618.5000	  0.5052
618.0000	  0.5055
617.5000	  0.5054
617.0000	  0.5069
616.5000	  0.5061
616.0000	  0.5062
615.5000	  0.5062
615.0000	  0.5069
614.5000	  0.5070
614.0000	  0.5078
613.5000	  0.5075
613.0000	  0.5086
612.5000	  0.5094
612.0000	  0.5092
611.5000	  0.5098
611.0000	  0.5100
610.5000	  0.5105
610.0000	  0.5106
609.5000	  0.5116
609.0000	  0.5115
608.5000	  0.5127
608.0000	  0.5128
607.5000	  0.5127
607.0000	  0.5138
606.5000	  0.5140
606.0000	  0.5136
605.5000	  0.5143
605.0000	  0.5157
604.5000	  0.5157
604.0000	  0.5172
603.5000	  0.5168
603.0000	  0.5173
602.5000	  0.5181
602.0000	  0.5177
601.5000	  0.5186
601.0000	  0.5194
600.5000	  0.5197
600.0000	  0.5192
599.5000	  0.5203
599.0000	  0.5210
598.5000	  0.5226
598.0000	  0.5208
597.5000	  0.5219
597.0000	  0.5228
596.5000	  0.5232
596.0000	  0.5247
595.5000	  0.5242
595.0000	  0.5244
594.5000	  0.5258
594.0000	  0.5261
593.5000	  0.5267
593.0000	  0.5270
592.5000	  0.5270
592.0000	  0.5278
591.5000	  0.5281
591.0000	  0.5290
590.5000	  0.5293
590.0000	  0.5305
589.5000	  0.5306
589.0000	  0.5310
588.5000	  0.5316
588.0000	  0.5324
587.5000	  0.5340
587.0000	  0.5328
586.5000	  0.5330
586.0000	  0.5344
585.5000	  0.5343
585.0000	  0.5352
584.5000	  0.5365
584.0000	  0.5368
583.5000	  0.5368
583.0000	  0.5375
582.5000	  0.5384
582.0000	  0.5393
581.5000	  0.5383
581.0000	  0.5397
580.5000	  0.5400
580.0000	  0.5409
579.5000	  0.5410
579.0000	  0.5419
578.5000	  0.5417
578.0000	  0.5432
577.5000	  0.5433
577.0000	  0.5445
576.5000	  0.5452
576.0000	  0.5457
575.5000	  0.5449
575.0000	  0.5458
574.5000	  0.5473
574.0000	  0.5483
573.5000	  0.5478
573.0000	  0.5487
572.5000	  0.5490
572.0000	  0.5500
571.5000	  0.5507
571.0000	  0.5506
570.5000	  0.5518
570.0000	  0.5526
569.5000	  0.5535
569.0000	  0.5541
568.5000	  0.5544
568.0000	  0.5542
567.5000	  0.5557
567.0000	  0.5563
566.5000	  0.5563
566.0000	  0.5578
565.5000	  0.5584
565.0000	  0.5587
564.5000	  0.5594
564.0000	  0.5610
563.5000	  0.5607
563.0000	  0.5612
562.5000	  0.5624
562.0000	  0.5632
561.5000	  0.5638
561.0000	  0.5638
560.5000	  0.5652
560.0000	  0.5665
559.5000	  0.5670
559.0000	  0.5682
558.5000	  0.5684
558.0000	  0.5696
557.5000	  0.5710
557.0000	  0.5702
556.5000	  0.5713
556.0000	  0.5729
555.5000	  0.5732
555.0000	  0.5742
554.5000	  0.5742
554.0000	  0.5757
553.5000	  0.5762
553.0000	  0.5769
552.5000	  0.5775
552.0000	  0.5784
551.5000	  0.5798
551.0000	  0.5801
550.5000	  0.5810
550.0000	  0.5814
549.5000	  0.5826
549.0000	  0.5830
548.5000	  0.5836
548.0000	  0.5843
547.5000	  0.5857
547.0000	  0.5863
546.5000	  0.5858
546.0000	  0.5875
545.5000	  0.5881
545.0000	  0.5894
544.5000	  0.5903
544.0000	  0.5916
543.5000	  0.5909
543.0000	  0.5923
542.5000	  0.5936
542.0000	  0.5946
541.5000	  0.5960
541.0000	  0.5956
540.5000	  0.5967
540.0000	  0.5973
539.5000	  0.5985
539.0000	  0.5992
538.5000	  0.6001
538.0000	  0.6006
537.5000	  0.6016
537.0000	  0.6026
536.5000	  0.6037
536.0000	  0.6048
535.5000	  0.6046
535.0000	  0.6065
534.5000	  0.6073
534.0000	  0.6086
533.5000	  0.6093
533.0000	  0.6091
532.5000	  0.6110
532.0000	  0.6114
531.5000	  0.6123
531.0000	  0.6130
530.5000	  0.6137
530.0000	  0.6149
529.5000	  0.6161
529.0000	  0.6164
528.5000	  0.6179
528.0000	  0.6198
527.5000	  0.6192
527.0000	  0.6209
526.5000	  0.6213
526.0000	  0.6228
525.5000	  0.6245
525.0000	  0.6245
524.5000	  0.6254
524.0000	  0.6261
523.5000	  0.6273
523.0000	  0.6281
522.5000	  0.6292
522.0000	  0.6299
521.5000	  0.6312
521.0000	  0.6314
520.5000	  0.6319
520.0000	  0.6342
519.5000	  0.6336
519.0000	  0.6359
518.5000	  0.6359
518.0000	  0.6367
517.5000	  0.6382
517.0000	  0.6387
516.5000	  0.6387
516.0000	  0.6402
515.5000	  0.6408
515.0000	  0.6416
514.5000	  0.6434
514.0000	  0.6426
513.5000	  0.6446
513.0000	  0.6448
512.5000	  0.6452
512.0000	  0.6470
511.5000	  0.6476
511.0000	  0.6478
510.5000	  0.6495
510.0000	  0.6496
509.5000	  0.6501
509.0000	  0.6512
508.5000	  0.6514
508.0000	  0.6531
507.5000	  0.6534
507.0000	  0.6546
506.5000	  0.6563
506.0000	  0.6557
505.5000	  0.6578
505.0000	  0.6592
504.5000	  0.6596
504.0000	  0.6611
503.5000	  0.6622
503.0000	  0.6624
502.5000	  0.6644
502.0000	  0.6648
501.5000	  0.6663
501.0000	  0.6682
500.5000	  0.6670
500.0000	  0.6690
499.5000	  0.6695
499.0000	  0.6702
498.5000	  0.6721
498.0000	  0.6725
497.5000	  0.6728
497.0000	  0.6732
496.5000	  0.6745
496.0000	  0.6742
495.5000	  0.6757
495.0000	  0.6754
494.5000	  0.6767
494.0000	  0.6766
493.5000	  0.6771
493.0000	  0.6779
492.5000	  0.6770
492.0000	  0.6773
491.5000	  0.6776
491.0000	  0.6775
490.5000	  0.6784
490.0000	  0.6782
489.5000	  0.6766
489.0000	  0.6783
488.5000	  0.6776
488.0000	  0.6771
487.5000	  0.6771
487.0000	  0.6769
486.5000	  0.6768
486.0000	  0.6767
485.5000	  0.6763
485.0000	  0.6761
484.5000	  0.6754
484.0000	  0.6745
483.5000	  0.6754
483.0000	  0.6751
482.5000	  0.6745
482.0000	  0.6754
481.5000	  0.6736
481.0000	  0.6740
480.5000	  0.6735
480.0000	  0.6736
479.5000	  0.6738
479.0000	  0.6722
478.5000	  0.6718
478.0000	  0.6714
477.5000	  0.6718
477.0000	  0.6727
476.5000	  0.6714
476.0000	  0.6710
475.5000	  0.6710
475.0000	  0.6712
474.5000	  0.6706
474.0000	  0.6708
473.5000	  0.6689
473.0000	  0.6703
472.5000	  0.6697
472.0000	  0.6697
471.5000	  0.6700
471.0000	  0.6689
470.5000	  0.6694
470.0000	  0.6698
469.5000	  0.6689
469.0000	  0.6701
468.5000	  0.6695
468.0000	  0.6684
467.5000	  0.6691
467.0000	  0.6697
466.5000	  0.6705
466.0000	  0.6704
465.5000	  0.6702
465.0000	  0.6700
464.5000	  0.6694
464.0000	  0.6707
463.5000	  0.6715
463.0000	  0.6699
462.5000	  0.6713
462.0000	  0.6713
461.5000	  0.6714
461.0000	  0.6717
460.5000	  0.6714
460.0000	  0.6717
459.5000	  0.6708
459.0000	  0.6722
458.5000	  0.6735
458.0000	  0.6723
457.5000	  0.6715
457.0000	  0.6697
456.5000	  0.6707
456.0000	  0.6714
455.5000	  0.6701
455.0000	  0.6684
454.5000	  0.6672
454.0000	  0.6671
453.5000	  0.6677
453.0000	  0.6656
452.5000	  0.6638
452.0000	  0.6627
451.5000	  0.6627
451.0000	  0.6604
450.5000	  0.6603
450.0000	  0.6580
449.5000	  0.6559
449.0000	  0.6553
448.5000	  0.6529
448.0000	  0.6511
447.5000	  0.6504
447.0000	  0.6490
446.5000	  0.6467
446.0000	  0.6468
445.5000	  0.6449
445.0000	  0.6429
444.5000	  0.6421
444.0000	  0.6405
443.5000	  0.6406
443.0000	  0.6381
442.5000	  0.6376
442.0000	  0.6368
441.5000	  0.6348
441.0000	  0.6351
440.5000	  0.6332
440.0000	  0.6342
439.5000	  0.6328
439.0000	  0.6318
438.5000	  0.6298
438.0000	  0.6304
437.5000	  0.6292
437.0000	  0.6284
436.5000	  0.6281
436.0000	  0.6273
435.5000	  0.6270
435.0000	  0.6266
434.5000	  0.6263
434.0000	  0.6265
433.5000	  0.6243
433.0000	  0.6236
432.5000	  0.6242
432.0000	  0.6230
431.5000	  0.6238
431.0000	  0.6224
430.5000	  0.6215
430.0000	  0.6213
429.5000	  0.6205
429.0000	  0.6207
428.5000	  0.6203
428.0000	  0.6200
427.5000	  0.6196
427.0000	  0.6193
426.5000	  0.6191
426.0000	  0.6193
425.5000	  0.6179
425.0000	  0.6175
424.5000	  0.6168
424.0000	  0.6175
423.5000	  0.6174
423.0000	  0.6178
422.5000	  0.6161
422.0000	  0.6160
421.5000	  0.6176
421.0000	  0.6169
420.5000	  0.6173
420.0000	  0.6150
419.5000	  0.6154
419.0000	  0.6157
418.5000	  0.6164
418.0000	  0.6151
417.5000	  0.6150
417.0000	  0.6148
416.5000	  0.6143
416.0000	  0.6139
415.5000	  0.6147
415.0000	  0.6134
414.5000	  0.6143
414.0000	  0.6140
413.5000	  0.6129
413.0000	  0.6132
412.5000	  0.6134
412.0000	  0.6122
411.5000	  0.6134
411.0000	  0.6127
410.5000	  0.6120
410.0000	  0.6117
409.5000	  0.6107
409.0000	  0.6113
408.5000	  0.6112
408.0000	  0.6105
407.5000	  0.6114
407.0000	  0.6116
406.5000	  0.6098
406.0000	  0.6104
405.5000	  0.6095
405.0000	  0.6097
404.5000	  0.6091
404.0000	  0.6094
403.5000	  0.6090
403.0000	  0.6088
402.5000	  0.6093
402.0000	  0.6088
401.5000	  0.6087
401.0000	  0.6069
400.5000	  0.6073
400.0000	  0.6079
399.5000	  0.6072
399.0000	  0.6076
398.5000	  0.6081
398.0000	  0.6074
397.5000	  0.6065
397.0000	  0.6067
396.5000	  0.6068
396.0000	  0.6052
395.5000	  0.6065
395.0000	  0.6052
394.5000	  0.6074
394.0000	  0.6054
393.5000	  0.6057
393.0000	  0.6054
392.5000	  0.6046
392.0000	  0.6056
391.5000	  0.6057
391.0000	  0.6069
390.5000	  0.6069
390.0000	  0.6057
389.5000	  0.6038
389.0000	  0.6069
388.5000	  0.6083
388.0000	  0.6072
387.5000	  0.6064
387.0000	  0.6077
386.5000	  0.6075
386.0000	  0.6098
385.5000	  0.6087
385.0000	  0.6099
384.5000	  0.6091
384.0000	  0.6104
383.5000	  0.6097
383.0000	  0.6117
382.5000	  0.6111
382.0000	  0.6115
381.5000	  0.6122
381.0000	  0.6105
380.5000	  0.6123
380.0000	  0.6114
379.5000	  0.6116
379.0000	  0.6128
378.5000	  0.6132
378.0000	  0.6129
377.5000	  0.6133
377.0000	  0.6137
376.5000	  0.6145
376.0000	  0.6115
375.5000	  0.6132
375.0000	  0.6143
374.5000	  0.6115
374.0000	  0.6139
373.5000	  0.6126
373.0000	  0.6155
372.5000	  0.6144
372.0000	  0.6126
371.5000	  0.6122
371.0000	  0.6129
370.5000	  0.6135
370.0000	  0.6137
369.5000	  0.6142
369.0000	  0.6133
368.5000	  0.6138
368.0000	  0.6134
367.5000	  0.6137
367.0000	  0.6135
366.5000	  0.6133
366.0000	  0.6154
365.5000	  0.6134
365.0000	  0.6150
364.5000	  0.6151
364.0000	  0.6177
363.5000	  0.6154
363.0000	  0.6157
362.5000	  0.6149
362.0000	  0.6165
361.5000	  0.6173
361.0000	  0.6145
360.5000	  0.6162
360.0000	  0.6190
359.5000	  0.6162
359.0000	  0.6158
358.5000	  0.6166
358.0000	  0.6180
357.5000	  0.6174
357.0000	  0.6180
356.5000	  0.6172
356.0000	  0.6175
355.5000	  0.6179
355.0000	  0.6163
354.5000	  0.6207
354.0000	  0.6179
353.5000	  0.6188
353.0000	  0.6185
352.5000	  0.6175
352.0000	  0.6186
351.5000	  0.6195
351.0000	  0.6191
350.5000	  0.6193
350.0000	  0.6175
349.5000	  0.6196
349.0000	  0.6169
348.5000	  0.6192
348.0000	  0.6184
347.5000	  0.6205
347.0000	  0.6208
346.5000	  0.6173
346.0000	  0.6144
345.5000	  0.6200
345.0000	  0.6174
344.5000	  0.6164
344.0000	  0.6163
343.5000	  0.6166
343.0000	  0.6192
342.5000	  0.6177
342.0000	  0.6175
341.5000	  0.6175
341.0000	  0.6155
340.5000	  0.6160
340.0000	  0.6206
339.5000	  0.6245
339.0000	  0.6215
338.5000	  0.6245
338.0000	  0.6242
337.5000	  0.6209
337.0000	  0.6232
336.5000	  0.6222
336.0000	  0.6193
335.5000	  0.6190
335.0000	  0.6180
334.5000	  0.6209
334.0000	  0.6195
333.5000	  0.6186
333.0000	  0.6187
332.5000	  0.6168
332.0000	  0.6157
331.5000	  0.6172
331.0000	  0.6152
330.5000	  0.6179
330.0000	  0.6198
329.5000	  0.6162
329.0000	  0.6180
328.5000	  0.6165
328.0000	  0.6140
327.5000	  0.6137
327.0000	  0.6187
326.5000	  0.6166
326.0000	  0.6155
325.5000	  0.6177
325.0000	  0.6180
324.5000	  0.6150
324.0000	  0.6169
323.5000	  0.6152
323.0000	  0.6182
322.5000	  0.6115
322.0000	  0.6108
321.5000	  0.6131
321.0000	  0.6172
320.5000	  0.6115
320.0000	  0.6141
319.5000	  0.6156
319.0000	  0.6115
318.5000	  0.6076
318.0000	  0.6079
317.5000	  0.6150
317.0000	  0.6124
316.5000	  0.6082
316.0000	  0.6125
315.5000	  0.6145
315.0000	  0.6083
314.5000	  0.6126
314.0000	  0.6112
313.5000	  0.6102
313.0000	  0.6086
312.5000	  0.6142
312.0000	  0.6091
311.5000	  0.6049
311.0000	  0.6091
310.5000	  0.6047
310.0000	  0.6064
309.5000	  0.6073
309.0000	  0.6033
308.5000	  0.6015
308.0000	  0.6052
307.5000	  0.6032
307.0000	  0.6000
306.5000	  0.6004
306.0000	  0.6032
305.5000	  0.6013
305.0000	  0.5991
304.5000	  0.5980
304.0000	  0.5969
303.5000	  0.5999
303.0000	  0.5962
302.5000	  0.5979
302.0000	  0.5948
301.5000	  0.5951
301.0000	  0.6010
300.5000	  0.5945
300.0000	  0.5930
299.5000	  0.5888
299.0000	  0.5904
298.5000	  0.5901
298.0000	  0.5899
297.5000	  0.5916
297.0000	  0.5847
296.5000	  0.5879
296.0000	  0.5865
295.5000	  0.5862
295.0000	  0.5868
294.5000	  0.5868
294.0000	  0.5855
293.5000	  0.5821
293.0000	  0.5764
292.5000	  0.5794
292.0000	  0.5742
291.5000	  0.5759
291.0000	  0.5767
290.5000	  0.5850
290.0000	  0.5752
289.5000	  0.5752
289.0000	  0.5767
288.5000	  0.5799
288.0000	  0.5784
287.5000	  0.5727
287.0000	  0.5733
286.5000	  0.5779
286.0000	  0.5736
285.5000	  0.5702
285.0000	  0.5746
284.5000	  0.5636
284.0000	  0.5745
283.5000	  0.5639
283.0000	  0.5697
282.5000	  0.5646
282.0000	  0.5756
281.5000	  0.5697
281.0000	  0.5660
280.5000	  0.5646
280.0000	  0.5627
279.5000	  0.5604
279.0000	  0.5639
278.5000	  0.5590
278.0000	  0.5536
277.5000	  0.5580
277.0000	  0.5627
276.5000	  0.5515
276.0000	  0.5614
275.5000	  0.5521
275.0000	  0.5533
274.5000	  0.5556
274.0000	  0.5514
273.5000	  0.5546
273.0000	  0.5553
272.5000	  0.5475
272.0000	  0.5590
271.5000	  0.5523
271.0000	  0.5543
270.5000	  0.5626
270.0000	  0.5392
269.5000	  0.5502
269.0000	  0.5390
268.5000	  0.5431
268.0000	  0.5357
267.5000	  0.5469
267.0000	  0.5528
266.5000	  0.5498
266.0000	  0.5275
265.5000	  0.5319
265.0000	  0.5384
264.5000	  0.5392
264.0000	  0.5412
263.5000	  0.5252
263.0000	  0.5462
262.5000	  0.5353
262.0000	  0.5395
261.5000	  0.5425
261.0000	  0.5413
260.5000	  0.5410
260.0000	  0.5332
259.5000	  0.5263
259.0000	  0.5247
258.5000	  0.5412
258.0000	  0.5283
257.5000	  0.5322
257.0000	  0.5283
256.5000	  0.5351
256.0000	  0.5444
255.5000	  0.5358
255.0000	  0.5260
254.5000	  0.5091
254.0000	  0.5090
253.5000	  0.5188
253.0000	  0.5467
252.5000	  0.5152
252.0000	  0.5299
251.5000	  0.5656
251.0000	  0.5523
250.5000	  0.5101
250.0000	  0.5221
249.5000	  0.5189
249.0000	  0.5317
248.5000	  0.5349
248.0000	  0.5269
247.5000	  0.5432
247.0000	  0.5252
246.5000	  0.5318
246.0000	  0.5447
245.5000	  0.5415
245.0000	  0.5514
244.5000	  0.5296
244.0000	  0.5014
243.5000	  0.5738
243.0000	  0.5070
242.5000	  0.5048
242.0000	  0.5678
241.5000	  0.5575
241.0000	  0.5225
240.5000	  0.5501
240.0000	  0.5579
239.5000	  0.4472
239.0000	  0.5514
238.5000	  0.5338
238.0000	  0.5979
237.5000	  0.5234
237.0000	  0.5499
236.5000	  0.4921
236.0000	  0.5206
235.5000	  0.5758
235.0000	  0.5074
234.5000	  0.5287
234.0000	  0.4589
233.5000	  0.7153
233.0000	  0.6489
232.5000	  0.7043
232.0000	  0.4460
231.5000	  0.5886
231.0000	  0.7043
230.5000	  0.4113
230.0000	  0.6606
229.5000	  0.4344
229.0000	  0.6244
228.5000	  0.6270
228.0000	  0.4363
227.5000	  0.6520
227.0000	  0.5427
226.5000	  0.3397
226.0000	  0.4484
225.5000	  0.3660
225.0000	  0.6162
224.5000	  0.4614
224.0000	  0.7799
223.5000	  0.3813
223.0000	  0.7206
222.5000	  0.3382
222.0000	  0.1326
221.5000	  0.9351
221.0000	  0.6370
220.5000	  0.9152
220.0000	  0.3354
219.5000	  0.8412
219.0000	  0.2706
218.5000	  0.7611
218.0000	  0.9008
217.5000	  0.7357
217.0000	  0.3661
216.5000	 -0.4769
216.0000	  0.8905
215.5000	  1.0206
215.0000	  0.3289
214.5000	  1.0033
214.0000	  1.5905
213.5000	 -0.1787
213.0000	 -1.2653
212.5000	  8.6546
212.0000	  1.3636
211.5000	 -2.2353
211.0000	  1.5843
210.5000	  0.7627
210.0000	  0.5652
209.5000	 -7.8661
209.0000	  0.4002
208.5000	 -1.4030
208.0000	 61.1072
207.5000	  1.7073
207.0000	 -3.0817
206.5000	  1.6414
206.0000	  0.9070
205.5000	  1.7606
205.0000	 -7.9585
204.5000	 -0.0140
204.0000	  0.6356
203.5000	  0.8272
203.0000	  1.0690
202.5000	 -0.6846
202.0000	 -4.8604
201.5000	 -3.2045
201.0000	  2.2454
200.5000	  0.1728
200.0000	  1.4213
