03/06/2024 15.01.14
03/06/2024 15.10.14

800.0000	 45.4300

800.0000	 45.4300

900.0000	 43.5100



  1.0000
900.0000
  3.0000
340.0000
  1.0000
1401.0000
  5.0000
  6.0000
  1.0000
  1.0000
  0.0000
  0.0000
100.0000
  0.0000
  1.0000
  0.0000
500.0000
900.0000
200.0000
  4.0000
  1.0000
 18.0000
  2.0000
  1.0000
255.0000
  0.8379
  1.0000
 30.0000
  4.0000
500.0000
  0.0000
  0.0000
  4.0000
900.0000
200.0000
  0.0000
100.0000
  0.0000
  1.0000
  0.0000
500.0000
  1.0000
  1.0000
  1.0000
  1.0000
  4.0000
  0.0000
  1.0000
  1.0000
  1.0000
  1.0000
  1.0000
  2.0000
  1.0000
  1.0000
  1.0000
  3.0000
  1.0000
  1.0000
  1.0000
  4.0000
  5.0000
539.565
0.000
900.0000	  0.4188
899.5000	  0.4264
899.0000	  0.4396
898.5000	  0.4258
898.0000	  0.4342
897.5000	  0.4443
897.0000	  0.4367
896.5000	  0.4379
896.0000	  0.4425
895.5000	  0.4312
895.0000	  0.4191
894.5000	  0.4408
894.0000	  0.4149
893.5000	  0.4217
893.0000	  0.4318
892.5000	  0.4443
892.0000	  0.4282
891.5000	  0.4328
891.0000	  0.4209
890.5000	  0.4416
890.0000	  0.4286
889.5000	  0.4442
889.0000	  0.4330
888.5000	  0.4283
888.0000	  0.4271
887.5000	  0.4313
887.0000	  0.4355
886.5000	  0.4245
886.0000	  0.4361
885.5000	  0.4299
885.0000	  0.4376
884.5000	  0.4444
884.0000	  0.4248
883.5000	  0.4304
883.0000	  0.4256
882.5000	  0.4389
882.0000	  0.4466
881.5000	  0.4373
881.0000	  0.4369
880.5000	  0.4316
880.0000	  0.4307
879.5000	  0.4341
879.0000	  0.4368
878.5000	  0.4383
878.0000	  0.4438
877.5000	  0.4373
877.0000	  0.4389
876.5000	  0.4352
876.0000	  0.4389
875.5000	  0.4387
875.0000	  0.4404
874.5000	  0.4364
874.0000	  0.4314
873.5000	  0.4415
873.0000	  0.4382
872.5000	  0.4312
872.0000	  0.4342
871.5000	  0.4405
871.0000	  0.4359
870.5000	  0.4373
870.0000	  0.4406
869.5000	  0.4399
869.0000	  0.4379
868.5000	  0.4385
868.0000	  0.4351
867.5000	  0.4411
867.0000	  0.4402
866.5000	  0.4436
866.0000	  0.4384
865.5000	  0.4424
865.0000	  0.4377
864.5000	  0.4437
864.0000	  0.4424
863.5000	  0.4448
863.0000	  0.4440
862.5000	  0.4410
862.0000	  0.4483
861.5000	  0.4442
861.0000	  0.4431
860.5000	  0.4455
860.0000	  0.4409
859.5000	  0.4420
859.0000	  0.4447
858.5000	  0.4464
858.0000	  0.4434
857.5000	  0.4462
857.0000	  0.4431
856.5000	  0.4446
856.0000	  0.4462
855.5000	  0.4466
855.0000	  0.4452
854.5000	  0.4452
854.0000	  0.4442
853.5000	  0.4483
853.0000	  0.4482
852.5000	  0.4460
852.0000	  0.4469
851.5000	  0.4475
851.0000	  0.4471
850.5000	  0.4482
850.0000	  0.4473
849.5000	  0.4460
849.0000	  0.4479
848.5000	  0.4475
848.0000	  0.4477
847.5000	  0.4493
847.0000	  0.4485
846.5000	  0.4480
846.0000	  0.4483
845.5000	  0.4496
845.0000	  0.4479
844.5000	  0.4481
844.0000	  0.4486
843.5000	  0.4496
843.0000	  0.4507
842.5000	  0.4490
842.0000	  0.4501
841.5000	  0.4493
841.0000	  0.4487
840.5000	  0.4486
840.0000	  0.4489
839.5000	  0.4485
839.0000	  0.4494
838.5000	  0.4479
838.0000	  0.4490
837.5000	  0.4475
837.0000	  0.4489
836.5000	  0.4494
836.0000	  0.4484
835.5000	  0.4494
835.0000	  0.4478
834.5000	  0.4490
834.0000	  0.4467
833.5000	  0.4486
833.0000	  0.4483
832.5000	  0.4492
832.0000	  0.4487
831.5000	  0.4481
831.0000	  0.4490
830.5000	  0.4492
830.0000	  0.4495
829.5000	  0.4487
829.0000	  0.4487
828.5000	  0.4496
828.0000	  0.4490
827.5000	  0.4486
827.0000	  0.4493
826.5000	  0.4496
826.0000	  0.4492
825.5000	  0.4486
825.0000	  0.4499
824.5000	  0.4496
824.0000	  0.4490
823.5000	  0.4503
823.0000	  0.4500
822.5000	  0.4511
822.0000	  0.4487
821.5000	  0.4494
821.0000	  0.4501
820.5000	  0.4502
820.0000	  0.4497
819.5000	  0.4504
819.0000	  0.4505
818.5000	  0.4499
818.0000	  0.4503
817.5000	  0.4501
817.0000	  0.4510
816.5000	  0.4508
816.0000	  0.4515
815.5000	  0.4513
815.0000	  0.4512
814.5000	  0.4509
814.0000	  0.4514
813.5000	  0.4514
813.0000	  0.4519
812.5000	  0.4516
812.0000	  0.4508
811.5000	  0.4518
811.0000	  0.4518
810.5000	  0.4519
810.0000	  0.4533
809.5000	  0.4523
809.0000	  0.4527
808.5000	  0.4526
808.0000	  0.4533
807.5000	  0.4529
807.0000	  0.4535
806.5000	  0.4545
806.0000	  0.4519
805.5000	  0.4549
805.0000	  0.4538
804.5000	  0.4546
804.0000	  0.4549
803.5000	  0.4537
803.0000	  0.4550
802.5000	  0.4543
802.0000	  0.4547
801.5000	  0.4542
801.0000	  0.4545
800.5000	  0.4558
800.0000	  0.4547
799.5000	  0.4553
799.0000	  0.4552
798.5000	  0.4560
798.0000	  0.4558
797.5000	  0.4558
797.0000	  0.4572
796.5000	  0.4560
796.0000	  0.4573
795.5000	  0.4575
795.0000	  0.4570
794.5000	  0.4571
794.0000	  0.4568
793.5000	  0.4573
793.0000	  0.4573
792.5000	  0.4572
792.0000	  0.4581
791.5000	  0.4578
791.0000	  0.4573
790.5000	  0.4579
790.0000	  0.4582
789.5000	  0.4585
789.0000	  0.4582
788.5000	  0.4605
788.0000	  0.4602
787.5000	  0.4588
787.0000	  0.4588
786.5000	  0.4600
786.0000	  0.4596
785.5000	  0.4598
785.0000	  0.4601
784.5000	  0.4605
784.0000	  0.4604
783.5000	  0.4604
783.0000	  0.4617
782.5000	  0.4606
782.0000	  0.4604
781.5000	  0.4617
781.0000	  0.4611
780.5000	  0.4612
780.0000	  0.4622
779.5000	  0.4618
779.0000	  0.4625
778.5000	  0.4629
778.0000	  0.4629
777.5000	  0.4637
777.0000	  0.4618
776.5000	  0.4625
776.0000	  0.4632
775.5000	  0.4635
775.0000	  0.4634
774.5000	  0.4627
774.0000	  0.4639
773.5000	  0.4639
773.0000	  0.4638
772.5000	  0.4654
772.0000	  0.4637
771.5000	  0.4642
771.0000	  0.4645
770.5000	  0.4649
770.0000	  0.4655
769.5000	  0.4647
769.0000	  0.4649
768.5000	  0.4659
768.0000	  0.4660
767.5000	  0.4664
767.0000	  0.4662
766.5000	  0.4662
766.0000	  0.4667
765.5000	  0.4661
765.0000	  0.4665
764.5000	  0.4669
764.0000	  0.4675
763.5000	  0.4688
763.0000	  0.4675
762.5000	  0.4675
762.0000	  0.4680
761.5000	  0.4673
761.0000	  0.4682
760.5000	  0.4681
760.0000	  0.4684
759.5000	  0.4684
759.0000	  0.4686
758.5000	  0.4688
758.0000	  0.4689
757.5000	  0.4691
757.0000	  0.4692
756.5000	  0.4700
756.0000	  0.4701
755.5000	  0.4704
755.0000	  0.4705
754.5000	  0.4702
754.0000	  0.4700
753.5000	  0.4705
753.0000	  0.4709
752.5000	  0.4717
752.0000	  0.4709
751.5000	  0.4719
751.0000	  0.4708
750.5000	  0.4710
750.0000	  0.4725
749.5000	  0.4715
749.0000	  0.4723
748.5000	  0.4728
748.0000	  0.4725
747.5000	  0.4728
747.0000	  0.4735
746.5000	  0.4732
746.0000	  0.4737
745.5000	  0.4739
745.0000	  0.4733
744.5000	  0.4739
744.0000	  0.4745
743.5000	  0.4748
743.0000	  0.4738
742.5000	  0.4750
742.0000	  0.4756
741.5000	  0.4749
741.0000	  0.4770
740.5000	  0.4752
740.0000	  0.4766
739.5000	  0.4768
739.0000	  0.4764
738.5000	  0.4762
738.0000	  0.4767
737.5000	  0.4780
737.0000	  0.4778
736.5000	  0.4786
736.0000	  0.4780
735.5000	  0.4782
735.0000	  0.4792
734.5000	  0.4796
734.0000	  0.4798
733.5000	  0.4797
733.0000	  0.4806
732.5000	  0.4808
732.0000	  0.4813
731.5000	  0.4815
731.0000	  0.4822
730.5000	  0.4835
730.0000	  0.4824
729.5000	  0.4834
729.0000	  0.4844
728.5000	  0.4851
728.0000	  0.4857
727.5000	  0.4862
727.0000	  0.4867
726.5000	  0.4868
726.0000	  0.4885
725.5000	  0.4886
725.0000	  0.4912
724.5000	  0.4916
724.0000	  0.4927
723.5000	  0.4939
723.0000	  0.4947
722.5000	  0.4959
722.0000	  0.4961
721.5000	  0.4991
721.0000	  0.5011
720.5000	  0.5014
720.0000	  0.5036
719.5000	  0.5052
719.0000	  0.5064
718.5000	  0.5066
718.0000	  0.5085
717.5000	  0.5092
717.0000	  0.5084
716.5000	  0.5089
716.0000	  0.5079
715.5000	  0.5082
715.0000	  0.5066
714.5000	  0.5057
714.0000	  0.5031
713.5000	  0.5019
713.0000	  0.5020
712.5000	  0.4989
712.0000	  0.4988
711.5000	  0.4962
711.0000	  0.4955
710.5000	  0.4952
710.0000	  0.4931
709.5000	  0.4925
709.0000	  0.4912
708.5000	  0.4905
708.0000	  0.4905
707.5000	  0.4899
707.0000	  0.4897
706.5000	  0.4896
706.0000	  0.4892
705.5000	  0.4894
705.0000	  0.4901
704.5000	  0.4902
704.0000	  0.4907
703.5000	  0.4907
703.0000	  0.4901
702.5000	  0.4916
702.0000	  0.4915
701.5000	  0.4915
701.0000	  0.4908
700.5000	  0.4914
700.0000	  0.4912
699.5000	  0.4915
699.0000	  0.4911
698.5000	  0.4930
698.0000	  0.4918
697.5000	  0.4918
697.0000	  0.4932
696.5000	  0.4930
696.0000	  0.4932
695.5000	  0.4929
695.0000	  0.4927
694.5000	  0.4930
694.0000	  0.4940
693.5000	  0.4935
693.0000	  0.4939
692.5000	  0.4939
692.0000	  0.4938
691.5000	  0.4946
691.0000	  0.4937
690.5000	  0.4943
690.0000	  0.4943
689.5000	  0.4948
689.0000	  0.4956
688.5000	  0.4952
688.0000	  0.4954
687.5000	  0.4950
687.0000	  0.4956
686.5000	  0.4956
686.0000	  0.4959
685.5000	  0.4964
685.0000	  0.4960
684.5000	  0.4966
684.0000	  0.4964
683.5000	  0.4968
683.0000	  0.4959
682.5000	  0.4977
682.0000	  0.4971
681.5000	  0.4977
681.0000	  0.4981
680.5000	  0.4975
680.0000	  0.4977
679.5000	  0.4970
679.0000	  0.4976
678.5000	  0.4981
678.0000	  0.4982
677.5000	  0.4983
677.0000	  0.4981
676.5000	  0.4987
676.0000	  0.4996
675.5000	  0.4994
675.0000	  0.4986
674.5000	  0.4990
674.0000	  0.4991
673.5000	  0.4996
673.0000	  0.4999
672.5000	  0.5001
672.0000	  0.5003
671.5000	  0.4997
671.0000	  0.5009
670.5000	  0.5003
670.0000	  0.5004
669.5000	  0.5015
669.0000	  0.5006
668.5000	  0.5016
668.0000	  0.5016
667.5000	  0.5015
667.0000	  0.5023
666.5000	  0.5012
666.0000	  0.5023
665.5000	  0.5016
665.0000	  0.5020
664.5000	  0.5022
664.0000	  0.5023
663.5000	  0.5018
663.0000	  0.5016
662.5000	  0.5026
662.0000	  0.5028
661.5000	  0.5033
661.0000	  0.5030
660.5000	  0.5032
660.0000	  0.5034
659.5000	  0.5032
659.0000	  0.5042
658.5000	  0.5031
658.0000	  0.5041
657.5000	  0.5039
657.0000	  0.5042
656.5000	  0.5047
656.0000	  0.5035
655.5000	  0.5047
655.0000	  0.5039
654.5000	  0.5047
654.0000	  0.5048
653.5000	  0.5045
653.0000	  0.5042
652.5000	  0.5050
652.0000	  0.5051
651.5000	  0.5053
651.0000	  0.5055
650.5000	  0.5046
650.0000	  0.5050
649.5000	  0.5057
649.0000	  0.5054
648.5000	  0.5054
648.0000	  0.5054
647.5000	  0.5054
647.0000	  0.5057
646.5000	  0.5061
646.0000	  0.5060
645.5000	  0.5059
645.0000	  0.5050
644.5000	  0.5054
644.0000	  0.5058
643.5000	  0.5063
643.0000	  0.5065
642.5000	  0.5055
642.0000	  0.5060
641.5000	  0.5065
641.0000	  0.5059
640.5000	  0.5063
640.0000	  0.5059
639.5000	  0.5057
639.0000	  0.5060
638.5000	  0.5058
638.0000	  0.5055
637.5000	  0.5059
637.0000	  0.5051
636.5000	  0.5056
636.0000	  0.5058
635.5000	  0.5054
635.0000	  0.5055
634.5000	  0.5053
634.0000	  0.5059
633.5000	  0.5059
633.0000	  0.5056
632.5000	  0.5065
632.0000	  0.5061
631.5000	  0.5063
631.0000	  0.5067
630.5000	  0.5064
630.0000	  0.5074
629.5000	  0.5079
629.0000	  0.5082
628.5000	  0.5090
628.0000	  0.5097
627.5000	  0.5101
627.0000	  0.5121
626.5000	  0.5129
626.0000	  0.5139
625.5000	  0.5148
625.0000	  0.5157
624.5000	  0.5171
624.0000	  0.5174
623.5000	  0.5191
623.0000	  0.5199
622.5000	  0.5206
622.0000	  0.5216
621.5000	  0.5222
621.0000	  0.5235
620.5000	  0.5239
620.0000	  0.5236
619.5000	  0.5244
619.0000	  0.5258
618.5000	  0.5258
618.0000	  0.5251
617.5000	  0.5259
617.0000	  0.5249
616.5000	  0.5262
616.0000	  0.5248
615.5000	  0.5253
615.0000	  0.5256
614.5000	  0.5257
614.0000	  0.5259
613.5000	  0.5255
613.0000	  0.5256
612.5000	  0.5259
612.0000	  0.5253
611.5000	  0.5260
611.0000	  0.5267
610.5000	  0.5257
610.0000	  0.5264
609.5000	  0.5263
609.0000	  0.5266
608.5000	  0.5272
608.0000	  0.5266
607.5000	  0.5272
607.0000	  0.5263
606.5000	  0.5270
606.0000	  0.5280
605.5000	  0.5268
605.0000	  0.5284
604.5000	  0.5277
604.0000	  0.5285
603.5000	  0.5283
603.0000	  0.5285
602.5000	  0.5281
602.0000	  0.5286
601.5000	  0.5288
601.0000	  0.5294
600.5000	  0.5291
600.0000	  0.5289
599.5000	  0.5300
599.0000	  0.5305
598.5000	  0.5302
598.0000	  0.5307
597.5000	  0.5295
597.0000	  0.5306
596.5000	  0.5307
596.0000	  0.5305
595.5000	  0.5311
595.0000	  0.5308
594.5000	  0.5308
594.0000	  0.5312
593.5000	  0.5309
593.0000	  0.5323
592.5000	  0.5315
592.0000	  0.5314
591.5000	  0.5320
591.0000	  0.5327
590.5000	  0.5320
590.0000	  0.5330
589.5000	  0.5321
589.0000	  0.5331
588.5000	  0.5334
588.0000	  0.5331
587.5000	  0.5338
587.0000	  0.5333
586.5000	  0.5333
586.0000	  0.5341
585.5000	  0.5338
585.0000	  0.5346
584.5000	  0.5341
584.0000	  0.5344
583.5000	  0.5347
583.0000	  0.5355
582.5000	  0.5350
582.0000	  0.5357
581.5000	  0.5353
581.0000	  0.5359
580.5000	  0.5357
580.0000	  0.5355
579.5000	  0.5365
579.0000	  0.5356
578.5000	  0.5363
578.0000	  0.5366
577.5000	  0.5367
577.0000	  0.5373
576.5000	  0.5364
576.0000	  0.5365
575.5000	  0.5366
575.0000	  0.5371
574.5000	  0.5380
574.0000	  0.5379
573.5000	  0.5372
573.0000	  0.5383
572.5000	  0.5384
572.0000	  0.5381
571.5000	  0.5394
571.0000	  0.5380
570.5000	  0.5386
570.0000	  0.5392
569.5000	  0.5393
569.0000	  0.5397
568.5000	  0.5392
568.0000	  0.5401
567.5000	  0.5401
567.0000	  0.5405
566.5000	  0.5406
566.0000	  0.5401
565.5000	  0.5401
565.0000	  0.5412
564.5000	  0.5414
564.0000	  0.5414
563.5000	  0.5418
563.0000	  0.5418
562.5000	  0.5425
562.0000	  0.5421
561.5000	  0.5421
561.0000	  0.5431
560.5000	  0.5429
560.0000	  0.5442
559.5000	  0.5441
559.0000	  0.5449
558.5000	  0.5442
558.0000	  0.5455
557.5000	  0.5453
557.0000	  0.5458
556.5000	  0.5462
556.0000	  0.5463
555.5000	  0.5467
555.0000	  0.5460
554.5000	  0.5466
554.0000	  0.5473
553.5000	  0.5472
553.0000	  0.5478
552.5000	  0.5480
552.0000	  0.5483
551.5000	  0.5486
551.0000	  0.5486
550.5000	  0.5501
550.0000	  0.5491
549.5000	  0.5492
549.0000	  0.5506
548.5000	  0.5503
548.0000	  0.5508
547.5000	  0.5512
547.0000	  0.5511
546.5000	  0.5526
546.0000	  0.5523
545.5000	  0.5528
545.0000	  0.5535
544.5000	  0.5527
544.0000	  0.5531
543.5000	  0.5540
543.0000	  0.5550
542.5000	  0.5553
542.0000	  0.5552
541.5000	  0.5554
541.0000	  0.5563
540.5000	  0.5564
540.0000	  0.5572
539.5000	  0.5568
539.0000	  0.5578
538.5000	  0.5586
538.0000	  0.5594
537.5000	  0.5595
537.0000	  0.5598
536.5000	  0.5597
536.0000	  0.5609
535.5000	  0.5620
535.0000	  0.5616
534.5000	  0.5635
534.0000	  0.5624
533.5000	  0.5635
533.0000	  0.5641
532.5000	  0.5643
532.0000	  0.5655
531.5000	  0.5654
531.0000	  0.5658
530.5000	  0.5669
530.0000	  0.5676
529.5000	  0.5684
529.0000	  0.5690
528.5000	  0.5688
528.0000	  0.5708
527.5000	  0.5709
527.0000	  0.5711
526.5000	  0.5729
526.0000	  0.5728
525.5000	  0.5742
525.0000	  0.5747
524.5000	  0.5750
524.0000	  0.5763
523.5000	  0.5763
523.0000	  0.5776
522.5000	  0.5786
522.0000	  0.5790
521.5000	  0.5801
521.0000	  0.5811
520.5000	  0.5813
520.0000	  0.5825
519.5000	  0.5830
519.0000	  0.5839
518.5000	  0.5850
518.0000	  0.5850
517.5000	  0.5860
517.0000	  0.5871
516.5000	  0.5875
516.0000	  0.5887
515.5000	  0.5890
515.0000	  0.5899
514.5000	  0.5918
514.0000	  0.5918
513.5000	  0.5922
513.0000	  0.5932
512.5000	  0.5938
512.0000	  0.5954
511.5000	  0.5955
511.0000	  0.5963
510.5000	  0.5980
510.0000	  0.5977
509.5000	  0.5989
509.0000	  0.6007
508.5000	  0.6014
508.0000	  0.6029
507.5000	  0.6023
507.0000	  0.6042
506.5000	  0.6059
506.0000	  0.6071
505.5000	  0.6084
505.0000	  0.6096
504.5000	  0.6101
504.0000	  0.6118
503.5000	  0.6131
503.0000	  0.6132
502.5000	  0.6159
502.0000	  0.6157
501.5000	  0.6172
501.0000	  0.6194
500.5000	  0.6197
500.0000	  0.6212
499.5000	  0.6219
499.0000	  0.6224
498.5000	  0.6234
498.0000	  0.6240
497.5000	  0.6251
497.0000	  0.6253
496.5000	  0.6262
496.0000	  0.6268
495.5000	  0.6270
495.0000	  0.6276
494.5000	  0.6290
494.0000	  0.6280
493.5000	  0.6289
493.0000	  0.6295
492.5000	  0.6298
492.0000	  0.6295
491.5000	  0.6302
491.0000	  0.6302
490.5000	  0.6297
490.0000	  0.6293
489.5000	  0.6298
489.0000	  0.6291
488.5000	  0.6287
488.0000	  0.6291
487.5000	  0.6282
487.0000	  0.6278
486.5000	  0.6275
486.0000	  0.6275
485.5000	  0.6268
485.0000	  0.6262
484.5000	  0.6263
484.0000	  0.6262
483.5000	  0.6253
483.0000	  0.6246
482.5000	  0.6250
482.0000	  0.6240
481.5000	  0.6244
481.0000	  0.6231
480.5000	  0.6222
480.0000	  0.6214
479.5000	  0.6223
479.0000	  0.6220
478.5000	  0.6216
478.0000	  0.6197
477.5000	  0.6205
477.0000	  0.6196
476.5000	  0.6189
476.0000	  0.6202
475.5000	  0.6182
475.0000	  0.6190
474.5000	  0.6185
474.0000	  0.6181
473.5000	  0.6185
473.0000	  0.6172
472.5000	  0.6165
472.0000	  0.6165
471.5000	  0.6176
471.0000	  0.6156
470.5000	  0.6164
470.0000	  0.6154
469.5000	  0.6159
469.0000	  0.6160
468.5000	  0.6155
468.0000	  0.6155
467.5000	  0.6153
467.0000	  0.6148
466.5000	  0.6149
466.0000	  0.6159
465.5000	  0.6158
465.0000	  0.6148
464.5000	  0.6141
464.0000	  0.6155
463.5000	  0.6139
463.0000	  0.6148
462.5000	  0.6142
462.0000	  0.6149
461.5000	  0.6152
461.0000	  0.6139
460.5000	  0.6156
460.0000	  0.6140
459.5000	  0.6143
459.0000	  0.6151
458.5000	  0.6135
458.0000	  0.6140
457.5000	  0.6159
457.0000	  0.6138
456.5000	  0.6132
456.0000	  0.6140
455.5000	  0.6116
455.0000	  0.6125
454.5000	  0.6096
454.0000	  0.6103
453.5000	  0.6090
453.0000	  0.6076
452.5000	  0.6071
452.0000	  0.6048
451.5000	  0.6035
451.0000	  0.6027
450.5000	  0.6013
450.0000	  0.6012
449.5000	  0.5984
449.0000	  0.5950
448.5000	  0.5951
448.0000	  0.5926
447.5000	  0.5928
447.0000	  0.5897
446.5000	  0.5899
446.0000	  0.5872
445.5000	  0.5865
445.0000	  0.5853
444.5000	  0.5835
444.0000	  0.5816
443.5000	  0.5808
443.0000	  0.5803
442.5000	  0.5798
442.0000	  0.5785
441.5000	  0.5776
441.0000	  0.5757
440.5000	  0.5752
440.0000	  0.5752
439.5000	  0.5740
439.0000	  0.5721
438.5000	  0.5724
438.0000	  0.5717
437.5000	  0.5700
437.0000	  0.5707
436.5000	  0.5688
436.0000	  0.5687
435.5000	  0.5679
435.0000	  0.5672
434.5000	  0.5660
434.0000	  0.5653
433.5000	  0.5660
433.0000	  0.5649
432.5000	  0.5641
432.0000	  0.5640
431.5000	  0.5635
431.0000	  0.5631
430.5000	  0.5630
430.0000	  0.5615
429.5000	  0.5617
429.0000	  0.5599
428.5000	  0.5610
428.0000	  0.5602
427.5000	  0.5587
427.0000	  0.5596
426.5000	  0.5586
426.0000	  0.5568
425.5000	  0.5585
425.0000	  0.5587
424.5000	  0.5579
424.0000	  0.5562
423.5000	  0.5569
423.0000	  0.5557
422.5000	  0.5564
422.0000	  0.5558
421.5000	  0.5556
421.0000	  0.5551
420.5000	  0.5560
420.0000	  0.5546
419.5000	  0.5540
419.0000	  0.5553
418.5000	  0.5542
418.0000	  0.5543
417.5000	  0.5528
417.0000	  0.5533
416.5000	  0.5535
416.0000	  0.5526
415.5000	  0.5520
415.0000	  0.5534
414.5000	  0.5522
414.0000	  0.5521
413.5000	  0.5505
413.0000	  0.5516
412.5000	  0.5512
412.0000	  0.5501
411.5000	  0.5514
411.0000	  0.5497
410.5000	  0.5509
410.0000	  0.5507
409.5000	  0.5504
409.0000	  0.5492
408.5000	  0.5489
408.0000	  0.5490
407.5000	  0.5482
407.0000	  0.5486
406.5000	  0.5486
406.0000	  0.5478
405.5000	  0.5458
405.0000	  0.5466
404.5000	  0.5476
404.0000	  0.5475
403.5000	  0.5458
403.0000	  0.5452
402.5000	  0.5460
402.0000	  0.5467
401.5000	  0.5456
401.0000	  0.5458
400.5000	  0.5455
400.0000	  0.5446
399.5000	  0.5441
399.0000	  0.5436
398.5000	  0.5453
398.0000	  0.5422
397.5000	  0.5425
397.0000	  0.5426
396.5000	  0.5426
396.0000	  0.5438
395.5000	  0.5433
395.0000	  0.5426
394.5000	  0.5418
394.0000	  0.5416
393.5000	  0.5428
393.0000	  0.5429
392.5000	  0.5413
392.0000	  0.5420
391.5000	  0.5416
391.0000	  0.5419
390.5000	  0.5431
390.0000	  0.5417
389.5000	  0.5425
389.0000	  0.5433
388.5000	  0.5421
388.0000	  0.5431
387.5000	  0.5433
387.0000	  0.5432
386.5000	  0.5425
386.0000	  0.5447
385.5000	  0.5443
385.0000	  0.5438
384.5000	  0.5457
384.0000	  0.5451
383.5000	  0.5443
383.0000	  0.5463
382.5000	  0.5457
382.0000	  0.5462
381.5000	  0.5450
381.0000	  0.5455
380.5000	  0.5461
380.0000	  0.5470
379.5000	  0.5442
379.0000	  0.5471
378.5000	  0.5464
378.0000	  0.5459
377.5000	  0.5462
377.0000	  0.5458
376.5000	  0.5459
376.0000	  0.5461
375.5000	  0.5455
375.0000	  0.5453
374.5000	  0.5471
374.0000	  0.5462
373.5000	  0.5478
373.0000	  0.5454
372.5000	  0.5451
372.0000	  0.5466
371.5000	  0.5452
371.0000	  0.5473
370.5000	  0.5468
370.0000	  0.5464
369.5000	  0.5475
369.0000	  0.5475
368.5000	  0.5459
368.0000	  0.5478
367.5000	  0.5465
367.0000	  0.5477
366.5000	  0.5472
366.0000	  0.5466
365.5000	  0.5461
365.0000	  0.5468
364.5000	  0.5470
364.0000	  0.5455
363.5000	  0.5486
363.0000	  0.5467
362.5000	  0.5466
362.0000	  0.5477
361.5000	  0.5464
361.0000	  0.5471
360.5000	  0.5484
360.0000	  0.5490
359.5000	  0.5486
359.0000	  0.5465
358.5000	  0.5476
358.0000	  0.5490
357.5000	  0.5489
357.0000	  0.5480
356.5000	  0.5477
356.0000	  0.5469
355.5000	  0.5488
355.0000	  0.5467
354.5000	  0.5482
354.0000	  0.5469
353.5000	  0.5476
353.0000	  0.5478
352.5000	  0.5490
352.0000	  0.5490
351.5000	  0.5464
351.0000	  0.5476
350.5000	  0.5481
350.0000	  0.5493
349.5000	  0.5473
349.0000	  0.5475
348.5000	  0.5450
348.0000	  0.5466
347.5000	  0.5447
347.0000	  0.5433
346.5000	  0.5450
346.0000	  0.5441
345.5000	  0.5447
345.0000	  0.5463
344.5000	  0.5444
344.0000	  0.5436
343.5000	  0.5441
343.0000	  0.5425
342.5000	  0.5427
342.0000	  0.5438
341.5000	  0.5426
341.0000	  0.5429
340.5000	  0.5410
340.0000	  0.5400
339.5000	  0.5409
339.0000	  0.5433
338.5000	  0.5421
338.0000	  0.5457
337.5000	  0.5472
337.0000	  0.5424
336.5000	  0.5438
336.0000	  0.5430
335.5000	  0.5458
335.0000	  0.5446
334.5000	  0.5411
334.0000	  0.5399
333.5000	  0.5417
333.0000	  0.5408
332.5000	  0.5408
332.0000	  0.5428
331.5000	  0.5361
331.0000	  0.5422
330.5000	  0.5399
330.0000	  0.5366
329.5000	  0.5383
329.0000	  0.5378
328.5000	  0.5355
328.0000	  0.5357
327.5000	  0.5363
327.0000	  0.5347
326.5000	  0.5344
326.0000	  0.5390
325.5000	  0.5366
325.0000	  0.5309
324.5000	  0.5372
324.0000	  0.5359
323.5000	  0.5318
323.0000	  0.5338
322.5000	  0.5330
322.0000	  0.5276
321.5000	  0.5346
321.0000	  0.5310
320.5000	  0.5318
320.0000	  0.5305
319.5000	  0.5308
319.0000	  0.5299
318.5000	  0.5273
318.0000	  0.5302
317.5000	  0.5314
317.0000	  0.5292
316.5000	  0.5290
316.0000	  0.5352
315.5000	  0.5325
315.0000	  0.5285
314.5000	  0.5259
314.0000	  0.5244
313.5000	  0.5287
313.0000	  0.5304
312.5000	  0.5308
312.0000	  0.5250
311.5000	  0.5289
311.0000	  0.5259
310.5000	  0.5284
310.0000	  0.5249
309.5000	  0.5262
309.0000	  0.5234
308.5000	  0.5235
308.0000	  0.5264
307.5000	  0.5232
307.0000	  0.5240
306.5000	  0.5227
306.0000	  0.5244
305.5000	  0.5227
305.0000	  0.5163
304.5000	  0.5170
304.0000	  0.5170
303.5000	  0.5206
303.0000	  0.5220
302.5000	  0.5177
302.0000	  0.5166
301.5000	  0.5139
301.0000	  0.5211
300.5000	  0.5139
300.0000	  0.5160
299.5000	  0.5167
299.0000	  0.5121
298.5000	  0.5097
298.0000	  0.5129
297.5000	  0.5104
297.0000	  0.5119
296.5000	  0.5173
296.0000	  0.5087
295.5000	  0.5072
295.0000	  0.5077
294.5000	  0.5091
294.0000	  0.5106
293.5000	  0.5059
293.0000	  0.5065
292.5000	  0.5063
292.0000	  0.5023
291.5000	  0.5062
291.0000	  0.5053
290.5000	  0.5090
290.0000	  0.5064
289.5000	  0.5031
289.0000	  0.5020
288.5000	  0.5012
288.0000	  0.5007
287.5000	  0.4976
287.0000	  0.5041
286.5000	  0.5056
286.0000	  0.4996
285.5000	  0.4934
285.0000	  0.4979
284.5000	  0.5044
284.0000	  0.4945
283.5000	  0.4984
283.0000	  0.4928
282.5000	  0.4936
282.0000	  0.4960
281.5000	  0.4960
281.0000	  0.4960
280.5000	  0.4879
280.0000	  0.4897
279.5000	  0.4884
279.0000	  0.4850
278.5000	  0.4856
278.0000	  0.4907
277.5000	  0.4826
277.0000	  0.4926
276.5000	  0.4864
276.0000	  0.4926
275.5000	  0.4914
275.0000	  0.4799
274.5000	  0.4875
274.0000	  0.4888
273.5000	  0.4791
273.0000	  0.4903
272.5000	  0.4752
272.0000	  0.4689
271.5000	  0.4821
271.0000	  0.4754
270.5000	  0.4739
270.0000	  0.4841
269.5000	  0.4799
269.0000	  0.4901
268.5000	  0.4812
268.0000	  0.4821
267.5000	  0.4831
267.0000	  0.4794
266.5000	  0.4729
266.0000	  0.4864
265.5000	  0.4757
265.0000	  0.4868
264.5000	  0.4836
264.0000	  0.4687
263.5000	  0.4799
263.0000	  0.4798
262.5000	  0.4903
262.0000	  0.4870
261.5000	  0.4815
261.0000	  0.4838
260.5000	  0.4928
260.0000	  0.4863
259.5000	  0.4751
259.0000	  0.4776
258.5000	  0.4690
258.0000	  0.4741
257.5000	  0.4767
257.0000	  0.4907
256.5000	  0.4534
256.0000	  0.4702
255.5000	  0.4654
255.0000	  0.4727
254.5000	  0.4676
254.0000	  0.4609
253.5000	  0.4857
253.0000	  0.4659
252.5000	  0.4646
252.0000	  0.4548
251.5000	  0.4848
251.0000	  0.4754
250.5000	  0.4568
250.0000	  0.5004
249.5000	  0.4782
249.0000	  0.4980
248.5000	  0.4951
248.0000	  0.4805
247.5000	  0.4550
247.0000	  0.4554
246.5000	  0.5012
246.0000	  0.5274
245.5000	  0.4741
245.0000	  0.4818
244.5000	  0.4444
244.0000	  0.4553
243.5000	  0.4946
243.0000	  0.4768
242.5000	  0.4892
242.0000	  0.4390
241.5000	  0.4768
241.0000	  0.5391
240.5000	  0.5559
240.0000	  0.4769
239.5000	  0.4239
239.0000	  0.4984
238.5000	  0.4532
238.0000	  0.4867
237.5000	  0.5235
237.0000	  0.5343
236.5000	  0.5164
236.0000	  0.4538
235.5000	  0.5344
235.0000	  0.5806
234.5000	  0.6133
234.0000	  0.4736
233.5000	  0.4188
233.0000	  0.4634
232.5000	  0.4567
232.0000	  0.6415
231.5000	  0.6246
231.0000	  0.4072
230.5000	  0.5113
230.0000	  0.4507
229.5000	  0.4434
229.0000	  0.6247
228.5000	  0.4592
228.0000	  0.8129
227.5000	  0.5812
227.0000	  0.2923
226.5000	  0.4177
226.0000	  0.7114
225.5000	  0.4762
225.0000	  0.2201
224.5000	  0.5889
224.0000	  0.6036
223.5000	  0.6543
223.0000	 -0.1332
222.5000	  0.3489
222.0000	  0.2679
221.5000	 -0.1944
221.0000	  0.6111
220.5000	  0.5364
220.0000	  0.3641
219.5000	  0.8252
219.0000	  0.3498
218.5000	  1.0423
218.0000	  0.7996
217.5000	  0.6223
217.0000	  0.0537
216.5000	  0.8529
216.0000	  0.7987
215.5000	 -0.4179
215.0000	  0.9862
214.5000	  0.5565
214.0000	  0.2626
213.5000	 -0.0560
213.0000	  1.3386
212.5000	  1.0867
212.0000	  1.1660
211.5000	  0.4384
211.0000	  1.1272
210.5000	  0.9098
210.0000	 -0.2093
209.5000	 -6.0948
209.0000	 10.4428
208.5000	 -0.7760
208.0000	 -0.0325
207.5000	  0.3580
207.0000	  0.1166
206.5000	 -0.4098
206.0000	 -2.3169
205.5000	 -0.4489
205.0000	 -0.9506
204.5000	  9.5183
204.0000	  0.8879
203.5000	  1.5035
203.0000	  0.4137
202.5000	 -0.0098
202.0000	  3.5804
201.5000	  1.1213
201.0000	 -0.0602
200.5000	  1.1861
200.0000	  0.8998
