03/06/2024 15.14.29
03/06/2024 15.23.28

800.0000	 34.3500

800.0000	 34.3500

900.0000	 33.1100



  1.0000
900.0000
  3.0000
340.0000
  1.0000
1401.0000
  5.0000
  6.0000
  1.0000
  1.0000
  0.0000
  0.0000
100.0000
  0.0000
  1.0000
  0.0000
500.0000
900.0000
200.0000
  4.0000
  1.0000
 18.0000
  2.0000
  1.0000
255.0000
  0.8372
  1.0000
 30.0000
  4.0000
500.0000
  0.0000
  0.0000
  4.0000
900.0000
200.0000
  0.0000
100.0000
  0.0000
  1.0000
  0.0000
500.0000
  1.0000
  1.0000
  1.0000
  1.0000
  4.0000
  0.0000
  1.0000
  1.0000
  1.0000
  1.0000
  1.0000
  2.0000
  1.0000
  1.0000
  1.0000
  3.0000
  1.0000
  1.0000
  1.0000
  4.0000
  5.0000
539.643
0.000
900.0000	  0.3386
899.5000	  0.3423
899.0000	  0.3334
898.5000	  0.3531
898.0000	  0.3310
897.5000	  0.3397
897.0000	  0.3340
896.5000	  0.3385
896.0000	  0.3345
895.5000	  0.3428
895.0000	  0.3352
894.5000	  0.3365
894.0000	  0.3349
893.5000	  0.3372
893.0000	  0.3325
892.5000	  0.3325
892.0000	  0.3461
891.5000	  0.3287
891.0000	  0.3333
890.5000	  0.3307
890.0000	  0.3301
889.5000	  0.3296
889.0000	  0.3424
888.5000	  0.3311
888.0000	  0.3273
887.5000	  0.3349
887.0000	  0.3351
886.5000	  0.3320
886.0000	  0.3344
885.5000	  0.3286
885.0000	  0.3371
884.5000	  0.3384
884.0000	  0.3244
883.5000	  0.3357
883.0000	  0.3348
882.5000	  0.3370
882.0000	  0.3314
881.5000	  0.3346
881.0000	  0.3448
880.5000	  0.3397
880.0000	  0.3360
879.5000	  0.3328
879.0000	  0.3388
878.5000	  0.3342
878.0000	  0.3349
877.5000	  0.3392
877.0000	  0.3329
876.5000	  0.3346
876.0000	  0.3373
875.5000	  0.3336
875.0000	  0.3346
874.5000	  0.3369
874.0000	  0.3355
873.5000	  0.3315
873.0000	  0.3372
872.5000	  0.3387
872.0000	  0.3400
871.5000	  0.3379
871.0000	  0.3364
870.5000	  0.3397
870.0000	  0.3401
869.5000	  0.3375
869.0000	  0.3347
868.5000	  0.3361
868.0000	  0.3411
867.5000	  0.3398
867.0000	  0.3400
866.5000	  0.3423
866.0000	  0.3396
865.5000	  0.3376
865.0000	  0.3354
864.5000	  0.3408
864.0000	  0.3403
863.5000	  0.3409
863.0000	  0.3385
862.5000	  0.3399
862.0000	  0.3387
861.5000	  0.3393
861.0000	  0.3421
860.5000	  0.3415
860.0000	  0.3394
859.5000	  0.3401
859.0000	  0.3411
858.5000	  0.3410
858.0000	  0.3436
857.5000	  0.3401
857.0000	  0.3410
856.5000	  0.3422
856.0000	  0.3408
855.5000	  0.3421
855.0000	  0.3411
854.5000	  0.3436
854.0000	  0.3429
853.5000	  0.3422
853.0000	  0.3422
852.5000	  0.3418
852.0000	  0.3426
851.5000	  0.3433
851.0000	  0.3423
850.5000	  0.3409
850.0000	  0.3420
849.5000	  0.3429
849.0000	  0.3424
848.5000	  0.3432
848.0000	  0.3429
847.5000	  0.3430
847.0000	  0.3424
846.5000	  0.3430
846.0000	  0.3422
845.5000	  0.3442
845.0000	  0.3421
844.5000	  0.3420
844.0000	  0.3429
843.5000	  0.3418
843.0000	  0.3424
842.5000	  0.3415
842.0000	  0.3425
841.5000	  0.3420
841.0000	  0.3412
840.5000	  0.3421
840.0000	  0.3422
839.5000	  0.3417
839.0000	  0.3420
838.5000	  0.3422
838.0000	  0.3418
837.5000	  0.3424
837.0000	  0.3413
836.5000	  0.3422
836.0000	  0.3423
835.5000	  0.3419
835.0000	  0.3413
834.5000	  0.3414
834.0000	  0.3415
833.5000	  0.3417
833.0000	  0.3412
832.5000	  0.3418
832.0000	  0.3413
831.5000	  0.3416
831.0000	  0.3404
830.5000	  0.3414
830.0000	  0.3418
829.5000	  0.3403
829.0000	  0.3419
828.5000	  0.3412
828.0000	  0.3417
827.5000	  0.3410
827.0000	  0.3414
826.5000	  0.3408
826.0000	  0.3418
825.5000	  0.3405
825.0000	  0.3405
824.5000	  0.3418
824.0000	  0.3415
823.5000	  0.3416
823.0000	  0.3420
822.5000	  0.3414
822.0000	  0.3422
821.5000	  0.3419
821.0000	  0.3412
820.5000	  0.3412
820.0000	  0.3410
819.5000	  0.3417
819.0000	  0.3413
818.5000	  0.3413
818.0000	  0.3419
817.5000	  0.3417
817.0000	  0.3421
816.5000	  0.3420
816.0000	  0.3408
815.5000	  0.3411
815.0000	  0.3425
814.5000	  0.3423
814.0000	  0.3427
813.5000	  0.3416
813.0000	  0.3426
812.5000	  0.3419
812.0000	  0.3426
811.5000	  0.3415
811.0000	  0.3422
810.5000	  0.3419
810.0000	  0.3416
809.5000	  0.3424
809.0000	  0.3430
808.5000	  0.3427
808.0000	  0.3418
807.5000	  0.3427
807.0000	  0.3430
806.5000	  0.3427
806.0000	  0.3430
805.5000	  0.3432
805.0000	  0.3438
804.5000	  0.3430
804.0000	  0.3436
803.5000	  0.3435
803.0000	  0.3435
802.5000	  0.3436
802.0000	  0.3439
801.5000	  0.3433
801.0000	  0.3440
800.5000	  0.3437
800.0000	  0.3438
799.5000	  0.3448
799.0000	  0.3437
798.5000	  0.3440
798.0000	  0.3442
797.5000	  0.3440
797.0000	  0.3442
796.5000	  0.3447
796.0000	  0.3451
795.5000	  0.3456
795.0000	  0.3455
794.5000	  0.3452
794.0000	  0.3449
793.5000	  0.3455
793.0000	  0.3457
792.5000	  0.3457
792.0000	  0.3458
791.5000	  0.3461
791.0000	  0.3454
790.5000	  0.3463
790.0000	  0.3458
789.5000	  0.3459
789.0000	  0.3465
788.5000	  0.3459
788.0000	  0.3468
787.5000	  0.3470
787.0000	  0.3461
786.5000	  0.3456
786.0000	  0.3463
785.5000	  0.3463
785.0000	  0.3478
784.5000	  0.3468
784.0000	  0.3472
783.5000	  0.3478
783.0000	  0.3479
782.5000	  0.3476
782.0000	  0.3479
781.5000	  0.3476
781.0000	  0.3490
780.5000	  0.3483
780.0000	  0.3485
779.5000	  0.3488
779.0000	  0.3484
778.5000	  0.3489
778.0000	  0.3486
777.5000	  0.3491
777.0000	  0.3483
776.5000	  0.3493
776.0000	  0.3486
775.5000	  0.3488
775.0000	  0.3500
774.5000	  0.3494
774.0000	  0.3492
773.5000	  0.3498
773.0000	  0.3499
772.5000	  0.3502
772.0000	  0.3498
771.5000	  0.3502
771.0000	  0.3499
770.5000	  0.3497
770.0000	  0.3496
769.5000	  0.3509
769.0000	  0.3503
768.5000	  0.3506
768.0000	  0.3508
767.5000	  0.3512
767.0000	  0.3517
766.5000	  0.3504
766.0000	  0.3514
765.5000	  0.3513
765.0000	  0.3522
764.5000	  0.3519
764.0000	  0.3524
763.5000	  0.3525
763.0000	  0.3523
762.5000	  0.3529
762.0000	  0.3529
761.5000	  0.3530
761.0000	  0.3527
760.5000	  0.3534
760.0000	  0.3533
759.5000	  0.3534
759.0000	  0.3541
758.5000	  0.3532
758.0000	  0.3541
757.5000	  0.3542
757.0000	  0.3546
756.5000	  0.3546
756.0000	  0.3539
755.5000	  0.3554
755.0000	  0.3553
754.5000	  0.3551
754.0000	  0.3548
753.5000	  0.3555
753.0000	  0.3563
752.5000	  0.3561
752.0000	  0.3558
751.5000	  0.3556
751.0000	  0.3560
750.5000	  0.3567
750.0000	  0.3563
749.5000	  0.3567
749.0000	  0.3572
748.5000	  0.3574
748.0000	  0.3566
747.5000	  0.3580
747.0000	  0.3582
746.5000	  0.3572
746.0000	  0.3576
745.5000	  0.3582
745.0000	  0.3582
744.5000	  0.3588
744.0000	  0.3587
743.5000	  0.3594
743.0000	  0.3592
742.5000	  0.3599
742.0000	  0.3594
741.5000	  0.3591
741.0000	  0.3604
740.5000	  0.3593
740.0000	  0.3607
739.5000	  0.3612
739.0000	  0.3606
738.5000	  0.3614
738.0000	  0.3614
737.5000	  0.3617
737.0000	  0.3614
736.5000	  0.3620
736.0000	  0.3622
735.5000	  0.3625
735.0000	  0.3629
734.5000	  0.3635
734.0000	  0.3635
733.5000	  0.3648
733.0000	  0.3648
732.5000	  0.3643
732.0000	  0.3653
731.5000	  0.3657
731.0000	  0.3664
730.5000	  0.3667
730.0000	  0.3662
729.5000	  0.3672
729.0000	  0.3677
728.5000	  0.3678
728.0000	  0.3681
727.5000	  0.3687
727.0000	  0.3697
726.5000	  0.3702
726.0000	  0.3707
725.5000	  0.3718
725.0000	  0.3718
724.5000	  0.3727
724.0000	  0.3740
723.5000	  0.3744
723.0000	  0.3754
722.5000	  0.3759
722.0000	  0.3768
721.5000	  0.3786
721.0000	  0.3796
720.5000	  0.3805
720.0000	  0.3815
719.5000	  0.3819
719.0000	  0.3834
718.5000	  0.3844
718.0000	  0.3859
717.5000	  0.3859
717.0000	  0.3862
716.5000	  0.3865
716.0000	  0.3864
715.5000	  0.3861
715.0000	  0.3854
714.5000	  0.3843
714.0000	  0.3837
713.5000	  0.3827
713.0000	  0.3825
712.5000	  0.3814
712.0000	  0.3812
711.5000	  0.3798
711.0000	  0.3796
710.5000	  0.3788
710.0000	  0.3788
709.5000	  0.3779
709.0000	  0.3772
708.5000	  0.3780
708.0000	  0.3771
707.5000	  0.3764
707.0000	  0.3765
706.5000	  0.3762
706.0000	  0.3779
705.5000	  0.3773
705.0000	  0.3778
704.5000	  0.3783
704.0000	  0.3774
703.5000	  0.3779
703.0000	  0.3788
702.5000	  0.3789
702.0000	  0.3797
701.5000	  0.3796
701.0000	  0.3799
700.5000	  0.3802
700.0000	  0.3806
699.5000	  0.3803
699.0000	  0.3811
698.5000	  0.3815
698.0000	  0.3809
697.5000	  0.3821
697.0000	  0.3816
696.5000	  0.3829
696.0000	  0.3826
695.5000	  0.3828
695.0000	  0.3829
694.5000	  0.3835
694.0000	  0.3839
693.5000	  0.3834
693.0000	  0.3849
692.5000	  0.3844
692.0000	  0.3846
691.5000	  0.3857
691.0000	  0.3864
690.5000	  0.3858
690.0000	  0.3866
689.5000	  0.3872
689.0000	  0.3875
688.5000	  0.3876
688.0000	  0.3879
687.5000	  0.3881
687.0000	  0.3888
686.5000	  0.3884
686.0000	  0.3891
685.5000	  0.3895
685.0000	  0.3901
684.5000	  0.3902
684.0000	  0.3906
683.5000	  0.3915
683.0000	  0.3912
682.5000	  0.3914
682.0000	  0.3920
681.5000	  0.3930
681.0000	  0.3926
680.5000	  0.3934
680.0000	  0.3933
679.5000	  0.3936
679.0000	  0.3938
678.5000	  0.3943
678.0000	  0.3951
677.5000	  0.3954
677.0000	  0.3951
676.5000	  0.3959
676.0000	  0.3965
675.5000	  0.3971
675.0000	  0.3973
674.5000	  0.3973
674.0000	  0.3976
673.5000	  0.3981
673.0000	  0.3988
672.5000	  0.4001
672.0000	  0.3997
671.5000	  0.4002
671.0000	  0.4005
670.5000	  0.4012
670.0000	  0.4015
669.5000	  0.4015
669.0000	  0.4023
668.5000	  0.4032
668.0000	  0.4033
667.5000	  0.4038
667.0000	  0.4036
666.5000	  0.4047
666.0000	  0.4052
665.5000	  0.4044
665.0000	  0.4055
664.5000	  0.4060
664.0000	  0.4061
663.5000	  0.4068
663.0000	  0.4075
662.5000	  0.4081
662.0000	  0.4082
661.5000	  0.4091
661.0000	  0.4089
660.5000	  0.4095
660.0000	  0.4096
659.5000	  0.4110
659.0000	  0.4099
658.5000	  0.4110
658.0000	  0.4112
657.5000	  0.4123
657.0000	  0.4130
656.5000	  0.4126
656.0000	  0.4133
655.5000	  0.4140
655.0000	  0.4141
654.5000	  0.4147
654.0000	  0.4149
653.5000	  0.4154
653.0000	  0.4160
652.5000	  0.4163
652.0000	  0.4167
651.5000	  0.4179
651.0000	  0.4180
650.5000	  0.4185
650.0000	  0.4185
649.5000	  0.4187
649.0000	  0.4205
648.5000	  0.4201
648.0000	  0.4208
647.5000	  0.4220
647.0000	  0.4219
646.5000	  0.4219
646.0000	  0.4226
645.5000	  0.4230
645.0000	  0.4231
644.5000	  0.4237
644.0000	  0.4250
643.5000	  0.4252
643.0000	  0.4249
642.5000	  0.4256
642.0000	  0.4266
641.5000	  0.4266
641.0000	  0.4276
640.5000	  0.4272
640.0000	  0.4283
639.5000	  0.4279
639.0000	  0.4290
638.5000	  0.4300
638.0000	  0.4295
637.5000	  0.4300
637.0000	  0.4307
636.5000	  0.4314
636.0000	  0.4317
635.5000	  0.4321
635.0000	  0.4320
634.5000	  0.4330
634.0000	  0.4332
633.5000	  0.4336
633.0000	  0.4347
632.5000	  0.4348
632.0000	  0.4361
631.5000	  0.4361
631.0000	  0.4368
630.5000	  0.4376
630.0000	  0.4380
629.5000	  0.4394
629.0000	  0.4402
628.5000	  0.4409
628.0000	  0.4420
627.5000	  0.4433
627.0000	  0.4437
626.5000	  0.4450
626.0000	  0.4467
625.5000	  0.4474
625.0000	  0.4495
624.5000	  0.4500
624.0000	  0.4516
623.5000	  0.4523
623.0000	  0.4533
622.5000	  0.4543
622.0000	  0.4555
621.5000	  0.4569
621.0000	  0.4574
620.5000	  0.4589
620.0000	  0.4599
619.5000	  0.4612
619.0000	  0.4614
618.5000	  0.4625
618.0000	  0.4633
617.5000	  0.4640
617.0000	  0.4651
616.5000	  0.4650
616.0000	  0.4655
615.5000	  0.4655
615.0000	  0.4666
614.5000	  0.4675
614.0000	  0.4676
613.5000	  0.4684
613.0000	  0.4692
612.5000	  0.4697
612.0000	  0.4707
611.5000	  0.4713
611.0000	  0.4717
610.5000	  0.4725
610.0000	  0.4734
609.5000	  0.4740
609.0000	  0.4756
608.5000	  0.4751
608.0000	  0.4761
607.5000	  0.4764
607.0000	  0.4769
606.5000	  0.4778
606.0000	  0.4787
605.5000	  0.4799
605.0000	  0.4812
604.5000	  0.4814
604.0000	  0.4825
603.5000	  0.4833
603.0000	  0.4841
602.5000	  0.4836
602.0000	  0.4852
601.5000	  0.4862
601.0000	  0.4873
600.5000	  0.4877
600.0000	  0.4888
599.5000	  0.4889
599.0000	  0.4897
598.5000	  0.4921
598.0000	  0.4921
597.5000	  0.4922
597.0000	  0.4931
596.5000	  0.4947
596.0000	  0.4945
595.5000	  0.4961
595.0000	  0.4962
594.5000	  0.4977
594.0000	  0.4982
593.5000	  0.4989
593.0000	  0.4999
592.5000	  0.5001
592.0000	  0.5015
591.5000	  0.5027
591.0000	  0.5028
590.5000	  0.5042
590.0000	  0.5041
589.5000	  0.5052
589.0000	  0.5065
588.5000	  0.5069
588.0000	  0.5081
587.5000	  0.5090
587.0000	  0.5099
586.5000	  0.5103
586.0000	  0.5114
585.5000	  0.5123
585.0000	  0.5141
584.5000	  0.5135
584.0000	  0.5143
583.5000	  0.5155
583.0000	  0.5159
582.5000	  0.5173
582.0000	  0.5177
581.5000	  0.5192
581.0000	  0.5191
580.5000	  0.5211
580.0000	  0.5213
579.5000	  0.5230
579.0000	  0.5222
578.5000	  0.5241
578.0000	  0.5253
577.5000	  0.5257
577.0000	  0.5267
576.5000	  0.5267
576.0000	  0.5280
575.5000	  0.5289
575.0000	  0.5294
574.5000	  0.5317
574.0000	  0.5314
573.5000	  0.5327
573.0000	  0.5336
572.5000	  0.5344
572.0000	  0.5346
571.5000	  0.5360
571.0000	  0.5370
570.5000	  0.5380
570.0000	  0.5385
569.5000	  0.5398
569.0000	  0.5413
568.5000	  0.5411
568.0000	  0.5424
567.5000	  0.5440
567.0000	  0.5443
566.5000	  0.5457
566.0000	  0.5462
565.5000	  0.5466
565.0000	  0.5476
564.5000	  0.5485
564.0000	  0.5496
563.5000	  0.5505
563.0000	  0.5509
562.5000	  0.5528
562.0000	  0.5531
561.5000	  0.5550
561.0000	  0.5550
560.5000	  0.5560
560.0000	  0.5576
559.5000	  0.5589
559.0000	  0.5596
558.5000	  0.5601
558.0000	  0.5620
557.5000	  0.5624
557.0000	  0.5635
556.5000	  0.5638
556.0000	  0.5657
555.5000	  0.5667
555.0000	  0.5679
554.5000	  0.5677
554.0000	  0.5691
553.5000	  0.5692
553.0000	  0.5705
552.5000	  0.5721
552.0000	  0.5719
551.5000	  0.5732
551.0000	  0.5744
550.5000	  0.5748
550.0000	  0.5766
549.5000	  0.5766
549.0000	  0.5772
548.5000	  0.5789
548.0000	  0.5794
547.5000	  0.5804
547.0000	  0.5815
546.5000	  0.5817
546.0000	  0.5833
545.5000	  0.5839
545.0000	  0.5842
544.5000	  0.5864
544.0000	  0.5854
543.5000	  0.5873
543.0000	  0.5884
542.5000	  0.5887
542.0000	  0.5901
541.5000	  0.5900
541.0000	  0.5911
540.5000	  0.5920
540.0000	  0.5925
539.5000	  0.5944
539.0000	  0.5950
538.5000	  0.5955
538.0000	  0.5966
537.5000	  0.5971
537.0000	  0.5979
536.5000	  0.5992
536.0000	  0.5995
535.5000	  0.6003
535.0000	  0.6011
534.5000	  0.6016
534.0000	  0.6027
533.5000	  0.6029
533.0000	  0.6048
532.5000	  0.6047
532.0000	  0.6060
531.5000	  0.6068
531.0000	  0.6066
530.5000	  0.6077
530.0000	  0.6083
529.5000	  0.6091
529.0000	  0.6104
528.5000	  0.6104
528.0000	  0.6107
527.5000	  0.6121
527.0000	  0.6127
526.5000	  0.6139
526.0000	  0.6142
525.5000	  0.6147
525.0000	  0.6157
524.5000	  0.6160
524.0000	  0.6170
523.5000	  0.6179
523.0000	  0.6173
522.5000	  0.6193
522.0000	  0.6190
521.5000	  0.6194
521.0000	  0.6210
520.5000	  0.6203
520.0000	  0.6207
519.5000	  0.6215
519.0000	  0.6221
518.5000	  0.6234
518.0000	  0.6227
517.5000	  0.6234
517.0000	  0.6240
516.5000	  0.6244
516.0000	  0.6246
515.5000	  0.6248
515.0000	  0.6254
514.5000	  0.6258
514.0000	  0.6265
513.5000	  0.6269
513.0000	  0.6273
512.5000	  0.6275
512.0000	  0.6277
511.5000	  0.6277
511.0000	  0.6283
510.5000	  0.6292
510.0000	  0.6287
509.5000	  0.6297
509.0000	  0.6302
508.5000	  0.6297
508.0000	  0.6312
507.5000	  0.6314
507.0000	  0.6317
506.5000	  0.6318
506.0000	  0.6326
505.5000	  0.6336
505.0000	  0.6334
504.5000	  0.6339
504.0000	  0.6348
503.5000	  0.6359
503.0000	  0.6362
502.5000	  0.6363
502.0000	  0.6370
501.5000	  0.6384
501.0000	  0.6382
500.5000	  0.6390
500.0000	  0.6399
499.5000	  0.6388
499.0000	  0.6391
498.5000	  0.6397
498.0000	  0.6399
497.5000	  0.6408
497.0000	  0.6408
496.5000	  0.6406
496.0000	  0.6419
495.5000	  0.6411
495.0000	  0.6410
494.5000	  0.6415
494.0000	  0.6404
493.5000	  0.6403
493.0000	  0.6401
492.5000	  0.6398
492.0000	  0.6400
491.5000	  0.6385
491.0000	  0.6388
490.5000	  0.6374
490.0000	  0.6374
489.5000	  0.6377
489.0000	  0.6365
488.5000	  0.6355
488.0000	  0.6350
487.5000	  0.6339
487.0000	  0.6334
486.5000	  0.6324
486.0000	  0.6318
485.5000	  0.6313
485.0000	  0.6301
484.5000	  0.6294
484.0000	  0.6296
483.5000	  0.6274
483.0000	  0.6276
482.5000	  0.6274
482.0000	  0.6258
481.5000	  0.6263
481.0000	  0.6243
480.5000	  0.6235
480.0000	  0.6235
479.5000	  0.6222
479.0000	  0.6222
478.5000	  0.6209
478.0000	  0.6198
477.5000	  0.6198
477.0000	  0.6192
476.5000	  0.6186
476.0000	  0.6185
475.5000	  0.6176
475.0000	  0.6180
474.5000	  0.6161
474.0000	  0.6161
473.5000	  0.6156
473.0000	  0.6154
472.5000	  0.6144
472.0000	  0.6134
471.5000	  0.6123
471.0000	  0.6122
470.5000	  0.6128
470.0000	  0.6112
469.5000	  0.6109
469.0000	  0.6108
468.5000	  0.6107
468.0000	  0.6102
467.5000	  0.6090
467.0000	  0.6103
466.5000	  0.6092
466.0000	  0.6086
465.5000	  0.6093
465.0000	  0.6093
464.5000	  0.6084
464.0000	  0.6089
463.5000	  0.6075
463.0000	  0.6086
462.5000	  0.6077
462.0000	  0.6082
461.5000	  0.6084
461.0000	  0.6087
460.5000	  0.6079
460.0000	  0.6075
459.5000	  0.6074
459.0000	  0.6073
458.5000	  0.6065
458.0000	  0.6069
457.5000	  0.6076
457.0000	  0.6051
456.5000	  0.6047
456.0000	  0.6056
455.5000	  0.6041
455.0000	  0.6044
454.5000	  0.6025
454.0000	  0.6003
453.5000	  0.5997
453.0000	  0.5982
452.5000	  0.5971
452.0000	  0.5970
451.5000	  0.5942
451.0000	  0.5928
450.5000	  0.5913
450.0000	  0.5896
449.5000	  0.5881
449.0000	  0.5857
448.5000	  0.5841
448.0000	  0.5830
447.5000	  0.5818
447.0000	  0.5815
446.5000	  0.5782
446.0000	  0.5767
445.5000	  0.5751
445.0000	  0.5741
444.5000	  0.5741
444.0000	  0.5712
443.5000	  0.5706
443.0000	  0.5698
442.5000	  0.5689
442.0000	  0.5673
441.5000	  0.5650
441.0000	  0.5659
440.5000	  0.5646
440.0000	  0.5637
439.5000	  0.5634
439.0000	  0.5624
438.5000	  0.5607
438.0000	  0.5607
437.5000	  0.5597
437.0000	  0.5583
436.5000	  0.5575
436.0000	  0.5569
435.5000	  0.5559
435.0000	  0.5555
434.5000	  0.5549
434.0000	  0.5543
433.5000	  0.5529
433.0000	  0.5529
432.5000	  0.5518
432.0000	  0.5517
431.5000	  0.5511
431.0000	  0.5500
430.5000	  0.5495
430.0000	  0.5497
429.5000	  0.5484
429.0000	  0.5488
428.5000	  0.5478
428.0000	  0.5461
427.5000	  0.5474
427.0000	  0.5467
426.5000	  0.5470
426.0000	  0.5460
425.5000	  0.5444
425.0000	  0.5443
424.5000	  0.5433
424.0000	  0.5439
423.5000	  0.5439
423.0000	  0.5421
422.5000	  0.5432
422.0000	  0.5433
421.5000	  0.5428
421.0000	  0.5428
420.5000	  0.5417
420.0000	  0.5413
419.5000	  0.5413
419.0000	  0.5413
418.5000	  0.5399
418.0000	  0.5408
417.5000	  0.5399
417.0000	  0.5395
416.5000	  0.5399
416.0000	  0.5393
415.5000	  0.5394
415.0000	  0.5385
414.5000	  0.5377
414.0000	  0.5381
413.5000	  0.5368
413.0000	  0.5383
412.5000	  0.5369
412.0000	  0.5377
411.5000	  0.5360
411.0000	  0.5354
410.5000	  0.5370
410.0000	  0.5351
409.5000	  0.5349
409.0000	  0.5342
408.5000	  0.5341
408.0000	  0.5340
407.5000	  0.5344
407.0000	  0.5333
406.5000	  0.5342
406.0000	  0.5324
405.5000	  0.5321
405.0000	  0.5327
404.5000	  0.5312
404.0000	  0.5313
403.5000	  0.5326
403.0000	  0.5315
402.5000	  0.5308
402.0000	  0.5315
401.5000	  0.5309
401.0000	  0.5298
400.5000	  0.5290
400.0000	  0.5290
399.5000	  0.5308
399.0000	  0.5286
398.5000	  0.5286
398.0000	  0.5297
397.5000	  0.5288
397.0000	  0.5285
396.5000	  0.5279
396.0000	  0.5286
395.5000	  0.5276
395.0000	  0.5282
394.5000	  0.5274
394.0000	  0.5278
393.5000	  0.5273
393.0000	  0.5274
392.5000	  0.5272
392.0000	  0.5262
391.5000	  0.5279
391.0000	  0.5273
390.5000	  0.5273
390.0000	  0.5264
389.5000	  0.5279
389.0000	  0.5288
388.5000	  0.5276
388.0000	  0.5278
387.5000	  0.5284
387.0000	  0.5287
386.5000	  0.5287
386.0000	  0.5297
385.5000	  0.5278
385.0000	  0.5289
384.5000	  0.5284
384.0000	  0.5287
383.5000	  0.5302
383.0000	  0.5295
382.5000	  0.5300
382.0000	  0.5302
381.5000	  0.5287
381.0000	  0.5303
380.5000	  0.5299
380.0000	  0.5291
379.5000	  0.5302
379.0000	  0.5317
378.5000	  0.5301
378.0000	  0.5306
377.5000	  0.5290
377.0000	  0.5293
376.5000	  0.5318
376.0000	  0.5300
375.5000	  0.5310
375.0000	  0.5301
374.5000	  0.5290
374.0000	  0.5310
373.5000	  0.5319
373.0000	  0.5301
372.5000	  0.5307
372.0000	  0.5298
371.5000	  0.5304
371.0000	  0.5295
370.5000	  0.5311
370.0000	  0.5302
369.5000	  0.5305
369.0000	  0.5315
368.5000	  0.5301
368.0000	  0.5287
367.5000	  0.5321
367.0000	  0.5303
366.5000	  0.5297
366.0000	  0.5306
365.5000	  0.5313
365.0000	  0.5310
364.5000	  0.5313
364.0000	  0.5295
363.5000	  0.5331
363.0000	  0.5322
362.5000	  0.5320
362.0000	  0.5304
361.5000	  0.5320
361.0000	  0.5313
360.5000	  0.5308
360.0000	  0.5322
359.5000	  0.5314
359.0000	  0.5326
358.5000	  0.5309
358.0000	  0.5328
357.5000	  0.5309
357.0000	  0.5320
356.5000	  0.5328
356.0000	  0.5325
355.5000	  0.5298
355.0000	  0.5308
354.5000	  0.5335
354.0000	  0.5322
353.5000	  0.5314
353.0000	  0.5329
352.5000	  0.5307
352.0000	  0.5315
351.5000	  0.5299
351.0000	  0.5307
350.5000	  0.5294
350.0000	  0.5307
349.5000	  0.5292
349.0000	  0.5316
348.5000	  0.5329
348.0000	  0.5313
347.5000	  0.5297
347.0000	  0.5291
346.5000	  0.5309
346.0000	  0.5297
345.5000	  0.5295
345.0000	  0.5284
344.5000	  0.5297
344.0000	  0.5296
343.5000	  0.5292
343.0000	  0.5261
342.5000	  0.5310
342.0000	  0.5302
341.5000	  0.5266
341.0000	  0.5298
340.5000	  0.5258
340.0000	  0.5321
339.5000	  0.5274
339.0000	  0.5296
338.5000	  0.5270
338.0000	  0.5280
337.5000	  0.5341
337.0000	  0.5288
336.5000	  0.5294
336.0000	  0.5296
335.5000	  0.5267
335.0000	  0.5273
334.5000	  0.5281
334.0000	  0.5261
333.5000	  0.5284
333.0000	  0.5253
332.5000	  0.5220
332.0000	  0.5271
331.5000	  0.5292
331.0000	  0.5273
330.5000	  0.5233
330.0000	  0.5245
329.5000	  0.5263
329.0000	  0.5223
328.5000	  0.5241
328.0000	  0.5206
327.5000	  0.5238
327.0000	  0.5234
326.5000	  0.5229
326.0000	  0.5230
325.5000	  0.5189
325.0000	  0.5186
324.5000	  0.5214
324.0000	  0.5198
323.5000	  0.5222
323.0000	  0.5167
322.5000	  0.5177
322.0000	  0.5189
321.5000	  0.5220
321.0000	  0.5225
320.5000	  0.5176
320.0000	  0.5171
319.5000	  0.5179
319.0000	  0.5188
318.5000	  0.5179
318.0000	  0.5185
317.5000	  0.5194
317.0000	  0.5225
316.5000	  0.5196
316.0000	  0.5194
315.5000	  0.5161
315.0000	  0.5154
314.5000	  0.5146
314.0000	  0.5154
313.5000	  0.5174
313.0000	  0.5167
312.5000	  0.5135
312.0000	  0.5136
311.5000	  0.5151
311.0000	  0.5139
310.5000	  0.5114
310.0000	  0.5171
309.5000	  0.5093
309.0000	  0.5152
308.5000	  0.5091
308.0000	  0.5083
307.5000	  0.5135
307.0000	  0.5093
306.5000	  0.5107
306.0000	  0.5071
305.5000	  0.5098
305.0000	  0.5095
304.5000	  0.5066
304.0000	  0.5085
303.5000	  0.5054
303.0000	  0.5083
302.5000	  0.5056
302.0000	  0.5131
301.5000	  0.5051
301.0000	  0.5019
300.5000	  0.5050
300.0000	  0.5056
299.5000	  0.5054
299.0000	  0.5074
298.5000	  0.5045
298.0000	  0.5027
297.5000	  0.4996
297.0000	  0.5010
296.5000	  0.5002
296.0000	  0.4966
295.5000	  0.4972
295.0000	  0.4982
294.5000	  0.4963
294.0000	  0.5001
293.5000	  0.4997
293.0000	  0.4977
292.5000	  0.4954
292.0000	  0.4965
291.5000	  0.4982
291.0000	  0.5018
290.5000	  0.4949
290.0000	  0.4936
289.5000	  0.4957
289.0000	  0.4978
288.5000	  0.4947
288.0000	  0.4924
287.5000	  0.4903
287.0000	  0.4920
286.5000	  0.4901
286.0000	  0.4927
285.5000	  0.4936
285.0000	  0.4942
284.5000	  0.4941
284.0000	  0.4918
283.5000	  0.4894
283.0000	  0.4938
282.5000	  0.4931
282.0000	  0.4895
281.5000	  0.4927
281.0000	  0.4874
280.5000	  0.4938
280.0000	  0.4900
279.5000	  0.4943
279.0000	  0.4871
278.5000	  0.4894
278.0000	  0.4903
277.5000	  0.4912
277.0000	  0.4878
276.5000	  0.4849
276.0000	  0.4848
275.5000	  0.4932
275.0000	  0.4828
274.5000	  0.4904
274.0000	  0.4836
273.5000	  0.4869
273.0000	  0.4771
272.5000	  0.4894
272.0000	  0.4864
271.5000	  0.4797
271.0000	  0.4975
270.5000	  0.4883
270.0000	  0.4894
269.5000	  0.4881
269.0000	  0.4903
268.5000	  0.4921
268.0000	  0.4795
267.5000	  0.4915
267.0000	  0.4881
266.5000	  0.4834
266.0000	  0.4941
265.5000	  0.4909
265.0000	  0.5008
264.5000	  0.4851
264.0000	  0.4751
263.5000	  0.4805
263.0000	  0.4867
262.5000	  0.4971
262.0000	  0.4972
261.5000	  0.4789
261.0000	  0.5014
260.5000	  0.5075
260.0000	  0.4979
259.5000	  0.4790
259.0000	  0.4784
258.5000	  0.4977
258.0000	  0.4886
257.5000	  0.5014
257.0000	  0.4929
256.5000	  0.4828
256.0000	  0.5028
255.5000	  0.4959
255.0000	  0.5016
254.5000	  0.4987
254.0000	  0.4885
253.5000	  0.5217
253.0000	  0.4970
252.5000	  0.5248
252.0000	  0.5124
251.5000	  0.5037
251.0000	  0.5076
250.5000	  0.5347
250.0000	  0.5173
249.5000	  0.4903
249.0000	  0.4866
248.5000	  0.5184
248.0000	  0.5043
247.5000	  0.5220
247.0000	  0.5349
246.5000	  0.5055
246.0000	  0.5219
245.5000	  0.4822
245.0000	  0.5020
244.5000	  0.4467
244.0000	  0.5026
243.5000	  0.5372
243.0000	  0.4958
242.5000	  0.4862
242.0000	  0.4840
241.5000	  0.5475
241.0000	  0.5139
240.5000	  0.5166
240.0000	  0.5767
239.5000	  0.5165
239.0000	  0.5120
238.5000	  0.4757
238.0000	  0.4558
237.5000	  0.5619
237.0000	  0.6053
236.5000	  0.5749
236.0000	  0.5078
235.5000	  0.4780
235.0000	  0.6624
234.5000	  0.5331
234.0000	  0.4828
233.5000	  0.6162
233.0000	  0.5521
232.5000	  0.4127
232.0000	  0.5249
231.5000	  0.6477
231.0000	  0.6892
230.5000	  0.5432
230.0000	  0.5983
229.5000	  0.4454
229.0000	  0.7059
228.5000	  0.5606
228.0000	  0.6802
227.5000	  0.6995
227.0000	  0.3726
226.5000	  0.6010
226.0000	  0.4270
225.5000	  0.3892
225.0000	  0.6737
224.5000	  0.5624
224.0000	  0.5806
223.5000	  0.2819
223.0000	  0.4465
222.5000	  0.4210
222.0000	  0.6947
221.5000	  0.6581
221.0000	  1.0775
220.5000	  0.5471
220.0000	  0.0135
219.5000	  0.5992
219.0000	  0.9360
218.5000	  0.3846
218.0000	  0.3592
217.5000	  0.5128
217.0000	  0.5808
216.5000	 -0.8387
216.0000	 -1.0364
215.5000	  1.7056
215.0000	  1.3194
214.5000	  1.0369
214.0000	 -0.2623
213.5000	  0.4151
213.0000	 -1.4526
212.5000	  0.7559
212.0000	  1.9744
211.5000	 -0.5035
211.0000	  0.3373
210.5000	  1.4573
210.0000	  1.7139
209.5000	  0.8289
209.0000	  0.1103
208.5000	  1.1625
208.0000	  0.7732
207.5000	  0.9793
207.0000	 -0.4010
206.5000	 -4.3469
206.0000	  0.1656
205.5000	 -0.2893
205.0000	  2.7506
204.5000	  1.3681
204.0000	  0.5240
203.5000	 -5.9852
203.0000	 -0.4877
202.5000	 -0.4155
202.0000	  0.6167
201.5000	  0.7787
201.0000	 -2.3355
200.5000	 -0.8383
200.0000	  1.9532
