lambda		value

Calibration:
lambda:	800
Abs:	0.0006

Data:
#
900		0.419177
899.5		0.419685
899		0.443861
898.5		0.425672
898		0.429646
897.5		0.438339
897		0.449465
896.5		0.448484
896		0.441617
895.5		0.423825
895		0.414049
894.5		0.443149
894		0.408326
893.5		0.433669
893		0.452194
892.5		0.434949
892		0.433182
891.5		0.43185
891		0.426142
890.5		0.442441
890		0.421809
889.5		0.446702
889		0.434826
888.5		0.441956
888		0.429074
887.5		0.434253
887		0.430251
886.5		0.429482
886		0.444909
885.5		0.427463
885		0.430624
884.5		0.450527
884		0.436453
883.5		0.430271
883		0.43804
882.5		0.443602
882		0.446555
881.5		0.432756
881		0.435506
880.5		0.434774
880		0.437392
879.5		0.440755
879		0.443272
878.5		0.440149
878		0.445761
877.5		0.437213
877		0.447537
876.5		0.438754
876		0.442618
875.5		0.445562
875		0.447379
874.5		0.442193
874		0.435011
873.5		0.448223
873		0.442716
872.5		0.435952
872		0.432556
871.5		0.442136
871		0.441284
870.5		0.434822
870		0.441174
869.5		0.439241
869		0.438207
868.5		0.439423
868		0.434492
867.5		0.441188
867		0.43998
866.5		0.444712
866		0.436914
865.5		0.442444
865		0.440741
864.5		0.439437
864		0.441561
863.5		0.444489
863		0.441791
862.5		0.440736
862		0.444345
861.5		0.442871
861		0.445595
860.5		0.447065
860		0.437488
859.5		0.44059
859		0.441302
858.5		0.443693
858		0.440318
857.5		0.44571
857		0.440282
856.5		0.440809
856		0.442483
855.5		0.442397
855		0.441535
854.5		0.440879
854		0.440631
853.5		0.444963
853		0.444687
852.5		0.439755
852		0.441601
851.5		0.444654
851		0.441842
850.5		0.443718
850		0.443178
849.5		0.440624
849		0.442895
848.5		0.440756
848		0.442217
847.5		0.443972
847		0.442963
846.5		0.441902
846		0.443072
845.5		0.445237
845		0.442895
844.5		0.442699
844		0.443412
843.5		0.442433
843		0.445356
842.5		0.444203
842		0.444148
841.5		0.444984
841		0.443292
840.5		0.443939
840		0.443752
839.5		0.442963
839		0.44495
838.5		0.442764
838		0.444951
837.5		0.442982
837		0.444808
836.5		0.446143
836		0.443916
835.5		0.445215
835		0.444599
834.5		0.446145
834		0.443771
833.5		0.445349
833		0.445361
832.5		0.446787
832		0.446512
831.5		0.445693
831		0.446855
830.5		0.44799
830		0.447442
829.5		0.447269
829		0.44598
828.5		0.4483
828		0.447434
827.5		0.447481
827		0.448045
826.5		0.448032
826		0.448482
825.5		0.447303
825		0.449271
824.5		0.448971
824		0.448596
823.5		0.450255
823		0.449416
822.5		0.451687
822		0.447849
821.5		0.449086
821		0.44974
820.5		0.449033
820		0.449206
819.5		0.450625
819		0.450906
818.5		0.449406
818		0.450931
817.5		0.451545
817		0.451135
816.5		0.450665
816		0.450824
815.5		0.450264
815		0.452014
814.5		0.451126
814		0.451807
813.5		0.451942
813		0.452171
812.5		0.451555
812		0.45098
811.5		0.452433
811		0.451936
810.5		0.451313
810		0.453436
809.5		0.451397
809		0.453244
808.5		0.453053
808		0.453663
807.5		0.453535
807		0.453727
806.5		0.455183
806		0.452624
805.5		0.454855
805		0.454618
804.5		0.454645
804		0.454764
803.5		0.454336
803		0.454727
802.5		0.454573
802		0.454019
801.5		0.454245
801		0.455639
800.5		0.454663
800		0.454973
799.5		0.455573
799		0.454518
798.5		0.455954
798		0.455754
797.5		0.456851
797		0.457109
796.5		0.455727
796		0.456661
795.5		0.457089
795		0.457183
794.5		0.457146
794		0.456435
793.5		0.456569
793		0.457575
792.5		0.4572
792		0.45888
791.5		0.456932
791		0.455387
790.5		0.457534
790		0.45683
789.5		0.458546
789		0.457651
788.5		0.460684
788		0.459511
787.5		0.458204
787		0.458754
786.5		0.459128
786		0.457906
785.5		0.459662
785		0.458267
784.5		0.459856
784		0.459665
783.5		0.459344
783		0.461839
782.5		0.459864
782		0.459114
781.5		0.461101
781		0.460042
780.5		0.460188
780		0.461047
779.5		0.461108
779		0.461761
778.5		0.461469
778		0.462484
777.5		0.461991
777		0.460419
776.5		0.461393
776		0.461492
775.5		0.461515
775		0.463122
774.5		0.460535
774		0.463668
773.5		0.462789
773		0.46209
772.5		0.464517
772		0.461485
771.5		0.463551
771		0.462788
770.5		0.462956
770		0.464339
769.5		0.46331
769		0.463417
768.5		0.464044
768		0.464051
767.5		0.464866
767		0.463927
766.5		0.464713
766		0.465722
765.5		0.46466
765		0.463349
764.5		0.465782
764		0.46573
763.5		0.467864
763		0.465035
762.5		0.465962
762		0.466182
761.5		0.464421
761		0.466521
760.5		0.466374
760		0.467046
759.5		0.466395
759		0.466083
758.5		0.4667
758		0.466289
757.5		0.466766
757		0.466819
756.5		0.467336
756		0.46818
755.5		0.468199
755		0.468159
754.5		0.468094
754		0.466409
753.5		0.468859
753		0.469024
752.5		0.468747
752		0.468417
751.5		0.467923
751		0.468225
750.5		0.468144
750		0.469635
749.5		0.469154
749		0.468552
748.5		0.46998
748		0.469775
747.5		0.469607
747		0.471238
746.5		0.469444
746		0.471015
745.5		0.470606
745		0.469917
744.5		0.470232
744		0.470221
743.5		0.471078
743		0.470226
742.5		0.471324
742		0.471685
741.5		0.470524
741		0.472605
740.5		0.471055
740		0.471975
739.5		0.47311
739		0.47145
738.5		0.471438
738		0.472074
737.5		0.472986
737		0.472461
736.5		0.473205
736		0.472752
735.5		0.47253
735		0.473752
734.5		0.472652
734		0.473643
733.5		0.473404
733		0.474245
732.5		0.473461
732		0.473022
731.5		0.473405
731		0.47372
730.5		0.475605
730		0.473266
729.5		0.474107
729		0.474112
728.5		0.473545
728		0.474966
727.5		0.473602
727		0.474737
726.5		0.474649
726		0.474226
725.5		0.474461
725		0.4756
724.5		0.474792
724		0.474709
723.5		0.475452
723		0.475079
722.5		0.475273
722		0.473242
721.5		0.475062
721		0.474796
720.5		0.474047
720		0.475992
719.5		0.474812
719		0.476791
718.5		0.474878
718		0.476927
717.5		0.477718
717		0.476431
716.5		0.477213
716		0.476991
715.5		0.478351
715		0.479917
714.5		0.480521
714		0.479234
713.5		0.479782
713		0.481027
712.5		0.479804
712		0.481467
711.5		0.480302
711		0.480601
710.5		0.481525
710		0.481731
709.5		0.481286
709		0.48138
708.5		0.48178
708		0.481874
707.5		0.48266
707		0.482844
706.5		0.482697
706		0.48316
705.5		0.4825
705		0.483333
704.5		0.483098
704		0.484259
703.5		0.483544
703		0.483
702.5		0.485004
702		0.485049
701.5		0.484571
701		0.484262
700.5		0.485094
700		0.483989
699.5		0.485576
699		0.48389
698.5		0.486337
698		0.485728
697.5		0.485345
697		0.486823
696.5		0.487202
696		0.486534
695.5		0.485999
695		0.485514
694.5		0.487106
694		0.487516
693.5		0.487167
693		0.487658
692.5		0.487129
692		0.488041
691.5		0.488832
691		0.487172
690.5		0.488728
690		0.488246
689.5		0.488981
689		0.490208
688.5		0.48928
688		0.490495
687.5		0.488889
687		0.489723
686.5		0.489675
686		0.490553
685.5		0.490562
685		0.490167
684.5		0.490711
684		0.490756
683.5		0.491443
683		0.490262
682.5		0.49209
682		0.490914
681.5		0.49209
681		0.491805
680.5		0.49199
680		0.492042
679.5		0.49101
679		0.493015
678.5		0.492778
678		0.493023
677.5		0.493073
677		0.492681
676.5		0.494301
676		0.4948
675.5		0.494406
675		0.494006
674.5		0.493766
674		0.494403
673.5		0.4948
673		0.494901
672.5		0.494952
672		0.495248
671.5		0.494752
671		0.49599
670.5		0.495445
670		0.495937
669.5		0.496289
669		0.495889
668.5		0.496929
668		0.496241
667.5		0.496338
667		0.497524
666.5		0.495992
666		0.498412
665.5		0.496437
665		0.497473
664.5		0.498264
664		0.496884
663.5		0.497521
663		0.497175
662.5		0.497821
662		0.498315
661.5		0.498712
661		0.498365
660.5		0.498662
660		0.499058
659.5		0.499107
659		0.499851
658.5		0.499107
658		0.500347
657.5		0.499603
657		0.500149
656.5		0.500446
656		0.499454
655.5		0.50154
655		0.499851
654.5		0.500496
654		0.501142
653.5		0.500744
653		0.501093
652.5		0.501191
652		0.501439
651.5		0.502486
651		0.50114
650.5		0.501142
650		0.501639
649.5		0.502884
649		0.502536
648.5		0.502236
648		0.502886
647.5		0.502685
647		0.503936
646.5		0.503582
646		0.503282
645.5		0.503133
645		0.503038
644.5		0.503336
644		0.504488
643.5		0.504635
643		0.505187
642.5		0.504793
642		0.50504
641.5		0.505943
641		0.505041
640.5		0.50534
640		0.506508
639.5		0.506054
639		0.506253
638.5		0.506814
638		0.506615
637.5		0.508136
637		0.50723
636.5		0.507834
636		0.508802
635.5		0.508144
635		0.509217
634.5		0.509118
634		0.50998
633.5		0.510701
633		0.510707
632.5		0.511875
632		0.511936
631.5		0.511414
631		0.512129
630.5		0.511981
630		0.512267
629.5		0.51272
629		0.511937
628.5		0.512433
628		0.512158
627.5		0.511071
627		0.513332
626.5		0.512081
626		0.51221
625.5		0.511933
625		0.510544
624.5		0.511828
624		0.510407
623.5		0.511328
623		0.51126
622.5		0.510092
622		0.511824
621.5		0.511259
621		0.51128
620.5		0.510873
620		0.509686
619.5		0.510018
619		0.511329
618.5		0.510585
618		0.50946
617.5		0.510285
617		0.510156
616.5		0.512117
616		0.510804
615.5		0.511042
615		0.512081
614.5		0.511182
614		0.512423
613.5		0.511585
613		0.511981
612.5		0.512473
612		0.51139
611.5		0.512671
611		0.512653
610.5		0.512528
610		0.512311
609.5		0.511766
609		0.512456
608.5		0.51299
608		0.512456
607.5		0.51309
607		0.512513
606.5		0.512447
606		0.514169
605.5		0.512402
605		0.514108
604.5		0.513377
604		0.514355
603.5		0.513961
603		0.513556
602.5		0.513516
602		0.514002
601.5		0.513697
601		0.515482
600.5		0.513739
600		0.513894
599.5		0.515163
599		0.51405
598.5		0.514907
598		0.514793
597.5		0.514727
597		0.515847
596.5		0.514943
596		0.515199
595.5		0.514781
595		0.514541
594.5		0.51499
594		0.514928
593.5		0.515337
593		0.516145
592.5		0.515169
592		0.515272
591.5		0.515204
591		0.515832
590.5		0.515604
590		0.516173
589.5		0.515401
589		0.51612
588.5		0.51626
588		0.51647
587.5		0.517398
587		0.516113
586.5		0.515565
586		0.516188
585.5		0.516797
585		0.516222
584.5		0.516288
584		0.516728
583.5		0.516269
583		0.518443
582.5		0.517208
582		0.517685
581.5		0.517248
581		0.517178
580.5		0.517785
580		0.517092
579.5		0.518207
579		0.517138
578.5		0.517065
578		0.518404
577.5		0.51775
577		0.518579
576.5		0.517561
576		0.517607
575.5		0.518855
575		0.518186
574.5		0.518954
574		0.518608
573.5		0.517185
573		0.519745
572.5		0.51939
572		0.518501
571.5		0.519703
571		0.518404
570.5		0.518882
570		0.519811
569.5		0.519407
569		0.519392
568.5		0.518711
568		0.518878
567.5		0.520328
567		0.520212
566.5		0.520008
566		0.519377
565.5		0.518728
565		0.520936
564.5		0.520777
564		0.520477
563.5		0.520661
563		0.519662
562.5		0.521936
562		0.520699
561.5		0.52
561		0.522061
560.5		0.520817
560		0.523018
559.5		0.52408
559		0.523338
558.5		0.523068
558		0.524519
557.5		0.523321
557		0.524203
556.5		0.524436
556		0.52418
555.5		0.524866
555		0.52349
554.5		0.52477
554		0.524938
553.5		0.524842
553		0.525568
552.5		0.525105
552		0.525594
551.5		0.526084
551		0.525983
550.5		0.527471
550		0.524902
549.5		0.52671
549		0.52684
548.5		0.527259
548		0.527132
547.5		0.526758
547		0.527924
546.5		0.528905
546		0.52877
545.5		0.529806
545		0.529361
544.5		0.529153
544		0.528928
543.5		0.529535
543		0.531151
542.5		0.530221
542		0.530987
541.5		0.530316
541		0.531175
540.5		0.53122
540		0.531021
539.5		0.532364
539		0.532506
538.5		0.533117
538		0.534084
537.5		0.533518
537		0.534875
536.5		0.534014
536		0.53521
535.5		0.535442
535		0.534908
534.5		0.53682
534		0.536334
533.5		0.536462
533		0.537802
532.5		0.538095
532		0.538725
531.5		0.538835
531		0.538601
530.5		0.540316
530		0.540623
529.5		0.540921
529		0.542525
528.5		0.541508
528		0.543412
527.5		0.544077
527		0.543491
526.5		0.545775
526		0.545628
525.5		0.546597
525		0.54796
524.5		0.547411
524		0.548805
523.5		0.549485
523		0.5502
522.5		0.550943
522		0.551166
521.5		0.552845
521		0.554009
520.5		0.55325
520		0.554551
519.5		0.554763
519		0.556201
518.5		0.55778
518		0.557037
517.5		0.558202
517		0.559196
516.5		0.559151
516		0.561683
515.5		0.56138
515		0.562345
514.5		0.564964
514		0.563834
513.5		0.565508
513		0.565815
512.5		0.566982
512		0.569107
511.5		0.567684
511		0.569968
510.5		0.570829
510		0.570161
509.5		0.572015
509		0.572477
508.5		0.574074
508		0.574355
507.5		0.573838
507		0.575429
506.5		0.575732
506		0.57627
505.5		0.577558
505		0.577656
504.5		0.577418
504		0.577988
503.5		0.578233
503		0.578163
502.5		0.579071
502		0.578176
501.5		0.578227
501		0.579583
500.5		0.580515
500		0.579965
499.5		0.580347
499		0.579948
498.5		0.579314
498		0.580465
497.5		0.58057
497		0.580217
496.5		0.580245
496		0.580424
495.5		0.580287
495		0.579555
494.5		0.580151
494		0.579069
493.5		0.579311
493		0.580077
492.5		0.579393
492		0.57917
491.5		0.578749
491		0.578165
490.5		0.578343
490		0.578401
489.5		0.577851
489		0.576944
488.5		0.576207
488		0.576257
487.5		0.576965
487		0.574751
486.5		0.574686
486		0.574897
485.5		0.572786
485		0.573653
484.5		0.573272
484		0.572604
483.5		0.570633
483		0.570047
482.5		0.570568
482		0.569083
481.5		0.568878
481		0.567125
480.5		0.565739
480		0.565629
479.5		0.566294
479		0.564736
478.5		0.564475
478		0.56173
477.5		0.561742
477		0.561588
476.5		0.559533
476		0.561115
475.5		0.55759
475		0.55801
474.5		0.558062
474		0.556346
473.5		0.556555
473		0.554886
472.5		0.553361
472		0.553312
471.5		0.553951
471		0.550134
470.5		0.5508
470		0.548876
469.5		0.549813
469		0.548922
468.5		0.547354
468		0.547208
467.5		0.545479
467		0.54436
466.5		0.543534
466		0.544033
465.5		0.543177
465		0.54134
464.5		0.540629
464		0.540481
463.5		0.539124
463		0.538071
462.5		0.53717
462		0.536796
461.5		0.537574
461		0.535456
460.5		0.535491
460		0.533959
459.5		0.533571
459		0.533524
458.5		0.531077
458		0.531786
457.5		0.532417
457		0.529777
456.5		0.530588
456		0.530133
455.5		0.529157
455		0.530028
454.5		0.527609
454		0.528444
453.5		0.52709
453		0.526152
452.5		0.527363
452		0.525822
451.5		0.524965
451		0.525595
450.5		0.525107
450		0.524836
449.5		0.52358
449		0.520059
448.5		0.522797
448		0.519916
447.5		0.521097
447		0.519788
446.5		0.519232
446		0.518224
445.5		0.517652
445		0.516821
444.5		0.516692
444		0.514281
443.5		0.513846
443		0.514724
442.5		0.514144
442		0.513674
441.5		0.512284
441		0.51078
440.5		0.511153
440		0.511789
439.5		0.51104
439		0.508895
438.5		0.508981
438		0.508223
437.5		0.507253
437		0.508373
436.5		0.506275
436		0.506366
435.5		0.505924
435		0.504447
434.5		0.504771
434		0.50316
433.5		0.502932
433		0.503117
432.5		0.502763
432		0.501467
431.5		0.501424
431		0.500533
430.5		0.50232
430		0.499155
429.5		0.499422
429		0.498132
428.5		0.498091
428		0.49831
427.5		0.496313
427		0.497069
426.5		0.495301
426		0.493705
425.5		0.495212
425		0.49495
424.5		0.494373
424		0.492212
423.5		0.49305
423		0.492118
422.5		0.492869
422		0.490556
421.5		0.491725
421		0.489938
420.5		0.490603
420		0.490016
419.5		0.488665
419		0.489251
418.5		0.488454
418		0.487854
417.5		0.486491
417		0.485266
416.5		0.486465
416		0.485888
415.5		0.484508
415		0.485566
414.5		0.484004
414		0.484383
413.5		0.482598
413		0.483055
412.5		0.483636
412		0.481235
411.5		0.483176
411		0.48118
410.5		0.481135
410		0.482816
409.5		0.480321
409		0.478981
408.5		0.478386
408		0.479392
407.5		0.479028
407		0.477625
406.5		0.4785
406		0.477802
405.5		0.474526
405		0.476839
404.5		0.476547
404		0.476584
403.5		0.474691
403		0.473675
402.5		0.474494
402		0.475143
401.5		0.474352
401		0.473744
400.5		0.472909
400		0.473483
399.5		0.473213
399		0.471507
398.5		0.471876
398		0.469681
397.5		0.470023
397		0.470191
396.5		0.470272
396		0.47119
395.5		0.470634
395		0.469093
394.5		0.469538
394		0.467299
393.5		0.470445
393		0.468219
392.5		0.466035
392		0.467887
391.5		0.466736
391		0.466954
390.5		0.467062
390		0.465218
389.5		0.465226
389		0.466352
388.5		0.464365
388		0.464744
387.5		0.463923
387		0.463837
386.5		0.462844
386		0.46393
385.5		0.463392
385		0.462022
384.5		0.461949
384		0.462537
383.5		0.461037
383		0.462026
382.5		0.459769
382		0.46202
381.5		0.459722
381		0.459601
380.5		0.458792
380		0.461525
379.5		0.455436
379		0.459941
378.5		0.45862
378		0.457279
377.5		0.457492
377		0.456889
376.5		0.455638
376		0.456453
375.5		0.455837
375		0.454909
374.5		0.457556
374		0.455698
373.5		0.458448
373		0.454576
372.5		0.454174
372		0.456337
371.5		0.452598
371		0.455173
370.5		0.454191
370		0.454236
369.5		0.455794
369		0.453867
368.5		0.452203
368		0.454455
367.5		0.450759
367		0.452645
366.5		0.452793
366		0.451549
365.5		0.451061
365		0.450338
364.5		0.45132
364		0.449897
363.5		0.451895
363		0.450218
362.5		0.449691
362		0.449709
361.5		0.447649
361		0.448737
360.5		0.450098
360		0.449779
359.5		0.449746
359		0.448024
358.5		0.445022
358		0.45
357.5		0.447716
357		0.447274
356.5		0.44754
356		0.445758
355.5		0.446724
355		0.445667
354.5		0.444607
354		0.443912
353.5		0.445167
353		0.44421
352.5		0.445617
352		0.443135
351.5		0.443327
351		0.444012
350.5		0.443303
350		0.444597
349.5		0.441799
349		0.441532
348.5		0.437997
348		0.438156
347.5		0.438602
347		0.438287
346.5		0.437575
346		0.435524
345.5		0.433851
345		0.437495
344.5		0.436743
344		0.43481
343.5		0.434376
343		0.433931
342.5		0.432534
342		0.433998
341.5		0.433976
341		0.431421
340.5		0.429331
340		0.427655
339.5		0.42377
339		0.425717
338.5		0.427423
338		0.430533
337.5		0.429547
337		0.426281
336.5		0.424678
336		0.426719
335.5		0.426573
335		0.424309
334.5		0.42168
334		0.419503
333.5		0.420411
333		0.420725
332.5		0.420463
332		0.420384
331.5		0.415131
331		0.421159
330.5		0.416397
330		0.415776
329.5		0.4143
329		0.414426
328.5		0.410534
328		0.410844
327.5		0.412126
327		0.4097
326.5		0.408969
326		0.41208
325.5		0.41059
325		0.405484
324.5		0.412026
324		0.409209
323.5		0.405552
323		0.409073
322.5		0.407057
322		0.402103
321.5		0.404265
321		0.403158
320.5		0.403735
320		0.400559
319.5		0.400453
319		0.400136
318.5		0.398624
318		0.400483
317.5		0.401026
317		0.39596
316.5		0.396463
316		0.400209
315.5		0.399235
315		0.393874
314.5		0.391907
314		0.389773
313.5		0.39291
313		0.396679
312.5		0.394911
312		0.387711
311.5		0.392942
311		0.388663
310.5		0.390886
310		0.389334
309.5		0.384677
309		0.385931
308.5		0.385125
308		0.387258
307.5		0.382456
307		0.386716
306.5		0.384508
306		0.383361
305.5		0.380893
305		0.378159
304.5		0.377979
304		0.377896
303.5		0.382064
303		0.382474
302.5		0.380075
302		0.375
301.5		0.374918
301		0.377609
300.5		0.374672
300		0.377884
299.5		0.375864
299		0.373224
298.5		0.369027
298		0.369684
297.5		0.369347
297		0.36963
296.5		0.373071
296		0.367611
295.5		0.366819
295		0.367446
294.5		0.36568
294		0.364454
293.5		0.362808
293		0.362511
292.5		0.36229
292		0.358965
291.5		0.358321
291		0.359619
290.5		0.362329
290		0.360145
289.5		0.356884
289		0.353297
288.5		0.353306
288		0.351912
287.5		0.349512
287		0.352025
286.5		0.351844
286		0.349322
285.5		0.342948
285		0.34383
284.5		0.350789
284		0.345056
283.5		0.343203
283		0.340708
282.5		0.339174
282		0.342163
281.5		0.34148
281		0.339215
280.5		0.332357
280		0.333061
279.5		0.330491
279		0.32788
278.5		0.329981
278		0.331062
277.5		0.325093
277		0.330094
276.5		0.327807
276		0.32941
275.5		0.329114
275		0.319125
274.5		0.324524
274		0.324418
273.5		0.317727
273		0.323289
272.5		0.313374
272		0.307859
271.5		0.315738
271		0.312188
270.5		0.307967
270		0.313821
269.5		0.312944
269		0.316745
268.5		0.310512
268		0.311193
267.5		0.310595
267		0.30572
266.5		0.302617
266		0.311635
265.5		0.302416
265		0.307207
264.5		0.305438
264		0.29689
263.5		0.303504
263		0.300213
262.5		0.305255
262		0.304109
261.5		0.301446
261		0.300609
260.5		0.305821
260		0.30132
259.5		0.292171
259		0.290812
258.5		0.286133
258		0.289262
257.5		0.289172
257		0.299171
256.5		0.275405
256		0.283151
255.5		0.280378
255		0.282597
254.5		0.28
254		0.274378
253.5		0.287567
253		0.275925
252.5		0.273552
252		0.266635
251.5		0.286559
251		0.27704
250.5		0.265273
250		0.291066
249.5		0.276592
249		0.286141
248.5		0.286599
248		0.276404
247.5		0.256642
247		0.259487
246.5		0.285877
246		0.298692
245.5		0.265647
245		0.270689
244.5		0.249495
244		0.25272
243.5		0.273139
243		0.261662
242.5		0.267191
242		0.237915
241.5		0.258849
241		0.291721
240.5		0.298022
240		0.253967
239.5		0.224262
239		0.262302
238.5		0.2397
238		0.253384
237.5		0.272912
237		0.278194
236.5		0.264509
236		0.234801
235.5		0.270939
235		0.294019
234.5		0.311668
234		0.238878
233.5		0.211216
233		0.230559
232.5		0.227293
232		0.315901
231.5		0.309991
231		0.198141
230.5		0.249756
230		0.216756
229.5		0.210142
229		0.299746
228.5		0.217837
228		0.390442
227.5		0.274488
227		0.13714
226.5		0.196094
226		0.330915
225.5		0.222617
225		0.101606
224.5		0.270473
224		0.273209
223.5		0.288403
223		-0.0593371
222.5		0.155474
222		0.117043
221.5		-0.0854543
221		0.267264
220.5		0.234964
220		0.158898
219.5		0.351868
219		0.151284
218.5		0.449635
218		0.353196
217.5		0.257852
217		0.0222554
216.5		0.359343
216		0.323872
215.5		-0.173244
215		0.397485
214.5		0.217289
214		0.103712
213.5		-0.0219927
213		0.516097
212.5		0.430002
212		0.454865
211.5		0.171888
211		0.435347
210.5		0.351954
210		-0.0783191
209.5		-2.33992
209		3.97669
208.5		-0.297683
208		-0.0117316
207.5		0.129946
207		0.0396208
206.5		-0.148505
206		-0.82113
205.5		-0.156936
205		-0.341721
204.5		3.2126
204		0.34761
203.5		0.542878
203		0.136023
202.5		-0.00323155
202		1.10787
201.5		0.369128
201		-0.0192665
200.5		0.390704
200		0.352849
