lambda		value

Calibration:
lambda:	800
Abs:	-0.0003

Data:
#
900		0.3095
899.5		0.313502
899		0.325028
898.5		0.311826
898		0.311616
897.5		0.318581
897		0.335013
896.5		0.329172
896		0.317978
895.5		0.315722
895		0.31754
894.5		0.323825
894		0.306883
893.5		0.317682
893		0.330613
892.5		0.310739
892		0.321811
891.5		0.322002
891		0.331479
890.5		0.32032
890		0.310226
889.5		0.323219
889		0.312732
888.5		0.326082
888		0.309545
887.5		0.312946
887		0.30688
886.5		0.321338
886		0.322597
885.5		0.314922
885		0.310589
884.5		0.322293
884		0.323855
883.5		0.310228
883		0.327095
882.5		0.324043
882		0.322078
881.5		0.312933
881		0.314013
880.5		0.315419
880		0.325487
879.5		0.318929
879		0.317449
878.5		0.312832
878		0.319819
877.5		0.320048
877		0.31958
876.5		0.320105
876		0.317179
875.5		0.324302
875		0.321729
874.5		0.321219
874		0.321076
873.5		0.320925
873		0.318159
872.5		0.318586
872		0.317707
871.5		0.316486
871		0.31769
870.5		0.314922
870		0.321228
869.5		0.317039
869		0.314537
868.5		0.318182
868		0.31737
867.5		0.315679
867		0.315358
866.5		0.315304
866		0.314547
865.5		0.317146
865		0.320523
864.5		0.313378
864		0.316613
863.5		0.31869
863		0.316731
862.5		0.316525
862		0.314419
861.5		0.31786
861		0.32121
860.5		0.317024
860		0.314662
859.5		0.3171
859		0.314198
858.5		0.316187
858		0.31521
857.5		0.317864
857		0.315398
856.5		0.314611
856		0.316358
855.5		0.315816
855		0.315299
854.5		0.315821
854		0.316056
853.5		0.31545
853		0.315424
852.5		0.314156
852		0.314147
851.5		0.316192
851		0.314179
850.5		0.316716
850		0.317066
849.5		0.314283
849		0.31397
848.5		0.312734
848		0.313629
847.5		0.314246
847		0.312611
846.5		0.314379
846		0.314901
845.5		0.314238
845		0.314958
844.5		0.313987
844		0.313846
843.5		0.311867
843		0.313259
842.5		0.314421
842		0.313714
841.5		0.314665
841		0.31221
840.5		0.313724
840		0.313086
839.5		0.3134
839		0.314868
838.5		0.313877
838		0.313366
837.5		0.313817
837		0.314028
836.5		0.314521
836		0.312562
835.5		0.312283
835		0.314056
834.5		0.313511
834		0.314739
833.5		0.31343
833		0.313548
832.5		0.314519
832		0.313084
831.5		0.313624
831		0.314408
830.5		0.314169
830		0.313476
829.5		0.314212
829		0.313903
828.5		0.314505
828		0.312923
827.5		0.313733
827		0.314237
826.5		0.313023
826		0.315411
825.5		0.313708
825		0.314377
824.5		0.314576
824		0.314234
823.5		0.314286
823		0.314907
822.5		0.314726
822		0.31412
821.5		0.313898
821		0.315164
820.5		0.3142
820		0.313373
819.5		0.315374
819		0.3155
818.5		0.315868
818		0.315558
817.5		0.315826
817		0.314112
816.5		0.315222
816		0.314046
815.5		0.314593
815		0.315884
814.5		0.314874
814		0.3161
813.5		0.315395
813		0.315305
812.5		0.315385
812		0.315042
811.5		0.315458
811		0.315211
810.5		0.315306
810		0.315511
809.5		0.314588
809		0.315995
808.5		0.316432
808		0.315368
807.5		0.316358
807		0.315874
806.5		0.315789
806		0.316622
805.5		0.315085
805		0.316885
804.5		0.315947
804		0.315921
803.5		0.315858
803		0.316126
802.5		0.316105
802		0.316441
801.5		0.316347
801		0.317308
800.5		0.317321
800		0.317405
799.5		0.317705
799		0.31664
798.5		0.317283
798		0.318182
797.5		0.318947
797		0.31815
796.5		0.317624
796		0.31757
795.5		0.318327
795		0.31914
794.5		0.318845
794		0.318159
793.5		0.318204
793		0.318604
792.5		0.318913
792		0.319456
791.5		0.318309
791		0.317083
790.5		0.318958
790		0.319056
789.5		0.319744
789		0.31913
788.5		0.31974
788		0.319633
787.5		0.319397
787		0.32008
786.5		0.320403
786		0.318734
785.5		0.320515
785		0.319534
784.5		0.320563
784		0.321297
783.5		0.320375
783		0.321807
782.5		0.321297
782		0.321212
781.5		0.321193
781		0.320973
780.5		0.321204
780		0.321208
779.5		0.321828
779		0.322095
778.5		0.321813
778		0.322619
777.5		0.320824
777		0.322442
776.5		0.322037
776		0.322815
775.5		0.323418
775		0.323415
774.5		0.322295
774		0.323847
773.5		0.323333
773		0.32401
772.5		0.324093
772		0.323357
771.5		0.324853
771		0.32401
770.5		0.323749
770		0.324895
769.5		0.324435
769		0.324968
768.5		0.324908
768		0.325042
767.5		0.326031
767		0.325611
766.5		0.326063
766		0.32672
765.5		0.326594
765		0.325891
764.5		0.326821
764		0.326665
763.5		0.327351
763		0.326973
762.5		0.328022
762		0.328025
761.5		0.327674
761		0.328024
760.5		0.328389
760		0.328452
759.5		0.32879
759		0.329027
758.5		0.329222
758		0.328564
757.5		0.329158
757		0.330219
756.5		0.329028
756		0.330249
755.5		0.331146
755		0.331146
754.5		0.331908
754		0.329962
753.5		0.332636
753		0.331874
752.5		0.33052
752		0.332538
751.5		0.331583
751		0.333168
750.5		0.332671
750		0.333267
749.5		0.333433
749		0.333135
748.5		0.333797
748		0.33436
747.5		0.334127
747		0.335587
746.5		0.335117
746		0.335287
745.5		0.335748
745		0.335681
744.5		0.336274
744		0.336337
743.5		0.33634
743		0.336143
742.5		0.337365
742		0.337297
741.5		0.337161
741		0.337359
740.5		0.337922
740		0.338181
739.5		0.339645
739		0.338343
738.5		0.339367
738		0.339863
737.5		0.33999
737		0.340545
736.5		0.340709
736		0.341601
735.5		0.340902
735		0.341861
734.5		0.341768
734		0.342933
733.5		0.342832
733		0.342108
732.5		0.341991
732		0.342694
731.5		0.34391
731		0.344425
730.5		0.344865
730		0.344736
729.5		0.345517
729		0.34471
728.5		0.345167
728		0.345774
727.5		0.34618
727		0.347822
726.5		0.348466
726		0.347721
725.5		0.348986
725		0.348941
724.5		0.34932
724		0.350404
723.5		0.349812
723		0.351084
722.5		0.351336
722		0.351697
721.5		0.352734
721		0.352551
720.5		0.35443
720		0.355463
719.5		0.354306
719		0.357385
718.5		0.357497
718		0.358729
717.5		0.360049
717		0.360019
716.5		0.359974
716		0.361077
715.5		0.361516
715		0.363559
714.5		0.362765
714		0.362615
713.5		0.363037
713		0.361417
712.5		0.362544
712		0.362619
711.5		0.362282
711		0.362051
710.5		0.362382
710		0.363299
709.5		0.362722
709		0.36336
708.5		0.363788
708		0.363074
707.5		0.364209
707		0.364595
706.5		0.364362
706		0.366094
705.5		0.366332
705		0.366933
704.5		0.367271
704		0.367186
703.5		0.367333
703		0.36796
702.5		0.368556
702		0.369257
701.5		0.369681
701		0.369972
700.5		0.371141
700		0.370841
699.5		0.372421
699		0.371628
698.5		0.373152
698		0.373495
697.5		0.373201
697		0.374063
696.5		0.375691
696		0.374729
695.5		0.375332
695		0.375111
694.5		0.376802
694		0.377342
693.5		0.377749
693		0.377627
692.5		0.378695
692		0.379382
691.5		0.379579
691		0.379966
690.5		0.380816
690		0.381131
689.5		0.382701
689		0.382844
688.5		0.383712
688		0.384707
687.5		0.384448
687		0.385329
686.5		0.385587
686		0.386835
685.5		0.386947
685		0.387737
684.5		0.388291
684		0.388582
683.5		0.390097
683		0.390261
682.5		0.390201
682		0.390232
681.5		0.391485
681		0.392226
680.5		0.393637
680		0.393422
679.5		0.393841
679		0.395664
678.5		0.395374
678		0.396777
677.5		0.396144
677		0.396976
676.5		0.398396
676		0.398872
675.5		0.399802
675		0.400812
674.5		0.400198
674		0.402118
673.5		0.40283
673		0.402275
672.5		0.40354
672		0.404015
671.5		0.404293
671		0.405323
670.5		0.405758
670		0.407367
669.5		0.406565
669		0.408254
668.5		0.408394
668		0.408817
667.5		0.409572
667		0.41049
666.5		0.409927
666		0.412511
665.5		0.411945
665		0.413366
664.5		0.414948
664		0.413718
663.5		0.414859
663		0.41632
662.5		0.415933
662		0.417962
661.5		0.417483
661		0.418729
660.5		0.419109
660		0.420265
659.5		0.421068
659		0.422147
658.5		0.422242
658		0.423146
657.5		0.423576
657		0.423885
656.5		0.425401
656		0.42557
655.5		0.427025
655		0.426561
654.5		0.427227
654		0.429379
653.5		0.428996
653		0.430245
652.5		0.43054
652		0.431363
651.5		0.432091
651		0.432746
650.5		0.433717
650		0.434299
649.5		0.435469
649		0.435923
648.5		0.436855
648		0.437419
647.5		0.43804
647		0.440064
646.5		0.439905
646		0.440227
645.5		0.44068
645		0.44168
644.5		0.442886
644		0.444145
643.5		0.444633
643		0.44564
642.5		0.445874
642		0.446949
641.5		0.448303
641		0.448334
640.5		0.449043
640		0.451135
639.5		0.45121
639		0.451819
638.5		0.453499
638		0.45369
637.5		0.455695
637		0.455503
636.5		0.456498
636		0.458593
635.5		0.458162
635		0.460849
634.5		0.460439
634		0.461779
633.5		0.46354
633		0.464729
632.5		0.46567
632		0.466801
631.5		0.46705
631		0.469353
630.5		0.470404
630		0.471051
629.5		0.472113
629		0.47182
628.5		0.474049
628		0.474852
627.5		0.474575
627		0.477616
626.5		0.476209
626		0.478092
625.5		0.479086
625		0.478734
624.5		0.480123
624		0.480386
623.5		0.481646
623		0.483297
622.5		0.482428
622		0.48451
621.5		0.485865
621		0.485656
620.5		0.487432
620		0.486773
619.5		0.488582
619		0.490478
618.5		0.48957
618		0.490694
617.5		0.491032
617		0.49262
616.5		0.493874
616		0.494019
615.5		0.494848
615		0.496447
614.5		0.495871
614		0.497274
613.5		0.498395
613		0.498783
612.5		0.500828
612		0.50073
611.5		0.501899
611		0.502383
610.5		0.503702
610		0.504376
609.5		0.503935
609		0.505299
608.5		0.506805
608		0.507827
607.5		0.508557
607		0.50973
606.5		0.510638
606		0.51187
605.5		0.512148
605		0.512783
604.5		0.513802
604		0.515558
603.5		0.515941
603		0.517282
602.5		0.517342
602		0.518411
601.5		0.519946
601		0.521257
600.5		0.521149
600		0.521988
599.5		0.522579
599		0.522606
598.5		0.525034
598		0.525199
597.5		0.527486
597		0.527926
596.5		0.528551
596		0.529594
595.5		0.528956
595		0.531235
594.5		0.531698
594		0.532785
593.5		0.534187
593		0.535071
592.5		0.536122
592		0.536427
591.5		0.536623
591		0.537635
590.5		0.539169
590		0.539913
589.5		0.540888
589		0.541207
588.5		0.542694
588		0.5438
587.5		0.544935
587		0.545446
586.5		0.54477
586		0.546736
585.5		0.547204
585		0.547612
584.5		0.54916
584		0.549319
583.5		0.55026
583		0.552912
582.5		0.55298
582		0.554021
581.5		0.554258
581		0.555106
580.5		0.556156
580		0.55726
579.5		0.559062
579		0.558364
578.5		0.558617
578		0.561486
577.5		0.560675
577		0.562874
576.5		0.563482
576		0.56391
575.5		0.566225
575		0.56632
574.5		0.566885
574		0.567672
573.5		0.566564
573		0.570423
572.5		0.57041
572		0.571195
571.5		0.572102
571		0.572543
570.5		0.573876
570		0.576093
569.5		0.575058
569		0.576731
568.5		0.576413
568		0.577078
567.5		0.579459
567		0.579479
566.5		0.581643
566		0.580995
565.5		0.581134
565		0.583285
564.5		0.583758
564		0.585631
563.5		0.585886
563		0.585529
562.5		0.588869
562		0.587908
561.5		0.588652
561		0.590953
560.5		0.589572
560		0.59372
559.5		0.595804
559		0.595048
558.5		0.596946
558		0.598424
557.5		0.596797
557		0.598983
556.5		0.599962
556		0.600134
555.5		0.602206
555		0.601207
554.5		0.603837
554		0.603737
553.5		0.604217
553		0.605924
552.5		0.604691
552		0.60703
551.5		0.60755
551		0.608871
550.5		0.610079
550		0.608596
549.5		0.610962
549		0.610994
548.5		0.612196
548		0.613024
547.5		0.612241
547		0.614472
546.5		0.615377
546		0.61651
545.5		0.61783
545		0.617774
544.5		0.617754
544		0.618574
543.5		0.619234
543		0.620578
542.5		0.620397
542		0.621214
541.5		0.621732
541		0.62221
540.5		0.622913
540		0.6235
539.5		0.625525
539		0.625238
538.5		0.625727
538		0.626729
537.5		0.626715
537		0.629021
536.5		0.628789
536		0.629993
535.5		0.629795
535		0.630091
534.5		0.631163
534		0.631253
533.5		0.631979
533		0.632882
532.5		0.633479
532		0.63478
531.5		0.634355
531		0.634963
530.5		0.635939
530		0.636372
529.5		0.637159
529		0.637801
528.5		0.637592
528		0.638543
527.5		0.639973
527		0.640011
526.5		0.640586
526		0.641096
525.5		0.641526
525		0.643136
524.5		0.642348
524		0.643482
523.5		0.643803
523		0.64557
522.5		0.644563
522		0.644569
521.5		0.646924
521		0.646504
520.5		0.646348
520		0.647674
519.5		0.646606
519		0.647949
518.5		0.649328
518		0.648654
517.5		0.649186
517		0.648744
516.5		0.649201
516		0.651764
515.5		0.649748
515		0.651681
514.5		0.65309
514		0.651975
513.5		0.654709
513		0.652721
512.5		0.654074
512		0.655047
511.5		0.6533
511		0.656289
510.5		0.655126
510		0.654403
509.5		0.656742
509		0.655018
508.5		0.656366
508		0.656768
507.5		0.655497
507		0.657151
506.5		0.656128
506		0.655918
505.5		0.656265
505		0.655936
504.5		0.655887
504		0.65556
503.5		0.65539
503		0.656147
502.5		0.654486
502		0.653969
501.5		0.654404
501		0.653609
500.5		0.654811
500		0.653731
499.5		0.65324
499		0.652639
498.5		0.651532
498		0.651919
497.5		0.652468
497		0.651215
496.5		0.650403
496		0.651092
495.5		0.650546
495		0.649013
494.5		0.648512
494		0.647687
493.5		0.648228
493		0.647915
492.5		0.646291
492		0.647546
491.5		0.645807
491		0.644239
490.5		0.644581
490		0.645238
489.5		0.643839
489		0.642078
488.5		0.640842
488		0.640124
487.5		0.641369
487		0.639956
486.5		0.638909
486		0.638319
485.5		0.637509
485		0.637529
484.5		0.636364
484		0.636729
483.5		0.633628
483		0.633048
482.5		0.633403
482		0.632677
481.5		0.631771
481		0.629956
480.5		0.628691
480		0.630196
479.5		0.628933
479		0.627143
478.5		0.626622
478		0.623947
477.5		0.623609
477		0.624162
476.5		0.623035
476		0.623667
475.5		0.619232
475		0.619978
474.5		0.619816
474		0.618131
473.5		0.618594
473		0.616511
472.5		0.615516
472		0.614474
471.5		0.614806
471		0.612733
470.5		0.612411
470		0.61073
469.5		0.611275
469		0.610453
468.5		0.608317
468		0.609754
467.5		0.605634
467		0.606476
466.5		0.60484
466		0.605119
465.5		0.604001
465		0.602499
464.5		0.602393
464		0.601562
463.5		0.601176
463		0.598951
462.5		0.599755
462		0.598133
461.5		0.599756
461		0.598919
460.5		0.596871
460		0.597845
459.5		0.594949
459		0.594817
458.5		0.593547
458		0.593077
457.5		0.592813
457		0.591979
456.5		0.593464
456		0.591925
455.5		0.59177
455		0.59118
454.5		0.591023
454		0.589894
453.5		0.588775
453		0.588128
452.5		0.588491
452		0.588741
451.5		0.586441
451		0.58801
450.5		0.587522
450		0.584613
449.5		0.585854
449		0.582271
448.5		0.584182
448		0.58166
447.5		0.581291
447		0.583231
446.5		0.580651
446		0.579453
445.5		0.57827
445		0.578437
444.5		0.578924
444		0.576339
443.5		0.574965
443		0.575911
442.5		0.575846
442		0.57537
441.5		0.57329
441		0.572518
440.5		0.571834
440		0.572368
439.5		0.571657
439		0.572394
438.5		0.570058
438		0.568396
437.5		0.569358
437		0.568402
436.5		0.568303
436		0.566993
435.5		0.566851
435		0.566071
434.5		0.566744
434		0.565724
433.5		0.562728
433		0.564475
432.5		0.564431
432		0.562367
431.5		0.562105
431		0.562039
430.5		0.562628
430		0.561023
429.5		0.560501
429		0.559694
428.5		0.558907
428		0.558173
427.5		0.55885
427		0.558711
426.5		0.555595
426		0.557101
425.5		0.555063
425		0.555015
424.5		0.555073
424		0.553365
423.5		0.554759
423		0.554464
422.5		0.553726
422		0.551548
421.5		0.554121
421		0.551283
420.5		0.551578
420		0.55222
419.5		0.551736
419		0.550224
418.5		0.55033
418		0.550171
417.5		0.547749
417		0.547104
416.5		0.546413
416		0.54718
415.5		0.547097
415		0.545152
414.5		0.544316
414		0.544841
413.5		0.546076
413		0.544977
412.5		0.544626
412		0.543444
411.5		0.543735
411		0.54264
410.5		0.541583
410		0.544371
409.5		0.540286
409		0.540131
408.5		0.539319
408		0.539482
407.5		0.540732
407		0.537277
406.5		0.538696
406		0.538783
405.5		0.536617
405		0.539923
404.5		0.536
404		0.537271
403.5		0.536717
403		0.535203
402.5		0.53621
402		0.536083
401.5		0.534098
401		0.534258
400.5		0.533611
400		0.533837
399.5		0.534023
399		0.532501
398.5		0.53195
398		0.531983
397.5		0.531815
397		0.5326
396.5		0.532173
396		0.531429
395.5		0.531291
395		0.529285
394.5		0.53256
394		0.529701
393.5		0.531134
393		0.528956
392.5		0.527185
392		0.529716
391.5		0.528201
391		0.529533
390.5		0.527713
390		0.52656
389.5		0.526992
389		0.527575
388.5		0.52632
388		0.526293
387.5		0.525341
387		0.523805
386.5		0.523956
386		0.524
385.5		0.524968
385		0.524578
384.5		0.521485
384		0.525521
383.5		0.523064
383		0.522268
382.5		0.520458
382		0.523117
381.5		0.519639
381		0.521889
380.5		0.519728
380		0.521963
379.5		0.517645
379		0.520917
378.5		0.519752
378		0.518875
377.5		0.518915
377		0.51903
376.5		0.516681
376		0.516913
375.5		0.517285
375		0.51909
374.5		0.519639
374		0.516549
373.5		0.521576
373		0.517781
372.5		0.517026
372		0.517728
371.5		0.513646
371		0.516746
370.5		0.514774
370		0.515783
369.5		0.51593
369		0.514662
368.5		0.51461
368		0.513885
367.5		0.511085
367		0.512677
366.5		0.514222
366		0.514033
365.5		0.512215
365		0.510328
364.5		0.511996
364		0.510302
363.5		0.512223
363		0.512261
362.5		0.51003
362		0.510174
361.5		0.509046
361		0.51045
360.5		0.511851
360		0.51052
359.5		0.510609
359		0.511182
358.5		0.506659
358		0.511999
357.5		0.506398
357		0.50681
356.5		0.509268
356		0.506027
355.5		0.507565
355		0.507331
354.5		0.508631
354		0.504988
353.5		0.506499
353		0.507333
352.5		0.507016
352		0.505243
351.5		0.505189
351		0.505267
350.5		0.504081
350		0.505257
349.5		0.50488
349		0.504634
348.5		0.503052
348		0.50032
347.5		0.502977
347		0.505038
346.5		0.501605
346		0.50096
345.5		0.497612
345		0.50144
344.5		0.502325
344		0.4998
343.5		0.499242
343		0.500679
342.5		0.493867
342		0.497807
341.5		0.498961
341		0.495355
340.5		0.496669
340		0.494302
339.5		0.491506
339		0.490799
338.5		0.49417
338		0.497319
337.5		0.491057
337		0.494306
336.5		0.488918
336		0.492226
335.5		0.487973
335		0.490346
334.5		0.486255
334		0.487926
333.5		0.485962
333		0.486745
332.5		0.485665
332		0.481696
331.5		0.484253
331		0.487231
330.5		0.482004
330		0.483082
329.5		0.481003
329		0.480517
328.5		0.481192
328		0.480533
327.5		0.480879
327		0.476799
326.5		0.479122
326		0.476507
325.5		0.477367
325		0.475958
324.5		0.477658
324		0.47707
323.5		0.475613
323		0.477102
322.5		0.475464
322		0.476542
321.5		0.471851
321		0.472534
320.5		0.473485
320		0.470912
319.5		0.47218
319		0.468156
318.5		0.469971
318		0.471014
317.5		0.471569
317		0.464782
316.5		0.465174
316		0.46585
315.5		0.469993
315		0.46265
314.5		0.466562
314		0.462973
313.5		0.464686
313		0.469581
312.5		0.467212
312		0.461476
311.5		0.462024
311		0.458567
310.5		0.464109
310		0.463642
309.5		0.45938
309		0.456414
308.5		0.459491
308		0.460079
307.5		0.451311
307		0.458662
306.5		0.461148
306		0.457189
305.5		0.456306
305		0.456595
304.5		0.4543
304		0.452958
303.5		0.455886
303		0.45625
302.5		0.454219
302		0.448023
301.5		0.452173
301		0.451952
300.5		0.452459
300		0.45543
299.5		0.450349
299		0.452294
298.5		0.44975
298		0.446661
297.5		0.451475
297		0.449993
296.5		0.445766
296		0.449267
295.5		0.448901
295		0.452047
294.5		0.445553
294		0.445681
293.5		0.445639
293		0.446892
292.5		0.444007
292		0.448007
291.5		0.445317
291		0.444381
290.5		0.447962
290		0.448472
289.5		0.445484
289		0.442116
288.5		0.4441
288		0.441877
287.5		0.444897
287		0.440924
286.5		0.438208
286		0.445951
285.5		0.441928
285		0.440373
284.5		0.445441
284		0.448326
283.5		0.438511
283		0.441028
282.5		0.442316
282		0.442192
281.5		0.442686
281		0.441323
280.5		0.438491
280		0.440117
279.5		0.436532
279		0.441794
278.5		0.441087
278		0.442452
277.5		0.436919
277		0.439794
276.5		0.441032
276		0.439818
275.5		0.440428
275		0.436433
274.5		0.441288
274		0.440435
273.5		0.44035
273		0.438418
272.5		0.437685
272		0.444029
271.5		0.443775
271		0.445232
270.5		0.439241
270		0.439715
269.5		0.44682
269		0.44161
268.5		0.445247
268		0.440875
267.5		0.446701
267		0.442511
266.5		0.441353
266		0.44157
265.5		0.452062
265		0.44251
264.5		0.455056
264		0.449544
263.5		0.449403
263		0.44894
262.5		0.456972
262		0.439805
261.5		0.454636
261		0.459293
260.5		0.454692
260		0.453307
259.5		0.449785
259		0.461538
258.5		0.462012
258		0.453686
257.5		0.443919
257		0.445494
256.5		0.449308
256		0.455131
255.5		0.453155
255		0.456381
254.5		0.447842
254		0.45368
253.5		0.465294
253		0.459216
252.5		0.464603
252		0.444978
251.5		0.468955
251		0.459433
250.5		0.475593
250		0.43887
249.5		0.461383
249		0.463734
248.5		0.474022
248		0.457368
247.5		0.4664
247		0.471838
246.5		0.465823
246		0.443847
245.5		0.452285
245		0.487871
244.5		0.463779
244		0.47889
243.5		0.44472
243		0.413252
242.5		0.454689
242		0.420291
241.5		0.477508
241		0.441127
240.5		0.484943
240		0.449779
239.5		0.459151
239		0.472699
238.5		0.487894
238		0.502628
237.5		0.487989
237		0.452927
236.5		0.404004
236		0.495242
235.5		0.430953
235		0.462492
234.5		0.479047
234		0.439324
233.5		0.480315
233		0.471504
232.5		0.516018
232		0.448513
231.5		0.467308
231		0.528405
230.5		0.503784
230		0.506105
229.5		0.410157
229		0.426763
228.5		0.425482
228		0.470306
227.5		0.584761
227		0.425784
226.5		0.438808
226		0.271865
225.5		0.456075
225		0.33441
224.5		0.406896
224		0.363361
223.5		0.291549
223		0.348711
222.5		0.263252
222		0.414141
221.5		0.336805
221		0.249366
220.5		0.397276
220		0.376042
219.5		0.311069
219		2.06878
218.5		0.457007
218		0.226157
217.5		0.33227
217		0.278441
216.5		0.190827
216		0.304297
215.5		-0.0915834
215		0.751813
214.5		0.575098
214		0.198073
213.5		0.493836
213		-0.0251291
212.5		0.651754
212		1.40635
211.5		0.217802
211		3.47581
210.5		-0.124328
210		-0.00920211
209.5		0.489216
209		3.23979
208.5		0.87652
208		0.184144
207.5		0.615842
207		-2.42112
206.5		0.611035
206		2.79575
205.5		-0.504037
205		-0.71887
204.5		0.252252
204		0.348035
203.5		0.516496
203		-7.59399
202.5		0.159156
202		-0.0166424
201.5		0.453268
201		0.62678
200.5		0.605361
200		-1.91654
