07/05/2024 16.41.18
07/05/2024 16.50.17

800.0000	  0.8908

800.0000	  0.8908

900.0000	  0.9843



  1.0000
900.0000
  3.0000
340.0000
  1.0000
1401.0000
  5.0000
  6.0000
  2.0000
  1.0000
  0.0000
  0.0000
100.0000
  0.0000
  1.0000
  0.0000
500.0000
900.0000
200.0000
  4.0000
  1.0000
 18.0000
  2.0000
  1.0000
255.0000
  0.8145
  1.0000
 30.0000
  4.0000
500.0000
  0.0000
  0.0000
  4.0000
900.0000
200.0000
  0.0000
100.0000
  0.0000
  1.0000
  0.0000
500.0000
  1.0000
  1.0000
  1.0000
  1.0000
  4.0000
  0.0000
  1.0000
  1.0000
  1.0000
  1.0000
  1.0000
  2.0000
  1.0000
  1.0000
  1.0000
  3.0000
  1.0000
  1.0000
  1.0000
  4.0000
  5.0000
539.172
0.000

lambda: 800
Abs:    -0.0007
ID:     12

#
900.0000	  1.0220
899.5000	  1.0326
899.0000	  1.0128
898.5000	  1.0383
898.0000	  1.0174
897.5000	  1.0292
897.0000	  1.0560
896.5000	  1.0199
896.0000	  1.0535
895.5000	  1.0183
895.0000	  1.0306
894.5000	  1.0172
894.0000	  1.0088
893.5000	  1.0266
893.0000	  1.0006
892.5000	  1.0263
892.0000	  1.0367
891.5000	  1.0311
891.0000	  1.0150
890.5000	  1.0282
890.0000	  1.0138
889.5000	  1.0069
889.0000	  1.0154
888.5000	  1.0259
888.0000	  1.0119
887.5000	  1.0346
887.0000	  1.0085
886.5000	  1.0260
886.0000	  1.0088
885.5000	  1.0039
885.0000	  1.0151
884.5000	  1.0230
884.0000	  0.9977
883.5000	  1.0129
883.0000	  1.0152
882.5000	  1.0212
882.0000	  1.0080
881.5000	  1.0193
881.0000	  1.0003
880.5000	  1.0156
880.0000	  1.0064
879.5000	  1.0091
879.0000	  1.0080
878.5000	  1.0299
878.0000	  1.0177
877.5000	  1.0182
877.0000	  1.0221
876.5000	  0.9973
876.0000	  1.0014
875.5000	  1.0150
875.0000	  1.0006
874.5000	  1.0095
874.0000	  1.0005
873.5000	  0.9911
873.0000	  0.9955
872.5000	  1.0094
872.0000	  0.9925
871.5000	  1.0040
871.0000	  1.0065
870.5000	  0.9956
870.0000	  0.9986
869.5000	  0.9966
869.0000	  0.9905
868.5000	  0.9978
868.0000	  0.9895
867.5000	  0.9991
867.0000	  0.9959
866.5000	  0.9901
866.0000	  0.9963
865.5000	  0.9965
865.0000	  0.9840
864.5000	  0.9821
864.0000	  0.9868
863.5000	  0.9912
863.0000	  0.9853
862.5000	  0.9864
862.0000	  0.9827
861.5000	  0.9827
861.0000	  0.9880
860.5000	  0.9766
860.0000	  0.9773
859.5000	  0.9841
859.0000	  0.9823
858.5000	  0.9760
858.0000	  0.9820
857.5000	  0.9772
857.0000	  0.9761
856.5000	  0.9751
856.0000	  0.9697
855.5000	  0.9784
855.0000	  0.9721
854.5000	  0.9707
854.0000	  0.9667
853.5000	  0.9679
853.0000	  0.9726
852.5000	  0.9718
852.0000	  0.9650
851.5000	  0.9646
851.0000	  0.9660
850.5000	  0.9670
850.0000	  0.9634
849.5000	  0.9639
849.0000	  0.9609
848.5000	  0.9561
848.0000	  0.9591
847.5000	  0.9648
847.0000	  0.9608
846.5000	  0.9596
846.0000	  0.9582
845.5000	  0.9533
845.0000	  0.9538
844.5000	  0.9582
844.0000	  0.9521
843.5000	  0.9547
843.0000	  0.9496
842.5000	  0.9510
842.0000	  0.9490
841.5000	  0.9502
841.0000	  0.9513
840.5000	  0.9485
840.0000	  0.9450
839.5000	  0.9480
839.0000	  0.9457
838.5000	  0.9460
838.0000	  0.9466
837.5000	  0.9470
837.0000	  0.9439
836.5000	  0.9426
836.0000	  0.9441
835.5000	  0.9422
835.0000	  0.9401
834.5000	  0.9420
834.0000	  0.9401
833.5000	  0.9391
833.0000	  0.9404
832.5000	  0.9385
832.0000	  0.9366
831.5000	  0.9365
831.0000	  0.9374
830.5000	  0.9363
830.0000	  0.9353
829.5000	  0.9332
829.0000	  0.9304
828.5000	  0.9328
828.0000	  0.9323
827.5000	  0.9322
827.0000	  0.9306
826.5000	  0.9308
826.0000	  0.9295
825.5000	  0.9295
825.0000	  0.9284
824.5000	  0.9269
824.0000	  0.9267
823.5000	  0.9258
823.0000	  0.9259
822.5000	  0.9254
822.0000	  0.9251
821.5000	  0.9248
821.0000	  0.9215
820.5000	  0.9214
820.0000	  0.9214
819.5000	  0.9208
819.0000	  0.9202
818.5000	  0.9193
818.0000	  0.9182
817.5000	  0.9158
817.0000	  0.9174
816.5000	  0.9167
816.0000	  0.9160
815.5000	  0.9140
815.0000	  0.9142
814.5000	  0.9133
814.0000	  0.9134
813.5000	  0.9125
813.0000	  0.9111
812.5000	  0.9093
812.0000	  0.9092
811.5000	  0.9094
811.0000	  0.9091
810.5000	  0.9076
810.0000	  0.9068
809.5000	  0.9060
809.0000	  0.9053
808.5000	  0.9050
808.0000	  0.9034
807.5000	  0.9026
807.0000	  0.9021
806.5000	  0.9012
806.0000	  0.8995
805.5000	  0.8999
805.0000	  0.8989
804.5000	  0.8970
804.0000	  0.8976
803.5000	  0.8953
803.0000	  0.8943
802.5000	  0.8950
802.0000	  0.8940
801.5000	  0.8937
801.0000	  0.8911
800.5000	  0.8917
800.0000	  0.8907
799.5000	  0.8895
799.0000	  0.8876
798.5000	  0.8875
798.0000	  0.8894
797.5000	  0.8858
797.0000	  0.8859
796.5000	  0.8848
796.0000	  0.8842
795.5000	  0.8827
795.0000	  0.8824
794.5000	  0.8806
794.0000	  0.8807
793.5000	  0.8799
793.0000	  0.8799
792.5000	  0.8779
792.0000	  0.8769
791.5000	  0.8765
791.0000	  0.8764
790.5000	  0.8748
790.0000	  0.8732
789.5000	  0.8721
789.0000	  0.8708
788.5000	  0.8720
788.0000	  0.8699
787.5000	  0.8694
787.0000	  0.8683
786.5000	  0.8690
786.0000	  0.8684
785.5000	  0.8658
785.0000	  0.8656
784.5000	  0.8647
784.0000	  0.8628
783.5000	  0.8619
783.0000	  0.8618
782.5000	  0.8614
782.0000	  0.8593
781.5000	  0.8589
781.0000	  0.8589
780.5000	  0.8575
780.0000	  0.8573
779.5000	  0.8558
779.0000	  0.8579
778.5000	  0.8547
778.0000	  0.8539
777.5000	  0.8518
777.0000	  0.8522
776.5000	  0.8510
776.0000	  0.8497
775.5000	  0.8492
775.0000	  0.8479
774.5000	  0.8464
774.0000	  0.8457
773.5000	  0.8458
773.0000	  0.8438
772.5000	  0.8446
772.0000	  0.8432
771.5000	  0.8430
771.0000	  0.8420
770.5000	  0.8406
770.0000	  0.8392
769.5000	  0.8386
769.0000	  0.8385
768.5000	  0.8372
768.0000	  0.8352
767.5000	  0.8348
767.0000	  0.8343
766.5000	  0.8330
766.0000	  0.8325
765.5000	  0.8295
765.0000	  0.8306
764.5000	  0.8288
764.0000	  0.8284
763.5000	  0.8284
763.0000	  0.8275
762.5000	  0.8257
762.0000	  0.8259
761.5000	  0.8238
761.0000	  0.8230
760.5000	  0.8214
760.0000	  0.8217
759.5000	  0.8202
759.0000	  0.8196
758.5000	  0.8184
758.0000	  0.8163
757.5000	  0.8173
757.0000	  0.8153
756.5000	  0.8136
756.0000	  0.8124
755.5000	  0.8130
755.0000	  0.8128
754.5000	  0.8110
754.0000	  0.8095
753.5000	  0.8097
753.0000	  0.8085
752.5000	  0.8084
752.0000	  0.8065
751.5000	  0.8056
751.0000	  0.8043
750.5000	  0.8022
750.0000	  0.8028
749.5000	  0.8016
749.0000	  0.8013
748.5000	  0.7997
748.0000	  0.7989
747.5000	  0.7970
747.0000	  0.7974
746.5000	  0.7962
746.0000	  0.7952
745.5000	  0.7941
745.0000	  0.7927
744.5000	  0.7910
744.0000	  0.7913
743.5000	  0.7901
743.0000	  0.7895
742.5000	  0.7883
742.0000	  0.7872
741.5000	  0.7859
741.0000	  0.7840
740.5000	  0.7843
740.0000	  0.7833
739.5000	  0.7827
739.0000	  0.7805
738.5000	  0.7795
738.0000	  0.7796
737.5000	  0.7786
737.0000	  0.7773
736.5000	  0.7752
736.0000	  0.7746
735.5000	  0.7739
735.0000	  0.7731
734.5000	  0.7704
734.0000	  0.7700
733.5000	  0.7697
733.0000	  0.7675
732.5000	  0.7666
732.0000	  0.7644
731.5000	  0.7634
731.0000	  0.7624
730.5000	  0.7619
730.0000	  0.7604
729.5000	  0.7586
729.0000	  0.7576
728.5000	  0.7560
728.0000	  0.7554
727.5000	  0.7532
727.0000	  0.7521
726.5000	  0.7506
726.0000	  0.7480
725.5000	  0.7457
725.0000	  0.7451
724.5000	  0.7418
724.0000	  0.7414
723.5000	  0.7387
723.0000	  0.7377
722.5000	  0.7351
722.0000	  0.7318
721.5000	  0.7303
721.0000	  0.7292
720.5000	  0.7263
720.0000	  0.7239
719.5000	  0.7215
719.0000	  0.7206
718.5000	  0.7171
718.0000	  0.7157
717.5000	  0.7160
717.0000	  0.7139
716.5000	  0.7135
716.0000	  0.7148
715.5000	  0.7124
715.0000	  0.7129
714.5000	  0.7144
714.0000	  0.7143
713.5000	  0.7162
713.0000	  0.7148
712.5000	  0.7158
712.0000	  0.7163
711.5000	  0.7168
711.0000	  0.7162
710.5000	  0.7181
710.0000	  0.7179
709.5000	  0.7175
709.0000	  0.7184
708.5000	  0.7177
708.0000	  0.7170
707.5000	  0.7172
707.0000	  0.7165
706.5000	  0.7155
706.0000	  0.7138
705.5000	  0.7139
705.0000	  0.7123
704.5000	  0.7119
704.0000	  0.7112
703.5000	  0.7095
703.0000	  0.7074
702.5000	  0.7072
702.0000	  0.7053
701.5000	  0.7055
701.0000	  0.7040
700.5000	  0.7025
700.0000	  0.7014
699.5000	  0.7014
699.0000	  0.7005
698.5000	  0.6992
698.0000	  0.6993
697.5000	  0.6980
697.0000	  0.6958
696.5000	  0.6948
696.0000	  0.6932
695.5000	  0.6938
695.0000	  0.6922
694.5000	  0.6910
694.0000	  0.6893
693.5000	  0.6889
693.0000	  0.6878
692.5000	  0.6867
692.0000	  0.6859
691.5000	  0.6862
691.0000	  0.6844
690.5000	  0.6835
690.0000	  0.6821
689.5000	  0.6806
689.0000	  0.6794
688.5000	  0.6793
688.0000	  0.6774
687.5000	  0.6778
687.0000	  0.6754
686.5000	  0.6749
686.0000	  0.6740
685.5000	  0.6729
685.0000	  0.6718
684.5000	  0.6703
684.0000	  0.6697
683.5000	  0.6685
683.0000	  0.6669
682.5000	  0.6657
682.0000	  0.6654
681.5000	  0.6648
681.0000	  0.6638
680.5000	  0.6619
680.0000	  0.6605
679.5000	  0.6598
679.0000	  0.6603
678.5000	  0.6577
678.0000	  0.6574
677.5000	  0.6564
677.0000	  0.6544
676.5000	  0.6531
676.0000	  0.6531
675.5000	  0.6506
675.0000	  0.6504
674.5000	  0.6494
674.0000	  0.6480
673.5000	  0.6473
673.0000	  0.6461
672.5000	  0.6449
672.0000	  0.6452
671.5000	  0.6436
671.0000	  0.6417
670.5000	  0.6418
670.0000	  0.6392
669.5000	  0.6388
669.0000	  0.6379
668.5000	  0.6365
668.0000	  0.6357
667.5000	  0.6345
667.0000	  0.6336
666.5000	  0.6327
666.0000	  0.6311
665.5000	  0.6299
665.0000	  0.6298
664.5000	  0.6275
664.0000	  0.6273
663.5000	  0.6260
663.0000	  0.6245
662.5000	  0.6251
662.0000	  0.6234
661.5000	  0.6224
661.0000	  0.6206
660.5000	  0.6207
660.0000	  0.6187
659.5000	  0.6177
659.0000	  0.6170
658.5000	  0.6164
658.0000	  0.6149
657.5000	  0.6138
657.0000	  0.6136
656.5000	  0.6117
656.0000	  0.6114
655.5000	  0.6096
655.0000	  0.6092
654.5000	  0.6081
654.0000	  0.6071
653.5000	  0.6056
653.0000	  0.6061
652.5000	  0.6041
652.0000	  0.6025
651.5000	  0.6020
651.0000	  0.6010
650.5000	  0.5998
650.0000	  0.5996
649.5000	  0.5983
649.0000	  0.5964
648.5000	  0.5958
648.0000	  0.5948
647.5000	  0.5937
647.0000	  0.5928
646.5000	  0.5912
646.0000	  0.5914
645.5000	  0.5896
645.0000	  0.5887
644.5000	  0.5873
644.0000	  0.5865
643.5000	  0.5865
643.0000	  0.5854
642.5000	  0.5834
642.0000	  0.5829
641.5000	  0.5825
641.0000	  0.5817
640.5000	  0.5807
640.0000	  0.5796
639.5000	  0.5786
639.0000	  0.5783
638.5000	  0.5776
638.0000	  0.5766
637.5000	  0.5747
637.0000	  0.5740
636.5000	  0.5740
636.0000	  0.5728
635.5000	  0.5718
635.0000	  0.5712
634.5000	  0.5700
634.0000	  0.5698
633.5000	  0.5691
633.0000	  0.5678
632.5000	  0.5672
632.0000	  0.5663
631.5000	  0.5652
631.0000	  0.5640
630.5000	  0.5618
630.0000	  0.5611
629.5000	  0.5596
629.0000	  0.5582
628.5000	  0.5569
628.0000	  0.5553
627.5000	  0.5530
627.0000	  0.5514
626.5000	  0.5493
626.0000	  0.5476
625.5000	  0.5455
625.0000	  0.5435
624.5000	  0.5416
624.0000	  0.5395
623.5000	  0.5379
623.0000	  0.5358
622.5000	  0.5343
622.0000	  0.5323
621.5000	  0.5311
621.0000	  0.5292
620.5000	  0.5275
620.0000	  0.5261
619.5000	  0.5247
619.0000	  0.5227
618.5000	  0.5226
618.0000	  0.5210
617.5000	  0.5201
617.0000	  0.5192
616.5000	  0.5181
616.0000	  0.5171
615.5000	  0.5167
615.0000	  0.5153
614.5000	  0.5142
614.0000	  0.5132
613.5000	  0.5125
613.0000	  0.5119
612.5000	  0.5104
612.0000	  0.5096
611.5000	  0.5076
611.0000	  0.5075
610.5000	  0.5063
610.0000	  0.5048
609.5000	  0.5039
609.0000	  0.5029
608.5000	  0.5022
608.0000	  0.5007
607.5000	  0.4999
607.0000	  0.4987
606.5000	  0.4974
606.0000	  0.4965
605.5000	  0.4954
605.0000	  0.4939
604.5000	  0.4935
604.0000	  0.4926
603.5000	  0.4911
603.0000	  0.4898
602.5000	  0.4889
602.0000	  0.4878
601.5000	  0.4869
601.0000	  0.4853
600.5000	  0.4845
600.0000	  0.4837
599.5000	  0.4823
599.0000	  0.4811
598.5000	  0.4806
598.0000	  0.4788
597.5000	  0.4780
597.0000	  0.4770
596.5000	  0.4759
596.0000	  0.4749
595.5000	  0.4730
595.0000	  0.4722
594.5000	  0.4718
594.0000	  0.4697
593.5000	  0.4689
593.0000	  0.4684
592.5000	  0.4674
592.0000	  0.4668
591.5000	  0.4647
591.0000	  0.4643
590.5000	  0.4632
590.0000	  0.4617
589.5000	  0.4614
589.0000	  0.4597
588.5000	  0.4583
588.0000	  0.4578
587.5000	  0.4570
587.0000	  0.4556
586.5000	  0.4550
586.0000	  0.4542
585.5000	  0.4524
585.0000	  0.4524
584.5000	  0.4507
584.0000	  0.4497
583.5000	  0.4477
583.0000	  0.4470
582.5000	  0.4467
582.0000	  0.4452
581.5000	  0.4440
581.0000	  0.4434
580.5000	  0.4421
580.0000	  0.4419
579.5000	  0.4409
579.0000	  0.4396
578.5000	  0.4385
578.0000	  0.4372
577.5000	  0.4365
577.0000	  0.4356
576.5000	  0.4343
576.0000	  0.4332
575.5000	  0.4329
575.0000	  0.4322
574.5000	  0.4304
574.0000	  0.4297
573.5000	  0.4292
573.0000	  0.4276
572.5000	  0.4265
572.0000	  0.4253
571.5000	  0.4245
571.0000	  0.4240
570.5000	  0.4228
570.0000	  0.4217
569.5000	  0.4212
569.0000	  0.4197
568.5000	  0.4195
568.0000	  0.4176
567.5000	  0.4165
567.0000	  0.4158
566.5000	  0.4150
566.0000	  0.4143
565.5000	  0.4131
565.0000	  0.4123
564.5000	  0.4114
564.0000	  0.4105
563.5000	  0.4091
563.0000	  0.4088
562.5000	  0.4076
562.0000	  0.4067
561.5000	  0.4064
561.0000	  0.4047
560.5000	  0.4036
560.0000	  0.4030
559.5000	  0.4024
559.0000	  0.4010
558.5000	  0.4008
558.0000	  0.3997
557.5000	  0.3992
557.0000	  0.3980
556.5000	  0.3966
556.0000	  0.3962
555.5000	  0.3953
555.0000	  0.3945
554.5000	  0.3936
554.0000	  0.3929
553.5000	  0.3917
553.0000	  0.3914
552.5000	  0.3906
552.0000	  0.3898
551.5000	  0.3889
551.0000	  0.3882
550.5000	  0.3870
550.0000	  0.3861
549.5000	  0.3854
549.0000	  0.3849
548.5000	  0.3839
548.0000	  0.3837
547.5000	  0.3824
547.0000	  0.3812
546.5000	  0.3812
546.0000	  0.3805
545.5000	  0.3798
545.0000	  0.3788
544.5000	  0.3780
544.0000	  0.3776
543.5000	  0.3771
543.0000	  0.3763
542.5000	  0.3753
542.0000	  0.3756
541.5000	  0.3746
541.0000	  0.3734
540.5000	  0.3731
540.0000	  0.3724
539.5000	  0.3721
539.0000	  0.3713
538.5000	  0.3701
538.0000	  0.3698
537.5000	  0.3695
537.0000	  0.3683
536.5000	  0.3689
536.0000	  0.3675
535.5000	  0.3669
535.0000	  0.3670
534.5000	  0.3656
534.0000	  0.3652
533.5000	  0.3649
533.0000	  0.3641
532.5000	  0.3639
532.0000	  0.3636
531.5000	  0.3632
531.0000	  0.3623
530.5000	  0.3624
530.0000	  0.3615
529.5000	  0.3615
529.0000	  0.3609
528.5000	  0.3600
528.0000	  0.3604
527.5000	  0.3594
527.0000	  0.3593
526.5000	  0.3586
526.0000	  0.3589
525.5000	  0.3586
525.0000	  0.3579
524.5000	  0.3575
524.0000	  0.3574
523.5000	  0.3575
523.0000	  0.3570
522.5000	  0.3567
522.0000	  0.3563
521.5000	  0.3561
521.0000	  0.3561
520.5000	  0.3558
520.0000	  0.3555
519.5000	  0.3556
519.0000	  0.3555
518.5000	  0.3559
518.0000	  0.3552
517.5000	  0.3556
517.0000	  0.3557
516.5000	  0.3550
516.0000	  0.3555
515.5000	  0.3556
515.0000	  0.3555
514.5000	  0.3557
514.0000	  0.3560
513.5000	  0.3561
513.0000	  0.3560
512.5000	  0.3561
512.0000	  0.3569
511.5000	  0.3571
511.0000	  0.3575
510.5000	  0.3574
510.0000	  0.3575
509.5000	  0.3574
509.0000	  0.3578
508.5000	  0.3583
508.0000	  0.3581
507.5000	  0.3587
507.0000	  0.3581
506.5000	  0.3583
506.0000	  0.3588
505.5000	  0.3586
505.0000	  0.3586
504.5000	  0.3586
504.0000	  0.3589
503.5000	  0.3591
503.0000	  0.3592
502.5000	  0.3590
502.0000	  0.3587
501.5000	  0.3598
501.0000	  0.3599
500.5000	  0.3598
500.0000	  0.3603
499.5000	  0.3607
499.0000	  0.3615
498.5000	  0.3623
498.0000	  0.3629
497.5000	  0.3627
497.0000	  0.3637
496.5000	  0.3640
496.0000	  0.3648
495.5000	  0.3656
495.0000	  0.3664
494.5000	  0.3680
494.0000	  0.3685
493.5000	  0.3695
493.0000	  0.3705
492.5000	  0.3721
492.0000	  0.3733
491.5000	  0.3739
491.0000	  0.3756
490.5000	  0.3765
490.0000	  0.3775
489.5000	  0.3796
489.0000	  0.3806
488.5000	  0.3826
488.0000	  0.3843
487.5000	  0.3858
487.0000	  0.3871
486.5000	  0.3889
486.0000	  0.3901
485.5000	  0.3917
485.0000	  0.3939
484.5000	  0.3945
484.0000	  0.3970
483.5000	  0.3977
483.0000	  0.3998
482.5000	  0.4014
482.0000	  0.4027
481.5000	  0.4040
481.0000	  0.4063
480.5000	  0.4072
480.0000	  0.4090
479.5000	  0.4107
479.0000	  0.4119
478.5000	  0.4134
478.0000	  0.4151
477.5000	  0.4174
477.0000	  0.4181
476.5000	  0.4195
476.0000	  0.4207
475.5000	  0.4230
475.0000	  0.4242
474.5000	  0.4255
474.0000	  0.4274
473.5000	  0.4281
473.0000	  0.4301
472.5000	  0.4309
472.0000	  0.4326
471.5000	  0.4338
471.0000	  0.4336
470.5000	  0.4359
470.0000	  0.4374
469.5000	  0.4379
469.0000	  0.4397
468.5000	  0.4406
468.0000	  0.4413
467.5000	  0.4429
467.0000	  0.4442
466.5000	  0.4452
466.0000	  0.4460
465.5000	  0.4475
465.0000	  0.4489
464.5000	  0.4490
464.0000	  0.4496
463.5000	  0.4511
463.0000	  0.4513
462.5000	  0.4525
462.0000	  0.4536
461.5000	  0.4552
461.0000	  0.4570
460.5000	  0.4573
460.0000	  0.4568
459.5000	  0.4586
459.0000	  0.4607
458.5000	  0.4603
458.0000	  0.4611
457.5000	  0.4640
457.0000	  0.4646
456.5000	  0.4667
456.0000	  0.4675
455.5000	  0.4685
455.0000	  0.4701
454.5000	  0.4721
454.0000	  0.4735
453.5000	  0.4753
453.0000	  0.4776
452.5000	  0.4783
452.0000	  0.4807
451.5000	  0.4821
451.0000	  0.4846
450.5000	  0.4859
450.0000	  0.4885
449.5000	  0.4908
449.0000	  0.4911
448.5000	  0.4934
448.0000	  0.4947
447.5000	  0.4972
447.0000	  0.4995
446.5000	  0.5019
446.0000	  0.5025
445.5000	  0.5049
445.0000	  0.5059
444.5000	  0.5086
444.0000	  0.5098
443.5000	  0.5115
443.0000	  0.5128
442.5000	  0.5141
442.0000	  0.5154
441.5000	  0.5166
441.0000	  0.5181
440.5000	  0.5189
440.0000	  0.5218
439.5000	  0.5223
439.0000	  0.5228
438.5000	  0.5244
438.0000	  0.5259
437.5000	  0.5273
437.0000	  0.5285
436.5000	  0.5291
436.0000	  0.5296
435.5000	  0.5317
435.0000	  0.5329
434.5000	  0.5336
434.0000	  0.5341
433.5000	  0.5359
433.0000	  0.5368
432.5000	  0.5376
432.0000	  0.5391
431.5000	  0.5386
431.0000	  0.5405
430.5000	  0.5417
430.0000	  0.5427
429.5000	  0.5430
429.0000	  0.5441
428.5000	  0.5462
428.0000	  0.5468
427.5000	  0.5479
427.0000	  0.5479
426.5000	  0.5486
426.0000	  0.5497
425.5000	  0.5505
425.0000	  0.5506
424.5000	  0.5526
424.0000	  0.5528
423.5000	  0.5533
423.0000	  0.5548
422.5000	  0.5551
422.0000	  0.5549
421.5000	  0.5558
421.0000	  0.5561
420.5000	  0.5574
420.0000	  0.5578
419.5000	  0.5591
419.0000	  0.5607
418.5000	  0.5603
418.0000	  0.5601
417.5000	  0.5612
417.0000	  0.5627
416.5000	  0.5631
416.0000	  0.5637
415.5000	  0.5640
415.0000	  0.5654
414.5000	  0.5662
414.0000	  0.5659
413.5000	  0.5669
413.0000	  0.5675
412.5000	  0.5687
412.0000	  0.5695
411.5000	  0.5690
411.0000	  0.5708
410.5000	  0.5711
410.0000	  0.5726
409.5000	  0.5725
409.0000	  0.5730
408.5000	  0.5734
408.0000	  0.5744
407.5000	  0.5761
407.0000	  0.5759
406.5000	  0.5756
406.0000	  0.5765
405.5000	  0.5771
405.0000	  0.5778
404.5000	  0.5786
404.0000	  0.5786
403.5000	  0.5787
403.0000	  0.5803
402.5000	  0.5805
402.0000	  0.5819
401.5000	  0.5821
401.0000	  0.5837
400.5000	  0.5833
400.0000	  0.5839
399.5000	  0.5850
399.0000	  0.5843
398.5000	  0.5855
398.0000	  0.5856
397.5000	  0.5864
397.0000	  0.5872
396.5000	  0.5869
396.0000	  0.5876
395.5000	  0.5884
395.0000	  0.5891
394.5000	  0.5909
394.0000	  0.5903
393.5000	  0.5915
393.0000	  0.5921
392.5000	  0.5905
392.0000	  0.5919
391.5000	  0.5919
391.0000	  0.5929
390.5000	  0.5912
390.0000	  0.5934
389.5000	  0.5932
389.0000	  0.5932
388.5000	  0.5935
388.0000	  0.5942
387.5000	  0.5937
387.0000	  0.5926
386.5000	  0.5938
386.0000	  0.5935
385.5000	  0.5932
385.0000	  0.5928
384.5000	  0.5942
384.0000	  0.5935
383.5000	  0.5931
383.0000	  0.5946
382.5000	  0.5950
382.0000	  0.5942
381.5000	  0.5938
381.0000	  0.5954
380.5000	  0.5951
380.0000	  0.5953
379.5000	  0.5948
379.0000	  0.5944
378.5000	  0.5940
378.0000	  0.5965
377.5000	  0.5943
377.0000	  0.5954
376.5000	  0.5939
376.0000	  0.5962
375.5000	  0.5961
375.0000	  0.5963
374.5000	  0.5960
374.0000	  0.5950
373.5000	  0.5958
373.0000	  0.5962
372.5000	  0.5978
372.0000	  0.5977
371.5000	  0.5977
371.0000	  0.5975
370.5000	  0.5949
370.0000	  0.5961
369.5000	  0.5982
369.0000	  0.5980
368.5000	  0.5991
368.0000	  0.5979
367.5000	  0.5992
367.0000	  0.5971
366.5000	  0.5989
366.0000	  0.5989
365.5000	  0.5995
365.0000	  0.5997
364.5000	  0.5997
364.0000	  0.5989
363.5000	  0.5981
363.0000	  0.5993
362.5000	  0.5984
362.0000	  0.6013
361.5000	  0.6014
361.0000	  0.5999
360.5000	  0.6021
360.0000	  0.6010
359.5000	  0.6005
359.0000	  0.6002
358.5000	  0.6009
358.0000	  0.6019
357.5000	  0.6001
357.0000	  0.6010
356.5000	  0.6029
356.0000	  0.6022
355.5000	  0.6006
355.0000	  0.6036
354.5000	  0.6043
354.0000	  0.6027
353.5000	  0.6051
353.0000	  0.6040
352.5000	  0.6079
352.0000	  0.6061
351.5000	  0.6052
351.0000	  0.6053
350.5000	  0.6063
350.0000	  0.6081
349.5000	  0.6078
349.0000	  0.6099
348.5000	  0.6084
348.0000	  0.6107
347.5000	  0.6130
347.0000	  0.6113
346.5000	  0.6136
346.0000	  0.6142
345.5000	  0.6151
345.0000	  0.6176
344.5000	  0.6152
344.0000	  0.6177
343.5000	  0.6196
343.0000	  0.6207
342.5000	  0.6208
342.0000	  0.6209
341.5000	  0.6198
341.0000	  0.6226
340.5000	  0.6230
340.0000	  0.6239
339.5000	  0.6236
339.0000	  0.6240
338.5000	  0.6268
338.0000	  0.6234
337.5000	  0.6289
337.0000	  0.6239
336.5000	  0.6286
336.0000	  0.6307
335.5000	  0.6347
335.0000	  0.6299
334.5000	  0.6315
334.0000	  0.6359
333.5000	  0.6343
333.0000	  0.6359
332.5000	  0.6375
332.0000	  0.6354
331.5000	  0.6417
331.0000	  0.6412
330.5000	  0.6439
330.0000	  0.6414
329.5000	  0.6464
329.0000	  0.6454
328.5000	  0.6454
328.0000	  0.6472
327.5000	  0.6484
327.0000	  0.6484
326.5000	  0.6486
326.0000	  0.6507
325.5000	  0.6565
325.0000	  0.6529
324.5000	  0.6525
324.0000	  0.6575
323.5000	  0.6564
323.0000	  0.6610
322.5000	  0.6597
322.0000	  0.6625
321.5000	  0.6587
321.0000	  0.6681
320.5000	  0.6632
320.0000	  0.6710
319.5000	  0.6653
319.0000	  0.6702
318.5000	  0.6756
318.0000	  0.6751
317.5000	  0.6700
317.0000	  0.6761
316.5000	  0.6850
316.0000	  0.6759
315.5000	  0.6830
315.0000	  0.6836
314.5000	  0.6840
314.0000	  0.6868
313.5000	  0.6893
313.0000	  0.7016
312.5000	  0.6921
312.0000	  0.6945
311.5000	  0.6928
311.0000	  0.7037
310.5000	  0.7077
310.0000	  0.7083
309.5000	  0.7120
309.0000	  0.6995
308.5000	  0.7159
308.0000	  0.7226
307.5000	  0.7190
307.0000	  0.7147
306.5000	  0.7316
306.0000	  0.7296
305.5000	  0.7539
305.0000	  0.7159
304.5000	  0.7583
304.0000	  0.7469
303.5000	  0.7386
303.0000	  0.7717
302.5000	  0.7520
302.0000	  0.7510
301.5000	  0.7949
301.0000	  0.8121
300.5000	  0.7430
300.0000	  0.7664
299.5000	  0.7721
299.0000	  0.7512
298.5000	  0.7601
298.0000	  0.7340
297.5000	  0.7118
297.0000	  0.8606
296.5000	  0.6718
296.0000	  0.8078
295.5000	  1.0381
295.0000	  0.5472
294.5000	  0.4772
294.0000	  0.4733
293.5000	  0.8825
293.0000	  7.0000
292.5000	  0.1200
292.0000	 -0.0687
291.5000	  2.0707
291.0000	  0.7910
290.5000	 -0.0508
290.0000	  0.1921
289.5000	  0.4518
289.0000	  7.0000
288.5000	  7.0000
288.0000	  7.0000
287.5000	  0.6940
287.0000	  0.2659
286.5000	  0.0603
286.0000	  7.0000
285.5000	  0.1351
285.0000	  7.0000
284.5000	  7.0000
284.0000	  7.0000
283.5000	 -0.2706
283.0000	  1.0525
282.5000	  1.1534
282.0000	  7.0000
281.5000	  7.0000
281.0000	  0.8075
280.5000	 -0.2064
280.0000	 -0.1085
279.5000	 -0.0319
279.0000	  0.1961
278.5000	  7.0000
278.0000	 -0.1121
277.5000	  0.7207
277.0000	  0.5422
276.5000	 -0.0966
276.0000	  0.2917
275.5000	  0.3038
275.0000	  7.0000
274.5000	  0.1419
274.0000	  0.1238
273.5000	 -0.1263
273.0000	  0.4113
272.5000	  0.1336
272.0000	  7.0000
271.5000	  0.3162
271.0000	  7.0000
270.5000	 -0.0101
270.0000	  0.3830
269.5000	 -0.2164
269.0000	  0.7880
268.5000	 -0.1628
268.0000	  0.6329
267.5000	  7.0000
267.0000	  7.0000
266.5000	  0.4036
266.0000	  0.0146
265.5000	  0.9326
265.0000	  0.0105
264.5000	  0.1840
264.0000	  0.0660
263.5000	 -0.0735
263.0000	  7.0000
262.5000	  7.0000
262.0000	  7.0000
261.5000	  7.0000
261.0000	  0.2266
260.5000	  0.5566
260.0000	  0.1839
259.5000	  0.2960
259.0000	  0.4842
258.5000	  7.0000
258.0000	  7.0000
257.5000	 -0.1505
257.0000	  7.0000
256.5000	  7.0000
256.0000	  7.0000
255.5000	 -0.1777
255.0000	  0.1374
254.5000	  0.7913
254.0000	  0.0437
253.5000	  0.4086
253.0000	  0.3913
252.5000	  0.4786
252.0000	  0.1557
251.5000	 -0.2537
251.0000	  0.2887
250.5000	  0.6184
250.0000	  7.0000
249.5000	  0.2296
249.0000	  0.1344
248.5000	 -0.0273
248.0000	  7.0000
247.5000	  7.0000
247.0000	  0.1677
246.5000	  0.0610
246.0000	  7.0000
245.5000	  7.0000
245.0000	 -0.0034
244.5000	  7.0000
244.0000	  0.2396
243.5000	  7.0000
243.0000	 -0.0449
242.5000	  0.1587
242.0000	  0.4618
241.5000	  0.5789
241.0000	  7.0000
240.5000	  7.0000
240.0000	 -0.4187
239.5000	 -0.2898
239.0000	 -0.6008
238.5000	  0.7549
238.0000	  7.0000
237.5000	  0.1210
237.0000	  0.5588
236.5000	  7.0000
236.0000	  7.0000
235.5000	 -0.8730
235.0000	  0.3350
234.5000	  7.0000
234.0000	  7.0000
233.5000	  7.0000
233.0000	  7.0000
232.5000	  0.3513
232.0000	  7.0000
231.5000	  0.3534
231.0000	  7.0000
230.5000	  7.0000
230.0000	  7.0000
229.5000	  0.0846
229.0000	 -0.1055
228.5000	  0.7495
228.0000	 -0.3337
227.5000	  0.4059
227.0000	  1.1676
226.5000	  0.6631
226.0000	  0.1038
225.5000	  0.1044
225.0000	  7.0000
224.5000	 -0.2176
224.0000	  7.0000
223.5000	  0.7162
223.0000	  7.0000
222.5000	  0.2893
222.0000	  7.0000
221.5000	  0.0751
221.0000	 -0.2264
220.5000	 -0.2116
220.0000	  0.6929
219.5000	  0.1456
219.0000	  0.8651
218.5000	 -0.1711
218.0000	 -0.3154
217.5000	  0.6989
217.0000	  7.0000
216.5000	  0.3278
216.0000	  0.0841
215.5000	  7.0000
215.0000	  7.0000
214.5000	  0.2026
214.0000	  0.1679
213.5000	  0.8418
213.0000	  0.2970
212.5000	  7.0000
212.0000	  7.0000
211.5000	 -0.2885
211.0000	  0.2093
210.5000	  7.0000
210.0000	 -0.0009
209.5000	  0.1327
209.0000	 -0.2347
208.5000	  0.3377
208.0000	  0.1528
207.5000	 -0.3456
207.0000	  0.2014
206.5000	 -0.6673
206.0000	  0.1938
205.5000	  0.3052
205.0000	  0.4473
204.5000	 -0.0272
204.0000	  7.0000
203.5000	 -0.0960
203.0000	  7.0000
202.5000	  7.0000
202.0000	 -0.5015
201.5000	  0.6723
201.0000	  0.1834
200.5000	  0.0919
200.0000	  1.0790
