lambda		value

Calibration:
lambda:	800
Abs:	-0.0007

Data:
#
900		-0.0219912
899.5		-0.0320456
899		-0.0129071
898.5		-0.0382388
898		-0.0171954
897.5		-0.0287713
897		-0.0575599
896.5		-0.0203539
896		-0.053324
895.5		-0.0179641
895		-0.0301924
894.5		-0.0172691
894		-0.0086495
893.5		-0.0273185
893		-0.000627484
892.5		-0.0257137
892		-0.0370782
891.5		-0.0309915
891		-0.0151668
890.5		-0.0282169
890		-0.013564
889.5		-0.0069298
889		-0.0154448
888.5		-0.02669
888		-0.0119394
887.5		-0.0347914
887		-0.00838678
886.5		-0.0262706
886		-0.00896587
885.5		-0.00387289
885		-0.0148403
884.5		-0.0232864
884		0.00235994
883.5		-0.0128794
883		-0.0156234
882.5		-0.021399
882		-0.00798882
881.5		-0.0190749
881		-0.000298656
880.5		-0.0156942
880		-0.00649087
879.5		-0.00922734
879		-0.00810783
878.5		-0.029987
878		-0.017755
877.5		-0.0181727
877		-0.0225051
876.5		0.00271849
876		-0.00141001
875.5		-0.0152145
875		-0.000608704
874.5		-0.00961344
874		-0.000503525
873.5		0.00902362
873		0.00454041
872.5		-0.00949111
872		0.00746194
871.5		-0.00400962
871		-0.00657163
870.5		0.00436941
870		0.0014
869.5		0.00339051
869		0.0094943
868.5		0.00220176
868		0.0104717
867.5		0.000899011
867		0.00409263
866.5		0.00991189
866		0.00368269
865.5		0.00349581
865		0.0160901
864.5		0.0177052
864		0.0131579
863.5		0.00878244
863		0.014608
862.5		0.0135742
862		0.0171253
861.5		0.0172259
861		0.0120518
860.5		0.0234516
860		0.0224953
859.5		0.0158288
859		0.0175421
858.5		0.0238237
858		0.0178518
857.5		0.0227454
857		0.0237174
856.5		0.0246559
856		0.0300089
855.5		0.0213692
855		0.0276347
854.5		0.0289783
854		0.0329899
853.5		0.03182
853		0.0271502
852.5		0.0277696
852		0.0345406
851.5		0.0351295
851		0.033557
850.5		0.032628
850		0.0362161
849.5		0.0356191
849		0.0386135
848.5		0.0431832
848		0.0403472
847.5		0.034738
847		0.0386664
846.5		0.039799
846		0.0412595
845.5		0.0461873
845		0.0456251
844.5		0.0412432
844		0.0472853
843.5		0.0445209
843		0.0497385
842.5		0.0484142
842		0.0502612
841.5		0.0492582
841		0.0480513
840.5		0.0508994
840		0.0542995
839.5		0.0512922
839		0.0536933
838.5		0.0533123
838		0.0528504
837.5		0.0523974
837		0.0555171
836.5		0.0569106
836		0.0552699
835.5		0.0571881
835		0.0593951
834.5		0.0575568
834		0.0594305
833.5		0.0603807
833		0.0591329
832.5		0.0610907
832		0.0630093
831.5		0.0630774
831		0.0622205
830.5		0.0634462
830		0.0643205
829.5		0.0665007
829		0.0690887
828.5		0.0669189
828		0.0673766
827.5		0.0675433
827		0.0691166
826.5		0.0688694
826		0.0702961
825.5		0.0702051
825		0.0714072
824.5		0.0729032
824		0.0731391
823.5		0.0740963
823		0.0739078
822.5		0.0746
822		0.0746611
821.5		0.0750499
821		0.0783355
820.5		0.0782947
820		0.0784118
819.5		0.0791367
819		0.0797681
818.5		0.0805068
818		0.0818082
817.5		0.0843603
817		0.0825175
816.5		0.0831669
816		0.0837655
815.5		0.0856915
815		0.0858429
814.5		0.0866307
814		0.0865654
813.5		0.0874913
813		0.0888378
812.5		0.0905732
812		0.0907184
811.5		0.0906091
811		0.0908092
810.5		0.0921604
810		0.0931069
809.5		0.0936908
809		0.0946905
808.5		0.0949715
808		0.0965517
807.5		0.0974097
807		0.0978217
806.5		0.0988198
806		0.10053
805.5		0.0999601
805		0.101151
804.5		0.102877
804		0.102236
803.5		0.10471
803		0.1055
802.5		0.104927
802		0.105704
801.5		0.106173
801		0.109031
800.5		0.10789
800		0.109224
799.5		0.110423
799		0.112086
798.5		0.112343
798		0.110445
797.5		0.114314
797		0.113929
796.5		0.114982
796		0.115488
795.5		0.117043
795		0.117494
794.5		0.119257
794		0.11905
793.5		0.119753
793		0.120016
792.5		0.121941
792		0.123149
791.5		0.123106
791		0.122924
790.5		0.124938
790		0.126257
789.5		0.127747
789		0.128878
788.5		0.127885
788		0.129737
787.5		0.130261
787		0.131516
786.5		0.130582
786		0.130945
785.5		0.133986
785		0.133691
784.5		0.134936
784		0.136803
783.5		0.137605
783		0.138062
782.5		0.138199
782		0.140125
781.5		0.140734
781		0.140594
780.5		0.142003
780		0.14216
779.5		0.143797
779		0.141689
778.5		0.144663
778		0.145779
777.5		0.147463
777		0.147167
776.5		0.148451
776		0.149552
775.5		0.14996
775		0.151812
774.5		0.152684
774		0.154023
773.5		0.153632
773		0.155423
772.5		0.154904
772		0.155849
771.5		0.156577
771		0.157214
770.5		0.158528
770		0.160191
769.5		0.160709
769		0.160777
768.5		0.161942
768		0.163899
767.5		0.164444
767		0.164679
766.5		0.166252
766		0.166932
765.5		0.169753
765		0.168039
764.5		0.170569
764		0.170729
763.5		0.171036
763		0.171369
762.5		0.173502
762		0.173199
761.5		0.174888
761		0.176137
760.5		0.177711
760		0.177554
759.5		0.178799
759		0.179199
758.5		0.180553
758		0.182441
757.5		0.181556
757		0.183525
756.5		0.185104
756		0.186592
755.5		0.185885
755		0.186028
754.5		0.18791
754		0.188801
753.5		0.189391
753		0.19049
752.5		0.190155
752		0.192231
751.5		0.192513
751		0.194378
750.5		0.196347
750		0.195751
749.5		0.197158
749		0.196869
748.5		0.198848
748		0.199682
747.5		0.201369
747		0.201372
746.5		0.201922
746		0.203376
745.5		0.204205
745		0.205553
744.5		0.207115
744		0.206552
743.5		0.207987
743		0.208643
742.5		0.209791
742		0.210777
741.5		0.211854
741		0.213734
740.5		0.213543
740		0.214321
739.5		0.21534
739		0.21694
738.5		0.218015
738		0.21798
737.5		0.218796
737		0.219929
736.5		0.221981
736		0.222639
735.5		0.223132
735		0.224032
734.5		0.225984
734		0.226757
733.5		0.226986
733		0.229132
732.5		0.229544
732		0.231252
731.5		0.232325
731		0.233124
730.5		0.233913
730		0.234764
729.5		0.236458
729		0.23695
728.5		0.237886
728		0.238891
727.5		0.240101
727		0.2415
726.5		0.242867
726		0.244328
725.5		0.24663
725		0.246495
724.5		0.24906
724		0.248845
723.5		0.251226
723		0.251583
722.5		0.253566
722		0.255526
721.5		0.256393
721		0.25627
720.5		0.258451
720		0.260644
719.5		0.261429
719		0.262742
718.5		0.264863
718		0.266323
717.5		0.266117
717		0.267784
716.5		0.268334
716		0.267517
715.5		0.270377
715		0.271643
714.5		0.271045
714		0.27181
713.5		0.270957
713		0.272945
712.5		0.272981
712		0.273499
711.5		0.273782
711		0.27492
710.5		0.273769
710		0.275246
709.5		0.275717
709		0.275619
708.5		0.276928
708		0.277669
707.5		0.278264
707		0.279173
706.5		0.28013
706		0.282304
705.5		0.281705
705		0.283365
704.5		0.283563
704		0.284644
703.5		0.285897
703		0.287992
702.5		0.288501
702		0.290459
701.5		0.289976
701		0.291683
700.5		0.293306
700		0.29384
699.5		0.294623
699		0.294725
698.5		0.296355
698		0.296607
697.5		0.297654
697		0.299882
696.5		0.301224
696		0.302266
695.5		0.301526
695		0.302923
694.5		0.304914
694		0.306229
693.5		0.306714
693		0.307859
692.5		0.308609
692		0.310038
691.5		0.309742
691		0.311028
690.5		0.312531
690		0.313604
689.5		0.315239
689		0.316705
688.5		0.316459
688		0.318995
687.5		0.317814
687		0.320339
686.5		0.320801
686		0.322071
685.5		0.322839
685		0.323924
684.5		0.325373
684		0.326126
683.5		0.327504
683		0.32889
682.5		0.330108
682		0.330013
681.5		0.330996
681		0.331525
680.5		0.333926
680		0.335209
679.5		0.335668
679		0.336137
678.5		0.338208
678		0.338604
677.5		0.339559
677		0.341401
676.5		0.343397
676		0.343126
675.5		0.345462
675		0.345933
674.5		0.346477
674		0.348239
673.5		0.348863
673		0.349911
672.5		0.350993
672		0.350766
671.5		0.352418
671		0.354331
670.5		0.354268
670		0.357122
669.5		0.356988
669		0.358231
668.5		0.359652
668		0.359945
667.5		0.361273
667		0.362449
666.5		0.363016
666		0.365573
665.5		0.36582
665		0.36639
664.5		0.369104
664		0.368208
663.5		0.370334
663		0.371709
662.5		0.370858
662		0.372761
661.5		0.373676
661		0.375421
660.5		0.375396
660		0.377525
659.5		0.378702
659		0.379208
658.5		0.380065
658		0.381741
657.5		0.382414
657		0.382802
656.5		0.384532
656		0.384981
655.5		0.387455
655		0.387161
654.5		0.388135
654		0.38955
653.5		0.39096
653		0.390968
652.5		0.392408
652		0.394111
651.5		0.395273
651		0.39505
650.5		0.396945
650		0.397222
649.5		0.398947
649		0.400794
648.5		0.401151
648		0.402663
647.5		0.403596
647		0.405255
646.5		0.406241
646		0.405881
645.5		0.407628
645		0.409172
644.5		0.410483
644		0.411894
643.5		0.411607
643		0.412989
642.5		0.415478
642		0.41577
641.5		0.4165
641		0.417049
640.5		0.417963
640		0.420358
639.5		0.421147
639		0.421363
638.5		0.422696
638		0.423781
637.5		0.426623
637		0.427239
636.5		0.427325
636		0.429174
635.5		0.429963
635		0.431388
634.5		0.432683
634		0.433102
633.5		0.434419
633		0.435993
632.5		0.436819
632		0.438125
631.5		0.438616
631		0.440093
630.5		0.442447
630		0.442529
629.5		0.443996
629		0.444467
628.5		0.445506
628		0.446262
627.5		0.447268
627		0.449094
626.5		0.449397
626		0.450328
625.5		0.451385
625		0.451355
624.5		0.453144
624		0.453695
623.5		0.454599
623		0.455903
622.5		0.45572
622		0.45835
621.5		0.458492
621		0.459227
620.5		0.460168
620		0.460723
619.5		0.46168
619		0.463578
618.5		0.463001
618		0.464147
617.5		0.465064
617		0.466705
616.5		0.46841
616		0.469427
615.5		0.469588
615		0.471636
614.5		0.471788
614		0.473725
613.5		0.473991
613		0.474852
612.5		0.476496
612		0.476811
611.5		0.479315
611		0.47876
610.5		0.480721
610		0.481337
609.5		0.481791
609		0.483137
608.5		0.483771
608		0.485276
607.5		0.4861
607		0.487551
606.5		0.488103
606		0.489691
605.5		0.490188
605		0.491789
604.5		0.49213
604		0.493196
603.5		0.494462
603		0.495148
602.5		0.496358
602		0.497426
601.5		0.497817
601		0.500535
600.5		0.499903
600		0.501019
599.5		0.502573
599		0.502177
598.5		0.503783
598		0.504941
597.5		0.506796
597		0.507816
596.5		0.507898
596		0.509311
595.5		0.510165
595		0.510988
594.5		0.511822
594		0.513409
593.5		0.514881
593		0.514817
592.5		0.515586
592		0.516366
591.5		0.517748
591		0.518085
590.5		0.519601
590		0.52065
589.5		0.521041
589		0.522433
588.5		0.523635
588		0.524625
587.5		0.525653
587		0.526194
586.5		0.526214
586		0.526834
585.5		0.529491
585		0.528113
584.5		0.530315
584		0.531434
583.5		0.532594
583		0.534713
582.5		0.534228
582		0.53547
581.5		0.536576
581		0.536482
580.5		0.538565
580		0.538239
579.5		0.539359
579		0.540405
578.5		0.540684
578		0.543034
577.5		0.542923
577		0.544052
576.5		0.545148
576		0.546155
575.5		0.547658
575		0.547119
574.5		0.548748
574		0.549157
573.5		0.548846
573		0.551977
572.5		0.552558
572		0.553075
571.5		0.553791
571		0.554326
570.5		0.555374
570		0.556807
569.5		0.556753
569		0.557766
568.5		0.557744
568		0.558818
567.5		0.561436
567		0.561569
566.5		0.562014
566		0.562524
565.5		0.562974
565		0.564988
564.5		0.565472
564		0.566011
563.5		0.567137
563		0.566338
562.5		0.569232
562		0.569167
561.5		0.568691
561		0.571525
560.5		0.571429
560		0.573047
559.5		0.574892
559		0.57458
558.5		0.575214
558		0.576491
557.5		0.575865
557		0.577458
556.5		0.578634
556		0.57863
555.5		0.579825
555		0.579814
554.5		0.581456
554		0.581569
553.5		0.582719
553		0.583174
552.5		0.583214
552		0.584203
551.5		0.585289
551		0.585847
550.5		0.587052
550		0.586118
549.5		0.588697
549		0.587825
548.5		0.589569
548		0.589084
547.5		0.589482
547		0.59204
546.5		0.59153
546		0.592369
545.5		0.593663
545		0.593371
544.5		0.59476
544		0.59446
543.5		0.594654
543		0.596158
542.5		0.595747
542		0.596428
541.5		0.596414
541		0.597559
540.5		0.597788
540		0.597373
539.5		0.599599
539		0.599447
538.5		0.600419
538		0.600934
537.5		0.600476
537		0.602825
536.5		0.601391
536		0.602783
535.5		0.602436
535		0.602169
534.5		0.603616
534		0.604629
533.5		0.603879
533		0.605504
532.5		0.60581
532		0.605519
531.5		0.60613
531		0.606294
530.5		0.606949
530		0.607401
529.5		0.606881
529		0.608609
528.5		0.608539
528		0.608158
527.5		0.609747
527		0.608973
526.5		0.610276
526		0.609932
525.5		0.609812
525		0.611466
524.5		0.610916
524		0.611185
523.5		0.611846
523		0.61174
522.5		0.611793
522		0.611998
521.5		0.612888
521		0.613121
520.5		0.612357
520		0.612817
519.5		0.612431
519		0.613167
518.5		0.61337
518		0.613219
517.5		0.613072
517		0.612919
516.5		0.613118
516		0.61416
515.5		0.613422
515		0.613634
514.5		0.614321
514		0.612808
513.5		0.614115
513		0.613509
512.5		0.614057
512		0.613938
511.5		0.612111
511		0.613365
510.5		0.612642
510		0.612138
509.5		0.612992
509		0.61127
508.5		0.611784
508		0.610752
507.5		0.610239
507		0.610577
506.5		0.608997
506		0.607888
505.5		0.608135
505		0.607041
504.5		0.606295
504		0.604925
503.5		0.603711
503		0.603447
502.5		0.601934
502		0.601482
501.5		0.599046
501		0.598224
500.5		0.59899
500		0.596512
499.5		0.595862
499		0.59423
498.5		0.591888
498		0.591935
497.5		0.591187
497		0.589713
496.5		0.588616
496		0.587495
495.5		0.58643
495		0.584394
494.5		0.58222
494		0.581599
493.5		0.58009
493		0.579383
492.5		0.576955
492		0.575905
491.5		0.574298
491		0.572162
490.5		0.571966
490		0.571468
489.5		0.568548
489		0.567372
488.5		0.565178
488		0.563312
487.5		0.563435
487		0.560443
486.5		0.559001
486		0.558108
485.5		0.555221
485		0.55458
484.5		0.553575
484		0.550735
483.5		0.548993
483		0.547129
482.5		0.545819
482		0.544088
481.5		0.542361
481		0.539727
480.5		0.538371
480		0.537322
479.5		0.53563
479		0.533327
478.5		0.532063
478		0.529561
477.5		0.526811
477		0.526797
476.5		0.524201
476		0.523495
475.5		0.51982
475		0.518458
474.5		0.517754
474		0.514789
473.5		0.514021
473		0.511764
472.5		0.510221
472		0.508651
471.5		0.507257
471		0.505579
470.5		0.503481
470		0.501203
469.5		0.501204
469		0.498709
468.5		0.496891
468		0.496137
467.5		0.493314
467		0.491554
466.5		0.489846
466		0.488795
465.5		0.486784
465		0.484697
464.5		0.484523
464		0.482765
463.5		0.481491
463		0.479675
462.5		0.478291
462		0.476456
461.5		0.475517
461		0.473079
460.5		0.471544
460		0.471855
459.5		0.469721
459		0.46725
458.5		0.466667
458		0.466217
457.5		0.462827
457		0.461592
456.5		0.460933
456		0.45925
455.5		0.459338
455		0.458034
454.5		0.456385
454		0.455371
453.5		0.453618
453		0.451864
452.5		0.452668
452		0.450977
451.5		0.449996
451		0.448955
450.5		0.448447
450		0.446024
449.5		0.445027
449		0.444299
448.5		0.444542
448		0.442818
447.5		0.441479
447		0.440659
446.5		0.437929
446		0.438558
445.5		0.436481
445		0.435791
444.5		0.434636
444		0.432962
443.5		0.43169
443		0.431647
442.5		0.430381
442		0.4298
441.5		0.428242
441		0.427065
440.5		0.427037
440		0.424991
439.5		0.424811
439		0.423989
438.5		0.422418
438		0.420973
437.5		0.420178
437		0.419521
436.5		0.418652
436		0.418356
435.5		0.416711
435		0.414942
434.5		0.415464
434		0.414207
433.5		0.411911
433		0.412063
432.5		0.411644
432		0.409325
431.5		0.410097
431		0.407973
430.5		0.408431
430		0.406056
429.5		0.405861
429		0.405136
428.5		0.402448
428		0.402665
427.5		0.401154
427		0.401118
426.5		0.399787
426		0.398813
425.5		0.398105
425		0.397664
424.5		0.395999
424		0.395297
423.5		0.39503
423		0.393808
422.5		0.393647
422		0.392401
421.5		0.39268
421		0.391343
420.5		0.390093
420		0.390257
419.5		0.388458
419		0.386606
418.5		0.387094
418		0.386725
417.5		0.385724
417		0.383092
416.5		0.383548
416		0.38319
415.5		0.382255
415		0.380894
414.5		0.379793
414		0.380422
413.5		0.379247
413		0.378324
412.5		0.378002
412		0.37618
411.5		0.377243
411		0.375273
410.5		0.37416
410		0.374288
409.5		0.372646
409		0.371984
408.5		0.371376
408		0.371217
407.5		0.369992
407		0.368815
406.5		0.369751
406		0.368967
405.5		0.36726
405		0.367898
404.5		0.366307
404		0.366403
403.5		0.365998
403		0.364228
402.5		0.364149
402		0.362966
401.5		0.362918
401		0.360933
400.5		0.360842
400		0.361355
399.5		0.360525
399		0.360163
398.5		0.358285
398		0.358571
397.5		0.35794
397		0.35731
396.5		0.357631
396		0.356933
395.5		0.356148
395		0.354836
394.5		0.354138
394		0.353098
393.5		0.353649
393		0.351396
392.5		0.352167
392		0.351901
391.5		0.351296
391		0.350405
390.5		0.351173
390		0.348803
389.5		0.348467
389		0.348795
388.5		0.347822
388		0.346867
387.5		0.346554
387		0.347492
386.5		0.346174
386		0.34584
385.5		0.345948
385		0.345583
384.5		0.343142
384		0.34455
383.5		0.344276
383		0.342485
382.5		0.340852
382		0.342881
381.5		0.342265
381		0.340515
380.5		0.339795
380		0.341087
379.5		0.338739
379		0.340611
378.5		0.340404
378		0.337629
377.5		0.339441
377		0.338323
376.5		0.338586
376		0.337146
375.5		0.337145
375		0.336417
374.5		0.33751
374		0.337528
373.5		0.337903
373		0.336192
372.5		0.334748
372		0.335502
371.5		0.33361
371		0.334386
370.5		0.336127
370		0.335409
369.5		0.334137
369		0.332892
368.5		0.331734
368		0.333223
367.5		0.33023
367		0.332618
366.5		0.331542
366		0.330995
365.5		0.330446
365		0.329329
364.5		0.329927
364		0.33045
363.5		0.3307
363		0.329631
362.5		0.330046
362		0.327018
361.5		0.326213
361		0.327816
360.5		0.326228
360		0.326541
359.5		0.327164
359		0.32741
358.5		0.323997
358		0.325964
357.5		0.325837
357		0.325316
356.5		0.324137
356		0.323889
355.5		0.324768
355		0.322801
354.5		0.320587
354		0.322144
353.5		0.320692
353		0.320778
352.5		0.317928
352		0.31761
351.5		0.319987
351		0.319699
350.5		0.31809
350		0.316866
349.5		0.316265
349		0.314267
348.5		0.314387
348		0.311739
347.5		0.311293
347		0.31324
346.5		0.309913
346		0.308492
345.5		0.306254
345		0.30592
344.5		0.308383
344		0.305473
343.5		0.303373
343		0.303076
342.5		0.301911
342		0.30224
341.5		0.303771
341		0.299595
340.5		0.298874
340		0.297547
339.5		0.294592
339		0.294325
338.5		0.293951
338		0.296816
337.5		0.291013
337		0.295281
336.5		0.289749
336		0.28992
335.5		0.285212
335		0.28806
334.5		0.286882
334		0.282621
333.5		0.283532
333		0.282972
332.5		0.281553
332		0.282089
331.5		0.277172
331		0.27842
330.5		0.274366
330		0.277576
329.5		0.271875
329		0.272979
328.5		0.271578
328		0.270303
327.5		0.269922
327		0.269137
326.5		0.268654
326		0.266784
325.5		0.262575
325		0.264841
324.5		0.266263
324		0.261271
323.5		0.261771
323		0.259531
322.5		0.259632
322		0.256967
321.5		0.257838
321		0.251745
320.5		0.255442
320		0.248171
319.5		0.252261
319		0.248793
318.5		0.244997
318		0.245171
317.5		0.248794
317		0.242114
316.5		0.235849
316		0.242119
315.5		0.237435
315		0.235574
314.5		0.235259
314		0.232569
313.5		0.230678
313		0.222953
312.5		0.228854
312		0.225395
311.5		0.228012
311		0.218768
310.5		0.216022
310		0.216154
309.5		0.210342
309		0.221363
308.5		0.208805
308		0.203881
307.5		0.205214
307		0.210352
306.5		0.197251
306		0.197488
305.5		0.179164
305		0.207888
304.5		0.176539
304		0.184825
303.5		0.191656
303		0.167118
302.5		0.181898
302		0.180579
301.5		0.14949
301		0.136031
300.5		0.187195
300		0.17091
299.5		0.165625
299		0.181156
298.5		0.173526
298		0.191546
297.5		0.208357
297		0.100563
296.5		0.236472
296		0.138763
295.5		-0.0275289
295		0.327404
294.5		0.37517
294		0.375597
293.5		0.0841871
293		-4.29031
292.5		0.629111
292		0.76303
291.5		-0.757214
291		0.148606
290.5		0.747315
290		0.574037
289.5		0.388519
289		-4.21882
288.5		-4.22565
288		-4.21319
287.5		0.214737
287		0.512175
286.5		0.653341
286		-4.19141
285.5		0.600625
285		-4.13964
284.5		-4.16898
284		-4.18293
283.5		0.874166
283		-0.0362644
282.5		-0.105314
282		-4.13536
281.5		-4.12712
281		0.131534
280.5		0.821071
280		0.753262
279.5		0.697654
279		0.542992
278.5		-4.0736
278		0.749646
277.5		0.18798
277		0.306508
276.5		0.738401
276		0.473241
275.5		0.465873
275		-3.98645
274.5		0.570735
274		0.581034
273.5		0.746289
273		0.387838
272.5		0.570864
272		-3.93597
271.5		0.447455
271		-3.93675
270.5		0.655867
270		0.399637
269.5		0.792546
269		0.136898
268.5		0.74971
268		0.236762
267.5		-3.85431
267		-3.82312
266.5		0.38133
266		0.630817
265.5		0.0428127
265		0.623936
264.5		0.514956
264		0.591139
263.5		0.678357
263		-3.75117
262.5		-3.7325
262		-3.74368
261.5		-3.75328
261		0.480164
260.5		0.274943
260		0.505263
259.5		0.432592
259		0.313823
258.5		-3.65764
258		-3.65787
257.5		0.697357
257		-3.65519
256.5		-3.64166
256		-3.61033
255.5		0.708945
255		0.515293
254.5		0.124873
254		0.568854
253.5		0.349879
253		0.36022
252.5		0.30676
252		0.49461
251.5		0.740476
251		0.414197
250.5		0.221436
250		-3.48736
249.5		0.445266
249		0.496986
248.5		0.594227
248		-3.44887
247.5		-3.38181
247		0.473894
246.5		0.535195
246		-3.39559
245.5		-3.35946
245		0.563328
244.5		-3.36606
244		0.421765
243.5		-3.31108
243		0.573019
242.5		0.459175
242		0.29147
241.5		0.228449
241		-3.24447
240.5		-3.2144
240		0.754989
239.5		0.681893
239		0.841906
238.5		0.129545
238		-3.12159
237.5		0.457932
237		0.229564
236.5		-3.07125
236		-3.10238
235.5		0.948979
235		0.336538
234.5		-3.04708
234		-3.02435
233.5		-3.02404
233		-2.98329
232.5		0.32264
232		-2.95276
231.5		0.320702
231		-2.91772
230.5		-2.92897
230		-2.88378
229.5		0.433572
229		0.530114
228.5		0.11876
228		0.640186
227.5		0.280408
227		-0.0785858
226.5		0.158065
226		0.416624
225.5		0.418426
225		-2.76817
224.5		0.558891
224		-2.7142
223.5		0.125022
223		-2.6713
222.5		0.316514
222		-2.61986
221.5		0.406335
221		0.536061
220.5		0.530426
220		0.133947
219.5		0.364117
219		0.0583099
218.5		0.504915
218		0.580699
217.5		0.124695
217		-2.4853
216.5		0.283055
216		0.3712
215.5		-2.48602
215		-2.41702
214.5		0.311193
214		0.328465
213.5		0.0620977
213		0.270906
212.5		-2.37295
212		-2.33945
211.5		0.504938
211		0.305231
210.5		-2.31992
210		0.37435
209.5		0.332809
209		0.46995
208.5		0.25394
208		0.305672
207.5		0.488191
207		0.271245
206.5		0.603919
206		0.285593
205.5		0.242793
205		0.198591
204.5		0.346547
204		-2.34779
203.5		0.395554
203		-1.97193
202.5		-1.97765
202		0.464415
201.5		0.107832
201		0.261237
200.5		0.299002
200		-0.0309634
