21/05/2024 15.44.45
21/05/2024 15.53.44

800.0000	 50.1900

800.0000	 50.1900

900.0000	 49.2500



  1.0000
900.0000
  3.0000
340.0000
  1.0000
1401.0000
  5.0000
  6.0000
  1.0000
  1.0000
  0.0000
  0.0000
100.0000
  0.0000
  1.0000
  0.0000
500.0000
900.0000
200.0000
  4.0000
  1.0000
 18.0000
  2.0000
  1.0000
255.0000
  0.8264
  1.0000
 30.0000
  4.0000
500.0000
  0.0000
  0.0000
  4.0000
900.0000
200.0000
  0.0000
100.0000
  0.0000
  1.0000
  0.0000
500.0000
  1.0000
  1.0000
  1.0000
  1.0000
  4.0000
  0.0000
  1.0000
  1.0000
  1.0000
  1.0000
  1.0000
  2.0000
  1.0000
  1.0000
  1.0000
  3.0000
  1.0000
  1.0000
  1.0000
  4.0000
  5.0000
539.534
0.000

lambda: 800
Abs:    0.0001
ID:     C
Temp:   200

#
900.0000	  0.4967
899.5000	  0.4829
899.0000	  0.4642
898.5000	  0.4803
898.0000	  0.4848
897.5000	  0.4914
897.0000	  0.4897
896.5000	  0.5021
896.0000	  0.4994
895.5000	  0.4783
895.0000	  0.4947
894.5000	  0.4787
894.0000	  0.4863
893.5000	  0.5051
893.0000	  0.4730
892.5000	  0.4806
892.0000	  0.4779
891.5000	  0.4777
891.0000	  0.4823
890.5000	  0.4939
890.0000	  0.4969
889.5000	  0.4896
889.0000	  0.4728
888.5000	  0.4867
888.0000	  0.4858
887.5000	  0.4977
887.0000	  0.4959
886.5000	  0.4977
886.0000	  0.4950
885.5000	  0.4866
885.0000	  0.4907
884.5000	  0.4853
884.0000	  0.4908
883.5000	  0.4816
883.0000	  0.4933
882.5000	  0.4851
882.0000	  0.4887
881.5000	  0.4743
881.0000	  0.4970
880.5000	  0.4825
880.0000	  0.4715
879.5000	  0.4865
879.0000	  0.4807
878.5000	  0.4894
878.0000	  0.4856
877.5000	  0.4873
877.0000	  0.4925
876.5000	  0.4912
876.0000	  0.4890
875.5000	  0.4913
875.0000	  0.4875
874.5000	  0.4883
874.0000	  0.4924
873.5000	  0.4864
873.0000	  0.4868
872.5000	  0.4899
872.0000	  0.4854
871.5000	  0.4921
871.0000	  0.4901
870.5000	  0.4876
870.0000	  0.4938
869.5000	  0.4864
869.0000	  0.4891
868.5000	  0.4918
868.0000	  0.4865
867.5000	  0.4890
867.0000	  0.4883
866.5000	  0.4905
866.0000	  0.4968
865.5000	  0.4961
865.0000	  0.4920
864.5000	  0.4906
864.0000	  0.4944
863.5000	  0.4919
863.0000	  0.4929
862.5000	  0.4930
862.0000	  0.4937
861.5000	  0.4940
861.0000	  0.4931
860.5000	  0.4961
860.0000	  0.4949
859.5000	  0.4953
859.0000	  0.4924
858.5000	  0.4946
858.0000	  0.4958
857.5000	  0.4974
857.0000	  0.4965
856.5000	  0.4934
856.0000	  0.4963
855.5000	  0.4952
855.0000	  0.4969
854.5000	  0.4984
854.0000	  0.4977
853.5000	  0.4940
853.0000	  0.4982
852.5000	  0.4976
852.0000	  0.5018
851.5000	  0.4993
851.0000	  0.4945
850.5000	  0.5001
850.0000	  0.4986
849.5000	  0.4981
849.0000	  0.5003
848.5000	  0.4981
848.0000	  0.4992
847.5000	  0.4981
847.0000	  0.5013
846.5000	  0.5001
846.0000	  0.5009
845.5000	  0.4996
845.0000	  0.5010
844.5000	  0.4993
844.0000	  0.5014
843.5000	  0.5013
843.0000	  0.4988
842.5000	  0.5006
842.0000	  0.5019
841.5000	  0.5016
841.0000	  0.5011
840.5000	  0.5016
840.0000	  0.5000
839.5000	  0.5015
839.0000	  0.5021
838.5000	  0.5028
838.0000	  0.5010
837.5000	  0.5021
837.0000	  0.5005
836.5000	  0.4999
836.0000	  0.5023
835.5000	  0.5010
835.0000	  0.5015
834.5000	  0.5013
834.0000	  0.5010
833.5000	  0.5010
833.0000	  0.4997
832.5000	  0.5006
832.0000	  0.5022
831.5000	  0.5008
831.0000	  0.5011
830.5000	  0.5008
830.0000	  0.5011
829.5000	  0.5011
829.0000	  0.5011
828.5000	  0.4999
828.0000	  0.5010
827.5000	  0.5012
827.0000	  0.5013
826.5000	  0.5010
826.0000	  0.4998
825.5000	  0.4999
825.0000	  0.5030
824.5000	  0.4995
824.0000	  0.5003
823.5000	  0.5012
823.0000	  0.4999
822.5000	  0.5002
822.0000	  0.5005
821.5000	  0.5006
821.0000	  0.4998
820.5000	  0.5011
820.0000	  0.5015
819.5000	  0.5020
819.0000	  0.5002
818.5000	  0.5009
818.0000	  0.5009
817.5000	  0.5006
817.0000	  0.5013
816.5000	  0.5008
816.0000	  0.5004
815.5000	  0.5010
815.0000	  0.5003
814.5000	  0.5003
814.0000	  0.5018
813.5000	  0.5016
813.0000	  0.5010
812.5000	  0.5025
812.0000	  0.5010
811.5000	  0.5020
811.0000	  0.5016
810.5000	  0.5004
810.0000	  0.5013
809.5000	  0.5016
809.0000	  0.5007
808.5000	  0.5015
808.0000	  0.5017
807.5000	  0.5019
807.0000	  0.5021
806.5000	  0.5020
806.0000	  0.5031
805.5000	  0.5012
805.0000	  0.5024
804.5000	  0.5021
804.0000	  0.5031
803.5000	  0.5014
803.0000	  0.5025
802.5000	  0.5024
802.0000	  0.5032
801.5000	  0.5028
801.0000	  0.5023
800.5000	  0.5033
800.0000	  0.5033
799.5000	  0.5033
799.0000	  0.5031
798.5000	  0.5034
798.0000	  0.5038
797.5000	  0.5039
797.0000	  0.5032
796.5000	  0.5034
796.0000	  0.5049
795.5000	  0.5039
795.0000	  0.5035
794.5000	  0.5047
794.0000	  0.5046
793.5000	  0.5040
793.0000	  0.5047
792.5000	  0.5030
792.0000	  0.5041
791.5000	  0.5050
791.0000	  0.5045
790.5000	  0.5053
790.0000	  0.5039
789.5000	  0.5054
789.0000	  0.5050
788.5000	  0.5045
788.0000	  0.5053
787.5000	  0.5048
787.0000	  0.5046
786.5000	  0.5054
786.0000	  0.5053
785.5000	  0.5054
785.0000	  0.5064
784.5000	  0.5061
784.0000	  0.5060
783.5000	  0.5060
783.0000	  0.5065
782.5000	  0.5068
782.0000	  0.5063
781.5000	  0.5064
781.0000	  0.5069
780.5000	  0.5076
780.0000	  0.5070
779.5000	  0.5065
779.0000	  0.5061
778.5000	  0.5070
778.0000	  0.5067
777.5000	  0.5064
777.0000	  0.5079
776.5000	  0.5071
776.0000	  0.5072
775.5000	  0.5088
775.0000	  0.5071
774.5000	  0.5087
774.0000	  0.5086
773.5000	  0.5080
773.0000	  0.5079
772.5000	  0.5084
772.0000	  0.5073
771.5000	  0.5084
771.0000	  0.5086
770.5000	  0.5085
770.0000	  0.5094
769.5000	  0.5083
769.0000	  0.5087
768.5000	  0.5089
768.0000	  0.5087
767.5000	  0.5091
767.0000	  0.5094
766.5000	  0.5094
766.0000	  0.5102
765.5000	  0.5094
765.0000	  0.5095
764.5000	  0.5090
764.0000	  0.5092
763.5000	  0.5098
763.0000	  0.5102
762.5000	  0.5097
762.0000	  0.5091
761.5000	  0.5101
761.0000	  0.5102
760.5000	  0.5111
760.0000	  0.5102
759.5000	  0.5097
759.0000	  0.5105
758.5000	  0.5106
758.0000	  0.5107
757.5000	  0.5118
757.0000	  0.5107
756.5000	  0.5110
756.0000	  0.5118
755.5000	  0.5107
755.0000	  0.5119
754.5000	  0.5115
754.0000	  0.5121
753.5000	  0.5118
753.0000	  0.5122
752.5000	  0.5120
752.0000	  0.5123
751.5000	  0.5123
751.0000	  0.5125
750.5000	  0.5111
750.0000	  0.5131
749.5000	  0.5134
749.0000	  0.5123
748.5000	  0.5143
748.0000	  0.5128
747.5000	  0.5129
747.0000	  0.5137
746.5000	  0.5142
746.0000	  0.5128
745.5000	  0.5138
745.0000	  0.5129
744.5000	  0.5140
744.0000	  0.5147
743.5000	  0.5139
743.0000	  0.5145
742.5000	  0.5146
742.0000	  0.5149
741.5000	  0.5157
741.0000	  0.5162
740.5000	  0.5155
740.0000	  0.5149
739.5000	  0.5166
739.0000	  0.5156
738.5000	  0.5160
738.0000	  0.5165
737.5000	  0.5168
737.0000	  0.5169
736.5000	  0.5179
736.0000	  0.5183
735.5000	  0.5176
735.0000	  0.5176
734.5000	  0.5193
734.0000	  0.5188
733.5000	  0.5197
733.0000	  0.5191
732.5000	  0.5199
732.0000	  0.5197
731.5000	  0.5204
731.0000	  0.5213
730.5000	  0.5219
730.0000	  0.5221
729.5000	  0.5227
729.0000	  0.5231
728.5000	  0.5241
728.0000	  0.5247
727.5000	  0.5252
727.0000	  0.5254
726.5000	  0.5271
726.0000	  0.5277
725.5000	  0.5276
725.0000	  0.5297
724.5000	  0.5308
724.0000	  0.5319
723.5000	  0.5342
723.0000	  0.5349
722.5000	  0.5374
722.0000	  0.5377
721.5000	  0.5395
721.0000	  0.5413
720.5000	  0.5437
720.0000	  0.5458
719.5000	  0.5476
719.0000	  0.5481
718.5000	  0.5487
718.0000	  0.5500
717.5000	  0.5492
717.0000	  0.5505
716.5000	  0.5500
716.0000	  0.5488
715.5000	  0.5474
715.0000	  0.5453
714.5000	  0.5455
714.0000	  0.5419
713.5000	  0.5392
713.0000	  0.5387
712.5000	  0.5364
712.0000	  0.5346
711.5000	  0.5340
711.0000	  0.5316
710.5000	  0.5306
710.0000	  0.5290
709.5000	  0.5287
709.0000	  0.5267
708.5000	  0.5263
708.0000	  0.5249
707.5000	  0.5254
707.0000	  0.5243
706.5000	  0.5245
706.0000	  0.5251
705.5000	  0.5250
705.0000	  0.5240
704.5000	  0.5240
704.0000	  0.5256
703.5000	  0.5258
703.0000	  0.5251
702.5000	  0.5248
702.0000	  0.5253
701.5000	  0.5245
701.0000	  0.5252
700.5000	  0.5259
700.0000	  0.5254
699.5000	  0.5261
699.0000	  0.5255
698.5000	  0.5254
698.0000	  0.5264
697.5000	  0.5260
697.0000	  0.5260
696.5000	  0.5264
696.0000	  0.5266
695.5000	  0.5263
695.0000	  0.5267
694.5000	  0.5262
694.0000	  0.5272
693.5000	  0.5271
693.0000	  0.5275
692.5000	  0.5271
692.0000	  0.5268
691.5000	  0.5265
691.0000	  0.5267
690.5000	  0.5269
690.0000	  0.5275
689.5000	  0.5282
689.0000	  0.5273
688.5000	  0.5274
688.0000	  0.5274
687.5000	  0.5282
687.0000	  0.5278
686.5000	  0.5279
686.0000	  0.5278
685.5000	  0.5290
685.0000	  0.5288
684.5000	  0.5288
684.0000	  0.5287
683.5000	  0.5282
683.0000	  0.5290
682.5000	  0.5294
682.0000	  0.5290
681.5000	  0.5292
681.0000	  0.5303
680.5000	  0.5293
680.0000	  0.5296
679.5000	  0.5293
679.0000	  0.5303
678.5000	  0.5303
678.0000	  0.5303
677.5000	  0.5306
677.0000	  0.5306
676.5000	  0.5311
676.0000	  0.5307
675.5000	  0.5316
675.0000	  0.5307
674.5000	  0.5317
674.0000	  0.5314
673.5000	  0.5321
673.0000	  0.5319
672.5000	  0.5325
672.0000	  0.5324
671.5000	  0.5324
671.0000	  0.5331
670.5000	  0.5327
670.0000	  0.5333
669.5000	  0.5326
669.0000	  0.5338
668.5000	  0.5337
668.0000	  0.5337
667.5000	  0.5344
667.0000	  0.5340
666.5000	  0.5346
666.0000	  0.5346
665.5000	  0.5345
665.0000	  0.5359
664.5000	  0.5352
664.0000	  0.5347
663.5000	  0.5354
663.0000	  0.5360
662.5000	  0.5355
662.0000	  0.5363
661.5000	  0.5364
661.0000	  0.5369
660.5000	  0.5367
660.0000	  0.5375
659.5000	  0.5370
659.0000	  0.5376
658.5000	  0.5368
658.0000	  0.5375
657.5000	  0.5369
657.0000	  0.5377
656.5000	  0.5386
656.0000	  0.5380
655.5000	  0.5385
655.0000	  0.5382
654.5000	  0.5388
654.0000	  0.5389
653.5000	  0.5396
653.0000	  0.5395
652.5000	  0.5395
652.0000	  0.5405
651.5000	  0.5407
651.0000	  0.5408
650.5000	  0.5408
650.0000	  0.5403
649.5000	  0.5411
649.0000	  0.5412
648.5000	  0.5419
648.0000	  0.5413
647.5000	  0.5413
647.0000	  0.5424
646.5000	  0.5427
646.0000	  0.5425
645.5000	  0.5435
645.0000	  0.5421
644.5000	  0.5431
644.0000	  0.5436
643.5000	  0.5439
643.0000	  0.5441
642.5000	  0.5440
642.0000	  0.5442
641.5000	  0.5439
641.0000	  0.5449
640.5000	  0.5449
640.0000	  0.5454
639.5000	  0.5450
639.0000	  0.5453
638.5000	  0.5456
638.0000	  0.5452
637.5000	  0.5461
637.0000	  0.5456
636.5000	  0.5461
636.0000	  0.5464
635.5000	  0.5468
635.0000	  0.5471
634.5000	  0.5460
634.0000	  0.5467
633.5000	  0.5474
633.0000	  0.5468
632.5000	  0.5476
632.0000	  0.5472
631.5000	  0.5482
631.0000	  0.5486
630.5000	  0.5494
630.0000	  0.5493
629.5000	  0.5506
629.0000	  0.5503
628.5000	  0.5512
628.0000	  0.5526
627.5000	  0.5530
627.0000	  0.5544
626.5000	  0.5547
626.0000	  0.5558
625.5000	  0.5571
625.0000	  0.5582
624.5000	  0.5592
624.0000	  0.5597
623.5000	  0.5618
623.0000	  0.5623
622.5000	  0.5625
622.0000	  0.5634
621.5000	  0.5652
621.0000	  0.5647
620.5000	  0.5656
620.0000	  0.5664
619.5000	  0.5678
619.0000	  0.5682
618.5000	  0.5698
618.0000	  0.5698
617.5000	  0.5693
617.0000	  0.5697
616.5000	  0.5709
616.0000	  0.5704
615.5000	  0.5701
615.0000	  0.5710
614.5000	  0.5710
614.0000	  0.5711
613.5000	  0.5723
613.0000	  0.5727
612.5000	  0.5724
612.0000	  0.5733
611.5000	  0.5741
611.0000	  0.5747
610.5000	  0.5747
610.0000	  0.5754
609.5000	  0.5758
609.0000	  0.5757
608.5000	  0.5761
608.0000	  0.5781
607.5000	  0.5767
607.0000	  0.5787
606.5000	  0.5780
606.0000	  0.5789
605.5000	  0.5805
605.0000	  0.5803
604.5000	  0.5813
604.0000	  0.5815
603.5000	  0.5826
603.0000	  0.5831
602.5000	  0.5836
602.0000	  0.5828
601.5000	  0.5828
601.0000	  0.5842
600.5000	  0.5846
600.0000	  0.5859
599.5000	  0.5869
599.0000	  0.5870
598.5000	  0.5873
598.0000	  0.5873
597.5000	  0.5886
597.0000	  0.5892
596.5000	  0.5892
596.0000	  0.5899
595.5000	  0.5909
595.0000	  0.5907
594.5000	  0.5929
594.0000	  0.5921
593.5000	  0.5931
593.0000	  0.5937
592.5000	  0.5945
592.0000	  0.5960
591.5000	  0.5951
591.0000	  0.5961
590.5000	  0.5971
590.0000	  0.5979
589.5000	  0.5989
589.0000	  0.5991
588.5000	  0.5984
588.0000	  0.5998
587.5000	  0.6011
587.0000	  0.6018
586.5000	  0.6024
586.0000	  0.6016
585.5000	  0.6026
585.0000	  0.6039
584.5000	  0.6046
584.0000	  0.6055
583.5000	  0.6051
583.0000	  0.6063
582.5000	  0.6071
582.0000	  0.6080
581.5000	  0.6086
581.0000	  0.6097
580.5000	  0.6089
580.0000	  0.6108
579.5000	  0.6108
579.0000	  0.6118
578.5000	  0.6129
578.0000	  0.6123
577.5000	  0.6146
577.0000	  0.6147
576.5000	  0.6155
576.0000	  0.6165
575.5000	  0.6167
575.0000	  0.6168
574.5000	  0.6185
574.0000	  0.6188
573.5000	  0.6193
573.0000	  0.6211
572.5000	  0.6209
572.0000	  0.6215
571.5000	  0.6218
571.0000	  0.6231
570.5000	  0.6239
570.0000	  0.6248
569.5000	  0.6259
569.0000	  0.6267
568.5000	  0.6276
568.0000	  0.6283
567.5000	  0.6294
567.0000	  0.6296
566.5000	  0.6302
566.0000	  0.6313
565.5000	  0.6317
565.0000	  0.6332
564.5000	  0.6329
564.0000	  0.6343
563.5000	  0.6353
563.0000	  0.6358
562.5000	  0.6371
562.0000	  0.6380
561.5000	  0.6389
561.0000	  0.6399
560.5000	  0.6406
560.0000	  0.6416
559.5000	  0.6425
559.0000	  0.6437
558.5000	  0.6438
558.0000	  0.6449
557.5000	  0.6462
557.0000	  0.6467
556.5000	  0.6481
556.0000	  0.6477
555.5000	  0.6499
555.0000	  0.6502
554.5000	  0.6514
554.0000	  0.6522
553.5000	  0.6524
553.0000	  0.6537
552.5000	  0.6541
552.0000	  0.6553
551.5000	  0.6568
551.0000	  0.6574
550.5000	  0.6582
550.0000	  0.6593
549.5000	  0.6595
549.0000	  0.6611
548.5000	  0.6626
548.0000	  0.6621
547.5000	  0.6635
547.0000	  0.6647
546.5000	  0.6660
546.0000	  0.6671
545.5000	  0.6671
545.0000	  0.6683
544.5000	  0.6691
544.0000	  0.6701
543.5000	  0.6709
543.0000	  0.6721
542.5000	  0.6724
542.0000	  0.6744
541.5000	  0.6749
541.0000	  0.6769
540.5000	  0.6777
540.0000	  0.6770
539.5000	  0.6789
539.0000	  0.6795
538.5000	  0.6806
538.0000	  0.6817
537.5000	  0.6825
537.0000	  0.6829
536.5000	  0.6838
536.0000	  0.6855
535.5000	  0.6867
535.0000	  0.6873
534.5000	  0.6873
534.0000	  0.6891
533.5000	  0.6897
533.0000	  0.6914
532.5000	  0.6923
532.0000	  0.6919
531.5000	  0.6940
531.0000	  0.6942
530.5000	  0.6950
530.0000	  0.6964
529.5000	  0.6975
529.0000	  0.6981
528.5000	  0.6990
528.0000	  0.7008
527.5000	  0.7014
527.0000	  0.7025
526.5000	  0.7022
526.0000	  0.7032
525.5000	  0.7053
525.0000	  0.7051
524.5000	  0.7069
524.0000	  0.7076
523.5000	  0.7080
523.0000	  0.7090
522.5000	  0.7100
522.0000	  0.7113
521.5000	  0.7119
521.0000	  0.7116
520.5000	  0.7141
520.0000	  0.7140
519.5000	  0.7148
519.0000	  0.7164
518.5000	  0.7154
518.0000	  0.7172
517.5000	  0.7184
517.0000	  0.7187
516.5000	  0.7196
516.0000	  0.7195
515.5000	  0.7199
515.0000	  0.7214
514.5000	  0.7213
514.0000	  0.7218
513.5000	  0.7238
513.0000	  0.7230
512.5000	  0.7250
512.0000	  0.7249
511.5000	  0.7246
511.0000	  0.7266
510.5000	  0.7254
510.0000	  0.7267
509.5000	  0.7275
509.0000	  0.7282
508.5000	  0.7293
508.0000	  0.7292
507.5000	  0.7294
507.0000	  0.7314
506.5000	  0.7327
506.0000	  0.7327
505.5000	  0.7339
505.0000	  0.7338
504.5000	  0.7361
504.0000	  0.7373
503.5000	  0.7372
503.0000	  0.7394
502.5000	  0.7389
502.0000	  0.7398
501.5000	  0.7411
501.0000	  0.7418
500.5000	  0.7438
500.0000	  0.7450
499.5000	  0.7445
499.0000	  0.7465
498.5000	  0.7465
498.0000	  0.7462
497.5000	  0.7487
497.0000	  0.7481
496.5000	  0.7488
496.0000	  0.7492
495.5000	  0.7499
495.0000	  0.7495
494.5000	  0.7501
494.0000	  0.7505
493.5000	  0.7502
493.0000	  0.7506
492.5000	  0.7509
492.0000	  0.7514
491.5000	  0.7514
491.0000	  0.7516
490.5000	  0.7513
490.0000	  0.7509
489.5000	  0.7508
489.0000	  0.7496
488.5000	  0.7498
488.0000	  0.7491
487.5000	  0.7488
487.0000	  0.7488
486.5000	  0.7480
486.0000	  0.7478
485.5000	  0.7482
485.0000	  0.7476
484.5000	  0.7469
484.0000	  0.7470
483.5000	  0.7460
483.0000	  0.7466
482.5000	  0.7454
482.0000	  0.7451
481.5000	  0.7459
481.0000	  0.7444
480.5000	  0.7438
480.0000	  0.7438
479.5000	  0.7435
479.0000	  0.7436
478.5000	  0.7433
478.0000	  0.7433
477.5000	  0.7423
477.0000	  0.7432
476.5000	  0.7425
476.0000	  0.7423
475.5000	  0.7426
475.0000	  0.7416
474.5000	  0.7406
474.0000	  0.7415
473.5000	  0.7417
473.0000	  0.7408
472.5000	  0.7405
472.0000	  0.7409
471.5000	  0.7412
471.0000	  0.7408
470.5000	  0.7400
470.0000	  0.7397
469.5000	  0.7412
469.0000	  0.7399
468.5000	  0.7402
468.0000	  0.7411
467.5000	  0.7399
467.0000	  0.7411
466.5000	  0.7417
466.0000	  0.7416
465.5000	  0.7430
465.0000	  0.7421
464.5000	  0.7420
464.0000	  0.7418
463.5000	  0.7425
463.0000	  0.7431
462.5000	  0.7441
462.0000	  0.7438
461.5000	  0.7437
461.0000	  0.7428
460.5000	  0.7431
460.0000	  0.7452
459.5000	  0.7435
459.0000	  0.7440
458.5000	  0.7453
458.0000	  0.7445
457.5000	  0.7457
457.0000	  0.7453
456.5000	  0.7427
456.0000	  0.7441
455.5000	  0.7423
455.0000	  0.7435
454.5000	  0.7418
454.0000	  0.7393
453.5000	  0.7386
453.0000	  0.7379
452.5000	  0.7371
452.0000	  0.7341
451.5000	  0.7340
451.0000	  0.7302
450.5000	  0.7301
450.0000	  0.7276
449.5000	  0.7259
449.0000	  0.7251
448.5000	  0.7232
448.0000	  0.7224
447.5000	  0.7193
447.0000	  0.7175
446.5000	  0.7190
446.0000	  0.7160
445.5000	  0.7141
445.0000	  0.7129
444.5000	  0.7116
444.0000	  0.7104
443.5000	  0.7091
443.0000	  0.7071
442.5000	  0.7064
442.0000	  0.7058
441.5000	  0.7055
441.0000	  0.7043
440.5000	  0.7032
440.0000	  0.7025
439.5000	  0.7013
439.0000	  0.7015
438.5000	  0.6998
438.0000	  0.6992
437.5000	  0.6988
437.0000	  0.6980
436.5000	  0.6976
436.0000	  0.6968
435.5000	  0.6966
435.0000	  0.6957
434.5000	  0.6944
434.0000	  0.6939
433.5000	  0.6941
433.0000	  0.6933
432.5000	  0.6930
432.0000	  0.6921
431.5000	  0.6916
431.0000	  0.6924
430.5000	  0.6916
430.0000	  0.6908
429.5000	  0.6915
429.0000	  0.6909
428.5000	  0.6899
428.0000	  0.6886
427.5000	  0.6892
427.0000	  0.6894
426.5000	  0.6879
426.0000	  0.6886
425.5000	  0.6888
425.0000	  0.6885
424.5000	  0.6883
424.0000	  0.6883
423.5000	  0.6876
423.0000	  0.6874
422.5000	  0.6876
422.0000	  0.6866
421.5000	  0.6876
421.0000	  0.6882
420.5000	  0.6858
420.0000	  0.6869
419.5000	  0.6856
419.0000	  0.6867
418.5000	  0.6871
418.0000	  0.6866
417.5000	  0.6863
417.0000	  0.6853
416.5000	  0.6861
416.0000	  0.6859
415.5000	  0.6840
415.0000	  0.6843
414.5000	  0.6845
414.0000	  0.6848
413.5000	  0.6829
413.0000	  0.6855
412.5000	  0.6847
412.0000	  0.6835
411.5000	  0.6851
411.0000	  0.6833
410.5000	  0.6839
410.0000	  0.6832
409.5000	  0.6821
409.0000	  0.6823
408.5000	  0.6831
408.0000	  0.6827
407.5000	  0.6832
407.0000	  0.6811
406.5000	  0.6831
406.0000	  0.6830
405.5000	  0.6822
405.0000	  0.6806
404.5000	  0.6815
404.0000	  0.6812
403.5000	  0.6806
403.0000	  0.6797
402.5000	  0.6810
402.0000	  0.6818
401.5000	  0.6805
401.0000	  0.6814
400.5000	  0.6789
400.0000	  0.6803
399.5000	  0.6808
399.0000	  0.6795
398.5000	  0.6806
398.0000	  0.6802
397.5000	  0.6796
397.0000	  0.6797
396.5000	  0.6797
396.0000	  0.6789
395.5000	  0.6784
395.0000	  0.6789
394.5000	  0.6787
394.0000	  0.6796
393.5000	  0.6778
393.0000	  0.6794
392.5000	  0.6793
392.0000	  0.6793
391.5000	  0.6787
391.0000	  0.6796
390.5000	  0.6804
390.0000	  0.6792
389.5000	  0.6807
389.0000	  0.6816
388.5000	  0.6812
388.0000	  0.6796
387.5000	  0.6818
387.0000	  0.6816
386.5000	  0.6820
386.0000	  0.6823
385.5000	  0.6825
385.0000	  0.6849
384.5000	  0.6832
384.0000	  0.6836
383.5000	  0.6864
383.0000	  0.6857
382.5000	  0.6848
382.0000	  0.6855
381.5000	  0.6851
381.0000	  0.6866
380.5000	  0.6869
380.0000	  0.6844
379.5000	  0.6865
379.0000	  0.6863
378.5000	  0.6897
378.0000	  0.6880
377.5000	  0.6896
377.0000	  0.6886
376.5000	  0.6872
376.0000	  0.6882
375.5000	  0.6889
375.0000	  0.6889
374.5000	  0.6892
374.0000	  0.6886
373.5000	  0.6893
373.0000	  0.6885
372.5000	  0.6906
372.0000	  0.6900
371.5000	  0.6891
371.0000	  0.6894
370.5000	  0.6902
370.0000	  0.6921
369.5000	  0.6910
369.0000	  0.6894
368.5000	  0.6904
368.0000	  0.6924
367.5000	  0.6891
367.0000	  0.6924
366.5000	  0.6883
366.0000	  0.6924
365.5000	  0.6926
365.0000	  0.6917
364.5000	  0.6927
364.0000	  0.6944
363.5000	  0.6890
363.0000	  0.6942
362.5000	  0.6946
362.0000	  0.6952
361.5000	  0.6953
361.0000	  0.6946
360.5000	  0.6951
360.0000	  0.6940
359.5000	  0.6971
359.0000	  0.6916
358.5000	  0.6970
358.0000	  0.6965
357.5000	  0.6977
357.0000	  0.6976
356.5000	  0.6964
356.0000	  0.6969
355.5000	  0.6984
355.0000	  0.6973
354.5000	  0.6963
354.0000	  0.6945
353.5000	  0.6967
353.0000	  0.6976
352.5000	  0.6965
352.0000	  0.6983
351.5000	  0.6998
351.0000	  0.6988
350.5000	  0.7007
350.0000	  0.6978
349.5000	  0.6993
349.0000	  0.6990
348.5000	  0.6973
348.0000	  0.6982
347.5000	  0.6960
347.0000	  0.6976
346.5000	  0.6942
346.0000	  0.6969
345.5000	  0.6999
345.0000	  0.6988
344.5000	  0.6978
344.0000	  0.6991
343.5000	  0.6972
343.0000	  0.6973
342.5000	  0.6985
342.0000	  0.6931
341.5000	  0.6945
341.0000	  0.7000
340.5000	  0.6999
340.0000	  0.6945
339.5000	  0.7019
339.0000	  0.7040
338.5000	  0.7056
338.0000	  0.7046
337.5000	  0.6949
337.0000	  0.6943
336.5000	  0.6996
336.0000	  0.7006
335.5000	  0.7040
335.0000	  0.6965
334.5000	  0.6976
334.0000	  0.6999
333.5000	  0.7007
333.0000	  0.7005
332.5000	  0.7006
332.0000	  0.6941
331.5000	  0.6980
331.0000	  0.7003
330.5000	  0.7017
330.0000	  0.6971
329.5000	  0.7004
329.0000	  0.7058
328.5000	  0.6997
328.0000	  0.7007
327.5000	  0.7004
327.0000	  0.7017
326.5000	  0.6992
326.0000	  0.6981
325.5000	  0.7016
325.0000	  0.7028
324.5000	  0.7011
324.0000	  0.7014
323.5000	  0.6972
323.0000	  0.7000
322.5000	  0.6949
322.0000	  0.7003
321.5000	  0.7054
321.0000	  0.6937
320.5000	  0.6962
320.0000	  0.6994
319.5000	  0.6977
319.0000	  0.6979
318.5000	  0.7044
318.0000	  0.6975
317.5000	  0.7011
317.0000	  0.7009
316.5000	  0.6995
316.0000	  0.7056
315.5000	  0.7012
315.0000	  0.6933
314.5000	  0.7008
314.0000	  0.6938
313.5000	  0.7043
313.0000	  0.7016
312.5000	  0.7030
312.0000	  0.6983
311.5000	  0.7062
311.0000	  0.6961
310.5000	  0.7014
310.0000	  0.7051
309.5000	  0.7030
309.0000	  0.6973
308.5000	  0.7179
308.0000	  0.7072
307.5000	  0.6974
307.0000	  0.7022
306.5000	  0.7135
306.0000	  0.7087
305.5000	  0.6853
305.0000	  0.7071
304.5000	  0.7062
304.0000	  0.7039
303.5000	  0.6954
303.0000	  0.7394
302.5000	  0.6623
302.0000	  0.7320
301.5000	  0.7043
301.0000	  0.7286
300.5000	  0.7654
300.0000	  0.7070
299.5000	  0.6882
299.0000	  0.7201
298.5000	  0.6949
298.0000	  0.7290
297.5000	  0.6611
297.0000	  0.7184
296.5000	  0.8352
296.0000	  0.4853
295.5000	  0.5321
295.0000	  0.9390
294.5000	  0.6654
294.0000	  0.3718
293.5000	  0.5838
293.0000	  0.7072
292.5000	  0.4498
292.0000	  0.3985
291.5000	  1.3516
291.0000	  1.0247
290.5000	  1.3621
290.0000	  1.9789
289.5000	  0.4926
289.0000	  0.3507
288.5000	  7.3180
288.0000	  1.1940
287.5000	  0.6135
287.0000	  0.7224
286.5000	  0.2765
286.0000	  0.5000
285.5000	  0.0360
285.0000	  0.0571
284.5000	  1.1192
284.0000	  0.6143
283.5000	 -0.2655
283.0000	  1.4807
282.5000	  0.8826
282.0000	  0.1666
281.5000	  0.9746
281.0000	 -0.4964
280.5000	  0.7505
280.0000	  0.8084
279.5000	  1.4059
279.0000	  0.3919
278.5000	  0.6547
278.0000	  1.8047
277.5000	  2.0907
277.0000	  0.3745
276.5000	  1.1751
276.0000	  0.8962
275.5000	  0.6010
275.0000	  0.8888
274.5000	  1.0702
274.0000	  0.1971
273.5000	  0.5686
273.0000	  1.1062
272.5000	  1.1527
272.0000	  0.4389
271.5000	  0.8067
271.0000	  5.7142
270.5000	  0.4034
270.0000	 -1.7018
269.5000	 -0.3159
269.0000	  0.8743
268.5000	  0.8034
268.0000	  0.2458
267.5000	  0.0797
267.0000	  0.4826
266.5000	  8.3736
266.0000	  3.6583
265.5000	  1.1005
265.0000	  4.9902
264.5000	 -0.0309
264.0000	 15.9613
263.5000	  0.7025
263.0000	 -0.8582
262.5000	 -0.1218
262.0000	  2.4484
261.5000	  1.6523
261.0000	  2.8355
260.5000	  1.1690
260.0000	  1.1912
259.5000	  1.2251
259.0000	  0.8555
258.5000	  1.3230
258.0000	 -0.0230
257.5000	 32.4854
257.0000	  0.7743
256.5000	  0.4257
256.0000	  0.7732
255.5000	  1.1082
255.0000	  1.4790
254.5000	  1.1924
254.0000	 -0.7772
253.5000	  3.1106
253.0000	  1.0283
252.5000	  1.0490
252.0000	 10.8233
251.5000	 -2.5872
251.0000	  0.4283
250.5000	 -0.3415
250.0000	  1.2332
249.5000	  0.5589
249.0000	  2.2434
248.5000	  0.3334
248.0000	  0.1625
247.5000	  1.2163
247.0000	  1.8409
246.5000	  0.4216
246.0000	  3.1235
245.5000	 -0.7753
245.0000	  2.2794
244.5000	  0.4767
244.0000	  0.9257
243.5000	  2.8523
243.0000	  0.3192
242.5000	  1.0020
242.0000	  0.8670
241.5000	  2.1027
241.0000	 37.2525
240.5000	  0.5265
240.0000	-18.0411
239.5000	  0.3894
239.0000	  0.6285
238.5000	  1.2632
238.0000	 -1.3279
237.5000	 -0.7179
237.0000	  4.4322
236.5000	  0.4166
236.0000	-41.7473
235.5000	  1.6831
235.0000	  0.6940
234.5000	  0.6489
234.0000	 -3.6304
233.5000	  0.3200
233.0000	  0.7744
232.5000	  0.7771
232.0000	  0.9850
231.5000	 -1.0063
231.0000	  0.9437
230.5000	  0.7924
230.0000	  0.5643
229.5000	  5.9027
229.0000	  0.1619
228.5000	  3.5757
228.0000	  1.0634
227.5000	  0.5602
227.0000	 80.2989
226.5000	  0.4244
226.0000	 -0.0648
225.5000	 -2.2751
225.0000	  0.6307
224.5000	  3.2729
224.0000	 -0.0841
223.5000	  1.3605
223.0000	 -2.3491
222.5000	  0.1129
222.0000	  0.1270
221.5000	  2.7417
221.0000	  0.6662
220.5000	  0.3699
220.0000	  0.8291
219.5000	 -0.5182
219.0000	 -0.0311
218.5000	 -4.5118
218.0000	  0.3213
217.5000	  0.0475
217.0000	  1.1266
216.5000	  1.8815
216.0000	  1.1838
215.5000	  1.5001
215.0000	 -0.8720
214.5000	  5.1703
214.0000	  0.7136
213.5000	 -0.8824
213.0000	 -0.5109
212.5000	 -1.5843
212.0000	  5.2275
211.5000	  0.9775
211.0000	-17.3444
210.5000	 -0.4004
210.0000	  0.1372
209.5000	 -0.5221
209.0000	 -1.8448
208.5000	  0.7610
208.0000	  0.7352
207.5000	  0.2932
207.0000	  1.6212
206.5000	  0.9965
206.0000	 -1.0576
205.5000	  1.9589
205.0000	 -1.1967
204.5000	  1.0084
204.0000	  1.1036
203.5000	  0.1469
203.0000	  0.2203
202.5000	  0.5917
202.0000	  0.6050
201.5000	  2.3489
201.0000	  1.4065
200.5000	  0.7311
200.0000	  4.1935
