21/05/2024 16.39.12
21/05/2024 16.40.16

200.0000	114.5500

200.0000	114.5500

547.0000	 66.7600



  1.0000
700.0000
  3.0000
340.0000
  1.0000
601.0000
  5.0000
  6.0000
  2.0000
  1.0000
  0.0000
  0.0000
100.0000
  0.0000
  1.0000
  0.0000
500.0000
700.0000
400.0000
  4.0000
  1.0000
 18.0000
  2.0000
  1.0000
255.0000
  1.0006
  1.0000
 30.0000
  4.0000
500.0000
  0.0000
  0.0000
  4.0000
700.0000
400.0000
  0.0000
100.0000
  0.0000
  1.0000
  0.0000
500.0000
  1.0000
  1.0000
  1.0000
  1.0000
  4.0000
  0.0000
  1.0000
  1.0000
  1.0000
  1.0000
  1.0000
  2.0000
  1.0000
  1.0000
  1.0000
  3.0000
  1.0000
  1.0000
  1.0000
  4.0000
  5.0000
64.383
0.000

lambda: 800
Abs:    -0.0003

#
700.0000	  0.1270
699.5000	  0.1266
699.0000	  0.1269
698.5000	  0.1275
698.0000	  0.1276
697.5000	  0.1265
697.0000	  0.1273
696.5000	  0.1271
696.0000	  0.1266
695.5000	  0.1272
695.0000	  0.1272
694.5000	  0.1275
694.0000	  0.1271
693.5000	  0.1268
693.0000	  0.1276
692.5000	  0.1270
692.0000	  0.1276
691.5000	  0.1272
691.0000	  0.1269
690.5000	  0.1278
690.0000	  0.1270
689.5000	  0.1277
689.0000	  0.1270
688.5000	  0.1276
688.0000	  0.1279
687.5000	  0.1274
687.0000	  0.1278
686.5000	  0.1275
686.0000	  0.1278
685.5000	  0.1284
685.0000	  0.1280
684.5000	  0.1278
684.0000	  0.1277
683.5000	  0.1279
683.0000	  0.1282
682.5000	  0.1276
682.0000	  0.1280
681.5000	  0.1281
681.0000	  0.1277
680.5000	  0.1281
680.0000	  0.1284
679.5000	  0.1288
679.0000	  0.1280
678.5000	  0.1284
678.0000	  0.1291
677.5000	  0.1280
677.0000	  0.1282
676.5000	  0.1289
676.0000	  0.1284
675.5000	  0.1293
675.0000	  0.1289
674.5000	  0.1285
674.0000	  0.1284
673.5000	  0.1287
673.0000	  0.1289
672.5000	  0.1292
672.0000	  0.1288
671.5000	  0.1286
671.0000	  0.1287
670.5000	  0.1288
670.0000	  0.1290
669.5000	  0.1282
669.0000	  0.1292
668.5000	  0.1288
668.0000	  0.1293
667.5000	  0.1291
667.0000	  0.1284
666.5000	  0.1293
666.0000	  0.1288
665.5000	  0.1294
665.0000	  0.1297
664.5000	  0.1293
664.0000	  0.1291
663.5000	  0.1294
663.0000	  0.1297
662.5000	  0.1301
662.0000	  0.1291
661.5000	  0.1295
661.0000	  0.1299
660.5000	  0.1296
660.0000	  0.1300
659.5000	  0.1291
659.0000	  0.1299
658.5000	  0.1299
658.0000	  0.1302
657.5000	  0.1301
657.0000	  0.1299
656.5000	  0.1302
656.0000	  0.1298
655.5000	  0.1302
655.0000	  0.1304
654.5000	  0.1302
654.0000	  0.1302
653.5000	  0.1300
653.0000	  0.1309
652.5000	  0.1307
652.0000	  0.1304
651.5000	  0.1309
651.0000	  0.1309
650.5000	  0.1314
650.0000	  0.1315
649.5000	  0.1316
649.0000	  0.1312
648.5000	  0.1314
648.0000	  0.1322
647.5000	  0.1321
647.0000	  0.1318
646.5000	  0.1324
646.0000	  0.1320
645.5000	  0.1321
645.0000	  0.1326
644.5000	  0.1321
644.0000	  0.1324
643.5000	  0.1324
643.0000	  0.1327
642.5000	  0.1326
642.0000	  0.1330
641.5000	  0.1331
641.0000	  0.1335
640.5000	  0.1336
640.0000	  0.1341
639.5000	  0.1339
639.0000	  0.1342
638.5000	  0.1340
638.0000	  0.1346
637.5000	  0.1345
637.0000	  0.1346
636.5000	  0.1348
636.0000	  0.1354
635.5000	  0.1350
635.0000	  0.1348
634.5000	  0.1347
634.0000	  0.1350
633.5000	  0.1350
633.0000	  0.1348
632.5000	  0.1349
632.0000	  0.1346
631.5000	  0.1342
631.0000	  0.1346
630.5000	  0.1343
630.0000	  0.1341
629.5000	  0.1333
629.0000	  0.1330
628.5000	  0.1332
628.0000	  0.1330
627.5000	  0.1325
627.0000	  0.1316
626.5000	  0.1323
626.0000	  0.1312
625.5000	  0.1304
625.0000	  0.1306
624.5000	  0.1299
624.0000	  0.1296
623.5000	  0.1295
623.0000	  0.1293
622.5000	  0.1290
622.0000	  0.1283
621.5000	  0.1283
621.0000	  0.1287
620.5000	  0.1283
620.0000	  0.1275
619.5000	  0.1279
619.0000	  0.1271
618.5000	  0.1274
618.0000	  0.1278
617.5000	  0.1277
617.0000	  0.1277
616.5000	  0.1280
616.0000	  0.1285
615.5000	  0.1283
615.0000	  0.1289
614.5000	  0.1291
614.0000	  0.1289
613.5000	  0.1293
613.0000	  0.1295
612.5000	  0.1295
612.0000	  0.1300
611.5000	  0.1299
611.0000	  0.1300
610.5000	  0.1302
610.0000	  0.1306
609.5000	  0.1306
609.0000	  0.1302
608.5000	  0.1309
608.0000	  0.1303
607.5000	  0.1312
607.0000	  0.1307
606.5000	  0.1307
606.0000	  0.1312
605.5000	  0.1309
605.0000	  0.1309
604.5000	  0.1303
604.0000	  0.1311
603.5000	  0.1310
603.0000	  0.1316
602.5000	  0.1313
602.0000	  0.1311
601.5000	  0.1308
601.0000	  0.1312
600.5000	  0.1320
600.0000	  0.1318
599.5000	  0.1320
599.0000	  0.1321
598.5000	  0.1320
598.0000	  0.1323
597.5000	  0.1328
597.0000	  0.1323
596.5000	  0.1323
596.0000	  0.1324
595.5000	  0.1324
595.0000	  0.1324
594.5000	  0.1326
594.0000	  0.1323
593.5000	  0.1320
593.0000	  0.1322
592.5000	  0.1324
592.0000	  0.1324
591.5000	  0.1325
591.0000	  0.1319
590.5000	  0.1325
590.0000	  0.1322
589.5000	  0.1317
589.0000	  0.1319
588.5000	  0.1319
588.0000	  0.1324
587.5000	  0.1323
587.0000	  0.1322
586.5000	  0.1318
586.0000	  0.1322
585.5000	  0.1323
585.0000	  0.1321
584.5000	  0.1321
584.0000	  0.1314
583.5000	  0.1316
583.0000	  0.1321
582.5000	  0.1319
582.0000	  0.1321
581.5000	  0.1322
581.0000	  0.1318
580.5000	  0.1320
580.0000	  0.1320
579.5000	  0.1320
579.0000	  0.1319
578.5000	  0.1315
578.0000	  0.1326
577.5000	  0.1322
577.0000	  0.1319
576.5000	  0.1321
576.0000	  0.1318
575.5000	  0.1325
575.0000	  0.1325
574.5000	  0.1323
574.0000	  0.1322
573.5000	  0.1317
573.0000	  0.1323
572.5000	  0.1324
572.0000	  0.1321
571.5000	  0.1321
571.0000	  0.1320
570.5000	  0.1326
570.0000	  0.1329
569.5000	  0.1326
569.0000	  0.1326
568.5000	  0.1325
568.0000	  0.1334
567.5000	  0.1334
567.0000	  0.1328
566.5000	  0.1330
566.0000	  0.1331
565.5000	  0.1332
565.0000	  0.1331
564.5000	  0.1336
564.0000	  0.1336
563.5000	  0.1332
563.0000	  0.1339
562.5000	  0.1336
562.0000	  0.1340
561.5000	  0.1338
561.0000	  0.1337
560.5000	  0.1344
560.0000	  0.1342
559.5000	  0.1341
559.0000	  0.1343
558.5000	  0.1342
558.0000	  0.1342
557.5000	  0.1345
557.0000	  0.1341
556.5000	  0.1346
556.0000	  0.1348
555.5000	  0.1343
555.0000	  0.1346
554.5000	  0.1347
554.0000	  0.1351
553.5000	  0.1349
553.0000	  0.1351
552.5000	  0.1351
552.0000	  0.1353
551.5000	  0.1359
551.0000	  0.1356
550.5000	  0.1350
550.0000	  0.1358
549.5000	  0.1357
549.0000	  0.1364
548.5000	  0.1356
548.0000	  0.1361
547.5000	  0.1362
547.0000	  0.1359
546.5000	  0.1368
546.0000	  0.1362
545.5000	  0.1364
545.0000	  0.1366
544.5000	  0.1365
544.0000	  0.1371
543.5000	  0.1366
543.0000	  0.1367
542.5000	  0.1367
542.0000	  0.1368
541.5000	  0.1371
541.0000	  0.1371
540.5000	  0.1372
540.0000	  0.1371
539.5000	  0.1367
539.0000	  0.1375
538.5000	  0.1375
538.0000	  0.1370
537.5000	  0.1375
537.0000	  0.1371
536.5000	  0.1374
536.0000	  0.1373
535.5000	  0.1373
535.0000	  0.1373
534.5000	  0.1372
534.0000	  0.1378
533.5000	  0.1377
533.0000	  0.1376
532.5000	  0.1373
532.0000	  0.1375
531.5000	  0.1375
531.0000	  0.1378
530.5000	  0.1379
530.0000	  0.1375
529.5000	  0.1375
529.0000	  0.1385
528.5000	  0.1380
528.0000	  0.1383
527.5000	  0.1380
527.0000	  0.1382
526.5000	  0.1380
526.0000	  0.1386
525.5000	  0.1386
525.0000	  0.1386
524.5000	  0.1385
524.0000	  0.1385
523.5000	  0.1388
523.0000	  0.1390
522.5000	  0.1385
522.0000	  0.1393
521.5000	  0.1390
521.0000	  0.1393
520.5000	  0.1396
520.0000	  0.1392
519.5000	  0.1395
519.0000	  0.1398
518.5000	  0.1404
518.0000	  0.1400
517.5000	  0.1401
517.0000	  0.1399
516.5000	  0.1403
516.0000	  0.1401
515.5000	  0.1408
515.0000	  0.1402
514.5000	  0.1409
514.0000	  0.1408
513.5000	  0.1410
513.0000	  0.1411
512.5000	  0.1411
512.0000	  0.1412
511.5000	  0.1411
511.0000	  0.1414
510.5000	  0.1418
510.0000	  0.1413
509.5000	  0.1411
509.0000	  0.1413
508.5000	  0.1415
508.0000	  0.1412
507.5000	  0.1411
507.0000	  0.1410
506.5000	  0.1409
506.0000	  0.1406
505.5000	  0.1408
505.0000	  0.1397
504.5000	  0.1402
504.0000	  0.1398
503.5000	  0.1401
503.0000	  0.1395
502.5000	  0.1393
502.0000	  0.1386
501.5000	  0.1388
501.0000	  0.1391
500.5000	  0.1382
500.0000	  0.1380
499.5000	  0.1385
499.0000	  0.1384
498.5000	  0.1376
498.0000	  0.1377
497.5000	  0.1375
497.0000	  0.1373
496.5000	  0.1373
496.0000	  0.1370
495.5000	  0.1369
495.0000	  0.1361
494.5000	  0.1364
494.0000	  0.1371
493.5000	  0.1362
493.0000	  0.1363
492.5000	  0.1360
492.0000	  0.1363
491.5000	  0.1365
491.0000	  0.1362
490.5000	  0.1366
490.0000	  0.1365
489.5000	  0.1365
489.0000	  0.1368
488.5000	  0.1365
488.0000	  0.1370
487.5000	  0.1369
487.0000	  0.1369
486.5000	  0.1371
486.0000	  0.1372
485.5000	  0.1374
485.0000	  0.1373
484.5000	  0.1369
484.0000	  0.1376
483.5000	  0.1369
483.0000	  0.1375
482.5000	  0.1375
482.0000	  0.1370
481.5000	  0.1373
481.0000	  0.1374
480.5000	  0.1375
480.0000	  0.1370
479.5000	  0.1372
479.0000	  0.1379
478.5000	  0.1374
478.0000	  0.1369
477.5000	  0.1371
477.0000	  0.1369
476.5000	  0.1373
476.0000	  0.1374
475.5000	  0.1367
475.0000	  0.1367
474.5000	  0.1364
474.0000	  0.1363
473.5000	  0.1364
473.0000	  0.1360
472.5000	  0.1355
472.0000	  0.1365
471.5000	  0.1359
471.0000	  0.1357
470.5000	  0.1353
470.0000	  0.1348
469.5000	  0.1350
469.0000	  0.1342
468.5000	  0.1347
468.0000	  0.1347
467.5000	  0.1332
467.0000	  0.1340
466.5000	  0.1331
466.0000	  0.1329
465.5000	  0.1323
465.0000	  0.1319
464.5000	  0.1315
464.0000	  0.1310
463.5000	  0.1305
463.0000	  0.1302
462.5000	  0.1287
462.0000	  0.1290
461.5000	  0.1284
461.0000	  0.1280
460.5000	  0.1266
460.0000	  0.1258
459.5000	  0.1259
459.0000	  0.1246
458.5000	  0.1244
458.0000	  0.1241
457.5000	  0.1230
457.0000	  0.1228
456.5000	  0.1222
456.0000	  0.1219
455.5000	  0.1217
455.0000	  0.1212
454.5000	  0.1206
454.0000	  0.1209
453.5000	  0.1206
453.0000	  0.1205
452.5000	  0.1217
452.0000	  0.1211
451.5000	  0.1224
451.0000	  0.1217
450.5000	  0.1222
450.0000	  0.1229
449.5000	  0.1235
449.0000	  0.1231
448.5000	  0.1240
448.0000	  0.1243
447.5000	  0.1250
447.0000	  0.1252
446.5000	  0.1259
446.0000	  0.1267
445.5000	  0.1263
445.0000	  0.1273
444.5000	  0.1280
444.0000	  0.1282
443.5000	  0.1280
443.0000	  0.1286
442.5000	  0.1285
442.0000	  0.1294
441.5000	  0.1290
441.0000	  0.1289
440.5000	  0.1294
440.0000	  0.1295
439.5000	  0.1295
439.0000	  0.1295
438.5000	  0.1305
438.0000	  0.1302
437.5000	  0.1299
437.0000	  0.1304
436.5000	  0.1302
436.0000	  0.1298
435.5000	  0.1297
435.0000	  0.1303
434.5000	  0.1301
434.0000	  0.1292
433.5000	  0.1302
433.0000	  0.1296
432.5000	  0.1304
432.0000	  0.1306
431.5000	  0.1312
431.0000	  0.1302
430.5000	  0.1299
430.0000	  0.1298
429.5000	  0.1305
429.0000	  0.1305
428.5000	  0.1301
428.0000	  0.1305
427.5000	  0.1295
427.0000	  0.1295
426.5000	  0.1301
426.0000	  0.1294
425.5000	  0.1291
425.0000	  0.1291
424.5000	  0.1295
424.0000	  0.1295
423.5000	  0.1286
423.0000	  0.1294
422.5000	  0.1291
422.0000	  0.1292
421.5000	  0.1285
421.0000	  0.1286
420.5000	  0.1286
420.0000	  0.1287
419.5000	  0.1293
419.0000	  0.1289
418.5000	  0.1280
418.0000	  0.1287
417.5000	  0.1288
417.0000	  0.1281
416.5000	  0.1282
416.0000	  0.1283
415.5000	  0.1282
415.0000	  0.1274
414.5000	  0.1278
414.0000	  0.1281
413.5000	  0.1278
413.0000	  0.1281
412.5000	  0.1284
412.0000	  0.1288
411.5000	  0.1285
411.0000	  0.1287
410.5000	  0.1292
410.0000	  0.1298
409.5000	  0.1303
409.0000	  0.1312
408.5000	  0.1314
408.0000	  0.1323
407.5000	  0.1327
407.0000	  0.1330
406.5000	  0.1333
406.0000	  0.1339
405.5000	  0.1326
405.0000	  0.1324
404.5000	  0.1340
404.0000	  0.1360
403.5000	  0.1363
403.0000	  0.1365
402.5000	  0.1356
402.0000	  0.1353
401.5000	  0.1329
401.0000	  0.1324
400.5000	  0.1317
400.0000	  0.1315
