21/05/2024 15.29.16
21/05/2024 15.38.16

800.0000	  4.4200

800.0000	  4.4200

900.0000	  2.5700



  1.0000
900.0000
  3.0000
340.0000
  1.0000
1401.0000
  5.0000
  6.0000
  1.0000
  1.0000
  0.0000
  0.0000
100.0000
  0.0000
  1.0000
  0.0000
500.0000
900.0000
200.0000
  4.0000
  1.0000
 18.0000
  2.0000
  1.0000
255.0000
  0.8226
  1.0000
 30.0000
  4.0000
500.0000
  0.0000
  0.0000
  4.0000
900.0000
200.0000
  0.0000
100.0000
  0.0000
  1.0000
  0.0000
500.0000
  1.0000
  1.0000
  1.0000
  1.0000
  4.0000
  0.0000
  1.0000
  1.0000
  1.0000
  1.0000
  1.0000
  2.0000
  1.0000
  1.0000
  1.0000
  3.0000
  1.0000
  1.0000
  1.0000
  4.0000
  5.0000
539.873
0.000


lambda: 800
Abs:    -0.0002
ID:     15

#
900.0000	  0.0285
899.5000	  0.0297
899.0000	  0.0283
898.5000	  0.0380
898.0000	  0.0278
897.5000	  0.0310
897.0000	  0.0275
896.5000	  0.0299
896.0000	  0.0286
895.5000	  0.0331
895.0000	  0.0304
894.5000	  0.0293
894.0000	  0.0306
893.5000	  0.0270
893.0000	  0.0283
892.5000	  0.0316
892.0000	  0.0283
891.5000	  0.0304
891.0000	  0.0297
890.5000	  0.0290
890.0000	  0.0344
889.5000	  0.0321
889.0000	  0.0280
888.5000	  0.0284
888.0000	  0.0353
887.5000	  0.0311
887.0000	  0.0313
886.5000	  0.0313
886.0000	  0.0285
885.5000	  0.0317
885.0000	  0.0309
884.5000	  0.0322
884.0000	  0.0301
883.5000	  0.0313
883.0000	  0.0316
882.5000	  0.0325
882.0000	  0.0314
881.5000	  0.0320
881.0000	  0.0335
880.5000	  0.0324
880.0000	  0.0327
879.5000	  0.0310
879.0000	  0.0328
878.5000	  0.0313
878.0000	  0.0324
877.5000	  0.0305
877.0000	  0.0309
876.5000	  0.0325
876.0000	  0.0317
875.5000	  0.0310
875.0000	  0.0308
874.5000	  0.0315
874.0000	  0.0338
873.5000	  0.0314
873.0000	  0.0332
872.5000	  0.0321
872.0000	  0.0328
871.5000	  0.0317
871.0000	  0.0322
870.5000	  0.0320
870.0000	  0.0326
869.5000	  0.0327
869.0000	  0.0323
868.5000	  0.0325
868.0000	  0.0335
867.5000	  0.0332
867.0000	  0.0332
866.5000	  0.0334
866.0000	  0.0341
865.5000	  0.0333
865.0000	  0.0332
864.5000	  0.0340
864.0000	  0.0337
863.5000	  0.0326
863.0000	  0.0341
862.5000	  0.0342
862.0000	  0.0344
861.5000	  0.0339
861.0000	  0.0344
860.5000	  0.0337
860.0000	  0.0345
859.5000	  0.0342
859.0000	  0.0344
858.5000	  0.0341
858.0000	  0.0344
857.5000	  0.0343
857.0000	  0.0345
856.5000	  0.0353
856.0000	  0.0343
855.5000	  0.0345
855.0000	  0.0345
854.5000	  0.0350
854.0000	  0.0350
853.5000	  0.0354
853.0000	  0.0355
852.5000	  0.0362
852.0000	  0.0358
851.5000	  0.0359
851.0000	  0.0354
850.5000	  0.0354
850.0000	  0.0362
849.5000	  0.0364
849.0000	  0.0361
848.5000	  0.0363
848.0000	  0.0362
847.5000	  0.0364
847.0000	  0.0366
846.5000	  0.0369
846.0000	  0.0366
845.5000	  0.0366
845.0000	  0.0365
844.5000	  0.0370
844.0000	  0.0370
843.5000	  0.0375
843.0000	  0.0372
842.5000	  0.0370
842.0000	  0.0370
841.5000	  0.0371
841.0000	  0.0373
840.5000	  0.0376
840.0000	  0.0378
839.5000	  0.0377
839.0000	  0.0376
838.5000	  0.0376
838.0000	  0.0378
837.5000	  0.0378
837.0000	  0.0378
836.5000	  0.0379
836.0000	  0.0381
835.5000	  0.0380
835.0000	  0.0384
834.5000	  0.0383
834.0000	  0.0385
833.5000	  0.0383
833.0000	  0.0386
832.5000	  0.0385
832.0000	  0.0389
831.5000	  0.0386
831.0000	  0.0393
830.5000	  0.0389
830.0000	  0.0390
829.5000	  0.0388
829.0000	  0.0393
828.5000	  0.0392
828.0000	  0.0395
827.5000	  0.0396
827.0000	  0.0395
826.5000	  0.0393
826.0000	  0.0396
825.5000	  0.0396
825.0000	  0.0398
824.5000	  0.0396
824.0000	  0.0400
823.5000	  0.0401
823.0000	  0.0400
822.5000	  0.0401
822.0000	  0.0403
821.5000	  0.0404
821.0000	  0.0403
820.5000	  0.0404
820.0000	  0.0407
819.5000	  0.0406
819.0000	  0.0408
818.5000	  0.0409
818.0000	  0.0409
817.5000	  0.0410
817.0000	  0.0410
816.5000	  0.0411
816.0000	  0.0413
815.5000	  0.0412
815.0000	  0.0412
814.5000	  0.0414
814.0000	  0.0416
813.5000	  0.0417
813.0000	  0.0416
812.5000	  0.0419
812.0000	  0.0420
811.5000	  0.0421
811.0000	  0.0421
810.5000	  0.0426
810.0000	  0.0424
809.5000	  0.0425
809.0000	  0.0424
808.5000	  0.0428
808.0000	  0.0428
807.5000	  0.0427
807.0000	  0.0432
806.5000	  0.0431
806.0000	  0.0432
805.5000	  0.0433
805.0000	  0.0430
804.5000	  0.0435
804.0000	  0.0435
803.5000	  0.0438
803.0000	  0.0437
802.5000	  0.0437
802.0000	  0.0441
801.5000	  0.0441
801.0000	  0.0442
800.5000	  0.0444
800.0000	  0.0441
799.5000	  0.0444
799.0000	  0.0447
798.5000	  0.0446
798.0000	  0.0449
797.5000	  0.0447
797.0000	  0.0451
796.5000	  0.0449
796.0000	  0.0452
795.5000	  0.0453
795.0000	  0.0456
794.5000	  0.0455
794.0000	  0.0458
793.5000	  0.0458
793.0000	  0.0460
792.5000	  0.0461
792.0000	  0.0463
791.5000	  0.0460
791.0000	  0.0464
790.5000	  0.0466
790.0000	  0.0466
789.5000	  0.0468
789.0000	  0.0468
788.5000	  0.0470
788.0000	  0.0474
787.5000	  0.0471
787.0000	  0.0472
786.5000	  0.0473
786.0000	  0.0475
785.5000	  0.0477
785.0000	  0.0479
784.5000	  0.0479
784.0000	  0.0481
783.5000	  0.0480
783.0000	  0.0483
782.5000	  0.0482
782.0000	  0.0483
781.5000	  0.0484
781.0000	  0.0489
780.5000	  0.0487
780.0000	  0.0489
779.5000	  0.0492
779.0000	  0.0490
778.5000	  0.0494
778.0000	  0.0493
777.5000	  0.0497
777.0000	  0.0498
776.5000	  0.0497
776.0000	  0.0499
775.5000	  0.0499
775.0000	  0.0502
774.5000	  0.0504
774.0000	  0.0503
773.5000	  0.0507
773.0000	  0.0508
772.5000	  0.0509
772.0000	  0.0508
771.5000	  0.0508
771.0000	  0.0512
770.5000	  0.0515
770.0000	  0.0515
769.5000	  0.0518
769.0000	  0.0517
768.5000	  0.0519
768.0000	  0.0522
767.5000	  0.0521
767.0000	  0.0522
766.5000	  0.0525
766.0000	  0.0525
765.5000	  0.0527
765.0000	  0.0529
764.5000	  0.0531
764.0000	  0.0530
763.5000	  0.0530
763.0000	  0.0534
762.5000	  0.0536
762.0000	  0.0537
761.5000	  0.0537
761.0000	  0.0540
760.5000	  0.0541
760.0000	  0.0542
759.5000	  0.0544
759.0000	  0.0545
758.5000	  0.0546
758.0000	  0.0549
757.5000	  0.0549
757.0000	  0.0553
756.5000	  0.0554
756.0000	  0.0553
755.5000	  0.0555
755.0000	  0.0555
754.5000	  0.0559
754.0000	  0.0562
753.5000	  0.0563
753.0000	  0.0563
752.5000	  0.0566
752.0000	  0.0567
751.5000	  0.0568
751.0000	  0.0568
750.5000	  0.0570
750.0000	  0.0573
749.5000	  0.0576
749.0000	  0.0576
748.5000	  0.0576
748.0000	  0.0580
747.5000	  0.0581
747.0000	  0.0582
746.5000	  0.0584
746.0000	  0.0584
745.5000	  0.0584
745.0000	  0.0588
744.5000	  0.0589
744.0000	  0.0593
743.5000	  0.0594
743.0000	  0.0597
742.5000	  0.0599
742.0000	  0.0599
741.5000	  0.0601
741.0000	  0.0600
740.5000	  0.0604
740.0000	  0.0606
739.5000	  0.0608
739.0000	  0.0611
738.5000	  0.0609
738.0000	  0.0614
737.5000	  0.0614
737.0000	  0.0615
736.5000	  0.0619
736.0000	  0.0621
735.5000	  0.0621
735.0000	  0.0625
734.5000	  0.0627
734.0000	  0.0627
733.5000	  0.0629
733.0000	  0.0634
732.5000	  0.0635
732.0000	  0.0636
731.5000	  0.0640
731.0000	  0.0642
730.5000	  0.0644
730.0000	  0.0646
729.5000	  0.0648
729.0000	  0.0651
728.5000	  0.0654
728.0000	  0.0656
727.5000	  0.0658
727.0000	  0.0660
726.5000	  0.0662
726.0000	  0.0666
725.5000	  0.0669
725.0000	  0.0670
724.5000	  0.0676
724.0000	  0.0677
723.5000	  0.0679
723.0000	  0.0686
722.5000	  0.0691
722.0000	  0.0692
721.5000	  0.0697
721.0000	  0.0702
720.5000	  0.0707
720.0000	  0.0709
719.5000	  0.0713
719.0000	  0.0720
718.5000	  0.0717
718.0000	  0.0721
717.5000	  0.0724
717.0000	  0.0724
716.5000	  0.0728
716.0000	  0.0727
715.5000	  0.0731
715.0000	  0.0729
714.5000	  0.0728
714.0000	  0.0727
713.5000	  0.0729
713.0000	  0.0730
712.5000	  0.0729
712.0000	  0.0728
711.5000	  0.0729
711.0000	  0.0726
710.5000	  0.0727
710.0000	  0.0729
709.5000	  0.0728
709.0000	  0.0730
708.5000	  0.0731
708.0000	  0.0732
707.5000	  0.0732
707.0000	  0.0735
706.5000	  0.0736
706.0000	  0.0741
705.5000	  0.0745
705.0000	  0.0743
704.5000	  0.0745
704.0000	  0.0748
703.5000	  0.0749
703.0000	  0.0752
702.5000	  0.0755
702.0000	  0.0756
701.5000	  0.0759
701.0000	  0.0760
700.5000	  0.0763
700.0000	  0.0766
699.5000	  0.0766
699.0000	  0.0769
698.5000	  0.0771
698.0000	  0.0774
697.5000	  0.0779
697.0000	  0.0778
696.5000	  0.0783
696.0000	  0.0784
695.5000	  0.0787
695.0000	  0.0788
694.5000	  0.0792
694.0000	  0.0793
693.5000	  0.0795
693.0000	  0.0796
692.5000	  0.0801
692.0000	  0.0803
691.5000	  0.0804
691.0000	  0.0804
690.5000	  0.0810
690.0000	  0.0815
689.5000	  0.0815
689.0000	  0.0818
688.5000	  0.0820
688.0000	  0.0822
687.5000	  0.0826
687.0000	  0.0829
686.5000	  0.0831
686.0000	  0.0832
685.5000	  0.0833
685.0000	  0.0834
684.5000	  0.0838
684.0000	  0.0844
683.5000	  0.0845
683.0000	  0.0850
682.5000	  0.0849
682.0000	  0.0854
681.5000	  0.0854
681.0000	  0.0858
680.5000	  0.0861
680.0000	  0.0865
679.5000	  0.0867
679.0000	  0.0870
678.5000	  0.0873
678.0000	  0.0875
677.5000	  0.0881
677.0000	  0.0881
676.5000	  0.0885
676.0000	  0.0884
675.5000	  0.0889
675.0000	  0.0891
674.5000	  0.0894
674.0000	  0.0896
673.5000	  0.0902
673.0000	  0.0905
672.5000	  0.0907
672.0000	  0.0907
671.5000	  0.0913
671.0000	  0.0914
670.5000	  0.0918
670.0000	  0.0919
669.5000	  0.0922
669.0000	  0.0927
668.5000	  0.0928
668.0000	  0.0931
667.5000	  0.0934
667.0000	  0.0936
666.5000	  0.0942
666.0000	  0.0944
665.5000	  0.0946
665.0000	  0.0950
664.5000	  0.0952
664.0000	  0.0954
663.5000	  0.0959
663.0000	  0.0958
662.5000	  0.0963
662.0000	  0.0966
661.5000	  0.0970
661.0000	  0.0970
660.5000	  0.0979
660.0000	  0.0978
659.5000	  0.0981
659.0000	  0.0984
658.5000	  0.0988
658.0000	  0.0991
657.5000	  0.0994
657.0000	  0.0994
656.5000	  0.1003
656.0000	  0.1000
655.5000	  0.1007
655.0000	  0.1009
654.5000	  0.1012
654.0000	  0.1014
653.5000	  0.1016
653.0000	  0.1021
652.5000	  0.1025
652.0000	  0.1027
651.5000	  0.1029
651.0000	  0.1034
650.5000	  0.1036
650.0000	  0.1041
649.5000	  0.1044
649.0000	  0.1046
648.5000	  0.1047
648.0000	  0.1053
647.5000	  0.1055
647.0000	  0.1058
646.5000	  0.1063
646.0000	  0.1064
645.5000	  0.1070
645.0000	  0.1071
644.5000	  0.1075
644.0000	  0.1078
643.5000	  0.1081
643.0000	  0.1082
642.5000	  0.1089
642.0000	  0.1090
641.5000	  0.1094
641.0000	  0.1096
640.5000	  0.1102
640.0000	  0.1101
639.5000	  0.1106
639.0000	  0.1108
638.5000	  0.1113
638.0000	  0.1114
637.5000	  0.1117
637.0000	  0.1119
636.5000	  0.1120
636.0000	  0.1126
635.5000	  0.1128
635.0000	  0.1133
634.5000	  0.1133
634.0000	  0.1139
633.5000	  0.1142
633.0000	  0.1145
632.5000	  0.1146
632.0000	  0.1151
631.5000	  0.1154
631.0000	  0.1160
630.5000	  0.1163
630.0000	  0.1167
629.5000	  0.1173
629.0000	  0.1176
628.5000	  0.1179
628.0000	  0.1187
627.5000	  0.1192
627.0000	  0.1198
626.5000	  0.1204
626.0000	  0.1210
625.5000	  0.1215
625.0000	  0.1220
624.5000	  0.1229
624.0000	  0.1235
623.5000	  0.1239
623.0000	  0.1241
622.5000	  0.1252
622.0000	  0.1255
621.5000	  0.1262
621.0000	  0.1266
620.5000	  0.1270
620.0000	  0.1280
619.5000	  0.1281
619.0000	  0.1289
618.5000	  0.1293
618.0000	  0.1295
617.5000	  0.1297
617.0000	  0.1302
616.5000	  0.1306
616.0000	  0.1311
615.5000	  0.1311
615.0000	  0.1314
614.5000	  0.1318
614.0000	  0.1323
613.5000	  0.1327
613.0000	  0.1331
612.5000	  0.1333
612.0000	  0.1342
611.5000	  0.1343
611.0000	  0.1349
610.5000	  0.1350
610.0000	  0.1356
609.5000	  0.1362
609.0000	  0.1365
608.5000	  0.1366
608.0000	  0.1371
607.5000	  0.1376
607.0000	  0.1380
606.5000	  0.1385
606.0000	  0.1387
605.5000	  0.1393
605.0000	  0.1396
604.5000	  0.1399
604.0000	  0.1405
603.5000	  0.1411
603.0000	  0.1412
602.5000	  0.1417
602.0000	  0.1423
601.5000	  0.1429
601.0000	  0.1430
600.5000	  0.1437
600.0000	  0.1438
599.5000	  0.1447
599.0000	  0.1447
598.5000	  0.1453
598.0000	  0.1460
597.5000	  0.1461
597.0000	  0.1466
596.5000	  0.1472
596.0000	  0.1472
595.5000	  0.1481
595.0000	  0.1487
594.5000	  0.1491
594.0000	  0.1490
593.5000	  0.1498
593.0000	  0.1499
592.5000	  0.1505
592.0000	  0.1509
591.5000	  0.1514
591.0000	  0.1518
590.5000	  0.1524
590.0000	  0.1523
589.5000	  0.1532
589.0000	  0.1535
588.5000	  0.1539
588.0000	  0.1545
587.5000	  0.1549
587.0000	  0.1554
586.5000	  0.1557
586.0000	  0.1564
585.5000	  0.1565
585.0000	  0.1571
584.5000	  0.1575
584.0000	  0.1579
583.5000	  0.1583
583.0000	  0.1588
582.5000	  0.1592
582.0000	  0.1596
581.5000	  0.1601
581.0000	  0.1605
580.5000	  0.1608
580.0000	  0.1610
579.5000	  0.1618
579.0000	  0.1619
578.5000	  0.1626
578.0000	  0.1629
577.5000	  0.1636
577.0000	  0.1639
576.5000	  0.1642
576.0000	  0.1649
575.5000	  0.1651
575.0000	  0.1655
574.5000	  0.1659
574.0000	  0.1664
573.5000	  0.1666
573.0000	  0.1672
572.5000	  0.1677
572.0000	  0.1681
571.5000	  0.1683
571.0000	  0.1691
570.5000	  0.1693
570.0000	  0.1695
569.5000	  0.1701
569.0000	  0.1703
568.5000	  0.1709
568.0000	  0.1713
567.5000	  0.1716
567.0000	  0.1725
566.5000	  0.1727
566.0000	  0.1729
565.5000	  0.1735
565.0000	  0.1738
564.5000	  0.1744
564.0000	  0.1747
563.5000	  0.1758
563.0000	  0.1756
562.5000	  0.1761
562.0000	  0.1762
561.5000	  0.1772
561.0000	  0.1769
560.5000	  0.1775
560.0000	  0.1780
559.5000	  0.1786
559.0000	  0.1788
558.5000	  0.1791
558.0000	  0.1794
557.5000	  0.1801
557.0000	  0.1805
556.5000	  0.1810
556.0000	  0.1811
555.5000	  0.1816
555.0000	  0.1817
554.5000	  0.1822
554.0000	  0.1828
553.5000	  0.1833
553.0000	  0.1838
552.5000	  0.1837
552.0000	  0.1841
551.5000	  0.1845
551.0000	  0.1854
550.5000	  0.1853
550.0000	  0.1857
549.5000	  0.1862
549.0000	  0.1865
548.5000	  0.1867
548.0000	  0.1876
547.5000	  0.1875
547.0000	  0.1882
546.5000	  0.1883
546.0000	  0.1889
545.5000	  0.1890
545.0000	  0.1895
544.5000	  0.1898
544.0000	  0.1903
543.5000	  0.1905
543.0000	  0.1911
542.5000	  0.1911
542.0000	  0.1918
541.5000	  0.1918
541.0000	  0.1923
540.5000	  0.1928
540.0000	  0.1930
539.5000	  0.1934
539.0000	  0.1937
538.5000	  0.1940
538.0000	  0.1945
537.5000	  0.1947
537.0000	  0.1952
536.5000	  0.1952
536.0000	  0.1960
535.5000	  0.1961
535.0000	  0.1967
534.5000	  0.1970
534.0000	  0.1974
533.5000	  0.1974
533.0000	  0.1979
532.5000	  0.1983
532.0000	  0.1986
531.5000	  0.1989
531.0000	  0.1996
530.5000	  0.1995
530.0000	  0.2001
529.5000	  0.2003
529.0000	  0.2006
528.5000	  0.2014
528.0000	  0.2017
527.5000	  0.2016
527.0000	  0.2025
526.5000	  0.2021
526.0000	  0.2031
525.5000	  0.2033
525.0000	  0.2035
524.5000	  0.2040
524.0000	  0.2041
523.5000	  0.2043
523.0000	  0.2050
522.5000	  0.2054
522.0000	  0.2056
521.5000	  0.2062
521.0000	  0.2062
520.5000	  0.2066
520.0000	  0.2068
519.5000	  0.2073
519.0000	  0.2072
518.5000	  0.2076
518.0000	  0.2082
517.5000	  0.2084
517.0000	  0.2085
516.5000	  0.2092
516.0000	  0.2089
515.5000	  0.2095
515.0000	  0.2097
514.5000	  0.2099
514.0000	  0.2103
513.5000	  0.2106
513.0000	  0.2105
512.5000	  0.2110
512.0000	  0.2113
511.5000	  0.2116
511.0000	  0.2120
510.5000	  0.2121
510.0000	  0.2121
509.5000	  0.2127
509.0000	  0.2125
508.5000	  0.2129
508.0000	  0.2135
507.5000	  0.2134
507.0000	  0.2138
506.5000	  0.2143
506.0000	  0.2144
505.5000	  0.2147
505.0000	  0.2149
504.5000	  0.2152
504.0000	  0.2156
503.5000	  0.2158
503.0000	  0.2161
502.5000	  0.2163
502.0000	  0.2168
501.5000	  0.2165
501.0000	  0.2171
500.5000	  0.2169
500.0000	  0.2169
499.5000	  0.2176
499.0000	  0.2176
498.5000	  0.2175
498.0000	  0.2174
497.5000	  0.2171
497.0000	  0.2173
496.5000	  0.2173
496.0000	  0.2169
495.5000	  0.2167
495.0000	  0.2169
494.5000	  0.2165
494.0000	  0.2163
493.5000	  0.2163
493.0000	  0.2154
492.5000	  0.2152
492.0000	  0.2147
491.5000	  0.2144
491.0000	  0.2141
490.5000	  0.2139
490.0000	  0.2128
489.5000	  0.2124
489.0000	  0.2117
488.5000	  0.2111
488.0000	  0.2102
487.5000	  0.2096
487.0000	  0.2092
486.5000	  0.2083
486.0000	  0.2075
485.5000	  0.2069
485.0000	  0.2061
484.5000	  0.2055
484.0000	  0.2051
483.5000	  0.2045
483.0000	  0.2035
482.5000	  0.2026
482.0000	  0.2019
481.5000	  0.2009
481.0000	  0.2002
480.5000	  0.1997
480.0000	  0.1988
479.5000	  0.1980
479.0000	  0.1977
478.5000	  0.1966
478.0000	  0.1961
477.5000	  0.1949
477.0000	  0.1943
476.5000	  0.1936
476.0000	  0.1930
475.5000	  0.1918
475.0000	  0.1910
474.5000	  0.1902
474.0000	  0.1897
473.5000	  0.1889
473.0000	  0.1886
472.5000	  0.1877
472.0000	  0.1870
471.5000	  0.1861
471.0000	  0.1852
470.5000	  0.1847
470.0000	  0.1841
469.5000	  0.1833
469.0000	  0.1827
468.5000	  0.1821
468.0000	  0.1816
467.5000	  0.1811
467.0000	  0.1804
466.5000	  0.1797
466.0000	  0.1793
465.5000	  0.1786
465.0000	  0.1781
464.5000	  0.1778
464.0000	  0.1771
463.5000	  0.1760
463.0000	  0.1756
462.5000	  0.1751
462.0000	  0.1745
461.5000	  0.1739
461.0000	  0.1735
460.5000	  0.1728
460.0000	  0.1720
459.5000	  0.1713
459.0000	  0.1709
458.5000	  0.1705
458.0000	  0.1699
457.5000	  0.1696
457.0000	  0.1686
456.5000	  0.1679
456.0000	  0.1674
455.5000	  0.1662
455.0000	  0.1654
454.5000	  0.1647
454.0000	  0.1639
453.5000	  0.1637
453.0000	  0.1626
452.5000	  0.1615
452.0000	  0.1607
451.5000	  0.1603
451.0000	  0.1590
450.5000	  0.1585
450.0000	  0.1574
449.5000	  0.1563
449.0000	  0.1556
448.5000	  0.1546
448.0000	  0.1541
447.5000	  0.1532
447.0000	  0.1525
446.5000	  0.1512
446.0000	  0.1508
445.5000	  0.1498
445.0000	  0.1490
444.5000	  0.1484
444.0000	  0.1475
443.5000	  0.1470
443.0000	  0.1465
442.5000	  0.1458
442.0000	  0.1448
441.5000	  0.1444
441.0000	  0.1441
440.5000	  0.1430
440.0000	  0.1429
439.5000	  0.1417
439.0000	  0.1415
438.5000	  0.1408
438.0000	  0.1401
437.5000	  0.1396
437.0000	  0.1394
436.5000	  0.1386
436.0000	  0.1383
435.5000	  0.1373
435.0000	  0.1372
434.5000	  0.1364
434.0000	  0.1361
433.5000	  0.1357
433.0000	  0.1350
432.5000	  0.1347
432.0000	  0.1339
431.5000	  0.1336
431.0000	  0.1327
430.5000	  0.1328
430.0000	  0.1327
429.5000	  0.1321
429.0000	  0.1313
428.5000	  0.1312
428.0000	  0.1307
427.5000	  0.1305
427.0000	  0.1298
426.5000	  0.1293
426.0000	  0.1291
425.5000	  0.1286
425.0000	  0.1287
424.5000	  0.1281
424.0000	  0.1279
423.5000	  0.1272
423.0000	  0.1266
422.5000	  0.1265
422.0000	  0.1267
421.5000	  0.1260
421.0000	  0.1256
420.5000	  0.1254
420.0000	  0.1249
419.5000	  0.1245
419.0000	  0.1243
418.5000	  0.1240
418.0000	  0.1238
417.5000	  0.1234
417.0000	  0.1233
416.5000	  0.1228
416.0000	  0.1223
415.5000	  0.1220
415.0000	  0.1219
414.5000	  0.1211
414.0000	  0.1209
413.5000	  0.1206
413.0000	  0.1207
412.5000	  0.1198
412.0000	  0.1197
411.5000	  0.1201
411.0000	  0.1192
410.5000	  0.1189
410.0000	  0.1188
409.5000	  0.1181
409.0000	  0.1176
408.5000	  0.1177
408.0000	  0.1171
407.5000	  0.1165
407.0000	  0.1165
406.5000	  0.1158
406.0000	  0.1158
405.5000	  0.1154
405.0000	  0.1153
404.5000	  0.1149
404.0000	  0.1144
403.5000	  0.1143
403.0000	  0.1139
402.5000	  0.1138
402.0000	  0.1136
401.5000	  0.1129
401.0000	  0.1130
400.5000	  0.1125
400.0000	  0.1125
399.5000	  0.1121
399.0000	  0.1116
398.5000	  0.1119
398.0000	  0.1110
397.5000	  0.1111
397.0000	  0.1106
396.5000	  0.1106
396.0000	  0.1103
395.5000	  0.1101
395.0000	  0.1094
394.5000	  0.1093
394.0000	  0.1097
393.5000	  0.1089
393.0000	  0.1089
392.5000	  0.1088
392.0000	  0.1087
391.5000	  0.1081
391.0000	  0.1085
390.5000	  0.1081
390.0000	  0.1078
389.5000	  0.1076
389.0000	  0.1070
388.5000	  0.1067
388.0000	  0.1075
387.5000	  0.1072
387.0000	  0.1067
386.5000	  0.1071
386.0000	  0.1062
385.5000	  0.1063
385.0000	  0.1063
384.5000	  0.1059
384.0000	  0.1058
383.5000	  0.1061
383.0000	  0.1059
382.5000	  0.1056
382.0000	  0.1057
381.5000	  0.1056
381.0000	  0.1053
380.5000	  0.1052
380.0000	  0.1057
379.5000	  0.1056
379.0000	  0.1045
378.5000	  0.1044
378.0000	  0.1038
377.5000	  0.1046
377.0000	  0.1043
376.5000	  0.1038
376.0000	  0.1041
375.5000	  0.1036
375.0000	  0.1040
374.5000	  0.1032
374.0000	  0.1034
373.5000	  0.1032
373.0000	  0.1029
372.5000	  0.1033
372.0000	  0.1030
371.5000	  0.1028
371.0000	  0.1027
370.5000	  0.1023
370.0000	  0.1024
369.5000	  0.1018
369.0000	  0.1015
368.5000	  0.1022
368.0000	  0.1020
367.5000	  0.1016
367.0000	  0.1015
366.5000	  0.1014
366.0000	  0.1008
365.5000	  0.1008
365.0000	  0.1012
364.5000	  0.1014
364.0000	  0.1006
363.5000	  0.1000
363.0000	  0.1003
362.5000	  0.1000
362.0000	  0.1003
361.5000	  0.1005
361.0000	  0.0999
360.5000	  0.0997
360.0000	  0.1000
359.5000	  0.1001
359.0000	  0.0996
358.5000	  0.0997
358.0000	  0.0992
357.5000	  0.0982
357.0000	  0.0989
356.5000	  0.0989
356.0000	  0.0985
355.5000	  0.0981
355.0000	  0.0990
354.5000	  0.0988
354.0000	  0.0981
353.5000	  0.0982
353.0000	  0.0975
352.5000	  0.0976
352.0000	  0.0974
351.5000	  0.0965
351.0000	  0.0967
350.5000	  0.0960
350.0000	  0.0964
349.5000	  0.0956
349.0000	  0.0961
348.5000	  0.0963
348.0000	  0.0949
347.5000	  0.0948
347.0000	  0.0952
346.5000	  0.0946
346.0000	  0.0952
345.5000	  0.0937
345.0000	  0.0932
344.5000	  0.0930
344.0000	  0.0929
343.5000	  0.0923
343.0000	  0.0923
342.5000	  0.0915
342.0000	  0.0920
341.5000	  0.0912
341.0000	  0.0910
340.5000	  0.0901
340.0000	  0.0921
339.5000	  0.0902
339.0000	  0.0903
338.5000	  0.0907
338.0000	  0.0881
337.5000	  0.0882
337.0000	  0.0871
336.5000	  0.0869
336.0000	  0.0874
335.5000	  0.0856
335.0000	  0.0853
334.5000	  0.0855
334.0000	  0.0850
333.5000	  0.0862
333.0000	  0.0841
332.5000	  0.0849
332.0000	  0.0833
331.5000	  0.0831
331.0000	  0.0828
330.5000	  0.0835
330.0000	  0.0819
329.5000	  0.0822
329.0000	  0.0809
328.5000	  0.0809
328.0000	  0.0815
327.5000	  0.0799
327.0000	  0.0792
326.5000	  0.0800
326.0000	  0.0783
325.5000	  0.0775
325.0000	  0.0781
324.5000	  0.0767
324.0000	  0.0779
323.5000	  0.0773
323.0000	  0.0770
322.5000	  0.0769
322.0000	  0.0752
321.5000	  0.0756
321.0000	  0.0742
320.5000	  0.0734
320.0000	  0.0750
319.5000	  0.0744
319.0000	  0.0740
318.5000	  0.0722
318.0000	  0.0717
317.5000	  0.0721
317.0000	  0.0706
316.5000	  0.0705
316.0000	  0.0696
315.5000	  0.0714
315.0000	  0.0699
314.5000	  0.0692
314.0000	  0.0689
313.5000	  0.0673
313.0000	  0.0695
312.5000	  0.0669
312.0000	  0.0693
311.5000	  0.0660
311.0000	  0.0662
310.5000	  0.0654
310.0000	  0.0663
309.5000	  0.0642
309.0000	  0.0655
308.5000	  0.0647
308.0000	  0.0644
307.5000	  0.0655
307.0000	  0.0614
306.5000	  0.0615
306.0000	  0.0617
305.5000	  0.0646
305.0000	  0.0605
304.5000	  0.0653
304.0000	  0.0569
303.5000	  0.0596
303.0000	  0.0561
302.5000	  0.0591
302.0000	  0.0613
301.5000	  0.0562
301.0000	  0.0649
300.5000	  0.0464
300.0000	  0.0580
299.5000	  0.0395
299.0000	  0.0511
298.5000	  0.0634
298.0000	  0.0139
297.5000	  0.0726
297.0000	  0.0690
296.5000	  0.0053
296.0000	 -0.0700
295.5000	  0.0323
295.0000	  0.0888
294.5000	 -0.0394
294.0000	  0.0802
293.5000	 -0.1288
293.0000	  0.2035
292.5000	  0.0473
292.0000	  0.0183
291.5000	  0.2358
291.0000	 -1.4781
290.5000	  0.1619
290.0000	  0.1545
289.5000	 -0.2179
289.0000	  0.4877
288.5000	 -1.4746
288.0000	 -0.8032
287.5000	  0.1316
287.0000	 -0.1952
286.5000	  0.5383
286.0000	  0.1389
285.5000	 -0.2123
285.0000	  0.8904
284.5000	  0.2270
284.0000	  0.0160
283.5000	  0.3788
283.0000	  0.9087
282.5000	 -0.0907
282.0000	  0.0652
281.5000	 -0.0757
281.0000	  0.5536
280.5000	 -1.8610
280.0000	  0.5539
279.5000	 -5.8255
279.0000	  0.6079
278.5000	  0.0184
278.0000	  0.7537
277.5000	  0.6689
277.0000	  0.6079
276.5000	  0.9923
276.0000	  0.4376
275.5000	 -0.0282
275.0000	  0.1368
274.5000	 -0.8720
274.0000	  0.0425
273.5000	 -1.3012
273.0000	 29.2989
272.5000	  1.0953
272.0000	 -0.7153
271.5000	  0.7996
271.0000	  1.1853
270.5000	 -0.4533
270.0000	  0.3528
269.5000	 -1.2159
269.0000	  0.8267
268.5000	 -0.5115
268.0000	  1.7942
267.5000	  0.8958
267.0000	  0.6525
266.5000	  0.0527
266.0000	  0.6631
265.5000	  0.1401
265.0000	  0.1682
264.5000	  1.2814
264.0000	  0.2910
263.5000	  2.9925
263.0000	  0.3136
262.5000	  1.7309
262.0000	  4.0651
261.5000	 -0.4205
261.0000	-40.1191
260.5000	  0.4863
260.0000	  0.7164
259.5000	  1.0893
259.0000	 -0.2104
258.5000	  0.5034
258.0000	 -0.1744
257.5000	  0.7283
257.0000	  4.9787
256.5000	 -1.2698
256.0000	  1.4351
255.5000	  0.6631
255.0000	  0.2863
254.5000	-62.0021
254.0000	  1.0436
253.5000	  0.1801
253.0000	  1.2494
252.5000	  0.0935
252.0000	  1.8324
251.5000	  0.5189
251.0000	  1.9291
250.5000	  8.5101
250.0000	  0.5010
249.5000	  1.1731
249.0000	 -0.4376
248.5000	  0.4029
248.0000	  0.2447
247.5000	 -5.1491
247.0000	  1.0918
246.5000	 -0.1273
246.0000	  0.4736
245.5000	  0.3544
245.0000	  0.1648
244.5000	  0.3839
244.0000	  0.3788
243.5000	 -9.0246
243.0000	 -1.5322
242.5000	  1.3386
242.0000	  1.1868
241.5000	  0.7615
241.0000	 -0.0150
240.5000	  0.5604
240.0000	  0.4365
239.5000	  0.8070
239.0000	 -0.1211
238.5000	 -2.1784
238.0000	 -0.0344
237.5000	 -0.0367
237.0000	  0.5652
236.5000	  0.4600
236.0000	 -0.8844
235.5000	 -1.3598
235.0000	  1.8621
234.5000	  1.4549
234.0000	  0.2616
233.5000	  0.7615
233.0000	  2.7016
232.5000	 27.3538
232.0000	  0.6646
231.5000	 -0.2924
231.0000	  0.3349
230.5000	  0.2060
230.0000	  0.7461
229.5000	  1.0862
229.0000	  0.3346
228.5000	 -1.8123
228.0000	  0.4559
227.5000	  0.3380
227.0000	 -0.4561
226.5000	  0.0278
226.0000	 -6.9205
225.5000	 -0.2667
225.0000	  0.3923
224.5000	  0.5104
224.0000	 -0.3326
223.5000	 -0.0777
223.0000	  0.2660
222.5000	 -1.4201
222.0000	  1.2097
221.5000	  0.0264
221.0000	 -1.4626
220.5000	  0.1826
220.0000	 -0.5565
219.5000	  0.3284
219.0000	  2.0651
218.5000	  0.4922
218.0000	  0.9726
217.5000	  0.4276
217.0000	 -1.0808
216.5000	 -0.1922
216.0000	  0.4463
215.5000	  0.3284
215.0000	  0.6375
214.5000	  0.7614
214.0000	 -2.0264
213.5000	  1.4018
213.0000	 -0.0779
212.5000	  1.1761
212.0000	  0.1415
211.5000	  1.5457
211.0000	  0.8856
210.5000	  1.1880
210.0000	  0.1801
209.5000	 -1.5475
209.0000	  3.4952
208.5000	  1.6879
208.0000	 -0.0944
207.5000	 -0.2937
207.0000	  2.9525
206.5000	 -4.6303
206.0000	 -0.2587
205.5000	 -0.3021
205.0000	  0.8179
204.5000	  1.3778
204.0000	 -2.0620
203.5000	 -0.5240
203.0000	  1.2644
202.5000	  3.2394
202.0000	 -0.1529
201.5000	  0.8579
201.0000	 -0.6013
200.5000	 -1.9641
200.0000	  1.6799
