Data1:
lambda		value

Calibration:
lambda:	800
Abs:	-0.0002

Data:
#
900		0.0285029
899.5		0.0292093
899		0.0285513
898.5		0.0379582
898		0.0274867
897.5		0.0305599
897		0.0282805
896.5		0.0305976
896		0.0285201
895.5		0.0325083
895		0.0300099
894.5		0.0294324
894		0.0300915
893.5		0.0277435
893		0.0296118
892.5		0.0309107
892		0.0286061
891.5		0.0303091
891		0.0300455
890.5		0.0290319
890		0.0338283
889.5		0.0322548
889		0.0280955
888.5		0.0292814
888		0.0354347
887.5		0.0312877
887		0.0308983
886.5		0.0316417
886		0.029052
885.5		0.0314953
885		0.0303835
884.5		0.0326175
884		0.0309003
883.5		0.0312656
883		0.0324969
882.5		0.0328217
882		0.0313718
881.5		0.0316424
881		0.0333665
880.5		0.032612
880		0.0331811
879.5		0.0314497
879		0.033259
878.5		0.0314068
878		0.0325171
877.5		0.0304695
877		0.0314824
876.5		0.032739
876		0.0319428
875.5		0.0314593
875		0.0312627
874.5		0.0318923
874		0.0340554
873.5		0.0318523
873		0.033515
872.5		0.0324275
872		0.0326498
871.5		0.0317922
871		0.0325713
870.5		0.0317933
870		0.0326163
869.5		0.032625
869		0.0322968
868.5		0.0325423
868		0.0334265
867.5		0.0331801
867		0.0331569
866.5		0.0334569
866		0.0339574
865.5		0.0332767
865		0.0334038
864.5		0.0336467
864		0.0336093
863.5		0.0325512
863		0.0339034
862.5		0.0341522
862		0.0340695
861.5		0.0337717
861		0.0345659
860.5		0.0337912
860		0.0342058
859.5		0.0340637
859		0.0341101
858.5		0.0338663
858		0.0341338
857.5		0.034235
857		0.0342534
856.5		0.0349713
856		0.0339873
855.5		0.0341483
855		0.0341889
854.5		0.0346329
854		0.0346912
853.5		0.0351086
853		0.0351938
852.5		0.035665
852		0.0353476
851.5		0.0356434
851		0.0349561
850.5		0.0350183
850		0.035838
849.5		0.0359329
849		0.0356684
848.5		0.0357248
848		0.0357284
847.5		0.03594
847		0.0361196
846.5		0.036369
846		0.0361446
845.5		0.0362161
845		0.0360636
844.5		0.0365252
844		0.0365432
843.5		0.0368732
843		0.0367299
842.5		0.0365757
842		0.036482
841.5		0.0367145
841		0.0368213
840.5		0.0371799
840		0.037337
839.5		0.0372052
839		0.0371983
838.5		0.0371395
838		0.0374294
837.5		0.0373887
837		0.0374257
836.5		0.0375955
836		0.0376892
835.5		0.0376163
835		0.0380952
834.5		0.0380262
834		0.0382172
833.5		0.0379923
833		0.0383165
832.5		0.0382628
832		0.0386795
831.5		0.0383622
831		0.0390811
830.5		0.0387643
830		0.0387905
829.5		0.0386454
829		0.0390307
828.5		0.0390555
828		0.0393309
827.5		0.0394697
827		0.0393583
826.5		0.0391317
826		0.0395052
825.5		0.039454
825		0.0397126
824.5		0.0395131
824		0.0399321
823.5		0.0400639
823		0.0399162
822.5		0.0401201
822		0.0401915
821.5		0.0403395
821		0.0402356
820.5		0.0402631
820		0.0406228
819.5		0.0405878
819		0.0408041
818.5		0.0408224
818		0.0409246
817.5		0.0410986
817		0.0409795
816.5		0.0410548
816		0.0412052
815.5		0.0410727
815		0.0412412
814.5		0.0413876
814		0.0416042
813.5		0.0417167
813		0.0415917
812.5		0.0418623
812		0.0419832
811.5		0.0421253
811		0.042079
810.5		0.0425107
810		0.0423788
809.5		0.0423813
809		0.042417
808.5		0.0428086
808		0.0428
807.5		0.0427256
807		0.043187
806.5		0.0431302
806		0.0432346
805.5		0.0432611
805		0.043043
804.5		0.0434696
804		0.0434522
803.5		0.0438263
803		0.0436389
802.5		0.0436913
802		0.0439988
801.5		0.0440692
801		0.0442753
800.5		0.044254
800		0.0440912
799.5		0.0443911
799		0.0445974
798.5		0.0445599
798		0.0448596
797.5		0.0447672
797		0.0450549
796.5		0.0448372
796		0.0451008
795.5		0.0452231
795		0.0455818
794.5		0.0454682
794		0.0457268
793.5		0.0456903
793		0.0459908
792.5		0.0460631
792		0.0463417
791.5		0.0458761
791		0.0461692
790.5		0.0465256
790		0.0464236
789.5		0.0467673
789		0.0467066
788.5		0.0469812
788		0.0472912
787.5		0.0470013
787		0.0471576
786.5		0.0471726
786		0.0472872
785.5		0.0476476
785		0.0476712
784.5		0.0477949
784		0.0479848
783.5		0.0478517
783		0.0482759
782.5		0.0480846
782		0.0481267
781.5		0.0482986
781		0.0487489
780.5		0.0485543
780		0.0487392
779.5		0.0490871
779		0.0488827
778.5		0.0492081
778		0.0492163
777.5		0.0494774
777		0.0496115
776.5		0.0495415
776		0.0496765
775.5		0.0496468
775		0.0501298
774.5		0.0501243
774		0.0502347
773.5		0.0505383
773		0.0505724
772.5		0.0507629
772		0.0505171
771.5		0.0506885
771		0.0509706
770.5		0.0512438
770		0.0513306
769.5		0.0516039
769		0.051494
768.5		0.0516521
768		0.0519403
767.5		0.0518873
767		0.0519041
766.5		0.0522908
766		0.0523482
765.5		0.0524953
765		0.052501
764.5		0.0529306
764		0.0527573
763.5		0.052852
763		0.0530762
762.5		0.0533811
762		0.0534488
761.5		0.0533267
761		0.0537634
760.5		0.0538576
760		0.0540002
759.5		0.054124
759		0.0541642
758.5		0.0543121
758		0.0545509
757.5		0.0545834
757		0.0549756
756.5		0.0550422
756		0.0550304
755.5		0.0551964
755		0.05518
754.5		0.0556053
754		0.0557263
753.5		0.0560589
753		0.0560311
752.5		0.056201
752		0.0563562
751.5		0.0562766
751		0.0564444
750.5		0.0566094
750		0.0569073
749.5		0.0572678
749		0.0570975
748.5		0.057211
748		0.0576197
747.5		0.0576618
747		0.0578759
746.5		0.0578906
746		0.0580229
745.5		0.057948
745		0.0583333
744.5		0.0583978
744		0.0587187
743.5		0.0588877
743		0.0592027
742.5		0.0593893
742		0.0593598
741.5		0.0594991
741		0.0594001
740.5		0.0598257
740		0.0599644
739.5		0.0602816
739		0.0604173
738.5		0.0602433
738		0.060756
737.5		0.0607079
737		0.0607647
736.5		0.0611539
736		0.0613697
735.5		0.0613152
735		0.0617406
734.5		0.061743
734		0.0618465
733.5		0.0620254
733		0.0625123
732.5		0.0624816
732		0.062457
731.5		0.0628745
731		0.0630215
730.5		0.0632986
730		0.0633271
729.5		0.0635045
729		0.0636675
728.5		0.0637924
728		0.0641001
727.5		0.0640452
727		0.0643275
726.5		0.0644973
726		0.0646037
725.5		0.0649136
725		0.064822
724.5		0.0652384
724		0.0651776
723.5		0.0653136
723		0.0658286
722.5		0.0661751
722		0.0659613
721.5		0.0662926
721		0.0664647
720.5		0.0667926
720		0.0669626
719.5		0.0669609
719		0.0677392
718.5		0.06716
718		0.0675726
717.5		0.0678729
717		0.0677966
716.5		0.0682159
716		0.0682245
715.5		0.0687547
715		0.069008
714.5		0.0691227
714		0.0691986
713.5		0.0696342
713		0.0698966
712.5		0.0700557
712		0.070216
711.5		0.0705097
711		0.0703625
710.5		0.0706374
710		0.0711636
709.5		0.0710868
709		0.0714845
708.5		0.071744
708		0.0718563
707.5		0.0720614
707		0.0724138
706.5		0.0725052
706		0.0731274
705.5		0.0733918
705		0.0732164
704.5		0.0733629
704		0.07376
703.5		0.0737495
703		0.0740522
702.5		0.0744282
702		0.0745489
701.5		0.074771
701		0.0749285
700.5		0.0752614
700		0.075416
699.5		0.075617
699		0.0757113
698.5		0.075998
698		0.0763841
697.5		0.0768169
697		0.0767334
696.5		0.0773181
696		0.0772794
695.5		0.0775369
695		0.0775896
694.5		0.0781913
694		0.0781974
693.5		0.0784178
693		0.078532
692.5		0.0789396
692		0.0793008
691.5		0.0793996
691		0.0792743
690.5		0.0800237
690		0.0804382
689.5		0.0804779
689		0.080846
688.5		0.0809557
688		0.0813217
687.5		0.0815158
687		0.0818523
686.5		0.0820417
686		0.0822378
685.5		0.0822554
685		0.0823541
684.5		0.0827409
684		0.0833745
683.5		0.0835228
683		0.0839672
682.5		0.0838767
682		0.0842708
681.5		0.0843707
681		0.0846488
680.5		0.0850791
680		0.085449
679.5		0.0855874
679		0.0861301
678.5		0.0862989
678		0.0865223
677.5		0.087107
677		0.0870725
676.5		0.0876498
676		0.0874814
675.5		0.0879414
675		0.0882091
674.5		0.0883923
674		0.0886865
673.5		0.0892627
673		0.0895242
672.5		0.0896954
672		0.0897132
671.5		0.0903245
671		0.0904324
670.5		0.0908371
670		0.0910081
669.5		0.0911698
669		0.0917549
668.5		0.091863
668		0.0920324
667.5		0.0923655
667		0.0926366
666.5		0.0931474
666		0.0935951
665.5		0.0935522
665		0.0940687
664.5		0.0943789
664		0.0942967
663.5		0.0950069
663		0.0948797
662.5		0.0953088
662		0.0956625
661.5		0.0960396
661		0.0960301
660.5		0.0969403
660		0.0968796
659.5		0.097225
659		0.097474
658.5		0.0979381
658		0.0982842
657.5		0.0984743
657		0.0985231
656.5		0.0993758
656		0.0991179
655.5		0.0999901
655		0.10001
654.5		0.100277
654		0.100585
653.5		0.100764
653		0.10139
652.5		0.101646
652		0.101875
651.5		0.102246
651		0.102427
650.5		0.102808
650		0.103325
649.5		0.103736
649		0.103924
648.5		0.103962
648		0.104693
647.5		0.10485
647		0.105347
646.5		0.105687
646		0.105744
645.5		0.10633
645		0.106599
644.5		0.106976
644		0.107435
643.5		0.107659
643		0.107833
642.5		0.108661
642		0.108706
641.5		0.109193
641		0.109327
640.5		0.109903
640		0.110144
639.5		0.110589
639		0.110767
638.5		0.111434
638		0.111556
637.5		0.112104
637		0.112282
636.5		0.112405
636		0.113177
635.5		0.113321
635		0.114041
634.5		0.114064
634		0.114726
633.5		0.115191
633		0.115563
632.5		0.115723
632		0.116333
631.5		0.116472
631		0.117148
630.5		0.117487
630		0.117724
629.5		0.118318
629		0.118369
628.5		0.1186
628		0.119177
627.5		0.119331
627		0.119992
626.5		0.120112
626		0.120506
625.5		0.120727
625		0.120685
624.5		0.121551
624		0.121735
623.5		0.121949
623		0.121942
622.5		0.122577
622		0.123051
621.5		0.123459
621		0.123548
620.5		0.123745
620		0.124502
619.5		0.12449
619		0.125255
618.5		0.125461
618		0.125545
617.5		0.125751
617		0.126445
616.5		0.127006
616		0.127504
615.5		0.127442
615		0.127921
614.5		0.128061
614		0.128809
613.5		0.129086
613		0.12955
612.5		0.129796
612		0.130545
611.5		0.130795
611		0.1312
610.5		0.131515
610		0.131868
609.5		0.132336
609		0.13273
608.5		0.132815
608		0.133314
607.5		0.133813
607		0.13428
606.5		0.134571
606		0.134962
605.5		0.135387
605		0.135718
604.5		0.135997
604		0.136633
603.5		0.137163
603		0.137101
602.5		0.13768
602		0.138263
601.5		0.138711
601		0.139132
600.5		0.13942
600		0.139612
599.5		0.14054
599		0.140105
598.5		0.141
598		0.141514
597.5		0.141914
597		0.142413
596.5		0.142719
596		0.142843
595.5		0.143438
595		0.144033
594.5		0.144547
594		0.144324
593.5		0.145296
593		0.145238
592.5		0.145763
592		0.146207
591.5		0.146507
591		0.14688
590.5		0.147589
590		0.147378
589.5		0.148277
589		0.148496
588.5		0.148839
588		0.149564
587.5		0.150024
587		0.150276
586.5		0.150406
586		0.151038
585.5		0.151398
585		0.151582
584.5		0.15213
584		0.15256
583.5		0.152726
583		0.153623
582.5		0.153787
582		0.154114
581.5		0.154581
581		0.154773
580.5		0.155302
580		0.155345
579.5		0.156163
579		0.156199
578.5		0.156647
578		0.157255
577.5		0.157702
577		0.158067
576.5		0.158311
576		0.15897
575.5		0.159517
575		0.159549
574.5		0.159904
574		0.160308
573.5		0.160269
573		0.161312
572.5		0.161654
572		0.161852
571.5		0.162029
571		0.162815
570.5		0.162977
570		0.163279
569.5		0.163699
569		0.163766
568.5		0.16428
568		0.164443
567.5		0.165191
567		0.165897
566.5		0.165994
566		0.166138
565.5		0.166507
565		0.167164
564.5		0.167628
564		0.167819
563.5		0.168811
563		0.168296
562.5		0.169294
562		0.169114
561.5		0.169846
561		0.169916
560.5		0.17015
560		0.17094
559.5		0.171896
559		0.171593
558.5		0.172013
558		0.172367
557.5		0.172708
557		0.173225
556.5		0.173654
556		0.173634
555.5		0.174213
555		0.174075
554.5		0.174789
554		0.175196
553.5		0.175676
553		0.176206
552.5		0.17589
552		0.176341
551.5		0.176792
551		0.17762
550.5		0.177541
550		0.177381
549.5		0.178438
549		0.178315
548.5		0.178746
548		0.179401
547.5		0.179049
547		0.180147
546.5		0.180088
546		0.180714
545.5		0.181
545		0.181097
544.5		0.181575
544		0.181844
543.5		0.181948
543		0.182748
542.5		0.18233
542		0.183295
541.5		0.182998
541		0.183475
540.5		0.183934
540		0.183792
539.5		0.184771
539		0.184775
538.5		0.185009
538		0.185556
537.5		0.185517
537		0.186366
536.5		0.1861
536		0.18688
535.5		0.186691
535		0.187209
534.5		0.18753
534		0.188107
533.5		0.187785
533		0.18853
532.5		0.188947
532		0.189053
531.5		0.189411
531		0.18986
530.5		0.19
530		0.190444
529.5		0.190472
529		0.19112
528.5		0.191591
528		0.191876
527.5		0.191982
527		0.192564
526.5		0.192385
526		0.193318
525.5		0.19338
525		0.193883
524.5		0.194064
524		0.194214
523.5		0.194646
523		0.195127
522.5		0.195433
522		0.195567
521.5		0.196362
521		0.196437
520.5		0.196481
520		0.196728
519.5		0.197109
519		0.197221
518.5		0.19779
518		0.198097
517.5		0.198363
517		0.198439
516.5		0.198954
516		0.199161
515.5		0.199524
515		0.199752
514.5		0.200229
514		0.200209
513.5		0.200954
513		0.200629
512.5		0.201317
512		0.201815
511.5		0.201562
511		0.202483
510.5		0.202308
510		0.202173
509.5		0.202997
509		0.202362
508.5		0.203071
508		0.203237
507.5		0.203161
507		0.203464
506.5		0.203475
506		0.203358
505.5		0.203662
505		0.203485
504.5		0.203518
504		0.203531
503.5		0.203374
503		0.203599
502.5		0.203213
502		0.203434
501.5		0.202677
501		0.202992
500.5		0.203033
500		0.202351
499.5		0.202909
499		0.202607
498.5		0.201969
498		0.202082
497.5		0.201485
497		0.201484
496.5		0.201204
496		0.200703
495.5		0.200407
495		0.200148
494.5		0.199539
494		0.1993
493.5		0.199098
493		0.198343
492.5		0.19783
492		0.197389
491.5		0.196751
491		0.196278
490.5		0.196311
490		0.195445
489.5		0.194737
489		0.194007
488.5		0.193333
488		0.192403
487.5		0.192364
487		0.191382
486.5		0.190629
486		0.189966
485.5		0.188933
485		0.188667
484.5		0.187963
484		0.187409
483.5		0.186486
483		0.185591
482.5		0.18482
482		0.183997
481.5		0.182902
481		0.182083
480.5		0.181446
480		0.180826
479.5		0.180049
479		0.179369
478.5		0.178403
478		0.177627
477.5		0.176316
477		0.17598
476.5		0.174903
476		0.174487
475.5		0.172871
475		0.172057
474.5		0.17149
474		0.170624
473.5		0.169859
473		0.169437
472.5		0.168356
472		0.167713
471.5		0.166801
471		0.165387
470.5		0.164925
470		0.164082
469.5		0.163515
469		0.162689
468.5		0.161824
468		0.161336
467.5		0.160436
467		0.159618
466.5		0.158732
466		0.158266
465.5		0.157426
465		0.156709
464.5		0.156418
464		0.155405
463.5		0.154454
463		0.153577
462.5		0.153033
462		0.152229
461.5		0.151851
461		0.151225
460.5		0.150209
460		0.149474
459.5		0.148685
459		0.148132
458.5		0.147491
458		0.147049
457.5		0.14651
457		0.14542
456.5		0.145179
456		0.144435
455.5		0.143697
455		0.14303
454.5		0.142449
454		0.141819
453.5		0.141585
453		0.140706
452.5		0.140191
452		0.139618
451.5		0.139343
451		0.138562
450.5		0.138319
450		0.137311
449.5		0.136662
449		0.135907
448.5		0.135721
448		0.135104
447.5		0.134575
447		0.134326
446.5		0.132993
446		0.132992
445.5		0.132122
445		0.131474
444.5		0.131316
444		0.130335
443.5		0.129962
443		0.129853
442.5		0.129198
442		0.128483
441.5		0.12798
441		0.12776
440.5		0.126987
440		0.127056
439.5		0.126068
439		0.125778
438.5		0.125111
438		0.124456
437.5		0.124144
437		0.124088
436.5		0.123277
436		0.123054
435.5		0.122229
435		0.121934
434.5		0.121558
434		0.121053
433.5		0.120494
433		0.12015
432.5		0.119968
432		0.118969
431.5		0.118798
431		0.117872
430.5		0.118402
430		0.117882
429.5		0.11737
429		0.116732
428.5		0.116405
428		0.116178
427.5		0.115846
427		0.115214
426.5		0.114567
426		0.11439
425.5		0.113946
425		0.113934
424.5		0.113433
424		0.113106
423.5		0.112536
423		0.112035
422.5		0.111977
422		0.111748
421.5		0.111435
421		0.110778
420.5		0.110572
420		0.110277
419.5		0.10974
419		0.109438
418.5		0.109213
418		0.108883
417.5		0.108522
417		0.108063
416.5		0.107852
416		0.10746
415.5		0.107008
415		0.106883
414.5		0.10607
414		0.105997
413.5		0.10565
413		0.105627
412.5		0.105042
412		0.104642
411.5		0.105166
411		0.104269
410.5		0.10377
410		0.104083
409.5		0.102991
409		0.102493
408.5		0.102508
408		0.102182
407.5		0.101729
407		0.101357
406.5		0.100933
406		0.100933
405.5		0.100261
405		0.100514
404.5		0.0999217
404		0.0995129
403.5		0.0993395
403		0.0988887
402.5		0.0988276
402		0.0986625
401.5		0.0980886
401		0.0980137
400.5		0.0974617
400		0.0977411
399.5		0.0974274
399		0.0967323
398.5		0.0967658
398		0.0960873
397.5		0.0961905
397		0.0957742
396.5		0.0957908
396		0.0955061
395.5		0.0953082
395		0.094514
394.5		0.0946566
394		0.0945853
393.5		0.0943184
393		0.093855
392.5		0.0936075
392		0.0937716
391.5		0.0930934
391		0.0934298
390.5		0.0929013
390		0.0925163
389.5		0.0922101
389		0.0917825
388.5		0.0913371
388		0.0919275
387.5		0.0914754
387		0.0910487
386.5		0.0913121
386		0.0903907
385.5		0.0904373
385		0.090253
384.5		0.0895863
384		0.0897142
383.5		0.0898087
383		0.089503
382.5		0.0889113
382		0.0893491
381.5		0.0890163
381		0.0886588
380.5		0.0883217
380		0.0891231
379.5		0.0883165
379		0.087793
378.5		0.0875692
378		0.086891
377.5		0.0875534
377		0.0872511
376.5		0.0865794
376		0.0869529
375.5		0.0865136
375		0.0867028
374.5		0.0862516
374		0.0862098
373.5		0.0863093
373		0.0857071
372.5		0.0860117
372		0.0859336
371.5		0.0852829
371		0.0853557
370.5		0.0849174
370		0.085071
369.5		0.0846922
369		0.0840858
368.5		0.0846026
368		0.0845631
367.5		0.0837455
367		0.0838289
366.5		0.0838502
366		0.0832164
365.5		0.0832026
365		0.0832922
364.5		0.0836082
364		0.0829144
363.5		0.0823181
363		0.0825446
362.5		0.0822166
362		0.0823008
361.5		0.0822826
361		0.0818852
360.5		0.0817749
360		0.0818733
359.5		0.0820088
359		0.0815992
358.5		0.0809713
358		0.0812582
357.5		0.0800456
357		0.0806688
356.5		0.0807611
356		0.0802313
355.5		0.0798015
355		0.0806517
354.5		0.0800778
354		0.079575
353.5		0.079779
353		0.0790113
352.5		0.0791694
352		0.0785674
351.5		0.0782454
351		0.0783567
350.5		0.0775946
350		0.0779746
349.5		0.0771217
349		0.07745
348.5		0.0773432
348		0.0760234
347.5		0.0762855
347		0.0767494
346.5		0.0759047
346		0.0761539
345.5		0.0745841
345		0.0745898
344.5		0.0745611
344		0.0742606
343.5		0.0736397
343		0.073781
342.5		0.0728793
342		0.0733769
341.5		0.0728959
341		0.0722681
340.5		0.0714569
340		0.0728928
339.5		0.0706232
339		0.0707126
338.5		0.071468
338		0.0694631
337.5		0.0691928
337		0.0684103
336.5		0.0678217
336		0.0686405
335.5		0.0668593
335		0.0664175
334.5		0.0665888
334		0.066004
333.5		0.066858
333		0.0653864
332.5		0.0659674
332		0.0644737
331.5		0.0643089
331		0.0642757
330.5		0.0643595
330		0.0634195
329.5		0.0632259
329		0.0623027
328.5		0.0619828
328		0.0624665
327.5		0.0613624
327		0.0606478
326.5		0.0611855
326		0.0598258
325.5		0.0592644
325		0.0596138
324.5		0.058792
324		0.0594475
323.5		0.0589132
323		0.0589722
322.5		0.0586933
322		0.0572778
321.5		0.0571342
321		0.0563017
320.5		0.0556904
320		0.0565952
319.5		0.0560959
319		0.0558448
318.5		0.0545482
318		0.0541255
317.5		0.0543782
317		0.0527929
316.5		0.052805
316		0.052014
315.5		0.0534992
315		0.0520632
314.5		0.0515379
314		0.0511811
313.5		0.0499851
313		0.0519471
312.5		0.0497435
312		0.0511477
311.5		0.049005
311		0.0488958
310.5		0.0483513
310		0.0491475
309.5		0.0469058
309		0.0482682
308.5		0.04757
308		0.0473495
307.5		0.0478521
307		0.0452869
306.5		0.0452139
306		0.0450793
305.5		0.0470468
305		0.0442867
304.5		0.047713
304		0.0415662
303.5		0.0437142
303		0.0410808
302.5		0.0433634
302		0.0444719
301.5		0.040977
301		0.0470017
300.5		0.0338094
300		0.0424504
299.5		0.0287168
299		0.0372205
298.5		0.0458755
298		0.010013
297.5		0.052506
297		0.0497943
296.5		0.0038201
296		-0.0505561
295.5		0.0233466
295		0.0642315
294.5		-0.0282843
294		0.0572122
293.5		-0.0923165
293		0.145565
292.5		0.0338268
292		0.0130705
291.5		0.16682
291		-1.05136
290.5		0.115182
290		0.109816
289.5		-0.154484
289		0.34304
288.5		-1.03889
288		-0.564203
287.5		0.0923833
287		-0.136237
286.5		0.374391
286		0.097065
285.5		-0.147482
285		0.614535
284.5		0.157781
284		0.0111584
283.5		0.260702
283		0.627902
282.5		-0.0622897
282		0.0449531
281.5		-0.0520884
281		0.378401
280.5		-1.26702
280		0.376521
279.5		-3.93988
279		0.410743
278.5		0.0124966
278		0.508227
277.5		0.450347
277		0.40714
276.5		0.668396
276		0.292474
275.5		-0.0188768
275		0.0909212
274.5		-0.580173
274		0.0281924
273.5		-0.862464
273		19.3086
272.5		0.721922
272		-0.469388
271.5		0.523401
271		0.77796
270.5		-0.294427
270		0.228586
269.5		-0.792479
269		0.534009
268.5		-0.329894
268		1.15755
267.5		0.575633
267		0.415896
266.5		0.0337064
266		0.424629
265.5		0.0890202
265		0.106093
264.5		0.808914
264		0.184236
263.5		1.89159
263		0.196123
262.5		1.0771
262		2.5372
261.5		-0.263125
261		-24.9156
260.5		0.301638
260		0.443674
259.5		0.669556
259		-0.128051
258.5		0.30697
258		-0.106354
257.5		0.441581
257		3.03394
256.5		-0.770931
256		0.86379
255.5		0.399289
255		0.171079
254.5		-37.1092
254		0.620969
253.5		0.106581
253		0.739596
252.5		0.0550259
252		1.07378
251.5		0.30657
251		1.12366
250.5		4.93969
250		0.291279
249.5		0.67821
249		-0.251321
248.5		0.233119
248		0.140697
247.5		-2.90303
247		0.621825
246.5		-0.072577
246		0.268101
245.5		0.198488
245		0.0925479
244.5		0.215432
244		0.210164
243.5		-4.98156
243		-0.840483
242.5		0.730797
242		0.642904
241.5		0.41323
241		-0.00811337
240.5		0.300305
240		0.232354
239.5		0.426758
239		-0.0637067
238.5		-1.15168
238		-0.0179017
237.5		-0.0191245
237		0.294161
236.5		0.235523
236		-0.457409
235.5		-0.689134
235		0.942597
234.5		0.739053
234		0.131895
233.5		0.383898
233		1.34361
232.5		13.6082
232		0.327147
231.5		-0.145061
231		0.162897
230.5		0.100586
230		0.358685
229.5		0.514592
229		0.160487
228.5		-0.859399
228		0.218888
227.5		0.159569
227		-0.213911
226.5		0.0130461
226		-3.21794
225.5		-0.124632
225		0.181034
224.5		0.234333
224		-0.150491
223.5		-0.0342366
223		0.118454
222.5		-0.632589
222		0.528322
221.5		0.0116008
221		-0.639444
220.5		0.079958
220		-0.24278
219.5		0.139983
219		0.892823
218.5		0.212256
218		0.429461
217.5		0.177119
217		-0.447777
216.5		-0.0809502
216		0.180915
215.5		0.136096
215		0.25686
214.5		0.297201
214		-0.800063
213.5		0.550351
213		-0.0300251
212.5		0.465229
212		0.0551829
211.5		0.605848
211		0.341931
210.5		0.459432
210		0.0673724
209.5		-0.593936
209		1.33059
208.5		0.6473
208		-0.0340659
207.5		-0.106575
207		1.00299
206.5		-1.67746
206		-0.0916596
205.5		-0.105585
205		0.293934
204.5		0.464908
204		-0.807013
203.5		-0.189149
203		0.41562
202.5		1.06791
202		-0.0472994
201.5		0.282343
201		-0.192391
200.5		-0.646809
200		0.658552
Data2:
lambda		value

Calibration:
lambda:	800
Abs:	0.0005

Data:
#
900		0.0761609
899.5		0.0745005
899		0.0823826
898.5		0.0732707
898		0.0675769
897.5		0.0758607
897		0.0687455
896.5		0.075576
896		0.0703523
895.5		0.0703686
895		0.0724094
894.5		0.0733816
894		0.070557
893.5		0.0795887
893		0.0753927
892.5		0.0713587
892		0.0732349
891.5		0.0686421
891		0.07623
890.5		0.0770387
890		0.0725251
889.5		0.074912
889		0.070489
888.5		0.0752167
888		0.0735309
887.5		0.0763113
887		0.0726069
886.5		0.0733434
886		0.0786494
885.5		0.0760589
885		0.0713372
884.5		0.0799797
884		0.0736593
883.5		0.0729708
883		0.0744057
882.5		0.0745831
882		0.0717856
881.5		0.0721354
881		0.0759494
880.5		0.0744359
880		0.0733144
879.5		0.0726904
879		0.0780315
878.5		0.0755096
878		0.075123
877.5		0.0761771
877		0.0761623
876.5		0.0765121
876		0.074821
875.5		0.0759622
875		0.0756729
874.5		0.0762918
874		0.0766284
873.5		0.0759314
873		0.0768765
872.5		0.0752123
872		0.0754059
871.5		0.0760739
871		0.0769309
870.5		0.0757606
870		0.0780937
869.5		0.0747804
869		0.0765459
868.5		0.0771543
868		0.0757863
867.5		0.0749075
867		0.0772536
866.5		0.077085
866		0.0758346
865.5		0.0751
865		0.0769231
864.5		0.0759556
864		0.0757485
863.5		0.07504
863		0.0760123
862.5		0.0765464
862		0.076115
861.5		0.0768617
861		0.0773253
860.5		0.0781658
860		0.0764957
859.5		0.0766471
859		0.0759079
858.5		0.0764262
858		0.0770529
857.5		0.0768078
857		0.0762047
856.5		0.0766333
856		0.0771443
855.5		0.0763669
855		0.0773503
854.5		0.0773344
854		0.0774648
853.5		0.0769154
853		0.0769841
852.5		0.0761116
852		0.0768699
851.5		0.0772976
851		0.0768775
850.5		0.0768165
850		0.0774718
849.5		0.0767559
849		0.0766265
848.5		0.076817
848		0.0761481
847.5		0.0772651
847		0.0771282
846.5		0.0771279
846		0.0776757
845.5		0.0772354
845		0.0778129
844.5		0.0768547
844		0.0771892
843.5		0.0766506
843		0.0776603
842.5		0.0769611
842		0.076961
841.5		0.077243
841		0.0772498
840.5		0.0773798
840		0.077098
839.5		0.0770294
839		0.0773191
838.5		0.0774933
838		0.0774871
837.5		0.0773038
837		0.0778758
836.5		0.0776256
836		0.0773114
835.5		0.0769688
835		0.0773355
834.5		0.077695
834		0.0772822
833.5		0.0775263
833		0.0775802
832.5		0.0774739
832		0.07801
831.5		0.0775733
831		0.0774206
830.5		0.0776825
830		0.0774361
829.5		0.0773448
829		0.0773206
828.5		0.077667
828		0.0776206
827.5		0.077299
827		0.0773756
826.5		0.0774213
826		0.0777678
825.5		0.077667
825		0.0778832
824.5		0.0774838
824		0.0777223
823.5		0.0775845
823		0.077891
822.5		0.0779936
822		0.0772455
821.5		0.0780376
821		0.07773
820.5		0.0775905
820		0.0776069
819.5		0.0778311
819		0.0777622
818.5		0.0777068
818		0.077701
817.5		0.0778413
817		0.0775155
816.5		0.0778689
816		0.0772764
815.5		0.0770152
815		0.077632
814.5		0.077531
814		0.0776621
813.5		0.0778857
813		0.077939
812.5		0.0773845
812		0.0776233
811.5		0.077701
811		0.0776155
810.5		0.0769922
810		0.0775155
809.5		0.0765393
809		0.0777856
808.5		0.0774697
808		0.0772541
807.5		0.0776009
807		0.0773309
806.5		0.0776087
806		0.0772158
805.5		0.0771846
805		0.0773315
804.5		0.0772
804		0.0770692
803.5		0.0773005
803		0.0769461
802.5		0.0768384
802		0.0769768
801.5		0.0772
801		0.0773857
800.5		0.0767006
800		0.0770385
799.5		0.0771386
799		0.0766773
798.5		0.0770846
798		0.0766847
797.5		0.0770696
797		0.0768769
796.5		0.0768462
796		0.0765851
795.5		0.0765235
795		0.0769231
794.5		0.0769
794		0.0764312
793.5		0.07647
793		0.0766383
792.5		0.0765923
792		0.0764223
791.5		0.0764471
791		0.0760729
790.5		0.0763313
790		0.0762636
789.5		0.0764
789		0.0761011
788.5		0.0760228
788		0.0760783
787.5		0.0761933
787		0.0758848
786.5		0.0759481
786		0.0758119
785.5		0.0760696
785		0.0755901
784.5		0.0757863
784		0.0756714
783.5		0.075818
783		0.0755151
782.5		0.0755715
782		0.0754811
781.5		0.0753944
781		0.0755188
780.5		0.075227
780		0.0753042
779.5		0.0753794
779		0.0755715
778.5		0.0751595
778		0.0753247
777.5		0.0751146
777		0.0749676
776.5		0.0750125
776		0.0748157
775.5		0.0745719
775		0.0750475
774.5		0.0745422
774		0.074955
773.5		0.0747132
773		0.0746165
772.5		0.0745509
772		0.0746343
771.5		0.0743884
771		0.074218
770.5		0.0743802
770		0.0741073
769.5		0.0742698
769		0.0741553
768.5		0.0740962
768		0.0735836
767.5		0.0740482
767		0.0737313
766.5		0.0736569
766		0.0738376
765.5		0.0735646
765		0.0733936
764.5		0.0738155
764		0.0734137
763.5		0.0736453
763		0.0732047
762.5		0.0735499
762		0.073506
761.5		0.0732386
761		0.0733287
760.5		0.0732218
760		0.0732802
759.5		0.0728793
759		0.0729985
758.5		0.0728648
758		0.0723874
757.5		0.0726296
757		0.0726224
756.5		0.0723802
756		0.0723959
755.5		0.0724522
755		0.0724306
754.5		0.0724667
754		0.0722366
753.5		0.0724392
753		0.0720048
752.5		0.072039
752		0.0719117
751.5		0.0717827
751		0.0716985
750.5		0.0718545
750		0.0716557
749.5		0.0716347
749		0.0716199
748.5		0.0716629
748		0.0716771
747.5		0.0714073
747		0.0712509
746.5		0.0709255
746		0.071386
745.5		0.0709959
745		0.0710811
744.5		0.0709396
744		0.07065
743.5		0.0705357
743		0.0707552
742.5		0.0706419
742		0.0706069
741.5		0.070537
741		0.0703388
740.5		0.0705719
740		0.070601
739.5		0.0706419
739		0.0698595
738.5		0.0700851
738		0.070106
737.5		0.0701494
737		0.0701009
736.5		0.0695007
736		0.0696203
735.5		0.0699536
735		0.0696916
734.5		0.0693733
734		0.0692923
733.5		0.0694691
733		0.0693636
732.5		0.0691217
732		0.0690841
731.5		0.069013
731		0.069057
730.5		0.0689486
730		0.0687659
729.5		0.0688438
729		0.0686044
728.5		0.0681308
728		0.0685441
727.5		0.068277
727		0.0684678
726.5		0.0684411
726		0.067948
725.5		0.068162
725		0.0680608
724.5		0.0677933
724		0.0675337
723.5		0.0675715
723		0.0675053
722.5		0.0673694
722		0.0673407
721.5		0.067003
721		0.0672667
720.5		0.0671204
720		0.0672904
719.5		0.067005
719		0.0670307
718.5		0.0667354
718		0.0669605
717.5		0.0668856
717		0.0670915
716.5		0.0667604
716		0.0666729
715.5		0.0669176
715		0.0666856
714.5		0.0669834
714		0.0664825
713.5		0.0666221
713		0.06659
712.5		0.0664487
712		0.0664029
711.5		0.0664925
711		0.0663369
710.5		0.0663102
710		0.0664257
709.5		0.0663475
709		0.06634
708.5		0.0659988
708		0.0658153
707.5		0.0660033
707		0.0660554
706.5		0.0657532
706		0.0660675
705.5		0.0659503
705		0.0657726
704.5		0.0657272
704		0.065818
703.5		0.0656222
703		0.0655302
702.5		0.0656013
702		0.065522
701.5		0.0653588
701		0.0654104
700.5		0.0656401
700		0.0652217
699.5		0.0651981
699		0.0650246
698.5		0.0651016
698		0.0651787
697.5		0.0650286
697		0.0650415
696.5		0.0651186
696		0.065003
695.5		0.0647737
695		0.0645384
694.5		0.0647105
694		0.0645352
693.5		0.0648505
693		0.0644684
692.5		0.0642998
692		0.0647297
691.5		0.0646309
691		0.0644302
690.5		0.0643599
690		0.0643951
689.5		0.0642292
689		0.0643853
688.5		0.0643154
688		0.0644491
687.5		0.0642899
687		0.0641241
686.5		0.0641178
686		0.064095
685.5		0.0640316
685		0.0641304
684.5		0.0639265
684		0.0640569
683.5		0.063996
683		0.0637604
682.5		0.0637667
682		0.0637899
681.5		0.0637667
681		0.0635798
680.5		0.0639771
680		0.0637604
679.5		0.0637163
679		0.0638993
678.5		0.0636067
678		0.0638235
677.5		0.0637182
677		0.0637919
676.5		0.0639247
676		0.063676
675.5		0.0636508
675		0.0636021
674.5		0.0635203
674		0.0634905
673.5		0.063676
673		0.0633538
672.5		0.063335
672		0.0635455
671.5		0.0635581
671		0.0635644
670.5		0.0634716
670		0.063522
669.5		0.0633287
669		0.0632924
668.5		0.0633977
668		0.0636067
667.5		0.063335
667		0.0634842
666.5		0.0631308
666		0.0634984
665.5		0.0635329
665		0.0633175
664.5		0.0633929
664		0.0633037
663.5		0.063448
663		0.0632309
662.5		0.0632861
662		0.0634229
661.5		0.0633112
661		0.0633049
660.5		0.0635157
660		0.0633426
659.5		0.063374
659		0.0633426
658.5		0.0634858
658		0.0636165
657.5		0.063448
657		0.0635787
656.5		0.0635534
656		0.0633803
655.5		0.0636924
655		0.0635787
654.5		0.0635597
654		0.0634306
653.5		0.0637158
653		0.0636987
652.5		0.0637094
652		0.0639269
651.5		0.0637367
651		0.0637391
650.5		0.0637537
650		0.063965
649.5		0.0639356
649		0.0638298
648.5		0.0639905
648		0.0641727
647.5		0.0641472
647		0.0643683
646.5		0.0641727
646		0.0640477
645.5		0.0641408
645		0.0644422
644.5		0.0643298
644		0.0646255
643.5		0.0643811
643		0.0645258
642.5		0.0648028
642		0.0646707
641.5		0.0649221
641		0.0646836
640.5		0.0646707
640		0.0650716
639.5		0.065039
639		0.064926
638.5		0.0651237
638		0.0651368
637.5		0.0654816
637		0.0654684
636.5		0.0654816
636		0.0656809
635.5		0.0657485
635		0.0658743
634.5		0.0659883
634		0.0661224
633.5		0.0662158
633		0.0662559
632.5		0.0665926
632		0.066552
631.5		0.0666599
631		0.0668014
630.5		0.0668217
630		0.0668282
629.5		0.0669224
629		0.067083
628.5		0.0671431
628		0.0671154
627.5		0.067221
627		0.0673549
626.5		0.0671858
626		0.0675703
625.5		0.0674157
625		0.0674124
624.5		0.067696
624		0.0675676
623.5		0.0675662
623		0.0677483
622.5		0.0676986
622		0.0677983
621.5		0.0681351
621		0.0680664
620.5		0.0680577
620		0.0683278
619.5		0.0680735
619		0.0683586
618.5		0.0683562
618		0.0684905
617.5		0.0685942
617		0.068999
616.5		0.0691903
616		0.0692944
615.5		0.0691634
615		0.0695567
614.5		0.0694215
614		0.0697584
613.5		0.0697946
613		0.0700302
612.5		0.0703498
612		0.0703787
611.5		0.0706559
611		0.0705596
610.5		0.0708715
610		0.070942
609.5		0.0711716
609		0.0711297
608.5		0.0714147
608		0.0716162
607.5		0.0716232
607		0.0720545
606.5		0.0720467
606		0.0723466
605.5		0.0722622
605		0.0724779
604.5		0.0727626
604		0.0728883
603.5		0.0731518
603		0.0731636
602.5		0.0735051
602		0.0736996
601.5		0.0738222
601		0.0742868
600.5		0.0740777
600		0.0745167
599.5		0.0745456
599		0.0746052
598.5		0.0750631
598		0.0751697
597.5		0.0755249
597		0.0758239
596.5		0.0759678
596		0.0763255
595.5		0.0759837
595		0.0763788
594.5		0.0767365
594		0.0767665
593.5		0.0769679
593		0.0773706
592.5		0.0776313
592		0.0779523
591.5		0.0777573
591		0.0784276
590.5		0.0785929
590		0.0787257
589.5		0.0790315
589		0.0792836
588.5		0.079551
588		0.0797249
587.5		0.0800543
587		0.0802206
586.5		0.0804253
586		0.0806919
585.5		0.0809293
585		0.0812977
584.5		0.0814808
584		0.0816978
583.5		0.0818691
583		0.0823814
582.5		0.082552
582		0.0829066
581.5		0.0828986
581		0.0833735
580.5		0.0837924
580		0.0838081
579.5		0.0842187
579		0.0843792
578.5		0.0846428
578		0.0851043
577.5		0.0854635
577		0.0857942
576.5		0.0859624
576		0.08634
575.5		0.086532
575		0.0870152
574.5		0.0870949
574		0.0875349
573.5		0.0876973
573		0.0883375
572.5		0.0885502
572		0.0889296
571.5		0.08921
571		0.0895077
570.5		0.0897794
570		0.0901292
569.5		0.0906202
569		0.0906467
568.5		0.0910927
568		0.0913545
567.5		0.0918987
567		0.0925801
566.5		0.0926229
566		0.0928846
565.5		0.0930568
565		0.0939365
564.5		0.0941618
564		0.0945881
563.5		0.0949361
563		0.0952335
562.5		0.0957191
562		0.095947
561.5		0.0962977
561		0.097078
560.5		0.0971703
560		0.0982126
559.5		0.0986227
559		0.0987228
558.5		0.0994714
558		0.099702
557.5		0.100086
557		0.100739
556.5		0.101382
556		0.10141
555.5		0.102045
555		0.102291
554.5		0.102717
554		0.103385
553.5		0.103769
553		0.104279
552.5		0.104532
552		0.10486
551.5		0.105667
551		0.10603
550.5		0.106711
550		0.106863
549.5		0.107403
549		0.107922
548.5		0.10845
548		0.108804
547.5		0.109126
547		0.109962
546.5		0.110345
546		0.11076
545.5		0.111739
545		0.111791
544.5		0.112292
544		0.112737
543.5		0.113447
543		0.113971
542.5		0.114188
542		0.114851
541.5		0.115333
541		0.115906
540.5		0.116372
540		0.116733
539.5		0.1174
539		0.118079
538.5		0.118523
538		0.119045
537.5		0.119375
537		0.120283
536.5		0.120588
536		0.121362
535.5		0.121654
535		0.122381
534.5		0.12269
534		0.123582
533.5		0.124036
533		0.124786
532.5		0.125095
532		0.125833
531.5		0.126358
531		0.12707
530.5		0.127704
530		0.127905
529.5		0.128747
529		0.12966
528.5		0.130033
528		0.130795
527.5		0.131313
527		0.132077
526.5		0.132597
526		0.133156
525.5		0.133828
525		0.134617
524.5		0.135174
524		0.135879
523.5		0.136333
523		0.137156
522.5		0.137675
522		0.138302
521.5		0.138937
521		0.139847
520.5		0.140274
520		0.140885
519.5		0.141484
519		0.142395
518.5		0.143102
518		0.143483
517.5		0.144299
517		0.144762
516.5		0.145318
516		0.146442
515.5		0.14686
515		0.147364
514.5		0.148244
514		0.148709
513.5		0.149814
513		0.150119
512.5		0.150754
512		0.151582
511.5		0.151654
511		0.15292
510.5		0.153193
510		0.153758
509.5		0.154522
509		0.154755
508.5		0.155579
508		0.155934
507.5		0.156807
507		0.157033
506.5		0.15734
506		0.15784
505.5		0.158424
505		0.158708
504.5		0.158986
504		0.15955
503.5		0.159657
503		0.16046
502.5		0.160196
502		0.160657
501.5		0.160937
501		0.161302
500.5		0.161952
500		0.161688
499.5		0.162079
499		0.162583
498.5		0.16233
498		0.162776
497.5		0.162983
497		0.162924
496.5		0.163254
496		0.163519
495.5		0.163798
495		0.163435
494.5		0.163055
494		0.163931
493.5		0.163305
493		0.163641
492.5		0.163554
492		0.163569
491.5		0.163361
491		0.16338
490.5		0.163468
490		0.163036
489.5		0.163119
489		0.162769
488.5		0.162757
488		0.162301
487.5		0.162366
487		0.161845
486.5		0.162088
486		0.161598
485.5		0.161276
485		0.161308
484.5		0.160718
484		0.160556
483.5		0.159686
483		0.159701
482.5		0.159105
482		0.159128
481.5		0.158513
481		0.157718
480.5		0.15756
480		0.157368
479.5		0.157052
479		0.156514
478.5		0.156088
478		0.155624
477.5		0.154703
477		0.155066
476.5		0.154312
476		0.153971
475.5		0.152688
475		0.152425
474.5		0.152382
474		0.151652
473.5		0.151071
473		0.150665
472.5		0.150153
472		0.149601
471.5		0.149417
471		0.148333
470.5		0.147963
470		0.147329
469.5		0.147014
469		0.146841
468.5		0.146096
468		0.145524
467.5		0.144668
467		0.144666
466.5		0.143804
466		0.143614
465.5		0.142706
465		0.142367
464.5		0.142254
464		0.141452
463.5		0.140938
463		0.139757
462.5		0.139834
462		0.13949
461.5		0.1391
461		0.138671
460.5		0.138036
460		0.137565
459.5		0.137485
459		0.136687
458.5		0.136155
458		0.135879
457.5		0.135016
457		0.134288
456.5		0.134539
456		0.133558
455.5		0.133662
455		0.13308
454.5		0.132756
454		0.132208
453.5		0.131718
453		0.131353
452.5		0.131069
452		0.130749
451.5		0.130382
451		0.130014
450.5		0.129497
450		0.128841
449.5		0.128521
449		0.127775
448.5		0.127899
448		0.127292
447.5		0.127011
447		0.126564
446.5		0.125858
446		0.125132
445.5		0.124967
445		0.124139
444.5		0.124314
444		0.123342
443.5		0.123319
443		0.122838
442.5		0.122539
442		0.121992
441.5		0.121586
441		0.121008
440.5		0.120846
440		0.12073
439.5		0.120538
439		0.119808
438.5		0.119321
438		0.118844
437.5		0.118615
437		0.118375
436.5		0.117925
436		0.11761
435.5		0.117228
435		0.116318
434.5		0.116729
434		0.116056
433.5		0.115682
433		0.115059
432.5		0.114963
432		0.114509
431.5		0.114334
431		0.113857
430.5		0.113837
430		0.113244
429.5		0.112909
429		0.112357
428.5		0.11195
428		0.111714
427.5		0.111299
427		0.111022
426.5		0.110648
426		0.110471
425.5		0.109939
425		0.109487
424.5		0.10925
424		0.108928
423.5		0.108623
423		0.108563
422.5		0.108237
422		0.107846
421.5		0.107788
421		0.10714
420.5		0.106847
420		0.106723
419.5		0.106368
419		0.105894
418.5		0.10549
418		0.105342
417.5		0.105157
417		0.104359
416.5		0.104579
416		0.104185
415.5		0.103914
415		0.103439
414.5		0.103243
414		0.102728
413.5		0.102384
413		0.102189
412.5		0.102211
412		0.101557
411.5		0.101025
411		0.101269
410.5		0.10069
410		0.100903
409.5		0.100262
409		0.0998517
408.5		0.0995207
408		0.0991007
407.5		0.0994321
407		0.0983721
406.5		0.0986395
406		0.098029
405.5		0.0976267
405		0.0980461
404.5		0.0975461
404		0.0968753
403.5		0.096878
403		0.0966032
402.5		0.0963677
402		0.0961154
401.5		0.0956272
401		0.0951224
400.5		0.0950069
400		0.0950187
399.5		0.0952257
399		0.094536
398.5		0.093969
398		0.0937202
397.5		0.0937365
397		0.0935794
396.5		0.0933356
396		0.0930515
395.5		0.0927674
395		0.092583
394.5		0.0925477
394		0.0917954
393.5		0.0921224
393		0.0913246
392.5		0.0910813
392		0.0909797
391.5		0.0909091
391		0.0909013
390.5		0.0904635
390		0.0902533
389.5		0.0899503
389		0.0896919
388.5		0.0896788
388		0.08933
387.5		0.0887124
387		0.0884563
386.5		0.0886368
386		0.0883154
385.5		0.0879373
385		0.0882678
384.5		0.087354
384		0.0876464
383.5		0.0874058
383		0.0869345
382.5		0.0862679
382		0.0866108
381.5		0.0864541
381		0.0859309
380.5		0.0858535
380		0.0865604
379.5		0.0847699
379		0.085659
378.5		0.084851
378		0.0849317
377.5		0.0850921
377		0.0849586
376.5		0.08446
376		0.0842457
375.5		0.0837233
375		0.0835836
374.5		0.0840442
374		0.0835906
373.5		0.083682
373		0.0833403
372.5		0.0829793
372		0.0833959
371.5		0.0828422
371		0.0829938
370.5		0.0826412
370		0.0822111
369.5		0.0827437
369		0.0822281
368.5		0.0821668
368		0.0817918
367.5		0.0812371
367		0.081233
366.5		0.0810028
366		0.080869
365.5		0.080773
365		0.0802932
364.5		0.0807689
364		0.0799934
363.5		0.0800593
363		0.0802866
362.5		0.080125
362		0.079803
361.5		0.0793807
361		0.0799639
360.5		0.0796881
360		0.0792988
359.5		0.0791868
359		0.0794327
358.5		0.0786608
358		0.0792558
357.5		0.0784602
357		0.0785114
356.5		0.0778658
356		0.0782396
355.5		0.077568
355		0.0779263
354.5		0.0775282
354		0.0774288
353.5		0.0768168
353		0.0765426
352.5		0.0767795
352		0.0758676
351.5		0.0769917
351		0.0762121
350.5		0.0764254
350		0.075348
349.5		0.0754702
349		0.0758003
348.5		0.074333
348		0.073982
347.5		0.0747182
347		0.0743728
346.5		0.0732177
346		0.0735553
345.5		0.0724753
345		0.07295
344.5		0.0725975
344		0.0725426
343.5		0.0716852
343		0.0722227
342.5		0.0714855
342		0.0714229
341.5		0.071897
341		0.0711164
340.5		0.0703063
340		0.0691321
339.5		0.0697219
339		0.0697328
338.5		0.0692211
338		0.0695014
337.5		0.0677394
337		0.0686051
336.5		0.0684054
336		0.068364
335.5		0.067443
335		0.0673886
334.5		0.0674043
334		0.0661953
333.5		0.0658079
333		0.0669778
332.5		0.0652258
332		0.0648184
331.5		0.0651181
331		0.0650874
330.5		0.0643171
330		0.0636864
329.5		0.0625673
329		0.0631838
328.5		0.0620161
328		0.0626534
327.5		0.0605502
327		0.0625192
326.5		0.060453
326		0.061081
325.5		0.0602142
325		0.0602566
324.5		0.0604341
324		0.0600137
323.5		0.0585634
323		0.0597701
322.5		0.0584192
322		0.057918
321.5		0.0574669
321		0.0576222
320.5		0.0561755
320		0.0560211
319.5		0.0561255
319		0.0551193
318.5		0.0545015
318		0.0546828
317.5		0.0546333
317		0.0541673
316.5		0.0527578
316		0.0539106
315.5		0.0521778
315		0.0505254
314.5		0.0508942
314		0.0505388
313.5		0.0512001
313		0.052423
312.5		0.0503645
312		0.0482942
311.5		0.049922
311		0.0490689
310.5		0.0480805
310		0.0499147
309.5		0.0475877
309		0.0485143
308.5		0.0477417
308		0.0454612
307.5		0.0478035
307		0.0466386
306.5		0.0433983
306		0.043348
305.5		0.0439376
305		0.0410869
304.5		0.0463484
304		0.0433416
303.5		0.0419021
303		0.0406623
302.5		0.0434591
302		0.041083
301.5		0.0456668
301		0.0402869
300.5		0.0322957
300		0.0473784
299.5		0.0369508
299		0.058592
298.5		0.042279
298		0.028036
297.5		0.013314
297		0.0466426
296.5		0.041898
296		0.111063
295.5		0.044258
295		-0.0441453
294.5		0.00596136
294		-0.106202
293.5		-8.67185
293		0.35175
292.5		0.180595
292		1.17093
291.5		0.487684
291		-0.0694563
290.5		0.19012
290		2.47575
289.5		-0.138956
289		-0.264884
288.5		-0.549658
288		0.402488
287.5		-0.183453
287		1.02144
286.5		-3.51611
286		0.136615
285.5		0.64387
285		0.608203
284.5		0.250139
284		0.429738
283.5		-1.1406
283		-0.977394
282.5		0.443658
282		1.06574
281.5		0.705769
281		-0.60145
280.5		0.0233635
280		1.03979
279.5		0.264971
279		3.4876
278.5		0.239043
278		0.288875
277.5		0.51529
277		0.284843
276.5		-3.30662
276		-2.96162
275.5		1.76239
275		-0.111244
274.5		0.456766
274		-0.17713
273.5		-0.039191
273		3.03613
272.5		-0.304319
272		-0.744879
271.5		7.97472
271		0.187734
270.5		0.448697
270		-0.549232
269.5		-4.59683
269		0.61193
268.5		-0.0494903
268		0.724585
267.5		0.532819
267		1.20565
266.5		-0.515421
266		1.31117
265.5		0.473015
265		0.201805
264.5		-0.797461
264		0.697238
263.5		0.189148
263		3.23106
262.5		-0.164228
262		-1.5749
261.5		0.621635
261		0.06064
260.5		-2.22854
260		0.499257
259.5		-19.6752
259		0.413358
258.5		0.216752
258		-0.684217
257.5		0.580129
257		0.667927
256.5		0.844995
256		-0.0817125
255.5		0
255		-0.0670134
254.5		0.513981
254		-0.506221
253.5		0.699485
253		-3.04572
252.5		0.33247
252		-12.7058
251.5		0.592943
251		0.430453
250.5		3.17856
250		-22.8158
249.5		0.362406
249		0.471818
248.5		-41.8089
248		0.43549
247.5		-2.65144
247		-0.830437
246.5		-3.45993
246		0.333956
245.5		-2.31415
245		-10.2524
244.5		2.50373
244		0.0318588
243.5		0.636424
243		0.447072
242.5		0.215893
242		-0.038151
241.5		1.33066
241		-0.135382
240.5		0.584647
240		6.46802
239.5		-0.102735
239		0.882118
238.5		1.00661
238		0.694778
237.5		-2.09253
237		0.615088
236.5		-0.319146
236		0.847527
235.5		-0.19853
235		-1.00076
234.5		-1.84649
234		0.212992
233.5		-1.63715
233		0.0345274
232.5		1.54583
232		0.329427
231.5		0.347395
231		0.988566
230.5		0.0603722
230		1.20775
229.5		-0.00644519
229		-0.00652529
228.5		-0.673972
228		1.05504
227.5		0.332515
227		-0.480178
226.5		-0.437471
226		0.196149
225.5		-2.30306
225		0.0479158
224.5		1.63544
224		0.328279
223.5		-0.279751
223		0.0396454
222.5		0.463506
222		0.198078
221.5		0.278901
221		0.644363
220.5		2.89155
220		-0.307397
219.5		0.163817
219		0.479955
218.5		0.999525
218		0.560557
217.5		0.849472
217		0.283092
216.5		-0.617374
216		0.0875841
215.5		0.905775
215		0.563074
214.5		0.117679
214		0.742072
213.5		0.354972
213		0.340851
212.5		2.57789
212		-5.28929
211.5		-0.106681
211		-0.12374
210.5		0.102627
210		0.345856
209.5		1.05743
209		0.738395
208.5		0.673175
208		-0.0297791
207.5		1.63428
207		0.357322
206.5		0.425062
206		-2.30195
205.5		0.0598846
205		0.365002
204.5		0.465996
204		-3.29843
203.5		0.083911
203		0.328917
202.5		0.222574
202		0.670565
201.5		0.559978
201		2.44526
200.5		0.215323
200		3.21849
Data1 / Data2
lambda		value

Calibration:
lambda:	0
Abs:	2.80378e+45

Data:
#
900		0.374507
899.5		0.392338
899		0.346814
898.5		0.518417
898		0.407028
897.5		0.403121
897		0.411677
896.5		0.405149
896		0.405674
895.5		0.462291
895		0.414734
894.5		0.40137
894		0.426778
893.5		0.348837
893		0.393056
892.5		0.433471
892		0.390884
891.5		0.44186
891		0.394422
890.5		0.377113
890		0.466757
889.5		0.430872
889		0.39886
888.5		0.389575
888		0.48224
887.5		0.41029
887		0.42585
886.5		0.431724
886		0.36965
885.5		0.414379
885		0.426207
884.5		0.408112
884		0.419805
883.5		0.428767
883		0.437068
882.5		0.440379
882		0.437326
881.5		0.438957
881		0.439633
880.5		0.43843
880		0.452909
879.5		0.432961
879		0.426528
878.5		0.416223
878		0.433155
877.5		0.400262
877		0.413655
876.5		0.428195
876		0.427224
875.5		0.414439
875		0.413423
874.5		0.418327
874		0.444737
873.5		0.419786
873		0.436268
872.5		0.431452
872		0.433289
871.5		0.418206
871		0.423684
870.5		0.419948
870		0.417949
869.5		0.436582
869		0.422222
868.5		0.422078
868		0.44137
867.5		0.443258
867		0.429495
866.5		0.43433
866		0.448095
865.5		0.443409
865		0.434555
864.5		0.443286
864		0.444005
863.5		0.434088
863		0.446335
862.5		0.446475
862		0.447917
861.5		0.439689
861		0.447334
860.5		0.432606
860		0.447471
859.5		0.444733
859		0.449673
858.5		0.443433
858		0.443299
857.5		0.446034
857		0.449804
856.5		0.456662
856		0.440874
855.5		0.447471
855		0.442308
854.5		0.448143
854		0.448143
853.5		0.456774
853		0.457474
852.5		0.468912
852		0.460154
851.5		0.46144
851		0.455013
850.5		0.456186
850		0.462916
849.5		0.468468
849		0.465806
848.5		0.465385
848		0.46952
847.5		0.465473
847		0.46863
846.5		0.471867
846		0.465649
845.5		0.469231
845		0.463787
844.5		0.475578
844		0.473752
843.5		0.481386
843		0.473282
842.5		0.475578
842		0.474359
841.5		0.475641
841		0.476982
840.5		0.480818
840		0.484615
839.5		0.483333
839		0.481434
838.5		0.479592
838		0.483376
837.5		0.483995
837		0.480916
836.5		0.484655
836		0.487836
835.5		0.48906
835		0.49294
834.5		0.48977
834		0.494859
833.5		0.490397
833		0.494238
832.5		0.494223
832		0.496173
831.5		0.494872
831		0.505141
830.5		0.499358
830		0.501285
829.5		0.5
829		0.505141
828.5		0.503209
828		0.50706
827.5		0.510968
827		0.509021
826.5		0.505792
826		0.508344
825.5		0.508344
825		0.510256
824.5		0.510309
824		0.514139
823.5		0.516753
823		0.512821
822.5		0.514763
822		0.520672
821.5		0.517286
821		0.517995
820.5		0.51928
820		0.52381
819.5		0.521851
819		0.525097
818.5		0.525707
818		0.527062
817.5		0.528351
817		0.529032
816.5		0.527599
816		0.533592
815.5		0.533679
815		0.531613
814.5		0.534194
814		0.536082
813.5		0.53599
813		0.534018
812.5		0.541344
812		0.541237
811.5		0.542526
811		0.542526
810.5		0.552529
810		0.547097
809.5		0.554107
809		0.545689
808.5		0.552972
808		0.554404
807.5		0.550968
807		0.558862
806.5		0.556129
806		0.560311
805.5		0.560881
805		0.556995
804.5		0.563472
804		0.564202
803.5		0.567358
803		0.567532
802.5		0.56901
802		0.571984
801.5		0.571244
801		0.572539
800.5		0.577373
800		0.572727
799.5		0.575875
799		0.582031
798.5		0.57847
798		0.585398
797.5		0.581274
797		0.586476
796.5		0.583875
796		0.589309
795.5		0.591384
795		0.592978
794.5		0.591678
794		0.598693
793.5		0.597911
793		0.600522
792.5		0.601828
792		0.606815
791.5		0.600522
791		0.60733
790.5		0.609948
790		0.60915
789.5		0.612565
789		0.614173
788.5		0.618421
788		0.622047
787.5		0.6173
787		0.621871
786.5		0.621551
786		0.624179
785.5		0.626807
785		0.631094
784.5		0.631094
784		0.634565
783.5		0.631579
783		0.639735
782.5		0.636724
782		0.638045
781.5		0.64106
781		0.645971
780.5		0.645889
780		0.647682
779.5		0.651656
779		0.647292
778.5		0.655172
778		0.653846
777.5		0.659151
777		0.662234
776.5		0.660904
776		0.664447
775.5		0.666222
775		0.668442
774.5		0.672897
774		0.670667
773.5		0.676903
773		0.678238
772.5		0.681392
772		0.677333
771.5		0.681879
771		0.687248
770.5		0.689424
770		0.693136
769.5		0.695302
769		0.694892
768.5		0.697581
768		0.70636
767.5		0.701211
767		0.704453
766.5		0.710419
766		0.709459
765.5		0.714092
765		0.715832
764.5		0.717568
764		0.719132
763.5		0.718157
763		0.725543
762.5		0.726287
762		0.727642
761.5		0.72863
761		0.733696
760.5		0.736054
760		0.737415
759.5		0.743169
759		0.742507
758.5		0.745902
758		0.754121
757.5		0.752055
757		0.757534
756.5		0.760989
756		0.76066
755.5		0.762363
755		0.762363
754.5		0.767857
754		0.771978
753.5		0.774415
753		0.7787
752.5		0.78069
752		0.784232
751.5		0.78453
751		0.787795
750.5		0.788382
750		0.79473
749.5		0.8
749		0.797784
748.5		0.79889
748		0.804438
747.5		0.808067
747		0.812849
746.5		0.816783
746		0.81337
745.5		0.816783
745		0.821229
744.5		0.823776
744		0.831697
743.5		0.835443
743		0.837307
742.5		0.841292
742		0.841292
741.5		0.844101
741		0.84507
740.5		0.848315
740		0.84993
739.5		0.853933
739		0.865439
738.5		0.860169
738		0.867232
737.5		0.866008
737		0.867419
736.5		0.880512
736		0.882102
735.5		0.877119
735		0.886525
734.5		0.890625
734		0.893162
733.5		0.893466
733		0.901849
732.5		0.904558
732		0.904694
731.5		0.911681
731		0.913229
730.5		0.918688
730		0.921541
729.5		0.923077
729		0.928673
728.5		0.936963
728		0.935806
727.5		0.938659
727		0.940171
726.5		0.94302
726		0.951429
725.5		0.952991
725		0.953058
724.5		0.962963
724		0.965763
723.5		0.967236
723		0.975818
722.5		0.98293
722		0.98017
721.5		0.990057
721		0.988732
720.5		0.995775
720		0.995787
719.5		1
719		1.01124
718.5		1.00702
718		1.0098
717.5		1.01543
717		1.01117
716.5		1.02247
716		1.02394
715.5		1.02813
715		1.03551
714.5		1.03262
714		1.04155
713.5		1.04591
713		1.05036
712.5		1.05499
712		1.05814
711.5		1.06114
711		1.0614
710.5		1.06598
710		1.07206
709.5		1.07216
709		1.07829
708.5		1.0878
708		1.09254
707.5		1.09254
707		1.09701
706.5		1.10345
706		1.10762
705.5		1.1136
705		1.11394
704.5		1.11694
704		1.12144
703.5		1.12462
703		1.13083
702.5		1.13534
702		1.13855
701.5		1.1448
701		1.1463
700.5		1.14737
700		1.1571
699.5		1.16061
699		1.16515
698.5		1.16818
698		1.17273
697.5		1.18209
697		1.18058
696.5		1.18816
696		1.18968
695.5		1.19787
695		1.20305
694.5		1.20916
694		1.21254
693.5		1.21005
693		1.21899
692.5		1.22853
692		1.22595
691.5		1.22936
691		1.23124
690.5		1.24424
690		1.25
689.5		1.25385
689		1.25653
688.5		1.2596
688		1.26267
687.5		1.26882
687		1.27735
686.5		1.28043
686		1.28395
685.5		1.28549
685		1.28505
684.5		1.29521
684		1.30247
683.5		1.30603
683		1.31783
682.5		1.31628
682		1.32198
681.5		1.32403
681		1.3323
680.5		1.33076
680		1.34109
679.5		1.34419
679		1.34884
678.5		1.3577
678		1.35659
677.5		1.36801
677		1.36589
676.5		1.37209
676		1.37481
675.5		1.38258
675		1.38785
674.5		1.39252
674		1.39782
673.5		1.4028
673		1.41406
672.5		1.41719
672		1.41277
671.5		1.42212
671		1.42368
670.5		1.43214
670		1.4337
669.5		1.44063
669		1.4507
668.5		1.45
668		1.4479
667.5		1.45937
667		1.46022
666.5		1.47649
666		1.475
665.5		1.47352
665		1.4867
664.5		1.48983
664		1.49062
663.5		1.49844
663		1.50157
662.5		1.50704
662		1.50938
661.5		1.518
661		1.518
660.5		1.5273
660		1.53052
659.5		1.53521
659		1.53991
658.5		1.54375
658		1.54602
657.5		1.55313
657		1.5507
656.5		1.56474
656		1.56495
655.5		1.57098
655		1.5741
654.5		1.57878
654		1.58685
653.5		1.58255
653		1.59282
652.5		1.59657
652		1.59472
651.5		1.6053
651		1.60809
650.5		1.61371
650		1.61646
649.5		1.62364
649		1.62928
648.5		1.62578
648		1.63256
647.5		1.63566
647		1.63777
646.5		1.64806
646		1.65217
645.5		1.65891
645		1.65533
644.5		1.66409
644		1.66358
643.5		1.67337
643		1.67233
642.5		1.67797
642		1.6821
641.5		1.68308
641		1.69136
640.5		1.70062
640		1.69385
639.5		1.70154
639		1.70724
638.5		1.71231
638		1.71385
637.5		1.71319
637		1.71626
636.5		1.71779
636		1.72435
635.5		1.72477
635		1.73242
634.5		1.72977
634		1.73628
633.5		1.74085
633		1.74543
632.5		1.739
632		1.74924
631.5		1.74848
631		1.75492
630.5		1.75946
630		1.76284
629.5		1.76923
629		1.76577
628.5		1.76762
628		1.77695
627.5		1.77645
627		1.78274
626.5		1.789
626		1.78466
625.5		1.79204
625		1.79148
624.5		1.79678
624		1.80292
623.5		1.80612
623		1.80116
622.5		1.81187
622		1.81621
621.5		1.81322
621		1.81636
620.5		1.81948
620		1.82336
619.5		1.83
619		1.83357
618.5		1.83665
618		1.83428
617.5		1.83451
617		1.8338
616.5		1.83685
616		1.84129
615.5		1.84388
615		1.84034
614.5		1.84594
614		1.84777
613.5		1.85077
613		1.85118
612.5		1.84626
612		1.85615
611.5		1.85241
611		1.86069
610.5		1.85695
610		1.86008
609.5		1.86066
609		1.86731
608.5		1.86104
608		1.86277
607.5		1.86957
607		1.86486
606.5		1.8691
606		1.86676
605.5		1.87483
605		1.87383
604.5		1.87032
604		1.87583
603.5		1.87633
603		1.87517
602.5		1.87434
602		1.87731
601.5		1.88026
601		1.87418
600.5		1.88336
600		1.87484
599.5		1.88657
599		1.87922
598.5		1.87969
598		1.88387
597.5		1.88031
597		1.87949
596.5		1.87995
596		1.87277
595.5		1.88903
595		1.88706
594.5		1.88496
594		1.88131
593.5		1.88903
593		1.87845
592.5		1.8789
592		1.87687
591.5		1.88543
591		1.87407
590.5		1.87916
590		1.87331
589.5		1.87745
589		1.87424
588.5		1.87226
588		1.87728
587.5		1.8753
587		1.87455
586.5		1.87139
586		1.87305
585.5		1.87201
585		1.8658
584.5		1.86833
584		1.86864
583.5		1.86675
583		1.86604
582.5		1.86417
582		1.86014
581.5		1.86597
581		1.85764
580.5		1.85467
580		1.85484
579.5		1.8555
579		1.8524
578.5		1.85194
578		1.84904
577.5		1.8465
577		1.84364
576.5		1.84287
576		1.84246
575.5		1.84469
575		1.83481
574.5		1.83721
574		1.8326
573.5		1.82876
573		1.82732
572.5		1.8268
572		1.82124
571.5		1.81749
571		1.82024
570.5		1.81652
570		1.81283
569.5		1.80765
569		1.80786
568.5		1.80465
568		1.80126
567.5		1.79874
567		1.79314
566.5		1.79335
566		1.78986
565.5		1.79051
565		1.78074
564.5		1.78141
564		1.77541
563.5		1.77935
563		1.76838
562.5		1.76985
562		1.76376
561.5		1.76494
561		1.75149
560.5		1.75222
560		1.74168
559.5		1.74414
559		1.7393
558.5		1.73043
558		1.72999
557.5		1.72675
557		1.72069
556.5		1.71402
556		1.71334
555.5		1.70837
555		1.70291
554.5		1.7028
554		1.69573
553.5		1.69409
553		1.69089
552.5		1.68378
552		1.68282
551.5		1.67423
551		1.67631
550.5		1.66487
550		1.661
549.5		1.6625
549		1.65337
548.5		1.64929
548		1.64996
547.5		1.64186
547		1.63937
546.5		1.63313
546		1.63267
545.5		1.62093
545		1.62104
544.5		1.61807
544		1.61408
543.5		1.60489
543		1.60453
542.5		1.59783
542		1.597
541.5		1.58775
541		1.58402
540.5		1.58162
540		1.57551
539.5		1.57492
539		1.56589
538.5		1.562
538		1.55974
537.5		1.55511
537		1.55044
536.5		1.5443
536		1.54088
535.5		1.53563
535		1.53074
534.5		1.5295
534		1.52315
533.5		1.51497
533		1.51184
532.5		1.51143
532		1.50341
531.5		1.5
531		1.49513
530.5		1.48881
530		1.48995
529.5		1.48041
529		1.475
528.5		1.47438
528		1.46798
527.5		1.46299
527		1.45893
526.5		1.45187
526		1.45279
525.5		1.44595
525		1.44122
524.5		1.43662
524		1.43027
523.5		1.42867
523		1.42361
522.5		1.42047
522		1.415
521.5		1.41427
521		1.40559
520.5		1.40163
520		1.3973
519.5		1.39408
519		1.38595
518.5		1.38308
518		1.38155
517.5		1.37558
517		1.37171
516.5		1.37001
516		1.36091
515.5		1.35951
515		1.3564
514.5		1.35158
514		1.34721
513.5		1.34226
513		1.33736
512.5		1.33629
512		1.33228
511.5		1.32998
511		1.325
510.5		1.3215
510		1.31576
509.5		1.31459
509		1.3085
508.5		1.30613
508		1.30422
507.5		1.29648
507		1.29654
506.5		1.29408
506		1.28924
505.5		1.2864
505		1.28299
504.5		1.28095
504		1.27649
503.5		1.27466
503		1.26968
502.5		1.26937
502		1.2671
501.5		1.26019
501		1.25928
500.5		1.25448
500		1.25231
499.5		1.25273
499		1.24699
498.5		1.24499
498		1.24229
497.5		1.23704
497		1.23747
496.5		1.23326
496		1.2282
495.5		1.22429
495		1.22542
494.5		1.22455
494		1.21654
493.5		1.21997
493		1.21284
492.5		1.21035
492		1.20754
491.5		1.20517
491		1.20213
490.5		1.20169
490		1.19955
489.5		1.1946
489		1.19268
488.5		1.18863
488		1.18623
487.5		1.18552
487		1.18326
486.5		1.17684
486		1.1763
485.5		1.17224
485		1.17036
484.5		1.17027
484		1.168
483.5		1.16857
483		1.16286
482.5		1.16236
482		1.15702
481.5		1.1546
481		1.15522
480.5		1.15234
480		1.1498
479.5		1.14716
479		1.14675
478.5		1.14369
478		1.14211
477.5		1.14043
477		1.13559
476.5		1.13415
476		1.13396
475.5		1.1329
475		1.12951
474.5		1.12611
474		1.12582
473.5		1.12507
473		1.1253
472.5		1.12194
472		1.12178
471.5		1.11705
471		1.11566
470.5		1.11534
470		1.11441
469.5		1.11293
469		1.10862
468.5		1.10834
468		1.10935
467.5		1.10968
467		1.10404
466.5		1.10449
466		1.10271
465.5		1.10383
465		1.10142
464.5		1.10025
464		1.09932
463.5		1.09657
463		1.09956
462.5		1.09506
462		1.09199
461.5		1.09234
461		1.09119
460.5		1.08885
460		1.08723
459.5		1.08212
459		1.08439
458.5		1.08392
458		1.08286
457.5		1.08579
457		1.08355
456.5		1.07974
456		1.08209
455.5		1.07573
455		1.07542
454.5		1.07366
454		1.07335
453.5		1.07556
453		1.07185
452.5		1.07025
452		1.06848
451.5		1.06938
451		1.0664
450.5		1.06878
450		1.0664
449.5		1.06399
449		1.0643
448.5		1.06181
448		1.06203
447.5		1.06021
447		1.06198
446.5		1.05734
446		1.06347
445.5		1.05791
445		1.05974
444.5		1.05698
444		1.05735
443.5		1.05452
443		1.05776
442.5		1.05499
442		1.05386
441.5		1.05325
441		1.05645
440.5		1.05147
440		1.05306
439.5		1.04653
439		1.05048
438.5		1.04918
438		1.04787
437.5		1.04726
437		1.04891
436.5		1.04604
436		1.04693
435.5		1.04331
435		1.04893
434.5		1.04202
434		1.04371
433.5		1.04224
433		1.04489
432.5		1.04419
432		1.0396
431.5		1.03969
431		1.03591
430.5		1.04075
430		1.0416
429.5		1.04016
429		1.03959
428.5		1.04044
428		1.04061
427.5		1.0415
427		1.0384
426.5		1.03606
426		1.03612
425.5		1.0371
425		1.04126
424.5		1.03893
424		1.03899
423.5		1.03667
423		1.03263
422.5		1.03519
422		1.03682
421.5		1.03448
421		1.0346
420.5		1.03551
420		1.03394
419.5		1.03234
419		1.03411
418.5		1.03592
418		1.03425
417.5		1.03264
417		1.03613
416.5		1.03193
416		1.03207
415.5		1.03041
415		1.03393
414.5		1.02801
414		1.03245
413.5		1.03253
413		1.03428
412.5		1.02833
412		1.03101
411.5		1.04163
411		1.03025
410.5		1.03122
410		1.03215
409.5		1.02785
409		1.02707
408.5		1.03065
408		1.03172
407.5		1.02373
407		1.03097
406.5		1.02387
406		1.03025
405.5		1.0276
405		1.0258
404.5		1.02498
404		1.02785
403.5		1.02603
403		1.02428
402.5		1.02615
402		1.02712
401.5		1.02636
401		1.03102
400.5		1.02646
400		1.02928
399.5		1.02374
399		1.02385
398.5		1.03039
398		1.02588
397.5		1.0268
397		1.02407
396.5		1.02693
396		1.027
395.5		1.02801
395		1.02148
394.5		1.02341
394		1.03102
393.5		1.02446
393		1.02833
392.5		1.02836
392		1.03131
391.5		1.02464
391		1.02844
390.5		1.02757
390		1.02569
389.5		1.02574
389		1.02392
388.5		1.0191
388		1.02969
387.5		1.03176
387		1.02992
386.5		1.0308
386		1.02411
385.5		1.02904
385		1.0231
384.5		1.02616
384		1.0242
383.5		1.0281
383		1.03016
382.5		1.03125
382		1.03223
381.5		1.03024
381		1.03235
380.5		1.02935
380		1.03021
379.5		1.04245
379		1.02552
378.5		1.03264
378		1.02367
377.5		1.02953
377		1.02759
376.5		1.02569
376		1.03274
375.5		1.03393
375		1.03792
374.5		1.02687
374		1.03194
373.5		1.032
373		1.029
372.5		1.03715
372		1.03103
371.5		1.03006
371		1.02906
370.5		1.02814
370		1.03539
369.5		1.02414
369		1.02319
368.5		1.03024
368		1.03448
367.5		1.03147
367		1.03255
366.5		1.03575
366		1.02962
365.5		1.03067
365		1.03795
364.5		1.03575
364		1.03711
363.5		1.02881
363		1.02872
362.5		1.02669
362		1.03189
361.5		1.03715
361		1.02462
360.5		1.02678
360		1.03306
359.5		1.03623
359		1.02786
358.5		1.02996
358		1.02585
357.5		1.02079
357		1.02807
356.5		1.03778
356		1.02604
355.5		1.02938
355		1.03556
354.5		1.03347
354		1.0283
353.5		1.03915
353		1.03284
352.5		1.03171
352		1.03617
351.5		1.01686
351		1.02872
350.5		1.01587
350		1.03545
349.5		1.02246
349		1.02234
348.5		1.04108
348		1.02817
347.5		1.02155
347		1.03254
346.5		1.03728
346		1.03591
345.5		1.02967
345		1.02305
344.5		1.02762
344		1.02426
343.5		1.02784
343		1.02215
342.5		1.02007
342		1.02793
341.5		1.01446
341		1.01676
340.5		1.01693
340		1.05498
339.5		1.01348
339		1.01461
338.5		1.03303
338		1
337.5		1.02202
337		0.997709
336.5		0.992009
336		1.0046
335.5		0.991889
335		0.986127
334.5		0.988439
334		0.997653
333.5		1.01651
333		0.976771
332.5		1.01192
332		0.995221
331.5		0.988109
331		0.988067
330.5		1.0012
330		0.99635
329.5		1.01107
329		0.986585
328.5		1
328		0.997552
327.5		1.01396
327		0.970588
326.5		1.01266
326		0.979975
325.5		0.984752
325		0.989861
324.5		0.97335
324		0.991094
323.5		1.00651
323		0.987179
322.5		1.00523
322		0.989474
321.5		0.994737
321		0.977602
320.5		0.991892
320		1.01078
319.5		1
319		1.0137
318.5		1.00139
318		0.990331
317.5		0.995856
317		0.975138
316.5		1.00142
316		0.965326
315.5		1.02586
315		1.03097
314.5		1.01318
314		1.01324
313.5		0.976778
313		0.991441
312.5		0.988183
312		1.05963
311.5		0.982143
311		0.996988
310.5		1.00615
310		0.985141
309.5		0.986175
309		0.995441
308.5		0.996918
308		1.04207
307.5		1.00153
307		0.971519
306.5		1.04237
306		1.04047
305.5		1.07131
305		1.07843
304.5		1.02997
304		0.959528
303.5		1.04378
303		1.01081
302.5		0.998311
302		1.08304
301.5		0.897764
301		1.16727
300.5		1.0474
300		0.896445
299.5		0.777559
299		0.635572
298.5		1.08562
298		0.357326
297.5		3.94565
297		1.06811
296.5		0.091222
296		-0.455433
295.5		0.527778
295		-1.45574
294.5		-4.74699
294		-0.538978
293.5		0.0106509
293		0.414039
292.5		0.187401
292		0.0111681
291.5		0.342235
291		15.1445
290.5		0.60614
290		0.0443787
289.5		1.1123
289		-1.2957
288.5		1.891
288		-1.40248
287.5		-0.503828
287		-0.133443
286.5		-0.106531
286		0.71085
285.5		-0.229167
285		1.0109
284.5		0.631081
284		0.0259782
283.5		-0.228675
283		-0.642736
282.5		-0.140468
282		0.0422006
281.5		-0.0738393
281		-0.629449
280.5		-54.2566
280		0.362287
279.5		-14.8761
279		0.117828
278.5		0.0523024
278		1.76016
277.5		0.874379
277		1.43002
276.5		-0.202234
276		-0.0988011
275.5		-0.0107159
275		-0.817693
274.5		-1.27077
274		-0.159236
273.5		22.0169
273		6.36255
272.5		-2.37335
272		0.630442
271.5		0.0656626
271		4.14586
270.5		-0.656481
270		-0.416381
269.5		0.172475
269		0.873059
268.5		6.66884
268		1.59825
267.5		1.08084
267		0.34511
266.5		-0.0654252
266		0.324001
265.5		0.188281
265		0.525954
264.5		-1.01481
264		0.264353
263.5		10.005
263		0.0607258
262.5		-6.56141
262		-1.61173
261.5		-0.423464
261		-411.056
260.5		-0.135411
260		0.889054
259.5		-0.0340451
259		-0.309913
258.5		1.41683
258		0.155506
257.5		0.761501
257		4.54427
256.5		-0.912737
256		-10.5755
255.5		inf
255		-2.55397
254.5		-72.2298
254		-1.22719
253.5		0.152433
253		-0.242932
252.5		0.165575
252		-0.0845456
251.5		0.517245
251		2.61148
250.5		1.5547
250		-0.0127718
249.5		1.87217
249		-0.532879
248.5		-0.00557808
248		0.323207
247.5		1.09532
247		-0.749091
246.5		0.0209848
246		0.80312
245.5		-0.0858049
245		-0.00903048
244.5		0.0860782
244		6.5993
243.5		-7.83046
243		-1.88069
242.5		3.38629
242		-16.858
241.5		0.310664
241		0.059952
240.5		0.513846
240		0.0359369
239.5		-4.15551
239		-0.0722467
238.5		-1.14454
238		-0.0257755
237.5		0.00914277
237		0.478415
236.5		-0.738244
236		-0.539894
235.5		3.47242
235		-0.942215
234.5		-0.400391
234		0.619465
233.5		-0.234575
233		38.928
232.5		8.80619
232		0.993423
231.5		-0.417714
231		0.164837
230.5		1.66667
230		0.297085
229.5		-79.8676
229		-24.6029
228.5		1.27555
228		0.207539
227.5		0.480045
227		0.445628
226.5		-0.0298315
226		-16.411
225.5		0.0541336
225		3.77938
224.5		0.143331
224		-0.458569
223.5		0.12242
223		2.98876
222.5		-1.36522
222		2.66806
221.5		0.0416076
221		-0.99267
220.5		0.0276608
220		0.790034
219.5		0.854763
219		1.86079
218.5		0.212421
218		0.76637
217.5		0.208565
217		-1.5822
216.5		0.131159
216		2.0662
215.5		0.150297
215		0.456302
214.5		2.52621
214		-1.07845
213.5		1.55084
213		-0.0881122
212.5		0.180519
212		-0.0104358
211.5		-5.68063
211		-2.76404
210.5		4.47795
210		0.19485
209.5		-0.561828
209		1.80249
208.5		0.961821
208		1.14424
207.5		-0.065229
207		2.80763
206.5		-3.9474
206		0.0398282
205.5		-1.76357
205		0.805495
204.5		0.9979
204		0.244733
203.5		-2.25473
203		1.26389
202.5		4.79911
202		-0.0705519
201.5		0.504321
201		-0.078697
200.5		-3.00459
200		0.204671
