03/04/2024 16.46.43
03/04/2024 16.55.17

800.0000	 30.4900

800.0000	 30.4900

900.0000	 29.7700



  1.0000
900.0000
  3.0000
340.0000
  1.0000
1401.0000
  5.0000
  6.0000
  1.0000
  1.0000
  0.0000
  0.0000
100.0000
  0.0000
  1.0000
  0.0000
500.0000
900.0000
200.0000
  4.0000
  1.0000
 18.0000
  2.0000
  1.0000
255.0000
  0.8237
  1.0000
 30.0000
  4.0000
500.0000
  0.0000
  0.0000
  4.0000
900.0000
200.0000
  0.0000
100.0000
  0.0000
  1.0000
  0.0000
500.0000
  1.0000
  1.0000
  1.0000
  1.0000
  4.0000
  0.0000
  1.0000
  1.0000
  1.0000
  1.0000
  1.0000
  2.0000
  1.0000
  1.0000
  1.0000
  3.0000
  1.0000
  1.0000
  1.0000
  4.0000
  5.0000
539.226
0.000
900.0000	  0.2921
899.5000	  0.2892
899.0000	  0.2838
898.5000	  0.2800
898.0000	  0.2990
897.5000	  0.2968
897.0000	  0.2827
896.5000	  0.2861
896.0000	  0.2759
895.5000	  0.2923
895.0000	  0.2998
894.5000	  0.2945
894.0000	  0.2851
893.5000	  0.2940
893.0000	  0.2809
892.5000	  0.2806
892.0000	  0.2891
891.5000	  0.2810
891.0000	  0.2958
890.5000	  0.2811
890.0000	  0.2848
889.5000	  0.2809
889.0000	  0.2804
888.5000	  0.2916
888.0000	  0.2954
887.5000	  0.2810
887.0000	  0.2861
886.5000	  0.2810
886.0000	  0.2805
885.5000	  0.2842
885.0000	  0.2898
884.5000	  0.2841
884.0000	  0.2902
883.5000	  0.2911
883.0000	  0.2859
882.5000	  0.2908
882.0000	  0.2870
881.5000	  0.2856
881.0000	  0.2893
880.5000	  0.2824
880.0000	  0.2824
879.5000	  0.2840
879.0000	  0.2935
878.5000	  0.2922
878.0000	  0.2841
877.5000	  0.2873
877.0000	  0.2909
876.5000	  0.2907
876.0000	  0.2894
875.5000	  0.2880
875.0000	  0.2835
874.5000	  0.2879
874.0000	  0.2918
873.5000	  0.2877
873.0000	  0.2917
872.5000	  0.2855
872.0000	  0.2867
871.5000	  0.2891
871.0000	  0.2889
870.5000	  0.2854
870.0000	  0.2889
869.5000	  0.2882
869.0000	  0.2893
868.5000	  0.2900
868.0000	  0.2878
867.5000	  0.2902
867.0000	  0.2890
866.5000	  0.2880
866.0000	  0.2928
865.5000	  0.2890
865.0000	  0.2867
864.5000	  0.2921
864.0000	  0.2863
863.5000	  0.2898
863.0000	  0.2907
862.5000	  0.2918
862.0000	  0.2915
861.5000	  0.2889
861.0000	  0.2932
860.5000	  0.2910
860.0000	  0.2926
859.5000	  0.2903
859.0000	  0.2891
858.5000	  0.2901
858.0000	  0.2910
857.5000	  0.2918
857.0000	  0.2913
856.5000	  0.2905
856.0000	  0.2930
855.5000	  0.2922
855.0000	  0.2939
854.5000	  0.2928
854.0000	  0.2909
853.5000	  0.2922
853.0000	  0.2939
852.5000	  0.2940
852.0000	  0.2932
851.5000	  0.2942
851.0000	  0.2931
850.5000	  0.2935
850.0000	  0.2953
849.5000	  0.2945
849.0000	  0.2957
848.5000	  0.2955
848.0000	  0.2955
847.5000	  0.2943
847.0000	  0.2951
846.5000	  0.2943
846.0000	  0.2963
845.5000	  0.2956
845.0000	  0.2957
844.5000	  0.2960
844.0000	  0.2950
843.5000	  0.2966
843.0000	  0.2954
842.5000	  0.2947
842.0000	  0.2970
841.5000	  0.2957
841.0000	  0.2952
840.5000	  0.2962
840.0000	  0.2971
839.5000	  0.2956
839.0000	  0.2973
838.5000	  0.2966
838.0000	  0.2970
837.5000	  0.2954
837.0000	  0.2963
836.5000	  0.2970
836.0000	  0.2968
835.5000	  0.2969
835.0000	  0.2965
834.5000	  0.2956
834.0000	  0.2975
833.5000	  0.2967
833.0000	  0.2970
832.5000	  0.2967
832.0000	  0.2966
831.5000	  0.2965
831.0000	  0.2969
830.5000	  0.2960
830.0000	  0.2968
829.5000	  0.2972
829.0000	  0.2964
828.5000	  0.2971
828.0000	  0.2972
827.5000	  0.2970
827.0000	  0.2981
826.5000	  0.2979
826.0000	  0.2967
825.5000	  0.2972
825.0000	  0.2965
824.5000	  0.2978
824.0000	  0.2982
823.5000	  0.2980
823.0000	  0.2977
822.5000	  0.2972
822.0000	  0.2981
821.5000	  0.2979
821.0000	  0.2983
820.5000	  0.2975
820.0000	  0.2977
819.5000	  0.2979
819.0000	  0.2987
818.5000	  0.2979
818.0000	  0.2991
817.5000	  0.2988
817.0000	  0.2987
816.5000	  0.2989
816.0000	  0.2987
815.5000	  0.2997
815.0000	  0.3001
814.5000	  0.3000
814.0000	  0.2998
813.5000	  0.2994
813.0000	  0.3002
812.5000	  0.3011
812.0000	  0.3005
811.5000	  0.3010
811.0000	  0.3007
810.5000	  0.3013
810.0000	  0.3016
809.5000	  0.3013
809.0000	  0.3018
808.5000	  0.3013
808.0000	  0.3027
807.5000	  0.3020
807.0000	  0.3025
806.5000	  0.3021
806.0000	  0.3030
805.5000	  0.3035
805.0000	  0.3028
804.5000	  0.3035
804.0000	  0.3038
803.5000	  0.3021
803.0000	  0.3041
802.5000	  0.3041
802.0000	  0.3049
801.5000	  0.3046
801.0000	  0.3051
800.5000	  0.3044
800.0000	  0.3056
799.5000	  0.3052
799.0000	  0.3042
798.5000	  0.3057
798.0000	  0.3060
797.5000	  0.3060
797.0000	  0.3066
796.5000	  0.3062
796.0000	  0.3069
795.5000	  0.3067
795.0000	  0.3077
794.5000	  0.3076
794.0000	  0.3082
793.5000	  0.3076
793.0000	  0.3083
792.5000	  0.3088
792.0000	  0.3088
791.5000	  0.3094
791.0000	  0.3098
790.5000	  0.3093
790.0000	  0.3098
789.5000	  0.3097
789.0000	  0.3100
788.5000	  0.3101
788.0000	  0.3105
787.5000	  0.3105
787.0000	  0.3118
786.5000	  0.3109
786.0000	  0.3120
785.5000	  0.3126
785.0000	  0.3120
784.5000	  0.3124
784.0000	  0.3125
783.5000	  0.3129
783.0000	  0.3141
782.5000	  0.3134
782.0000	  0.3135
781.5000	  0.3147
781.0000	  0.3135
780.5000	  0.3149
780.0000	  0.3147
779.5000	  0.3149
779.0000	  0.3161
778.5000	  0.3159
778.0000	  0.3160
777.5000	  0.3168
777.0000	  0.3166
776.5000	  0.3169
776.0000	  0.3185
775.5000	  0.3171
775.0000	  0.3173
774.5000	  0.3181
774.0000	  0.3187
773.5000	  0.3187
773.0000	  0.3187
772.5000	  0.3189
772.0000	  0.3200
771.5000	  0.3203
771.0000	  0.3200
770.5000	  0.3203
770.0000	  0.3209
769.5000	  0.3218
769.0000	  0.3219
768.5000	  0.3214
768.0000	  0.3227
767.5000	  0.3228
767.0000	  0.3232
766.5000	  0.3234
766.0000	  0.3233
765.5000	  0.3233
765.0000	  0.3238
764.5000	  0.3240
764.0000	  0.3255
763.5000	  0.3246
763.0000	  0.3257
762.5000	  0.3264
762.0000	  0.3265
761.5000	  0.3270
761.0000	  0.3272
760.5000	  0.3275
760.0000	  0.3277
759.5000	  0.3282
759.0000	  0.3285
758.5000	  0.3287
758.0000	  0.3286
757.5000	  0.3292
757.0000	  0.3294
756.5000	  0.3302
756.0000	  0.3304
755.5000	  0.3310
755.0000	  0.3319
754.5000	  0.3318
754.0000	  0.3323
753.5000	  0.3321
753.0000	  0.3332
752.5000	  0.3337
752.0000	  0.3341
751.5000	  0.3341
751.0000	  0.3344
750.5000	  0.3349
750.0000	  0.3362
749.5000	  0.3359
749.0000	  0.3367
748.5000	  0.3367
748.0000	  0.3372
747.5000	  0.3377
747.0000	  0.3380
746.5000	  0.3384
746.0000	  0.3386
745.5000	  0.3387
745.0000	  0.3394
744.5000	  0.3394
744.0000	  0.3403
743.5000	  0.3411
743.0000	  0.3408
742.5000	  0.3419
742.0000	  0.3420
741.5000	  0.3423
741.0000	  0.3437
740.5000	  0.3438
740.0000	  0.3444
739.5000	  0.3444
739.0000	  0.3449
738.5000	  0.3459
738.0000	  0.3463
737.5000	  0.3468
737.0000	  0.3477
736.5000	  0.3479
736.0000	  0.3476
735.5000	  0.3485
735.0000	  0.3491
734.5000	  0.3496
734.0000	  0.3501
733.5000	  0.3509
733.0000	  0.3516
732.5000	  0.3524
732.0000	  0.3531
731.5000	  0.3535
731.0000	  0.3537
730.5000	  0.3558
730.0000	  0.3565
729.5000	  0.3559
729.0000	  0.3569
728.5000	  0.3573
728.0000	  0.3586
727.5000	  0.3587
727.0000	  0.3612
726.5000	  0.3612
726.0000	  0.3615
725.5000	  0.3622
725.0000	  0.3635
724.5000	  0.3651
724.0000	  0.3659
723.5000	  0.3664
723.0000	  0.3668
722.5000	  0.3683
722.0000	  0.3698
721.5000	  0.3704
721.0000	  0.3723
720.5000	  0.3730
720.0000	  0.3742
719.5000	  0.3747
719.0000	  0.3758
718.5000	  0.3778
718.0000	  0.3771
717.5000	  0.3782
717.0000	  0.3778
716.5000	  0.3788
716.0000	  0.3786
715.5000	  0.3785
715.0000	  0.3780
714.5000	  0.3783
714.0000	  0.3790
713.5000	  0.3784
713.0000	  0.3781
712.5000	  0.3784
712.0000	  0.3772
711.5000	  0.3780
711.0000	  0.3770
710.5000	  0.3776
710.0000	  0.3780
709.5000	  0.3780
709.0000	  0.3790
708.5000	  0.3784
708.0000	  0.3789
707.5000	  0.3793
707.0000	  0.3802
706.5000	  0.3805
706.0000	  0.3813
705.5000	  0.3809
705.0000	  0.3822
704.5000	  0.3824
704.0000	  0.3834
703.5000	  0.3840
703.0000	  0.3843
702.5000	  0.3856
702.0000	  0.3855
701.5000	  0.3864
701.0000	  0.3871
700.5000	  0.3885
700.0000	  0.3886
699.5000	  0.3892
699.0000	  0.3896
698.5000	  0.3901
698.0000	  0.3906
697.5000	  0.3908
697.0000	  0.3923
696.5000	  0.3930
696.0000	  0.3934
695.5000	  0.3945
695.0000	  0.3947
694.5000	  0.3962
694.0000	  0.3956
693.5000	  0.3969
693.0000	  0.3975
692.5000	  0.3978
692.0000	  0.3984
691.5000	  0.3986
691.0000	  0.4001
690.5000	  0.4006
690.0000	  0.4013
689.5000	  0.4023
689.0000	  0.4022
688.5000	  0.4040
688.0000	  0.4046
687.5000	  0.4053
687.0000	  0.4057
686.5000	  0.4063
686.0000	  0.4080
685.5000	  0.4083
685.0000	  0.4097
684.5000	  0.4096
684.0000	  0.4100
683.5000	  0.4115
683.0000	  0.4113
682.5000	  0.4130
682.0000	  0.4131
681.5000	  0.4140
681.0000	  0.4152
680.5000	  0.4151
680.0000	  0.4163
679.5000	  0.4170
679.0000	  0.4181
678.5000	  0.4186
678.0000	  0.4193
677.5000	  0.4204
677.0000	  0.4210
676.5000	  0.4216
676.0000	  0.4225
675.5000	  0.4233
675.0000	  0.4245
674.5000	  0.4251
674.0000	  0.4260
673.5000	  0.4264
673.0000	  0.4277
672.5000	  0.4280
672.0000	  0.4283
671.5000	  0.4298
671.0000	  0.4303
670.5000	  0.4316
670.0000	  0.4322
669.5000	  0.4329
669.0000	  0.4338
668.5000	  0.4351
668.0000	  0.4356
667.5000	  0.4360
667.0000	  0.4376
666.5000	  0.4379
666.0000	  0.4390
665.5000	  0.4396
665.0000	  0.4404
664.5000	  0.4415
664.0000	  0.4415
663.5000	  0.4436
663.0000	  0.4432
662.5000	  0.4447
662.0000	  0.4453
661.5000	  0.4455
661.0000	  0.4471
660.5000	  0.4474
660.0000	  0.4480
659.5000	  0.4497
659.0000	  0.4501
658.5000	  0.4506
658.0000	  0.4518
657.5000	  0.4526
657.0000	  0.4536
656.5000	  0.4544
656.0000	  0.4547
655.5000	  0.4557
655.0000	  0.4569
654.5000	  0.4576
654.0000	  0.4590
653.5000	  0.4592
653.0000	  0.4605
652.5000	  0.4619
652.0000	  0.4619
651.5000	  0.4631
651.0000	  0.4631
650.5000	  0.4645
650.0000	  0.4653
649.5000	  0.4668
649.0000	  0.4670
648.5000	  0.4673
648.0000	  0.4696
647.5000	  0.4698
647.0000	  0.4708
646.5000	  0.4714
646.0000	  0.4717
645.5000	  0.4736
645.0000	  0.4741
644.5000	  0.4749
644.0000	  0.4754
643.5000	  0.4761
643.0000	  0.4776
642.5000	  0.4779
642.0000	  0.4795
641.5000	  0.4788
641.0000	  0.4810
640.5000	  0.4817
640.0000	  0.4822
639.5000	  0.4832
639.0000	  0.4838
638.5000	  0.4841
638.0000	  0.4853
637.5000	  0.4859
637.0000	  0.4867
636.5000	  0.4877
636.0000	  0.4886
635.5000	  0.4891
635.0000	  0.4898
634.5000	  0.4908
634.0000	  0.4911
633.5000	  0.4919
633.0000	  0.4918
632.5000	  0.4939
632.0000	  0.4938
631.5000	  0.4949
631.0000	  0.4962
630.5000	  0.4967
630.0000	  0.4983
629.5000	  0.4992
629.0000	  0.5007
628.5000	  0.5019
628.0000	  0.5036
627.5000	  0.5053
627.0000	  0.5062
626.5000	  0.5081
626.0000	  0.5091
625.5000	  0.5115
625.0000	  0.5124
624.5000	  0.5143
624.0000	  0.5170
623.5000	  0.5177
623.0000	  0.5195
622.5000	  0.5208
622.0000	  0.5222
621.5000	  0.5241
621.0000	  0.5251
620.5000	  0.5270
620.0000	  0.5277
619.5000	  0.5295
619.0000	  0.5313
618.5000	  0.5326
618.0000	  0.5336
617.5000	  0.5334
617.0000	  0.5346
616.5000	  0.5365
616.0000	  0.5353
615.5000	  0.5376
615.0000	  0.5370
614.5000	  0.5384
614.0000	  0.5393
613.5000	  0.5403
613.0000	  0.5420
612.5000	  0.5423
612.0000	  0.5441
611.5000	  0.5445
611.0000	  0.5454
610.5000	  0.5469
610.0000	  0.5484
609.5000	  0.5490
609.0000	  0.5494
608.5000	  0.5516
608.0000	  0.5507
607.5000	  0.5529
607.0000	  0.5540
606.5000	  0.5546
606.0000	  0.5566
605.5000	  0.5569
605.0000	  0.5577
604.5000	  0.5594
604.0000	  0.5596
603.5000	  0.5617
603.0000	  0.5615
602.5000	  0.5631
602.0000	  0.5645
601.5000	  0.5652
601.0000	  0.5674
600.5000	  0.5667
600.0000	  0.5682
599.5000	  0.5696
599.0000	  0.5702
598.5000	  0.5713
598.0000	  0.5719
597.5000	  0.5738
597.0000	  0.5745
596.5000	  0.5759
596.0000	  0.5768
595.5000	  0.5772
595.0000	  0.5787
594.5000	  0.5793
594.0000	  0.5818
593.5000	  0.5814
593.0000	  0.5824
592.5000	  0.5839
592.0000	  0.5846
591.5000	  0.5854
591.0000	  0.5870
590.5000	  0.5877
590.0000	  0.5897
589.5000	  0.5898
589.0000	  0.5909
588.5000	  0.5914
588.0000	  0.5931
587.5000	  0.5942
587.0000	  0.5941
586.5000	  0.5959
586.0000	  0.5961
585.5000	  0.5973
585.0000	  0.5985
584.5000	  0.5990
584.0000	  0.6019
583.5000	  0.6007
583.0000	  0.6027
582.5000	  0.6039
582.0000	  0.6047
581.5000	  0.6059
581.0000	  0.6063
580.5000	  0.6081
580.0000	  0.6092
579.5000	  0.6093
579.0000	  0.6114
578.5000	  0.6106
578.0000	  0.6124
577.5000	  0.6136
577.0000	  0.6152
576.5000	  0.6161
576.0000	  0.6159
575.5000	  0.6175
575.0000	  0.6181
574.5000	  0.6188
574.0000	  0.6206
573.5000	  0.6211
573.0000	  0.6217
572.5000	  0.6230
572.0000	  0.6242
571.5000	  0.6257
571.0000	  0.6252
570.5000	  0.6267
570.0000	  0.6273
569.5000	  0.6295
569.0000	  0.6296
568.5000	  0.6304
568.0000	  0.6314
567.5000	  0.6323
567.0000	  0.6334
566.5000	  0.6339
566.0000	  0.6355
565.5000	  0.6361
565.0000	  0.6370
564.5000	  0.6384
564.0000	  0.6383
563.5000	  0.6399
563.0000	  0.6414
562.5000	  0.6419
562.0000	  0.6434
561.5000	  0.6439
561.0000	  0.6439
560.5000	  0.6451
560.0000	  0.6466
559.5000	  0.6473
559.0000	  0.6490
558.5000	  0.6486
558.0000	  0.6503
557.5000	  0.6515
557.0000	  0.6520
556.5000	  0.6524
556.0000	  0.6537
555.5000	  0.6545
555.0000	  0.6550
554.5000	  0.6570
554.0000	  0.6571
553.5000	  0.6582
553.0000	  0.6588
552.5000	  0.6599
552.0000	  0.6603
551.5000	  0.6610
551.0000	  0.6616
550.5000	  0.6628
550.0000	  0.6634
549.5000	  0.6652
549.0000	  0.6648
548.5000	  0.6660
548.0000	  0.6676
547.5000	  0.6674
547.0000	  0.6693
546.5000	  0.6687
546.0000	  0.6698
545.5000	  0.6703
545.0000	  0.6712
544.5000	  0.6734
544.0000	  0.6725
543.5000	  0.6733
543.0000	  0.6747
542.5000	  0.6740
542.0000	  0.6760
541.5000	  0.6763
541.0000	  0.6775
540.5000	  0.6782
540.0000	  0.6784
539.5000	  0.6801
539.0000	  0.6789
538.5000	  0.6807
538.0000	  0.6821
537.5000	  0.6819
537.0000	  0.6829
536.5000	  0.6826
536.0000	  0.6839
535.5000	  0.6851
535.0000	  0.6852
534.5000	  0.6867
534.0000	  0.6857
533.5000	  0.6864
533.0000	  0.6882
532.5000	  0.6884
532.0000	  0.6892
531.5000	  0.6891
531.0000	  0.6908
530.5000	  0.6906
530.0000	  0.6909
529.5000	  0.6926
529.0000	  0.6917
528.5000	  0.6926
528.0000	  0.6939
527.5000	  0.6938
527.0000	  0.6946
526.5000	  0.6937
526.0000	  0.6956
525.5000	  0.6957
525.0000	  0.6957
524.5000	  0.6972
524.0000	  0.6966
523.5000	  0.6978
523.0000	  0.6988
522.5000	  0.6976
522.0000	  0.6996
521.5000	  0.6988
521.0000	  0.6994
520.5000	  0.7002
520.0000	  0.6998
519.5000	  0.7010
519.0000	  0.7003
518.5000	  0.7012
518.0000	  0.7016
517.5000	  0.7011
517.0000	  0.7023
516.5000	  0.7017
516.0000	  0.7019
515.5000	  0.7028
515.0000	  0.7028
514.5000	  0.7035
514.0000	  0.7021
513.5000	  0.7034
513.0000	  0.7034
512.5000	  0.7024
512.0000	  0.7037
511.5000	  0.7029
511.0000	  0.7035
510.5000	  0.7043
510.0000	  0.7033
509.5000	  0.7053
509.0000	  0.7038
508.5000	  0.7045
508.0000	  0.7055
507.5000	  0.7050
507.0000	  0.7062
506.5000	  0.7059
506.0000	  0.7072
505.5000	  0.7084
505.0000	  0.7077
504.5000	  0.7103
504.0000	  0.7089
503.5000	  0.7105
503.0000	  0.7121
502.5000	  0.7114
502.0000	  0.7125
501.5000	  0.7119
501.0000	  0.7132
500.5000	  0.7146
500.0000	  0.7144
499.5000	  0.7158
499.0000	  0.7156
498.5000	  0.7160
498.0000	  0.7174
497.5000	  0.7170
497.0000	  0.7171
496.5000	  0.7178
496.0000	  0.7176
495.5000	  0.7179
495.0000	  0.7178
494.5000	  0.7185
494.0000	  0.7174
493.5000	  0.7177
493.0000	  0.7184
492.5000	  0.7184
492.0000	  0.7185
491.5000	  0.7172
491.0000	  0.7175
490.5000	  0.7168
490.0000	  0.7166
489.5000	  0.7170
489.0000	  0.7139
488.5000	  0.7149
488.0000	  0.7154
487.5000	  0.7141
487.0000	  0.7134
486.5000	  0.7128
486.0000	  0.7127
485.5000	  0.7128
485.0000	  0.7107
484.5000	  0.7110
484.0000	  0.7109
483.5000	  0.7106
483.0000	  0.7100
482.5000	  0.7091
482.0000	  0.7098
481.5000	  0.7079
481.0000	  0.7085
480.5000	  0.7082
480.0000	  0.7063
479.5000	  0.7064
479.0000	  0.7053
478.5000	  0.7064
478.0000	  0.7062
477.5000	  0.7038
477.0000	  0.7060
476.5000	  0.7041
476.0000	  0.7037
475.5000	  0.7037
475.0000	  0.7042
474.5000	  0.7044
474.0000	  0.7033
473.5000	  0.7032
473.0000	  0.7034
472.5000	  0.7026
472.0000	  0.7028
471.5000	  0.7016
471.0000	  0.7020
470.5000	  0.7031
470.0000	  0.7022
469.5000	  0.7014
469.0000	  0.7012
468.5000	  0.7016
468.0000	  0.7022
467.5000	  0.7015
467.0000	  0.7020
466.5000	  0.7011
466.0000	  0.7024
465.5000	  0.7022
465.0000	  0.7020
464.5000	  0.7029
464.0000	  0.7011
463.5000	  0.7025
463.0000	  0.7031
462.5000	  0.7025
462.0000	  0.7038
461.5000	  0.7023
461.0000	  0.7034
460.5000	  0.7032
460.0000	  0.7021
459.5000	  0.7021
459.0000	  0.7020
458.5000	  0.7024
458.0000	  0.7023
457.5000	  0.7002
457.0000	  0.7018
456.5000	  0.7006
456.0000	  0.7009
455.5000	  0.7013
455.0000	  0.6976
454.5000	  0.6973
454.0000	  0.6972
453.5000	  0.6954
453.0000	  0.6941
452.5000	  0.6925
452.0000	  0.6916
451.5000	  0.6887
451.0000	  0.6877
450.5000	  0.6871
450.0000	  0.6860
449.5000	  0.6832
449.0000	  0.6821
448.5000	  0.6801
448.0000	  0.6792
447.5000	  0.6764
447.0000	  0.6754
446.5000	  0.6729
446.0000	  0.6725
445.5000	  0.6717
445.0000	  0.6704
444.5000	  0.6691
444.0000	  0.6678
443.5000	  0.6667
443.0000	  0.6661
442.5000	  0.6636
442.0000	  0.6642
441.5000	  0.6643
441.0000	  0.6612
440.5000	  0.6611
440.0000	  0.6594
439.5000	  0.6582
439.0000	  0.6590
438.5000	  0.6577
438.0000	  0.6573
437.5000	  0.6567
437.0000	  0.6548
436.5000	  0.6546
436.0000	  0.6547
435.5000	  0.6530
435.0000	  0.6527
434.5000	  0.6520
434.0000	  0.6528
433.5000	  0.6508
433.0000	  0.6497
432.5000	  0.6508
432.0000	  0.6501
431.5000	  0.6487
431.0000	  0.6490
430.5000	  0.6459
430.0000	  0.6477
429.5000	  0.6477
429.0000	  0.6468
428.5000	  0.6456
428.0000	  0.6471
427.5000	  0.6455
427.0000	  0.6451
426.5000	  0.6445
426.0000	  0.6452
425.5000	  0.6441
425.0000	  0.6441
424.5000	  0.6443
424.0000	  0.6429
423.5000	  0.6432
423.0000	  0.6439
422.5000	  0.6435
422.0000	  0.6428
421.5000	  0.6429
421.0000	  0.6414
420.5000	  0.6423
420.0000	  0.6421
419.5000	  0.6420
419.0000	  0.6402
418.5000	  0.6422
418.0000	  0.6422
417.5000	  0.6418
417.0000	  0.6419
416.5000	  0.6406
416.0000	  0.6413
415.5000	  0.6418
415.0000	  0.6400
414.5000	  0.6406
414.0000	  0.6396
413.5000	  0.6391
413.0000	  0.6400
412.5000	  0.6382
412.0000	  0.6394
411.5000	  0.6379
411.0000	  0.6390
410.5000	  0.6372
410.0000	  0.6376
409.5000	  0.6386
409.0000	  0.6369
408.5000	  0.6374
408.0000	  0.6375
407.5000	  0.6358
407.0000	  0.6366
406.5000	  0.6352
406.0000	  0.6364
405.5000	  0.6363
405.0000	  0.6348
404.5000	  0.6354
404.0000	  0.6351
403.5000	  0.6345
403.0000	  0.6342
402.5000	  0.6347
402.0000	  0.6347
401.5000	  0.6339
401.0000	  0.6340
400.5000	  0.6331
400.0000	  0.6336
399.5000	  0.6342
399.0000	  0.6331
398.5000	  0.6321
398.0000	  0.6313
397.5000	  0.6323
397.0000	  0.6314
396.5000	  0.6322
396.0000	  0.6315
395.5000	  0.6319
395.0000	  0.6327
394.5000	  0.6318
394.0000	  0.6316
393.5000	  0.6313
393.0000	  0.6314
392.5000	  0.6309
392.0000	  0.6316
391.5000	  0.6322
391.0000	  0.6306
390.5000	  0.6311
390.0000	  0.6302
389.5000	  0.6319
389.0000	  0.6336
388.5000	  0.6327
388.0000	  0.6334
387.5000	  0.6343
387.0000	  0.6339
386.5000	  0.6356
386.0000	  0.6326
385.5000	  0.6352
385.0000	  0.6357
384.5000	  0.6354
384.0000	  0.6361
383.5000	  0.6355
383.0000	  0.6366
382.5000	  0.6385
382.0000	  0.6359
381.5000	  0.6385
381.0000	  0.6356
380.5000	  0.6382
380.0000	  0.6376
379.5000	  0.6375
379.0000	  0.6385
378.5000	  0.6382
378.0000	  0.6370
377.5000	  0.6378
377.0000	  0.6394
376.5000	  0.6394
376.0000	  0.6373
375.5000	  0.6366
375.0000	  0.6398
374.5000	  0.6386
374.0000	  0.6395
373.5000	  0.6392
373.0000	  0.6390
372.5000	  0.6379
372.0000	  0.6408
371.5000	  0.6406
371.0000	  0.6393
370.5000	  0.6402
370.0000	  0.6394
369.5000	  0.6407
369.0000	  0.6373
368.5000	  0.6388
368.0000	  0.6410
367.5000	  0.6415
367.0000	  0.6381
366.5000	  0.6394
366.0000	  0.6409
365.5000	  0.6420
365.0000	  0.6402
364.5000	  0.6411
364.0000	  0.6443
363.5000	  0.6412
363.0000	  0.6409
362.5000	  0.6399
362.0000	  0.6436
361.5000	  0.6438
361.0000	  0.6419
360.5000	  0.6433
360.0000	  0.6438
359.5000	  0.6448
359.0000	  0.6443
358.5000	  0.6426
358.0000	  0.6435
357.5000	  0.6437
357.0000	  0.6449
356.5000	  0.6464
356.0000	  0.6447
355.5000	  0.6459
355.0000	  0.6465
354.5000	  0.6439
354.0000	  0.6448
353.5000	  0.6448
353.0000	  0.6479
352.5000	  0.6446
352.0000	  0.6457
351.5000	  0.6452
351.0000	  0.6472
350.5000	  0.6446
350.0000	  0.6459
349.5000	  0.6505
349.0000	  0.6463
348.5000	  0.6480
348.0000	  0.6483
347.5000	  0.6447
347.0000	  0.6459
346.5000	  0.6466
346.0000	  0.6491
345.5000	  0.6480
345.0000	  0.6458
344.5000	  0.6487
344.0000	  0.6450
343.5000	  0.6461
343.0000	  0.6487
342.5000	  0.6478
342.0000	  0.6497
341.5000	  0.6472
341.0000	  0.6485
340.5000	  0.6466
340.0000	  0.6499
339.5000	  0.6479
339.0000	  0.6512
338.5000	  0.6567
338.0000	  0.6518
337.5000	  0.6536
337.0000	  0.6540
336.5000	  0.6547
336.0000	  0.6554
335.5000	  0.6482
335.0000	  0.6540
334.5000	  0.6529
334.0000	  0.6560
333.5000	  0.6564
333.0000	  0.6514
332.5000	  0.6503
332.0000	  0.6533
331.5000	  0.6528
331.0000	  0.6560
330.5000	  0.6522
330.0000	  0.6517
329.5000	  0.6554
329.0000	  0.6566
328.5000	  0.6535
328.0000	  0.6523
327.5000	  0.6549
327.0000	  0.6492
326.5000	  0.6516
326.0000	  0.6540
325.5000	  0.6522
325.0000	  0.6537
324.5000	  0.6522
324.0000	  0.6578
323.5000	  0.6536
323.0000	  0.6536
322.5000	  0.6554
322.0000	  0.6573
321.5000	  0.6550
321.0000	  0.6576
320.5000	  0.6539
320.0000	  0.6547
319.5000	  0.6559
319.0000	  0.6553
318.5000	  0.6556
318.0000	  0.6580
317.5000	  0.6594
317.0000	  0.6525
316.5000	  0.6599
316.0000	  0.6582
315.5000	  0.6549
315.0000	  0.6639
314.5000	  0.6575
314.0000	  0.6592
313.5000	  0.6612
313.0000	  0.6620
312.5000	  0.6624
312.0000	  0.6663
311.5000	  0.6675
311.0000	  0.6626
310.5000	  0.6625
310.0000	  0.6675
309.5000	  0.6653
309.0000	  0.6672
308.5000	  0.6708
308.0000	  0.6664
307.5000	  0.6622
307.0000	  0.6652
306.5000	  0.6690
306.0000	  0.6681
305.5000	  0.6699
305.0000	  0.6673
304.5000	  0.6720
304.0000	  0.6718
303.5000	  0.6676
303.0000	  0.6706
302.5000	  0.6711
302.0000	  0.6794
301.5000	  0.6766
301.0000	  0.6782
300.5000	  0.6847
300.0000	  0.6837
299.5000	  0.6750
299.0000	  0.6808
298.5000	  0.6861
298.0000	  0.6877
297.5000	  0.6873
297.0000	  0.6863
296.5000	  0.6909
296.0000	  0.6948
295.5000	  0.6872
295.0000	  0.6914
294.5000	  0.6937
294.0000	  0.6954
293.5000	  0.7006
293.0000	  0.7021
292.5000	  0.7016
292.0000	  0.7113
291.5000	  0.7029
291.0000	  0.7130
290.5000	  0.7147
290.0000	  0.7156
289.5000	  0.7166
289.0000	  0.7205
288.5000	  0.7263
288.0000	  0.7276
287.5000	  0.7280
287.0000	  0.7325
286.5000	  0.7371
286.0000	  0.7398
285.5000	  0.7450
285.0000	  0.7597
284.5000	  0.7541
284.0000	  0.7588
283.5000	  0.7546
283.0000	  0.7666
282.5000	  0.7685
282.0000	  0.7736
281.5000	  0.7749
281.0000	  0.7756
280.5000	  0.7834
280.0000	  0.8065
279.5000	  0.8013
279.0000	  0.8004
278.5000	  0.8065
278.0000	  0.8139
277.5000	  0.8088
277.0000	  0.8286
276.5000	  0.8428
276.0000	  0.8406
275.5000	  0.8453
275.0000	  0.8472
274.5000	  0.8708
274.0000	  0.8533
273.5000	  0.8634
273.0000	  0.8786
272.5000	  0.8643
272.0000	  0.9114
271.5000	  0.9179
271.0000	  0.9086
270.5000	  0.9183
270.0000	  0.9154
269.5000	  0.9472
269.0000	  0.9313
268.5000	  0.9478
268.0000	  0.9691
267.5000	  0.9663
267.0000	  0.9652
266.5000	  0.9813
266.0000	  0.9930
265.5000	  1.0017
265.0000	  1.0263
264.5000	  1.0160
264.0000	  0.9965
263.5000	  1.0195
263.0000	  1.0668
262.5000	  1.0770
262.0000	  1.0469
261.5000	  1.0702
261.0000	  1.0869
260.5000	  1.0878
260.0000	  1.1056
259.5000	  1.1030
259.0000	  1.1190
258.5000	  1.1253
258.0000	  1.1295
257.5000	  1.1816
257.0000	  1.1559
256.5000	  1.1796
256.0000	  1.1588
255.5000	  1.2152
255.0000	  1.2445
254.5000	  1.3028
254.0000	  1.2983
253.5000	  1.2482
253.0000	  1.2908
252.5000	  1.2817
252.0000	  1.3155
251.5000	  1.3619
251.0000	  1.2723
250.5000	  1.3211
250.0000	  1.3573
249.5000	  1.3902
249.0000	  1.3968
248.5000	  1.3881
248.0000	  1.3171
247.5000	  1.3818
247.0000	  1.4368
246.5000	  1.4564
246.0000	  1.4086
245.5000	  1.5136
245.0000	  1.4985
244.5000	  1.5205
244.0000	  1.4952
243.5000	  1.4993
243.0000	  1.5758
242.5000	  1.5593
242.0000	  1.4939
241.5000	  1.6986
241.0000	  1.5300
240.5000	  1.6093
240.0000	  1.6587
239.5000	  1.6553
239.0000	  1.8244
238.5000	  1.6842
238.0000	  1.6431
237.5000	  1.6166
237.0000	  1.7257
236.5000	  1.7043
236.0000	  1.8620
235.5000	  2.0350
235.0000	  1.7358
234.5000	  2.2280
234.0000	  1.7369
233.5000	  2.0377
233.0000	  1.7771
232.5000	  2.0132
232.0000	  1.9063
231.5000	  1.5919
231.0000	  1.8113
230.5000	  1.8273
230.0000	  2.2091
229.5000	  1.7962
229.0000	  2.2364
228.5000	  1.9480
228.0000	  1.6085
227.5000	  2.2339
227.0000	  2.4243
226.5000	  1.8024
226.0000	  2.4314
225.5000	  1.8810
225.0000	  1.9556
224.5000	  1.6526
224.0000	  4.8192
223.5000	  1.0873
223.0000	  2.0098
222.5000	  2.3430
222.0000	  1.6303
221.5000	  2.2974
221.0000	  1.3484
220.5000	  2.1585
220.0000	  1.4589
219.5000	  1.7479
219.0000	  1.3861
218.5000	  1.7102
218.0000	  3.6872
217.5000	  2.6221
217.0000	  4.5586
216.5000	  1.9858
216.0000	  2.3809
215.5000	  0.9188
215.0000	  0.9797
214.5000	 10.5300
214.0000	  2.6014
213.5000	  1.1008
213.0000	 39.6079
212.5000	  1.7693
212.0000	 -2.7991
211.5000	  0.6592
211.0000	  1.2350
210.5000	  1.4623
210.0000	  0.1050
209.5000	 -0.1020
209.0000	  1.1877
208.5000	  0.1084
208.0000	  6.1219
207.5000	  0.8676
207.0000	 -3.6592
206.5000	  0.9905
206.0000	  0.6641
205.5000	  3.0588
205.0000	  0.4609
204.5000	  0.5050
204.0000	 13.9608
203.5000	  2.4898
203.0000	 -0.5171
202.5000	  0.3153
202.0000	  0.6170
201.5000	  1.2899
201.0000	  0.6677
200.5000	  1.2000
200.0000	  0.6810
