lambda		value

Calibration:
lambda:	800
Abs:	0

Data:
#
900		0.526
899.5		0.5148
899		0.5251
898.5		0.5244
898		0.5094
897.5		0.5346
897		0.5086
896.5		0.5386
896		0.5298
895.5		0.5232
895		0.5213
894.5		0.5246
894		0.5124
893.5		0.5228
893		0.5063
892.5		0.5105
892		0.5218
891.5		0.5165
891		0.5314
890.5		0.5241
890		0.5287
889.5		0.5427
889		0.5239
888.5		0.5362
888		0.5192
887.5		0.5267
887		0.5034
886.5		0.5292
886		0.5312
885.5		0.5289
885		0.5302
884.5		0.5198
884		0.5198
883.5		0.5224
883		0.5263
882.5		0.516
882		0.5198
881.5		0.5237
881		0.5213
880.5		0.5242
880		0.526
879.5		0.5171
879		0.5288
878.5		0.5272
878		0.5301
877.5		0.527
877		0.531
876.5		0.5172
876		0.5295
875.5		0.526
875		0.5279
874.5		0.5305
874		0.5257
873.5		0.5211
873		0.5281
872.5		0.5222
872		0.5208
871.5		0.5214
871		0.519
870.5		0.5221
870		0.5246
869.5		0.5278
869		0.5261
868.5		0.5218
868		0.5248
867.5		0.5211
867		0.524
866.5		0.5258
866		0.5242
865.5		0.5234
865		0.5229
864.5		0.517
864		0.5209
863.5		0.5205
863		0.5231
862.5		0.5177
862		0.5191
861.5		0.5176
861		0.5208
860.5		0.5209
860		0.5192
859.5		0.5212
859		0.5219
858.5		0.521
858		0.5223
857.5		0.5187
857		0.521
856.5		0.5161
856		0.5236
855.5		0.5243
855		0.5191
854.5		0.5169
854		0.52
853.5		0.5216
853		0.5181
852.5		0.5176
852		0.5165
851.5		0.5192
851		0.5187
850.5		0.5186
850		0.5169
849.5		0.5192
849		0.5197
848.5		0.5167
848		0.518
847.5		0.518
847		0.5172
846.5		0.5177
846		0.5192
845.5		0.5193
845		0.5189
844.5		0.5174
844		0.5168
843.5		0.5173
843		0.5164
842.5		0.5205
842		0.5181
841.5		0.5207
841		0.5177
840.5		0.5178
840		0.517
839.5		0.5165
839		0.5183
838.5		0.5177
838		0.5185
837.5		0.5181
837		0.5178
836.5		0.5186
836		0.518
835.5		0.5188
835		0.5184
834.5		0.5183
834		0.52
833.5		0.5186
833		0.5185
832.5		0.5183
832		0.5198
831.5		0.5196
831		0.5205
830.5		0.5211
830		0.5198
829.5		0.5188
829		0.5191
828.5		0.5194
828		0.5195
827.5		0.5181
827		0.5201
826.5		0.5202
826		0.5195
825.5		0.5198
825		0.52
824.5		0.5208
824		0.5211
823.5		0.5203
823		0.5203
822.5		0.5197
822		0.5199
821.5		0.5205
821		0.5205
820.5		0.5197
820		0.5208
819.5		0.5201
819		0.52
818.5		0.5189
818		0.5194
817.5		0.5216
817		0.5215
816.5		0.5205
816		0.5189
815.5		0.5198
815		0.5202
814.5		0.5199
814		0.5195
813.5		0.5203
813		0.5197
812.5		0.5198
812		0.5204
811.5		0.5184
811		0.5197
810.5		0.5183
810		0.52
809.5		0.5181
809		0.5184
808.5		0.5199
808		0.5182
807.5		0.5189
807		0.5177
806.5		0.5182
806		0.5193
805.5		0.5176
805		0.5177
804.5		0.5183
804		0.5177
803.5		0.5169
803		0.5175
802.5		0.5179
802		0.5178
801.5		0.5169
801		0.5165
800.5		0.5164
800		0.5163
799.5		0.5153
799		0.5169
798.5		0.5167
798		0.5158
797.5		0.5159
797		0.5164
796.5		0.5162
796		0.5159
795.5		0.5154
795		0.5147
794.5		0.5148
794		0.5153
793.5		0.5144
793		0.5137
792.5		0.5141
792		0.5143
791.5		0.5138
791		0.5145
790.5		0.5133
790		0.5135
789.5		0.5135
789		0.5127
788.5		0.5133
788		0.5117
787.5		0.5121
787		0.5132
786.5		0.5123
786		0.5123
785.5		0.5122
785		0.5116
784.5		0.5109
784		0.5114
783.5		0.5118
783		0.5104
782.5		0.5104
782		0.5113
781.5		0.5113
781		0.5099
780.5		0.5106
780		0.5105
779.5		0.51
779		0.5088
778.5		0.5094
778		0.5094
777.5		0.5087
777		0.5087
776.5		0.5084
776		0.5085
775.5		0.5068
775		0.5076
774.5		0.508
774		0.5076
773.5		0.5071
773		0.5073
772.5		0.506
772		0.5071
771.5		0.5056
771		0.5059
770.5		0.5065
770		0.5052
769.5		0.5053
769		0.5056
768.5		0.5049
768		0.5055
767.5		0.5043
767		0.5045
766.5		0.5037
766		0.5033
765.5		0.5037
765		0.503
764.5		0.5026
764		0.502
763.5		0.502
763		0.5015
762.5		0.5022
762		0.5005
761.5		0.5008
761		0.501
760.5		0.4999
760		0.4992
759.5		0.4998
759		0.4993
758.5		0.4989
758		0.4988
757.5		0.4983
757		0.4983
756.5		0.4982
756		0.4982
755.5		0.4973
755		0.4966
754.5		0.4958
754		0.4967
753.5		0.4961
753		0.4959
752.5		0.4953
752		0.4961
751.5		0.4957
751		0.4951
750.5		0.494
750		0.4938
749.5		0.4929
749		0.4941
748.5		0.4929
748		0.4922
747.5		0.4921
747		0.4907
746.5		0.4923
746		0.4908
745.5		0.4899
745		0.4902
744.5		0.4899
744		0.4893
743.5		0.4895
743		0.4892
742.5		0.4882
742		0.4878
741.5		0.4878
741		0.4874
740.5		0.4869
740		0.4872
739.5		0.4856
739		0.4855
738.5		0.4848
738		0.484
737.5		0.4846
737		0.4828
736.5		0.483
736		0.4825
735.5		0.4819
735		0.481
734.5		0.4805
734		0.4808
733.5		0.4796
733		0.4784
732.5		0.4783
732		0.4763
731.5		0.4758
731		0.4761
730.5		0.4755
730		0.4746
729.5		0.4744
729		0.4729
728.5		0.4721
728		0.4719
727.5		0.4695
727		0.4695
726.5		0.468
726		0.4673
725.5		0.4662
725		0.4652
724.5		0.4634
724		0.462
723.5		0.4599
723		0.4585
722.5		0.4563
722		0.4553
721.5		0.4532
721		0.4517
720.5		0.4503
720		0.4479
719.5		0.4459
719		0.4437
718.5		0.4426
718		0.4413
717.5		0.4405
717		0.4401
716.5		0.4394
716		0.4405
715.5		0.4414
715		0.4413
714.5		0.443
714		0.4436
713.5		0.4459
713		0.4469
712.5		0.4475
712		0.4495
711.5		0.4497
711		0.4519
710.5		0.4514
710		0.4528
709.5		0.4548
709		0.4537
708.5		0.4546
708		0.4551
707.5		0.4546
707		0.4543
706.5		0.4546
706		0.4536
705.5		0.4539
705		0.4535
704.5		0.4522
704		0.4524
703.5		0.4519
703		0.4508
702.5		0.4505
702		0.45
701.5		0.4493
701		0.4492
700.5		0.4489
700		0.4479
699.5		0.4478
699		0.447
698.5		0.4458
698		0.4451
697.5		0.4446
697		0.4453
696.5		0.4438
696		0.4433
695.5		0.4436
695		0.4427
694.5		0.4417
694		0.4417
693.5		0.4414
693		0.4407
692.5		0.4401
692		0.4394
691.5		0.4386
691		0.4382
690.5		0.4378
690		0.4369
689.5		0.4361
689		0.436
688.5		0.4354
688		0.4348
687.5		0.4336
687		0.4332
686.5		0.4334
686		0.432
685.5		0.4325
685		0.4313
684.5		0.4304
684		0.4291
683.5		0.4292
683		0.4282
682.5		0.4273
682		0.4268
681.5		0.4262
681		0.4257
680.5		0.4253
680		0.4248
679.5		0.4234
679		0.424
678.5		0.422
678		0.4223
677.5		0.4209
677		0.4209
676.5		0.42
676		0.4193
675.5		0.4192
675		0.4178
674.5		0.4175
674		0.4168
673.5		0.4162
673		0.4154
672.5		0.4148
672		0.4138
671.5		0.4135
671		0.4125
670.5		0.413
670		0.4113
669.5		0.4108
669		0.4099
668.5		0.4093
668		0.4093
667.5		0.408
667		0.4068
666.5		0.407
666		0.4054
665.5		0.4062
665		0.4049
664.5		0.4044
664		0.4039
663.5		0.4023
663		0.4022
662.5		0.4015
662		0.4009
661.5		0.3997
661		0.3992
660.5		0.3988
660		0.3984
659.5		0.3963
659		0.3965
658.5		0.3954
658		0.3954
657.5		0.394
657		0.3928
656.5		0.3932
656		0.3922
655.5		0.392
655		0.3914
654.5		0.3899
654		0.3903
653.5		0.3891
653		0.3879
652.5		0.3876
652		0.3866
651.5		0.3858
651		0.3853
650.5		0.3849
650		0.384
649.5		0.3827
649		0.3832
648.5		0.3817
648		0.3822
647.5		0.3808
647		0.3799
646.5		0.3794
646		0.3785
645.5		0.3784
645		0.3775
644.5		0.3763
644		0.3759
643.5		0.3753
643		0.3743
642.5		0.3737
642		0.3733
641.5		0.3727
641		0.3721
640.5		0.3713
640		0.3712
639.5		0.3699
639		0.3689
638.5		0.369
638		0.3687
637.5		0.3678
637		0.3667
636.5		0.3667
636		0.366
635.5		0.3653
635		0.3645
634.5		0.364
634		0.3631
633.5		0.3627
633		0.3617
632.5		0.361
632		0.3603
631.5		0.3592
631		0.3585
630.5		0.3572
630		0.3559
629.5		0.3548
629		0.3532
628.5		0.3516
628		0.3494
627.5		0.3489
627		0.3468
626.5		0.3451
626		0.3439
625.5		0.3414
625		0.3407
624.5		0.3385
624		0.3371
623.5		0.3358
623		0.3331
622.5		0.3321
622		0.3308
621.5		0.3287
621		0.3282
620.5		0.3258
620		0.3259
619.5		0.3242
619		0.3228
618.5		0.3222
618		0.3209
617.5		0.3204
617		0.3205
616.5		0.3193
616		0.3189
615.5		0.3177
615		0.3179
614.5		0.3165
614		0.3161
613.5		0.3153
613		0.3141
612.5		0.3134
612		0.3132
611.5		0.3125
611		0.311
610.5		0.3109
610		0.3094
609.5		0.3089
609		0.308
608.5		0.3067
608		0.3058
607.5		0.3054
607		0.3052
606.5		0.3034
606		0.3028
605.5		0.3026
605		0.301
604.5		0.3007
604		0.3002
603.5		0.2987
603		0.2986
602.5		0.2968
602		0.2965
601.5		0.295
601		0.2941
600.5		0.294
600		0.2924
599.5		0.2927
599		0.2911
598.5		0.2896
598		0.2896
597.5		0.2883
597		0.2872
596.5		0.2866
596		0.2859
595.5		0.2853
595		0.284
594.5		0.2838
594		0.2828
593.5		0.2815
593		0.2811
592.5		0.2797
592		0.2791
591.5		0.2791
591		0.2774
590.5		0.2765
590		0.276
589.5		0.2751
589		0.275
588.5		0.2735
588		0.2723
587.5		0.272
587		0.271
586.5		0.2704
586		0.2697
585.5		0.2684
585		0.2684
584.5		0.2672
584		0.2666
583.5		0.2654
583		0.2649
582.5		0.2641
582		0.2636
581.5		0.2632
581		0.2616
580.5		0.2608
580		0.2602
579.5		0.2597
579		0.2592
578.5		0.2582
578		0.2565
577.5		0.2566
577		0.2551
576.5		0.2545
576		0.2544
575.5		0.2534
575		0.2525
574.5		0.2519
574		0.2506
573.5		0.2507
573		0.2498
572.5		0.2482
572		0.2476
571.5		0.2468
571		0.2467
570.5		0.2462
570		0.2451
569.5		0.2448
569		0.243
568.5		0.2426
568		0.2424
567.5		0.2412
567		0.2409
566.5		0.239
566		0.2393
565.5		0.2388
565		0.2371
564.5		0.237
564		0.2351
563.5		0.235
563		0.2351
562.5		0.2342
562		0.233
561.5		0.2323
561		0.232
560.5		0.2314
560		0.2295
559.5		0.2291
559		0.2286
558.5		0.2282
558		0.2264
557.5		0.2262
557		0.2251
556.5		0.2253
556		0.2244
555.5		0.2232
555		0.2232
554.5		0.2218
554		0.222
553.5		0.2212
553		0.2202
552.5		0.22
552		0.2186
551.5		0.218
551		0.2179
550.5		0.217
550		0.2165
549.5		0.2152
549		0.2152
548.5		0.215
548		0.2139
547.5		0.2134
547		0.2126
546.5		0.212
546		0.2118
545.5		0.2109
545		0.2105
544.5		0.21
544		0.2093
543.5		0.2091
543		0.2082
542.5		0.2073
542		0.2076
541.5		0.2063
541		0.2068
540.5		0.2058
540		0.2049
539.5		0.2047
539		0.2036
538.5		0.2038
538		0.2031
537.5		0.2022
537		0.2024
536.5		0.2012
536		0.2011
535.5		0.2007
535		0.1999
534.5		0.2001
534		0.1988
533.5		0.1988
533		0.1985
532.5		0.1976
532		0.1973
531.5		0.1973
531		0.1967
530.5		0.1963
530		0.1959
529.5		0.1947
529		0.1951
528.5		0.1939
528		0.1947
527.5		0.194
527		0.193
526.5		0.1933
526		0.1923
525.5		0.1923
525		0.1919
524.5		0.1908
524		0.1915
523.5		0.1906
523		0.1911
522.5		0.1906
522		0.1897
521.5		0.1898
521		0.1892
520.5		0.1895
520		0.1888
519.5		0.1887
519		0.1887
518.5		0.1876
518		0.1882
517.5		0.1883
517		0.1876
516.5		0.1875
516		0.187
515.5		0.1871
515		0.1871
514.5		0.1872
514		0.1867
513.5		0.1866
513		0.1866
512.5		0.1866
512		0.1863
511.5		0.1861
511		0.1858
510.5		0.1853
510		0.1861
509.5		0.1852
509		0.185
508.5		0.1854
508		0.1843
507.5		0.1846
507		0.184
506.5		0.1836
506		0.1835
505.5		0.1826
505		0.1825
504.5		0.1825
504		0.1817
503.5		0.1815
503		0.1802
502.5		0.1809
502		0.1806
501.5		0.1794
501		0.18
500.5		0.1787
500		0.179
499.5		0.1787
499		0.1779
498.5		0.1781
498		0.1775
497.5		0.1782
497		0.1778
496.5		0.1773
496		0.1774
495.5		0.1782
495		0.1776
494.5		0.1775
494		0.178
493.5		0.1775
493		0.1777
492.5		0.1777
492		0.1787
491.5		0.1781
491		0.1788
490.5		0.1792
490		0.1791
489.5		0.1796
489		0.1804
488.5		0.1804
488		0.1812
487.5		0.1817
487		0.1819
486.5		0.1829
486		0.1826
485.5		0.1833
485		0.1836
484.5		0.1839
484		0.1843
483.5		0.1849
483		0.1854
482.5		0.1858
482		0.1864
481.5		0.1867
481		0.1866
480.5		0.1876
480		0.1876
479.5		0.1881
479		0.1882
478.5		0.189
478		0.1901
477.5		0.1895
477		0.1901
476.5		0.1904
476		0.1908
475.5		0.1912
475		0.1915
474.5		0.1918
474		0.1925
473.5		0.1921
473		0.1922
472.5		0.1929
472		0.1929
471.5		0.1933
471		0.1939
470.5		0.1943
470		0.1939
469.5		0.1942
469		0.1942
468.5		0.1945
468		0.1947
467.5		0.1952
467		0.1946
466.5		0.1954
466		0.1955
465.5		0.195
465		0.1956
464.5		0.1947
464		0.1961
463.5		0.1952
463		0.1949
462.5		0.1956
462		0.196
461.5		0.1961
461		0.1959
460.5		0.1951
460		0.1963
459.5		0.196
459		0.1963
458.5		0.1967
458		0.197
457.5		0.1973
457		0.1972
456.5		0.1981
456		0.1987
455.5		0.1989
455		0.1993
454.5		0.1997
454		0.2009
453.5		0.2015
453		0.203
452.5		0.2037
452		0.2047
451.5		0.2058
451		0.2065
450.5		0.2083
450		0.2092
449.5		0.2096
449		0.2104
448.5		0.2126
448		0.2134
447.5		0.214
447		0.2151
446.5		0.2164
446		0.2179
445.5		0.2181
445		0.2197
444.5		0.2208
444		0.2219
443.5		0.2223
443		0.223
442.5		0.2242
442		0.2242
441.5		0.2252
441		0.2269
440.5		0.2268
440		0.2273
439.5		0.2279
439		0.2284
438.5		0.2297
438		0.2299
437.5		0.2306
437		0.2317
436.5		0.2314
436		0.232
435.5		0.2322
435		0.2334
434.5		0.234
434		0.2344
433.5		0.235
433		0.2352
432.5		0.2351
432		0.2359
431.5		0.2361
431		0.2376
430.5		0.2371
430		0.2372
429.5		0.2376
429		0.2378
428.5		0.2378
428		0.2378
427.5		0.2391
427		0.2396
426.5		0.2402
426		0.2402
425.5		0.2411
425		0.2406
424.5		0.2405
424		0.2411
423.5		0.2415
423		0.2416
422.5		0.2419
422		0.2414
421.5		0.2422
421		0.2426
420.5		0.2436
420		0.2431
419.5		0.2431
419		0.2433
418.5		0.2431
418		0.2437
417.5		0.2439
417		0.244
416.5		0.2446
416		0.2444
415.5		0.2456
415		0.2444
414.5		0.2452
414		0.2451
413.5		0.2455
413		0.2461
412.5		0.2465
412		0.2462
411.5		0.2466
411		0.2472
410.5		0.2464
410		0.247
409.5		0.2475
409		0.2473
408.5		0.2481
408		0.2482
407.5		0.2484
407		0.2488
406.5		0.2486
406		0.2492
405.5		0.2496
405		0.2493
404.5		0.2492
404		0.2489
403.5		0.2517
403		0.2505
402.5		0.2514
402		0.2502
401.5		0.2513
401		0.2517
400.5		0.2521
400		0.2515
399.5		0.252
399		0.2524
398.5		0.2525
398		0.2518
397.5		0.2519
397		0.2531
396.5		0.2514
396		0.253
395.5		0.2536
395		0.2536
394.5		0.2532
394		0.2536
393.5		0.253
393		0.254
392.5		0.2546
392		0.2532
391.5		0.253
391		0.2538
390.5		0.2534
390		0.2539
389.5		0.2527
389		0.2527
388.5		0.2541
388		0.2522
387.5		0.2524
387		0.2523
386.5		0.2516
386		0.252
385.5		0.2511
385		0.2511
384.5		0.2518
384		0.2517
383.5		0.2513
383		0.2524
382.5		0.2499
382		0.2508
381.5		0.2511
381		0.2496
380.5		0.2511
380		0.2505
379.5		0.2506
379		0.2508
378.5		0.2508
378		0.2512
377.5		0.2509
377		0.2507
376.5		0.2516
376		0.2505
375.5		0.248
375		0.2496
374.5		0.2492
374		0.2515
373.5		0.2496
373		0.2494
372.5		0.2489
372		0.25
371.5		0.2504
371		0.2494
370.5		0.2503
370		0.2496
369.5		0.2494
369		0.251
368.5		0.2487
368		0.2482
367.5		0.2499
367		0.2499
366.5		0.2495
366		0.249
365.5		0.249
365		0.25
364.5		0.2495
364		0.2518
363.5		0.2494
363		0.2493
362.5		0.247
362		0.2488
361.5		0.2483
361		0.2497
360.5		0.2485
360		0.2488
359.5		0.2485
359		0.2491
358.5		0.2495
358		0.2475
357.5		0.2461
357		0.2474
356.5		0.2473
356		0.2481
355.5		0.245
355		0.2466
354.5		0.2493
354		0.2486
353.5		0.2473
353		0.2457
352.5		0.248
352		0.2482
351.5		0.2457
351		0.2451
350.5		0.247
350		0.2465
349.5		0.2473
349		0.2486
348.5		0.2466
348		0.2483
347.5		0.2463
347		0.2462
346.5		0.2479
346		0.2475
345.5		0.2484
345		0.2471
344.5		0.2485
344		0.2466
343.5		0.2482
343		0.2495
342.5		0.2493
342		0.2484
341.5		0.248
341		0.2482
340.5		0.2475
340		0.2454
339.5		0.2441
339		0.2443
338.5		0.2436
338		0.245
337.5		0.2459
337		0.2449
336.5		0.2452
336		0.2445
335.5		0.2448
335		0.2428
334.5		0.2462
334		0.2424
333.5		0.2436
333		0.2447
332.5		0.2459
332		0.249
331.5		0.2478
331		0.2461
330.5		0.2473
330		0.2467
329.5		0.2485
329		0.2468
328.5		0.2436
328		0.2467
327.5		0.245
327		0.2446
326.5		0.2455
326		0.2484
325.5		0.2467
325		0.2465
324.5		0.2478
324		0.2451
323.5		0.2498
323		0.2436
322.5		0.2464
322		0.2453
321.5		0.2459
321		0.2467
320.5		0.2461
320		0.2435
319.5		0.2483
319		0.2433
318.5		0.2418
318		0.245
317.5		0.2431
317		0.2422
316.5		0.2432
316		0.2415
315.5		0.2435
315		0.2422
314.5		0.2421
314		0.2425
313.5		0.2401
313		0.2395
312.5		0.2419
312		0.2404
311.5		0.2393
311		0.2391
310.5		0.2377
310		0.2383
309.5		0.2354
309		0.2379
308.5		0.2373
308		0.2388
307.5		0.2357
307		0.2364
306.5		0.2351
306		0.2326
305.5		0.2304
305		0.2336
304.5		0.2314
304		0.2302
303.5		0.2332
303		0.2272
302.5		0.2317
302		0.225
301.5		0.2259
301		0.2303
300.5		0.2253
300		0.2243
299.5		0.2199
299		0.2205
298.5		0.2214
298		0.218
297.5		0.2202
297		0.2155
296.5		0.2155
296		0.2171
295.5		0.2136
295		0.2118
294.5		0.2118
294		0.2093
293.5		0.2089
293		0.2034
292.5		0.2018
292		0.2018
291.5		0.1961
291		0.1992
290.5		0.1943
290		0.1915
289.5		0.1911
289		0.1892
288.5		0.1786
288		0.1814
287.5		0.18
287		0.1777
286.5		0.1778
286		0.178
285.5		0.1698
285		0.1659
284.5		0.1622
284		0.1589
283.5		0.1549
283		0.1538
282.5		0.1487
282		0.1482
281.5		0.1463
281		0.1395
280.5		0.1421
280		0.1302
279.5		0.1247
279		0.1243
278.5		0.1208
278		0.1238
277.5		0.1156
277		0.111
276.5		0.1092
276		0.0938
275.5		0.0958
275		0.091
274.5		0.086
274		0.0706
273.5		0.0708
273		0.0778
272.5		0.0698
272		0.0682
271.5		0.0622
271		0.0557
270.5		0.0495
270		0.0406
269.5		0.0389
269		0.0358
268.5		0.0317
268		0.033
267.5		0.0116
267		0.0129
266.5		0.0059
266		0.0109
265.5		0.0005
265		-0.0103
264.5		-0.0231
264		-0.0266
263.5		-0.0298
263		-0.029
262.5		-0.0322
262		-0.0392
261.5		-0.055
261		-0.0627
260.5		-0.0603
260		-0.0802
259.5		-0.0766
259		-0.0914
258.5		-0.0811
258		-0.0734
257.5		-0.0931
257		-0.0905
256.5		-0.1116
256		-0.12
255.5		-0.1214
255		-0.1197
254.5		-0.1234
254		-0.1527
253.5		-0.1526
253		-0.1389
252.5		-0.144
252		-0.1551
251.5		-0.1469
251		-0.1539
250.5		-0.1592
250		-0.1583
249.5		-0.1942
249		-0.1882
248.5		-0.1943
248		-0.1704
247.5		-0.1789
247		-0.2085
246.5		-0.234
246		-0.2417
245.5		-0.2347
245		-0.2209
244.5		-0.2259
244		-0.2479
243.5		-0.2313
243		-0.2471
242.5		-0.2582
242		-0.2754
241.5		-0.2648
241		-0.2371
240.5		-0.2915
240		-0.255
239.5		-0.3069
239		-0.2299
238.5		-0.2829
238		-0.3272
237.5		-0.3294
237		-0.3035
236.5		-0.3431
236		-0.3476
235.5		-0.2842
235		-0.3351
234.5		-0.3089
234		-0.3712
233.5		-0.2378
233		-0.3824
232.5		-0.3907
232		-0.3271
231.5		-0.3916
231		-0.3839
230.5		-0.3797
230		-0.4565
229.5		-0.4794
229		-0.4327
228.5		-0.4593
228		-0.3806
227.5		-0.4594
227		-0.2397
226.5		-0.2315
226		-0.4223
225.5		-0.4249
225		-0.2502
224.5		-0.2961
224		-0.3081
223.5		-0.2854
223		-0.2101
222.5		-0.2832
222		-0.4853
221.5		-0.5547
221		-0.3147
220.5		-0.5462
220		-0.2427
219.5		0.109
219		-0.3063
218.5		-0.1252
218		-0.3164
217.5		-0.4547
217		-0.0797
216.5		7
216		7
215.5		0.2242
215		-0.0797
214.5		-0.7599
214		7
213.5		-0.3912
213		-0.0015
212.5		-0.3745
212		-0.1942
211.5		0.2577
211		7
210.5		-0.4827
210		7
209.5		-0.0717
209		7
208.5		1.3372
208		-0.0797
207.5		0.3311
207		0.6623
206.5		-1.0128
206		-0.1608
205.5		0.5313
205		0.093
204.5		7
204		0.03
203.5		0.1217
203		0.3608
202.5		7
202		-0.0358
201.5		0.232
201		0.535
200.5		1.4494
200		7
lambda		value

Calibration:
lambda:	0
Abs:	0

Data:
#
900		0.526158
899.5		0.506394
899		0.529869
898.5		0.523928
898		0.503758
897.5		0.527115
897		0.523143
896.5		0.551279
896		0.528426
895.5		0.513949
895		0.514712
894.5		0.527077
894		0.503983
893.5		0.537307
893		0.52988
892.5		0.499462
892		0.52755
891.5		0.515058
891		0.537691
890.5		0.524782
890		0.520016
889.5		0.545427
889		0.525793
888.5		0.552955
888		0.521285
887.5		0.529986
887		0.497038
886.5		0.535086
886		0.541599
885.5		0.525589
885		0.52144
884.5		0.526646
884		0.53373
883.5		0.52193
883		0.54135
882.5		0.521212
882		0.519436
881.5		0.517951
881		0.519327
880.5		0.527736
880		0.533848
879.5		0.524708
879		0.536308
878.5		0.529105
878		0.532122
877.5		0.526579
877		0.541119
876.5		0.521108
876		0.533663
875.5		0.533902
875		0.535939
874.5		0.537215
874		0.529779
873.5		0.528713
873		0.533219
872.5		0.527635
872		0.518519
871.5		0.523021
871		0.525091
870.5		0.518831
870		0.524967
869.5		0.526694
869		0.526153
868.5		0.522584
868		0.523752
867.5		0.520892
867		0.523424
866.5		0.526801
866		0.522112
865.5		0.523138
865		0.526215
864.5		0.511729
864		0.519601
863.5		0.519824
863		0.520187
862.5		0.51708
862		0.514215
861.5		0.515743
861		0.523417
860.5		0.522415
860		0.514875
859.5		0.519227
859		0.517604
858.5		0.517533
858		0.51836
857.5		0.51782
857		0.517378
856.5		0.511395
856		0.51893
855.5		0.519058
855		0.514521
854.5		0.51158
854		0.515515
853.5		0.517409
853		0.513733
852.5		0.510051
852		0.510073
851.5		0.515591
851		0.512296
850.5		0.51311
850		0.511833
849.5		0.512638
849		0.513588
848.5		0.508613
848		0.511352
847.5		0.511554
847		0.510512
846.5		0.510351
846		0.512841
845.5		0.513955
845		0.512798
844.5		0.510861
844		0.510521
843.5		0.508753
843		0.509974
842.5		0.514633
842		0.510947
841.5		0.515391
841		0.511157
840.5		0.512116
840		0.510769
839.5		0.509821
839		0.512864
838.5		0.51146
838		0.513519
837.5		0.512564
837		0.512775
836.5		0.514535
836		0.512516
835.5		0.513663
835		0.514388
834.5		0.514697
834		0.516283
833.5		0.514535
833		0.514793
832.5		0.515209
832		0.516957
831.5		0.516501
831		0.517704
830.5		0.519386
830		0.517111
829.5		0.516836
829		0.515645
828.5		0.517588
828		0.517379
827.5		0.516499
827		0.518338
826.5		0.518076
826		0.51836
825.5		0.517987
825		0.518962
824.5		0.51976
824		0.52032
823.5		0.519936
823		0.519313
822.5		0.520064
822		0.518603
821.5		0.519824
821		0.519772
820.5		0.518042
820		0.519916
819.5		0.520048
819		0.520156
818.5		0.518019
818		0.519816
817.5		0.52296
817		0.521344
816.5		0.520032
816		0.517813
815.5		0.518297
815		0.520825
814.5		0.519848
814		0.519656
813.5		0.520612
813		0.5197
812.5		0.519436
812		0.520296
811.5		0.518815
811		0.519544
810.5		0.517317
810		0.519844
809.5		0.516756
809		0.518711
808.5		0.520108
808		0.518304
807.5		0.519315
807		0.517648
806.5		0.518667
806		0.51982
805.5		0.517238
805		0.518322
804.5		0.518041
804		0.517234
803.5		0.517314
803		0.51688
802.5		0.5179
802		0.516715
801.5		0.516642
801		0.517483
800.5		0.514804
800		0.5163
799.5		0.5153
799		0.515817
798.5		0.516339
798		0.515439
797.5		0.516779
797		0.515987
796.5		0.515581
796		0.51487
795.5		0.514628
795		0.514597
794.5		0.514543
794		0.51458
793.5		0.513271
793		0.5137
792.5		0.513792
792		0.514866
791.5		0.512519
791		0.512042
790.5		0.512582
790		0.511658
789.5		0.513243
789		0.511779
788.5		0.513197
788		0.510628
787.5		0.511129
787		0.512841
786.5		0.511022
786		0.510107
785.5		0.511739
785		0.509257
784.5		0.50988
784		0.510277
783.5		0.51032
783		0.510247
782.5		0.50928
782		0.509567
781.5		0.51033
781		0.508426
780.5		0.509174
780		0.508922
779.5		0.508931
779		0.507683
778.5		0.507522
778		0.508637
777.5		0.506522
777		0.506875
776.5		0.506879
776		0.506323
775.5		0.504329
775		0.506992
774.5		0.505322
774		0.507042
773.5		0.505583
773		0.505128
772.5		0.504738
772		0.504376
771.5		0.504591
771		0.503734
770.5		0.50408
770		0.503639
769.5		0.503487
769		0.503686
768.5		0.502588
768		0.503085
767.5		0.502341
767		0.50174
766.5		0.501793
766		0.501945
765.5		0.501843
765		0.499305
764.5		0.501097
764		0.499801
763.5		0.500698
763		0.498559
762.5		0.500249
762		0.498258
761.5		0.497418
761		0.498905
760.5		0.49776
760		0.497459
759.5		0.497363
759		0.496322
758.5		0.496369
758		0.495726
757.5		0.495525
757		0.495476
756.5		0.495081
756		0.495869
755.5		0.494678
755		0.493835
754.5		0.493284
754		0.492611
753.5		0.494074
753		0.493629
752.5		0.491906
752		0.49319
751.5		0.49123
751		0.492098
750.5		0.490712
750		0.490514
749.5		0.490155
749		0.489887
748.5		0.489668
748		0.48907
747.5		0.488485
747		0.488064
746.5		0.488102
746		0.487727
745.5		0.486205
745		0.486406
744.5		0.485819
744		0.484599
743.5		0.485374
743		0.485221
742.5		0.484133
742		0.483497
741.5		0.483018
741		0.482622
740.5		0.482366
740		0.482185
739.5		0.481555
739		0.48017
738.5		0.479668
738		0.479018
737.5		0.479233
737		0.477122
736.5		0.477273
736		0.47692
735.5		0.475904
735		0.475249
734.5		0.473259
734		0.474349
733.5		0.473025
733		0.471795
732.5		0.470721
732		0.467832
731.5		0.467525
731		0.467452
730.5		0.46746
730		0.46534
729.5		0.465007
729		0.462584
728.5		0.460585
728		0.4612
727.5		0.457068
727		0.457692
726.5		0.456051
726		0.453381
725.5		0.452446
725		0.450165
724.5		0.447297
724		0.444872
723.5		0.442467
723		0.440061
722.5		0.437069
722		0.434074
721.5		0.431126
721		0.427746
720.5		0.425494
720		0.423106
719.5		0.418843
719		0.417521
718.5		0.414652
718		0.413667
717.5		0.413033
717		0.412194
716.5		0.411809
716		0.41346
715.5		0.41524
715		0.417819
714.5		0.420703
714		0.422315
713.5		0.426006
713		0.427983
712.5		0.430123
712		0.433629
711.5		0.435039
711		0.438057
710.5		0.438678
710		0.442101
709.5		0.444184
709		0.444368
708.5		0.446255
708		0.446834
707.5		0.447617
707		0.447674
706.5		0.447926
706		0.447735
705.5		0.447236
705		0.446974
704.5		0.445386
704		0.446198
703.5		0.445046
703		0.444007
702.5		0.444192
702		0.443831
701.5		0.442704
701		0.442954
700.5		0.442877
700		0.441064
699.5		0.442141
699		0.440177
698.5		0.439515
698		0.439345
697.5		0.438505
697		0.439282
696.5		0.438321
696		0.43705
695.5		0.43713
695		0.435986
694.5		0.436161
694		0.435645
693.5		0.435478
693		0.434873
692.5		0.43381
692		0.434018
691.5		0.433228
691		0.43215
690.5		0.432609
690		0.431293
689.5		0.430716
689		0.431
688.5		0.42994
688		0.430239
687.5		0.427993
687		0.42781
686.5		0.427965
686		0.427088
685.5		0.42716
685		0.425975
684.5		0.425044
684		0.42397
683.5		0.42432
683		0.423081
682.5		0.422233
682		0.42124
681.5		0.421146
681		0.420071
680.5		0.42034
680		0.419721
679.5		0.418049
679		0.419844
678.5		0.417243
678		0.417664
677.5		0.416238
677		0.416074
676.5		0.416048
676		0.415025
675.5		0.414762
675		0.413704
674.5		0.412876
674		0.412632
673.5		0.411957
673		0.411002
672.5		0.410287
672		0.409379
671.5		0.409163
671		0.408214
670.5		0.408749
670		0.407389
669.5		0.40629
669		0.405801
668.5		0.405248
668		0.404687
667.5		0.403561
667		0.402693
666.5		0.402532
666		0.402023
665.5		0.40178
665		0.40101
664.5		0.400992
664		0.399308
663.5		0.398633
663		0.398415
662.5		0.397446
662		0.397088
661.5		0.395821
661		0.395287
660.5		0.394969
660		0.394729
659.5		0.392843
659		0.392847
658.5		0.392029
658		0.392223
657.5		0.390408
657		0.389412
656.5		0.389654
656		0.388817
655.5		0.389314
655		0.388024
654.5		0.386422
654		0.387241
653.5		0.385974
653		0.38528
652.5		0.384448
652		0.38357
651.5		0.383423
651		0.38175
650.5		0.382035
650		0.381217
649.5		0.380342
649		0.380801
648.5		0.379084
648		0.380072
647.5		0.378529
647		0.378349
646.5		0.377287
646		0.376243
645.5		0.376106
645		0.375809
644.5		0.37454
644		0.374701
643.5		0.373842
643		0.373106
642.5		0.372954
642		0.372369
641.5		0.372067
641		0.371246
640.5		0.370374
640		0.371423
639.5		0.369937
639		0.368863
638.5		0.369517
638		0.369291
637.5		0.369203
637		0.368025
636.5		0.368099
636		0.36795
635.5		0.367062
635		0.366959
634.5		0.366529
634		0.365807
633.5		0.36592
633		0.365132
632.5		0.36461
632		0.364234
631.5		0.362609
631		0.362121
630.5		0.360917
630		0.359096
629.5		0.35795
629		0.355582
628.5		0.353758
628		0.350874
627.5		0.349354
627		0.347425
626.5		0.344342
626		0.342564
625.5		0.339296
625		0.337093
624.5		0.33485
624		0.332347
623.5		0.330577
623		0.327371
622.5		0.325206
622		0.324409
621.5		0.321624
621		0.320351
620.5		0.317513
620		0.317054
619.5		0.315124
619		0.313733
618.5		0.312694
618		0.311161
617.5		0.310706
617		0.311316
616.5		0.310573
616		0.310214
615.5		0.308896
615		0.309542
614.5		0.30758
614		0.30782
613.5		0.306772
613		0.305783
612.5		0.30522
612		0.304729
611.5		0.304403
611		0.302529
610.5		0.302933
610		0.300943
609.5		0.300194
609		0.299553
608.5		0.298259
608		0.297413
607.5		0.297053
607		0.297032
606.5		0.294849
606		0.294696
605.5		0.294158
605		0.292688
604.5		0.292368
604		0.291995
603.5		0.290423
603		0.289987
602.5		0.288435
602		0.288144
601.5		0.286408
601		0.286201
600.5		0.285298
600		0.283939
599.5		0.28434
599		0.28191
598.5		0.281083
598		0.280756
597.5		0.280093
597		0.279052
596.5		0.277929
596		0.277492
595.5		0.276373
595		0.27514
594.5		0.275187
594		0.273978
593.5		0.273089
593		0.27241
592.5		0.270948
592		0.270472
591.5		0.270132
591		0.26846
590.5		0.267823
590		0.267131
589.5		0.266312
589		0.266086
588.5		0.264558
588		0.263652
587.5		0.263489
587		0.262114
586.5		0.261256
586		0.260504
585.5		0.2597
585		0.259023
584.5		0.258139
584		0.257634
583.5		0.256103
583		0.256313
582.5		0.255169
582		0.254588
581.5		0.254177
581		0.252315
580.5		0.251932
580		0.25111
579.5		0.2507
579		0.250121
578.5		0.248796
578		0.247659
577.5		0.247397
577		0.246069
576.5		0.245419
576		0.245299
575.5		0.244878
575		0.243467
574.5		0.242842
574		0.241472
573.5		0.24122
573		0.24105
572.5		0.239298
572		0.238444
571.5		0.23765
571		0.237577
570.5		0.23705
570		0.23615
569.5		0.235634
569		0.233721
568.5		0.233247
568		0.232741
567.5		0.232236
567		0.231724
566.5		0.229764
566		0.229986
565.5		0.229219
565		0.22809
564.5		0.227841
564		0.225884
563.5		0.225701
563		0.225364
562.5		0.225192
562		0.223673
561.5		0.222702
561		0.222884
560.5		0.22186
560		0.22044
559.5		0.220543
559		0.219428
558.5		0.219212
558		0.217567
557.5		0.216958
557		0.216068
556.5		0.216198
556		0.21519
555.5		0.214162
555		0.213875
554.5		0.212819
554		0.212807
553.5		0.21204
553		0.211142
552.5		0.210688
552		0.209427
551.5		0.208932
551		0.208796
550.5		0.207954
550		0.206841
549.5		0.206269
549		0.205795
548.5		0.20588
548		0.204591
547.5		0.20382
547		0.203542
546.5		0.202793
546		0.20266
545.5		0.202011
545		0.201204
544.5		0.200938
544		0.200038
543.5		0.199752
543		0.199139
542.5		0.197824
542		0.198432
541.5		0.19687
541		0.197347
540.5		0.196374
540		0.195161
539.5		0.195604
539		0.194256
538.5		0.194391
538		0.193798
537.5		0.1927
537		0.193277
536.5		0.191857
536		0.19178
535.5		0.191106
535		0.19029
534.5		0.190517
534		0.189478
533.5		0.189153
533		0.189138
532.5		0.188316
532		0.187851
531.5		0.187923
531		0.187137
530.5		0.186988
530		0.186483
529.5		0.185182
529		0.185916
528.5		0.184491
528		0.185252
527.5		0.18478
527		0.183565
526.5		0.184043
526		0.183073
525.5		0.182951
525		0.182866
524.5		0.181541
524		0.182259
523.5		0.181628
523		0.181931
522.5		0.181386
522		0.180478
521.5		0.180779
521		0.180276
520.5		0.180253
520		0.179638
519.5		0.179458
519		0.179646
518.5		0.178769
518		0.179102
517.5		0.179265
517		0.178582
516.5		0.178351
516		0.178316
515.5		0.178224
515		0.178258
514.5		0.178609
514		0.177776
513.5		0.178087
513		0.177884
512.5		0.17807
512		0.177971
511.5		0.177306
511		0.177493
510.5		0.176779
510		0.177424
509.5		0.176785
509		0.176207
508.5		0.176875
508		0.175474
507.5		0.175776
507		0.175138
506.5		0.174359
506		0.174082
505.5		0.173245
505		0.172838
504.5		0.172626
504		0.171561
503.5		0.171081
503		0.169808
502.5		0.169987
502		0.169498
501.5		0.167978
501		0.168334
500.5		0.167306
500		0.167024
499.5		0.166667
499		0.165673
498.5		0.165413
498		0.165024
497.5		0.165414
497		0.164889
496.5		0.164197
496		0.164183
495.5		0.164832
495		0.163913
494.5		0.163625
494		0.16404
493.5		0.163414
493		0.163658
492.5		0.163387
492		0.164322
491.5		0.163469
491		0.163946
490.5		0.164494
490		0.164523
489.5		0.164695
489		0.165353
488.5		0.165247
488		0.165888
487.5		0.166789
487		0.166438
486.5		0.167414
486		0.167201
485.5		0.167413
485		0.168101
484.5		0.168237
484		0.168434
483.5		0.168643
483		0.169114
482.5		0.169526
482		0.169902
481.5		0.170005
481		0.169744
480.5		0.170483
480		0.17067
479.5		0.171078
479		0.17078
478.5		0.171537
478		0.172223
477.5		0.171462
477		0.172208
476.5		0.172043
476		0.172529
475.5		0.172361
475		0.172538
474.5		0.172964
474		0.173174
473.5		0.172767
473		0.172702
472.5		0.173051
472		0.173036
471.5		0.173286
471		0.173187
470.5		0.173529
470		0.172847
469.5		0.173269
469		0.17296
468.5		0.172874
468		0.173005
467.5		0.172958
467		0.172212
466.5		0.17263
466		0.172596
465.5		0.171912
465		0.172138
464.5		0.171315
464		0.172108
463.5		0.171333
463		0.170486
462.5		0.170979
462		0.171015
461.5		0.171266
461		0.170778
460.5		0.169623
460		0.170621
459.5		0.170154
459		0.170178
458.5		0.170185
458		0.170533
457.5		0.170468
457		0.170117
456.5		0.171322
456		0.17147
455.5		0.171999
455		0.172375
454.5		0.172751
454		0.173864
453.5		0.174308
453		0.175697
452.5		0.176854
452		0.177876
451.5		0.178925
451		0.179988
450.5		0.18181
450		0.182532
449.5		0.183297
449		0.183804
448.5		0.186671
448		0.187127
447.5		0.188016
447		0.189499
446.5		0.190376
446		0.192203
445.5		0.192396
445		0.193893
444.5		0.195416
444		0.196111
443.5		0.196569
443		0.197695
442.5		0.198706
442		0.198971
441.5		0.199628
441		0.201206
440.5		0.201439
440		0.202134
439.5		0.202794
439		0.203058
438.5		0.204141
438		0.204265
437.5		0.205105
437		0.206286
436.5		0.205854
436		0.206461
435.5		0.206749
435		0.207467
434.5		0.208575
434		0.208522
433.5		0.208703
433		0.209364
432.5		0.209425
432		0.209633
431.5		0.209979
431		0.211087
430.5		0.211432
430		0.210751
429.5		0.211144
429		0.211453
428.5		0.211021
428		0.211415
427.5		0.212288
427		0.212713
426.5		0.212868
426		0.212868
425.5		0.213665
425		0.213033
424.5		0.213002
424		0.21325
423.5		0.213698
423		0.213843
422.5		0.214166
422		0.21295
421.5		0.214241
421		0.214008
420.5		0.214834
420		0.214677
419.5		0.214317
419		0.214248
418.5		0.214147
418		0.214374
417.5		0.214531
417		0.213885
416.5		0.214863
416		0.214782
415.5		0.215457
415		0.21433
414.5		0.214805
414		0.214925
413.5		0.215106
413		0.215405
412.5		0.216171
412		0.215266
411.5		0.215975
411		0.216273
410.5		0.215084
410		0.216439
409.5		0.215874
409		0.215568
408.5		0.216115
408		0.216617
407.5		0.216943
407		0.216498
406.5		0.21672
406		0.217243
405.5		0.216893
405		0.217369
404.5		0.216752
404		0.216548
403.5		0.218793
403		0.217523
402.5		0.218362
402		0.217338
401.5		0.21837
401		0.218357
400.5		0.218439
400		0.218544
399.5		0.219054
399		0.218812
398.5		0.218388
398		0.218009
397.5		0.218133
397		0.21921
396.5		0.217775
396		0.219105
395.5		0.219567
395		0.219131
394.5		0.219316
394		0.218696
393.5		0.219161
393		0.218947
392.5		0.219086
392		0.218464
391.5		0.217916
391		0.218586
390.5		0.21781
390		0.21794
389.5		0.216594
389		0.216798
388.5		0.217551
388		0.215703
387.5		0.215414
387		0.215328
386.5		0.214548
386		0.214523
385.5		0.213666
385		0.21323
384.5		0.213047
384		0.213468
383.5		0.21275
383		0.213356
382.5		0.210442
382		0.212039
381.5		0.211702
381		0.210189
380.5		0.210849
380		0.21125
379.5		0.209619
379		0.210739
378.5		0.210403
378		0.210315
377.5		0.210046
377		0.209756
376.5		0.209894
376		0.209273
375.5		0.207133
375		0.208121
374.5		0.208309
374		0.209723
373.5		0.208783
373		0.207764
372.5		0.207278
372		0.208611
371.5		0.207766
371		0.207315
370.5		0.207804
370		0.207395
369.5		0.207522
369		0.207971
368.5		0.205912
368		0.205804
367.5		0.206018
367		0.206427
366.5		0.206352
366		0.205598
365.5		0.205564
365		0.205795
364.5		0.205756
364		0.207567
363.5		0.205335
363		0.205202
362.5		0.203108
362		0.204185
361.5		0.203325
361		0.204706
360.5		0.203856
360		0.203734
359.5		0.203622
359		0.204113
358.5		0.202664
358		0.202769
357.5		0.200636
357		0.201827
356.5		0.201976
356		0.202118
355.5		0.199333
355		0.200929
354.5		0.202091
354		0.201687
353.5		0.200943
353		0.199141
352.5		0.201201
352		0.200242
351.5		0.199254
351		0.198638
350.5		0.199677
350		0.199418
349.5		0.199532
349		0.200387
348.5		0.198088
348		0.198942
347.5		0.198229
347		0.198516
346.5		0.198941
346		0.198016
345.5		0.197755
345		0.197791
344.5		0.199262
344		0.197154
343.5		0.198053
343		0.199472
342.5		0.198598
342		0.198149
341.5		0.198257
341		0.197141
340.5		0.19632
340		0.194253
339.5		0.191151
339		0.191338
338.5		0.191977
338		0.193202
337.5		0.192938
337		0.19238
336.5		0.191398
336		0.192051
335.5		0.191235
335		0.189082
334.5		0.191774
334		0.188257
333.5		0.188969
333		0.19028
332.5		0.191094
332		0.192754
331.5		0.191796
331		0.191071
330.5		0.190641
330		0.191063
329.5		0.191169
329		0.190095
328.5		0.186667
328		0.189115
327.5		0.188186
327		0.187332
326.5		0.187792
326		0.189821
325.5		0.188681
325		0.188182
324.5		0.189972
324		0.187071
323.5		0.190411
323		0.186595
322.5		0.188092
322		0.186867
321.5		0.185865
321		0.18722
320.5		0.186751
320		0.183774
319.5		0.187241
319		0.183637
318.5		0.182711
318		0.184975
317.5		0.183375
317		0.181138
316.5		0.182186
316		0.180507
315.5		0.182479
315		0.180423
314.5		0.180335
314		0.180163
313.5		0.178354
313		0.179039
312.5		0.179891
312		0.177456
311.5		0.177707
311		0.176627
310.5		0.175762
310		0.176676
309.5		0.172013
309		0.175339
308.5		0.174498
308		0.175601
307.5		0.17222
307		0.174388
306.5		0.172868
306		0.169967
305.5		0.16782
305		0.171023
304.5		0.169103
304		0.168189
303.5		0.171068
303		0.166398
302.5		0.17003
302		0.163256
301.5		0.164734
301		0.166812
300.5		0.164189
300		0.16419
299.5		0.159892
299		0.160632
298.5		0.160226
298		0.157061
297.5		0.159277
297		0.15554
296.5		0.155349
296		0.156819
295.5		0.154413
295		0.153223
294.5		0.152068
294		0.149329
293.5		0.149749
293		0.145514
292.5		0.144339
292		0.144153
291.5		0.138753
291		0.141709
290.5		0.138252
290		0.136134
289.5		0.135503
289		0.133099
288.5		0.125846
288		0.127441
287.5		0.126378
287		0.12404
286.5		0.123678
286		0.124406
285.5		0.117974
285		0.114516
284.5		0.112756
284		0.110832
283.5		0.106622
283		0.106289
282.5		0.102136
282		0.102193
281.5		0.100681
281		0.0953651
280.5		0.0967588
280		0.0885172
279.5		0.0843479
279		0.0839978
278.5		0.0820541
278		0.0834907
277.5		0.0778399
277		0.0743519
276.5		0.0735651
276		0.0627005
275.5		0.064136
275		0.0604892
274.5		0.0572265
274		0.0468387
273.5		0.046934
273		0.0512787
272.5		0.0460119
272		0.0447595
271.5		0.0407201
271		0.036563
270.5		0.0321554
270		0.026309
269.5		0.0253569
269		0.0231281
268.5		0.0204477
268		0.0212931
267.5		0.00745501
267		0.00822337
266.5		0.00377407
266		0.00698091
265.5		0.000317743
265		-0.0064976
264.5		-0.0145843
264		-0.0168429
263.5		-0.0188393
263		-0.0181386
262.5		-0.0200398
262		-0.0244694
261.5		-0.0344202
261		-0.0389441
260.5		-0.0374069
260		-0.0496748
259.5		-0.0470892
259		-0.0556333
258.5		-0.0494603
258		-0.044767
257.5		-0.056455
257		-0.055156
256.5		-0.0677637
256		-0.0722369
255.5		-0.0731105
255		-0.0715353
254.5		-0.0738657
254		-0.0908712
253.5		-0.0903172
253		-0.0822331
252.5		-0.0847557
252		-0.0908984
251.5		-0.0867998
251		-0.089654
250.5		-0.0924184
250		-0.0920456
249.5		-0.112287
249		-0.108099
248.5		-0.112436
248		-0.0979873
247.5		-0.100874
247		-0.118763
246.5		-0.133425
246		-0.13684
245.5		-0.131462
245		-0.124066
244.5		-0.126782
244		-0.137554
243.5		-0.127691
243		-0.135561
242.5		-0.140977
242		-0.149204
241.5		-0.14371
241		-0.128259
240.5		-0.156225
240		-0.135754
239.5		-0.162312
239		-0.120955
238.5		-0.14958
238		-0.170292
237.5		-0.17167
237		-0.157974
236.5		-0.175687
236		-0.179796
235.5		-0.144045
235		-0.169645
234.5		-0.156929
234		-0.187172
233.5		-0.119895
233		-0.190201
232.5		-0.194388
232		-0.16103
231.5		-0.194294
231		-0.186749
230.5		-0.185418
230		-0.219482
229.5		-0.227139
229		-0.20756
228.5		-0.217822
228		-0.182752
227.5		-0.216903
227		-0.11243
226.5		-0.10865
226		-0.196382
225.5		-0.198579
225		-0.11547
224.5		-0.135957
224		-0.139418
223.5		-0.125766
223		-0.0935691
222.5		-0.126164
222		-0.211968
221.5		-0.243771
221		-0.137598
220.5		-0.239194
220		-0.10589
219.5		0.046466
219		-0.132437
218.5		-0.0539958
218		-0.139722
217.5		-0.18836
217		-0.0330226
216.5		2.94849
216		2.8378
215.5		0.0929211
215		-0.0321151
214.5		-0.296639
214		2.76396
213.5		-0.153598
213		-0.000578191
212.5		-0.148153
212		-0.075741
211.5		0.101015
211		2.70291
210.5		-0.186688
210		2.61878
209.5		-0.0275208
209		2.66504
208.5		0.512848
208		-0.0287632
207.5		0.120155
207		0.225004
206.5		-0.366943
206		-0.0569768
205.5		0.185704
205		0.0334244
204.5		2.36215
204		0.0117421
203.5		0.0439334
203		0.118606
202.5		2.30779
202		-0.0110754
201.5		0.0763585
201		0.171189
200.5		0.477342
200		2.74434
