lambda		value

Calibration:
lambda:	800
Abs:	0.0005

Data:
#
900		0.2812
899.5		0.2764
899		0.2799
898.5		0.2918
898		0.2803
897.5		0.2788
897		0.2652
896.5		0.2772
896		0.281
895.5		0.2741
895		0.2906
894.5		0.2888
894		0.275
893.5		0.2711
893		0.2815
892.5		0.2705
892		0.279
891.5		0.2712
891		0.2776
890.5		0.2779
890		0.2796
889.5		0.2855
889		0.275
888.5		0.2741
888		0.2728
887.5		0.2726
887		0.2803
886.5		0.2787
886		0.2736
885.5		0.277
885		0.2741
884.5		0.2756
884		0.2708
883.5		0.2673
883		0.2772
882.5		0.2808
882		0.2784
881.5		0.2732
881		0.273
880.5		0.275
880		0.2784
879.5		0.2695
879		0.2758
878.5		0.2686
878		0.2731
877.5		0.2752
877		0.2735
876.5		0.281
876		0.2792
875.5		0.2781
875		0.2799
874.5		0.2775
874		0.276
873.5		0.2781
873		0.2778
872.5		0.2755
872		0.2743
871.5		0.2792
871		0.2739
870.5		0.2805
870		0.2686
869.5		0.2757
869		0.2773
868.5		0.2772
868		0.2758
867.5		0.2787
867		0.2758
866.5		0.2761
866		0.2751
865.5		0.2772
865		0.279
864.5		0.2755
864		0.2761
863.5		0.2779
863		0.2779
862.5		0.2782
862		0.2773
861.5		0.2765
861		0.2772
860.5		0.2769
860		0.2787
859.5		0.2787
859		0.2785
858.5		0.2787
858		0.2791
857.5		0.2781
857		0.2796
856.5		0.2813
856		0.2776
855.5		0.2789
855		0.2814
854.5		0.28
854		0.2778
853.5		0.2806
853		0.2802
852.5		0.2801
852		0.2822
851.5		0.2793
851		0.2819
850.5		0.2818
850		0.2797
849.5		0.2805
849		0.2814
848.5		0.2812
848		0.2818
847.5		0.2813
847		0.2817
846.5		0.2824
846		0.2821
845.5		0.2812
845		0.2832
844.5		0.2818
844		0.2815
843.5		0.2821
843		0.283
842.5		0.2819
842		0.2817
841.5		0.2812
841		0.2823
840.5		0.2814
840		0.2815
839.5		0.2822
839		0.2823
838.5		0.2815
838		0.2818
837.5		0.2828
837		0.2817
836.5		0.2817
836		0.2821
835.5		0.2824
835		0.2819
834.5		0.2815
834		0.2815
833.5		0.2817
833		0.2813
832.5		0.2825
832		0.2821
831.5		0.2823
831		0.2823
830.5		0.2826
830		0.2822
829.5		0.2823
829		0.2813
828.5		0.2827
828		0.2819
827.5		0.282
827		0.2821
826.5		0.2824
826		0.282
825.5		0.2819
825		0.2822
824.5		0.2829
824		0.2818
823.5		0.2825
823		0.2823
822.5		0.2829
822		0.2822
821.5		0.2827
821		0.2828
820.5		0.2824
820		0.283
819.5		0.2832
819		0.2821
818.5		0.2827
818		0.2826
817.5		0.283
817		0.2826
816.5		0.2825
816		0.2839
815.5		0.2837
815		0.283
814.5		0.2835
814		0.2842
813.5		0.2839
813		0.2832
812.5		0.2842
812		0.2844
811.5		0.2841
811		0.2848
810.5		0.2846
810		0.2845
809.5		0.2847
809		0.2851
808.5		0.2845
808		0.2841
807.5		0.2853
807		0.2853
806.5		0.2854
806		0.2854
805.5		0.2859
805		0.2864
804.5		0.2861
804		0.2853
803.5		0.286
803		0.2859
802.5		0.2861
802		0.2869
801.5		0.2867
801		0.2865
800.5		0.2871
800		0.2874
799.5		0.2879
799		0.287
798.5		0.2875
798		0.2875
797.5		0.2877
797		0.2873
796.5		0.2883
796		0.2871
795.5		0.2887
795		0.2887
794.5		0.288
794		0.2892
793.5		0.2889
793		0.2886
792.5		0.2896
792		0.289
791.5		0.2902
791		0.2897
790.5		0.2899
790		0.2898
789.5		0.2898
789		0.2903
788.5		0.2903
788		0.2906
787.5		0.291
787		0.2907
786.5		0.2915
786		0.2912
785.5		0.2911
785		0.2925
784.5		0.292
784		0.2934
783.5		0.2932
783		0.2927
782.5		0.2928
782		0.2934
781.5		0.2929
781		0.2935
780.5		0.2935
780		0.2939
779.5		0.2943
779		0.2944
778.5		0.2941
778		0.2948
777.5		0.2945
777		0.2942
776.5		0.2958
776		0.2954
775.5		0.2952
775		0.2953
774.5		0.2969
774		0.2966
773.5		0.2962
773		0.2968
772.5		0.2963
772		0.2969
771.5		0.2974
771		0.2978
770.5		0.2972
770		0.2978
769.5		0.2985
769		0.2988
768.5		0.2984
768		0.2996
767.5		0.2988
767		0.2991
766.5		0.2996
766		0.2994
765.5		0.2997
765		0.2999
764.5		0.3004
764		0.3002
763.5		0.301
763		0.3013
762.5		0.3008
762		0.3028
761.5		0.3022
761		0.3017
760.5		0.3032
760		0.3017
759.5		0.303
759		0.3029
758.5		0.3039
758		0.3039
757.5		0.3041
757		0.3048
756.5		0.3042
756		0.3054
755.5		0.3053
755		0.3051
754.5		0.3058
754		0.3054
753.5		0.3064
753		0.3064
752.5		0.3064
752		0.3068
751.5		0.3071
751		0.3076
750.5		0.3077
750		0.3086
749.5		0.3081
749		0.3089
748.5		0.3094
748		0.3093
747.5		0.3098
747		0.3093
746.5		0.3107
746		0.3107
745.5		0.3113
745		0.3111
744.5		0.3113
744		0.3129
743.5		0.312
743		0.3132
742.5		0.3132
742		0.3133
741.5		0.3136
741		0.3141
740.5		0.3144
740		0.3151
739.5		0.3149
739		0.3155
738.5		0.3151
738		0.317
737.5		0.3159
737		0.3171
736.5		0.3176
736		0.3179
735.5		0.3186
735		0.3184
734.5		0.3198
734		0.3196
733.5		0.3209
733		0.32
732.5		0.3214
732		0.3215
731.5		0.3218
731		0.3226
730.5		0.3225
730		0.3241
729.5		0.3241
729		0.3248
728.5		0.3252
728		0.3262
727.5		0.3273
727		0.3268
726.5		0.3278
726		0.3293
725.5		0.3302
725		0.3303
724.5		0.3306
724		0.332
723.5		0.3338
723		0.3339
722.5		0.3362
722		0.3364
721.5		0.3363
721		0.3375
720.5		0.3392
720		0.341
719.5		0.342
719		0.3419
718.5		0.3422
718		0.3442
717.5		0.3442
717		0.3446
716.5		0.3438
716		0.3451
715.5		0.3442
715		0.3445
714.5		0.3428
714		0.3432
713.5		0.3434
713		0.3434
712.5		0.3425
712		0.3418
711.5		0.342
711		0.3422
710.5		0.342
710		0.3408
709.5		0.3416
709		0.3403
708.5		0.341
708		0.3417
707.5		0.3419
707		0.3411
706.5		0.342
706		0.3417
705.5		0.3432
705		0.3437
704.5		0.3439
704		0.3444
703.5		0.3448
703		0.3452
702.5		0.3464
702		0.3471
701.5		0.3465
701		0.3472
700.5		0.3471
700		0.3485
699.5		0.3488
699		0.3492
698.5		0.3501
698		0.35
697.5		0.3508
697		0.3515
696.5		0.3515
696		0.3527
695.5		0.3528
695		0.3533
694.5		0.354
694		0.3543
693.5		0.3547
693		0.3553
692.5		0.3561
692		0.3571
691.5		0.3564
691		0.3573
690.5		0.3577
690		0.3586
689.5		0.3596
689		0.3601
688.5		0.3603
688		0.3613
687.5		0.361
687		0.3628
686.5		0.362
686		0.3633
685.5		0.3635
685		0.364
684.5		0.365
684		0.3652
683.5		0.366
683		0.3679
682.5		0.3667
682		0.3684
681.5		0.3683
681		0.3691
680.5		0.369
680		0.3703
679.5		0.3708
679		0.3721
678.5		0.3718
678		0.3723
677.5		0.3738
677		0.3742
676.5		0.3738
676		0.3751
675.5		0.3761
675		0.3765
674.5		0.3774
674		0.3777
673.5		0.3781
673		0.3791
672.5		0.3797
672		0.3809
671.5		0.3814
671		0.3819
670.5		0.383
670		0.3824
669.5		0.3833
669		0.3841
668.5		0.3857
668		0.3859
667.5		0.3869
667		0.3864
666.5		0.3872
666		0.3891
665.5		0.3886
665		0.39
664.5		0.3898
664		0.3912
663.5		0.3918
663		0.3923
662.5		0.3936
662		0.3936
661.5		0.3941
661		0.3957
660.5		0.396
660		0.397
659.5		0.3973
659		0.3978
658.5		0.3993
658		0.3994
657.5		0.4002
657		0.4006
656.5		0.4021
656		0.4023
655.5		0.4032
655		0.4043
654.5		0.4042
654		0.4047
653.5		0.4059
653		0.4058
652.5		0.4073
652		0.4076
651.5		0.409
651		0.4095
650.5		0.41
650		0.4112
649.5		0.4113
649		0.4126
648.5		0.4134
648		0.4137
647.5		0.4142
647		0.4153
646.5		0.4162
646		0.4169
645.5		0.4172
645		0.418
644.5		0.4189
644		0.42
643.5		0.4202
643		0.4208
642.5		0.4217
642		0.4225
641.5		0.4236
641		0.4236
640.5		0.4246
640		0.425
639.5		0.4255
639		0.427
638.5		0.4272
638		0.4284
637.5		0.4283
637		0.4293
636.5		0.4302
636		0.4308
635.5		0.4316
635		0.4318
634.5		0.4325
634		0.4332
633.5		0.4339
633		0.4344
632.5		0.4353
632		0.4359
631.5		0.4369
631		0.4382
630.5		0.4387
630		0.4396
629.5		0.4408
629		0.4424
628.5		0.4428
628		0.4446
627.5		0.4458
627		0.447
626.5		0.4489
626		0.4498
625.5		0.4521
625		0.453
624.5		0.4546
624		0.4556
623.5		0.4572
623		0.4599
622.5		0.4601
622		0.4624
621.5		0.4636
621		0.4646
620.5		0.4661
620		0.4678
619.5		0.4688
619		0.4696
618.5		0.4716
618		0.4714
617.5		0.4714
617		0.473
616.5		0.4735
616		0.4738
615.5		0.4754
615		0.4749
614.5		0.4763
614		0.4778
613.5		0.4777
613		0.4801
612.5		0.48
612		0.4813
611.5		0.4822
611		0.4824
610.5		0.4839
610		0.4841
609.5		0.4852
609		0.487
608.5		0.4873
608		0.4887
607.5		0.4891
607		0.4905
606.5		0.4915
606		0.4924
605.5		0.4936
605		0.4944
604.5		0.4955
604		0.4964
603.5		0.497
603		0.4994
602.5		0.499
602		0.4997
601.5		0.5017
601		0.502
600.5		0.5037
600		0.5036
599.5		0.5054
599		0.5063
598.5		0.5068
598		0.5083
597.5		0.5086
597		0.511
596.5		0.511
596		0.5121
595.5		0.5135
595		0.5132
594.5		0.5145
594		0.5167
593.5		0.5167
593		0.5185
592.5		0.5197
592		0.5199
591.5		0.521
591		0.5216
590.5		0.5232
590		0.5234
589.5		0.5247
589		0.5261
588.5		0.5267
588		0.5289
587.5		0.529
587		0.5295
586.5		0.5305
586		0.532
585.5		0.5321
585		0.5328
584.5		0.5345
584		0.5351
583.5		0.5361
583		0.538
582.5		0.5385
582		0.5389
581.5		0.5404
581		0.5408
580.5		0.5422
580		0.543
579.5		0.5435
579		0.5446
578.5		0.546
578		0.5461
577.5		0.5476
577		0.5481
576.5		0.5493
576		0.5503
575.5		0.5508
575		0.5531
574.5		0.5525
574		0.5543
573.5		0.5557
573		0.5563
572.5		0.5575
572		0.5576
571.5		0.5587
571		0.5604
570.5		0.5606
570		0.5622
569.5		0.5627
569		0.5635
568.5		0.565
568		0.5652
567.5		0.5669
567		0.5669
566.5		0.5685
566		0.5692
565.5		0.5705
565		0.5714
564.5		0.5716
564		0.573
563.5		0.5741
563		0.5747
562.5		0.576
562		0.5763
561.5		0.5771
561		0.5787
560.5		0.5793
560		0.5814
559.5		0.5817
559		0.5822
558.5		0.5839
558		0.5845
557.5		0.5853
557		0.5858
556.5		0.5864
556		0.5881
555.5		0.5889
555		0.5903
554.5		0.591
554		0.591
553.5		0.5925
553		0.5929
552.5		0.5943
552		0.5949
551.5		0.5954
551		0.5966
550.5		0.5967
550		0.5986
549.5		0.5986
549		0.5998
548.5		0.6013
548		0.6012
547.5		0.6028
547		0.603
546.5		0.6029
546		0.6043
545.5		0.605
545		0.6063
544.5		0.6063
544		0.6072
543.5		0.6088
543		0.6091
542.5		0.6093
542		0.61
541.5		0.6111
541		0.612
540.5		0.6123
540		0.6142
539.5		0.6136
539		0.6142
538.5		0.6159
538		0.6162
537.5		0.6174
537		0.6175
536.5		0.6183
536		0.6193
535.5		0.6187
535		0.6208
534.5		0.6202
534		0.6212
533.5		0.6229
533		0.6223
532.5		0.6238
532		0.623
531.5		0.6233
531		0.6255
530.5		0.6257
530		0.6262
529.5		0.6261
529		0.6267
528.5		0.6274
528		0.6275
527.5		0.6288
527		0.6282
526.5		0.6295
526		0.6302
525.5		0.63
525		0.6316
524.5		0.6302
524		0.6314
523.5		0.6327
523		0.6319
522.5		0.6338
522		0.6327
521.5		0.6333
521		0.6342
520.5		0.634
520		0.6348
519.5		0.6343
519		0.6346
518.5		0.6349
518		0.635
517.5		0.6357
517		0.6352
516.5		0.6363
516		0.6362
515.5		0.6359
515		0.6372
514.5		0.6359
514		0.6364
513.5		0.6377
513		0.6364
512.5		0.6371
512		0.6366
511.5		0.6374
511		0.6378
510.5		0.6367
510		0.6375
509.5		0.637
509		0.638
508.5		0.6374
508		0.6376
507.5		0.6388
507		0.6382
506.5		0.6391
506		0.6395
505.5		0.6398
505		0.6412
504.5		0.641
504		0.6406
503.5		0.6414
503		0.6423
502.5		0.6421
502		0.6425
501.5		0.643
501		0.6434
500.5		0.6441
500		0.6441
499.5		0.6442
499		0.6454
498.5		0.6456
498		0.6454
497.5		0.6449
497		0.6446
496.5		0.6457
496		0.6455
495.5		0.6446
495		0.644
494.5		0.6438
494		0.6442
493.5		0.6436
493		0.6435
492.5		0.6426
492		0.6422
491.5		0.642
491		0.6415
490.5		0.6416
490		0.6402
489.5		0.6395
489		0.6393
488.5		0.637
488		0.6383
487.5		0.6359
487		0.6351
486.5		0.6339
486		0.6338
485.5		0.6332
485		0.6319
484.5		0.6312
484		0.6304
483.5		0.6293
483		0.6296
482.5		0.6271
482		0.628
481.5		0.6273
481		0.6253
480.5		0.6263
480		0.6242
479.5		0.6239
479		0.6239
478.5		0.622
478		0.6223
477.5		0.6205
477		0.6208
476.5		0.6192
476		0.6182
475.5		0.6191
475		0.6177
474.5		0.6178
474		0.6166
473.5		0.6163
473		0.6147
472.5		0.6143
472		0.6151
471.5		0.6142
471		0.6137
470.5		0.6143
470		0.6113
469.5		0.6125
469		0.6123
468.5		0.6107
468		0.6114
467.5		0.61
467		0.6103
466.5		0.61
466		0.6101
465.5		0.6104
465		0.6082
464.5		0.6081
464		0.6089
463.5		0.6088
463		0.6089
462.5		0.6067
462		0.6074
461.5		0.6084
461		0.6084
460.5		0.6068
460		0.6068
459.5		0.6067
459		0.6065
458.5		0.6063
458		0.6059
457.5		0.6046
457		0.6049
456.5		0.6041
456		0.6037
455.5		0.6014
455		0.6013
454.5		0.6004
454		0.5997
453.5		0.5989
453		0.597
452.5		0.594
452		0.5948
451.5		0.5919
451		0.5918
450.5		0.5892
450		0.588
449.5		0.5859
449		0.5846
448.5		0.5841
448		0.5809
447.5		0.5801
447		0.5785
446.5		0.5769
446		0.5755
445.5		0.5736
445		0.5726
444.5		0.5718
444		0.57
443.5		0.5708
443		0.5666
442.5		0.5667
442		0.5658
441.5		0.5645
441		0.5639
440.5		0.5627
440		0.5622
439.5		0.5609
439		0.5594
438.5		0.5588
438		0.5577
437.5		0.558
437		0.558
436.5		0.5555
436		0.5554
435.5		0.5545
435		0.5538
434.5		0.554
434		0.552
433.5		0.5524
433		0.5507
432.5		0.5504
432		0.55
431.5		0.5493
431		0.5495
430.5		0.5473
430		0.5482
429.5		0.5478
429		0.5466
428.5		0.5467
428		0.5455
427.5		0.5457
427		0.5454
426.5		0.5444
426		0.5446
425.5		0.5436
425		0.5427
424.5		0.5426
424		0.5421
423.5		0.5418
423		0.5414
422.5		0.5411
422		0.5416
421.5		0.5414
421		0.5413
420.5		0.5395
420		0.5402
419.5		0.5399
419		0.5392
418.5		0.5394
418		0.5381
417.5		0.5381
417		0.5379
416.5		0.5386
416		0.5371
415.5		0.5372
415		0.5368
414.5		0.5363
414		0.5359
413.5		0.5359
413		0.536
412.5		0.5352
412		0.5348
411.5		0.5349
411		0.5328
410.5		0.5324
410		0.535
409.5		0.5338
409		0.5327
408.5		0.5316
408		0.5313
407.5		0.5328
407		0.5309
406.5		0.5318
406		0.5314
405.5		0.5306
405		0.5297
404.5		0.53
404		0.5307
403.5		0.5284
403		0.5294
402.5		0.529
402		0.5294
401.5		0.5293
401		0.5276
400.5		0.5279
400		0.5272
399.5		0.5274
399		0.5268
398.5		0.5257
398		0.5266
397.5		0.527
397		0.526
396.5		0.5258
396		0.5253
395.5		0.525
395		0.5246
394.5		0.5264
394		0.5249
393.5		0.5249
393		0.5255
392.5		0.5248
392		0.5251
391.5		0.5238
391		0.5251
390.5		0.5242
390		0.5249
389.5		0.5254
389		0.5251
388.5		0.5257
388		0.5271
387.5		0.524
387		0.5278
386.5		0.5246
386		0.5264
385.5		0.5253
385		0.5268
384.5		0.5266
384		0.5274
383.5		0.5287
383		0.5282
382.5		0.5257
382		0.5279
381.5		0.5284
381		0.5273
380.5		0.529
380		0.5286
379.5		0.5281
379		0.5263
378.5		0.5277
378		0.5289
377.5		0.5287
377		0.5298
376.5		0.5273
376		0.5292
375.5		0.5294
375		0.5295
374.5		0.5284
374		0.5283
373.5		0.528
373		0.5309
372.5		0.5275
372		0.5302
371.5		0.5292
371		0.5284
370.5		0.5284
370		0.5299
369.5		0.5292
369		0.5306
368.5		0.5282
368		0.5291
367.5		0.528
367		0.5271
366.5		0.5295
366		0.5305
365.5		0.5306
365		0.5301
364.5		0.5278
364		0.5293
363.5		0.5301
363		0.5298
362.5		0.5313
362		0.5293
361.5		0.5302
361		0.5298
360.5		0.5286
360		0.53
359.5		0.5311
359		0.5306
358.5		0.5296
358		0.5299
357.5		0.5292
357		0.5287
356.5		0.5304
356		0.5316
355.5		0.5333
355		0.5303
354.5		0.5289
354		0.5303
353.5		0.5303
353		0.5349
352.5		0.5291
352		0.5327
351.5		0.5327
351		0.5305
350.5		0.5302
350		0.53
349.5		0.5296
349		0.5296
348.5		0.5259
348		0.5291
347.5		0.5315
347		0.5284
346.5		0.5289
346		0.5299
345.5		0.5304
345		0.5301
344.5		0.5275
344		0.5309
343.5		0.5308
343		0.5271
342.5		0.5295
342		0.5253
341.5		0.5262
341		0.5292
340.5		0.5274
340		0.5344
339.5		0.5342
339		0.5293
338.5		0.5295
338		0.5315
337.5		0.5309
337		0.5279
336.5		0.5317
336		0.532
335.5		0.5284
335		0.5288
334.5		0.5282
334		0.5315
333.5		0.5307
333		0.529
332.5		0.5258
332		0.5285
331.5		0.5282
331		0.5278
330.5		0.5264
330		0.5265
329.5		0.5282
329		0.5282
328.5		0.5285
328		0.5292
327.5		0.5287
327		0.5266
326.5		0.5289
326		0.5227
325.5		0.5259
325		0.5253
324.5		0.5252
324		0.5278
323.5		0.5293
323		0.5257
322.5		0.5253
322		0.5268
321.5		0.5275
321		0.5277
320.5		0.5288
320		0.5279
319.5		0.5221
319		0.526
318.5		0.5246
318		0.5249
317.5		0.5277
317		0.5263
316.5		0.5236
316		0.5288
315.5		0.5289
315		0.5284
314.5		0.5263
314		0.5286
313.5		0.5256
313		0.5261
312.5		0.5229
312		0.5269
311.5		0.5252
311		0.5287
310.5		0.5283
310		0.5255
309.5		0.5239
309		0.5243
308.5		0.5245
308		0.5296
307.5		0.5311
307		0.5271
306.5		0.5227
306		0.5281
305.5		0.5295
305		0.527
304.5		0.5264
304		0.5288
303.5		0.53
303		0.5282
302.5		0.5287
302		0.5301
301.5		0.5296
301		0.5314
300.5		0.5314
300		0.5269
299.5		0.5337
299		0.5318
298.5		0.5342
298		0.531
297.5		0.5326
297		0.5271
296.5		0.5304
296		0.5304
295.5		0.5355
295		0.5363
294.5		0.5369
294		0.5335
293.5		0.5386
293		0.5421
292.5		0.5386
292		0.5417
291.5		0.5401
291		0.546
290.5		0.546
290		0.5483
289.5		0.5458
289		0.5441
288.5		0.5495
288		0.5495
287.5		0.5511
287		0.5486
286.5		0.557
286		0.5545
285.5		0.5642
285		0.5668
284.5		0.5595
284		0.5702
283.5		0.5664
283		0.5673
282.5		0.5741
282		0.5691
281.5		0.5852
281		0.5765
280.5		0.5774
280		0.5803
279.5		0.5906
279		0.5911
278.5		0.5899
278		0.5938
277.5		0.5921
277		0.5957
276.5		0.5984
276		0.5944
275.5		0.6017
275		0.6102
274.5		0.6128
274		0.6101
273.5		0.6173
273		0.6307
272.5		0.6287
272		0.6188
271.5		0.6288
271		0.6361
270.5		0.6463
270		0.6376
269.5		0.6466
269		0.6499
268.5		0.6628
268		0.6675
267.5		0.6597
267		0.6656
266.5		0.6736
266		0.6697
265.5		0.6654
265		0.6813
264.5		0.6854
264		0.6744
263.5		0.6902
263		0.7182
262.5		0.7224
262		0.6945
261.5		0.6786
261		0.7249
260.5		0.7164
260		0.7336
259.5		0.749
259		0.7355
258.5		0.7709
258		0.7367
257.5		0.7553
257		0.7788
256.5		0.7522
256		0.7936
255.5		0.7412
255		0.8079
254.5		0.7746
254		0.7847
253.5		0.8217
253		0.7552
252.5		0.8167
252		0.8348
251.5		0.8067
251		0.8288
250.5		0.9144
250		0.8602
249.5		0.8131
249		0.7571
248.5		0.8983
248		0.9413
247.5		0.8428
247		0.7682
246.5		0.8761
246		0.8968
245.5		0.8934
245		0.9304
244.5		0.9291
244		1.0291
243.5		0.9941
243		0.8255
242.5		0.8668
242		0.8739
241.5		0.9235
241		1.0269
240.5		0.9779
240		0.964
239.5		1.0494
239		0.9634
238.5		0.9872
238		0.93
237.5		0.9814
237		0.9547
236.5		1.0795
236		1.0439
235.5		1.1275
235		0.9212
234.5		1.0128
234		0.9038
233.5		0.99
233		1.1621
232.5		1.4086
232		1.2797
231.5		0.8544
231		1.1593
230.5		0.927
230		1.1862
229.5		0.9595
229		1.1101
228.5		1.0698
228		1.195
227.5		1.1844
227		1.1153
226.5		1.0357
226		0.8702
225.5		0.8253
225		1.5935
224.5		0.8929
224		1.2989
223.5		1.1279
223		1.1145
222.5		0.6146
222		2.8771
221.5		1.9269
221		0.8148
220.5		0.8196
220		1.5937
219.5		0.1505
219		0.567
218.5		0.833
218		0.648
217.5		0.9358
217		1.2664
216.5		0.7894
216		-0.3346
215.5		0.5167
215		0.876
214.5		6.6583
214		0.398
213.5		1.3872
213		0.0734
212.5		0.5668
212		1.2118
211.5		0.2007
211		1.2556
210.5		0.3902
210		1.4583
209.5		0.3112
209		0.9533
208.5		3.8064
208		1.0492
207.5		0.2894
207		5.5558
206.5		0.7752
206		-2.3281
205.5		2.0377
205		0.6312
204.5		1.3912
204		0.0146
203.5		4.1485
203		0.1717
202.5		-0.195
202		-2.1792
201.5		4.8901
201		6.4315
200.5		0.8224
200		1.2552
lambda		value

Calibration:
lambda:	0
Abs:	0

Data:
#
900		0.281425
899.5		0.27202
899		0.282585
898.5		0.291683
898		0.277333
897.5		0.275032
897		0.272924
896.5		0.283871
896		0.280411
895.5		0.269386
895		0.287069
894.5		0.29031
894		0.270616
893.5		0.278766
893		0.294764
892.5		0.264781
892		0.282217
891.5		0.270578
891		0.281029
890.5		0.278401
890		0.275143
889.5		0.287079
889		0.276132
888.5		0.282811
888		0.274033
887.5		0.274439
887		0.276894
886.5		0.281942
886		0.279098
885.5		0.275403
885		0.269704
884.5		0.279372
884		0.2782
883.5		0.267193
883		0.285273
882.5		0.28378
882		0.278344
881.5		0.270334
881		0.272102
880.5		0.276994
880		0.282697
879.5		0.273604
879		0.279858
878.5		0.269706
878		0.274279
877.5		0.275117
877		0.278854
876.5		0.283266
876		0.281537
875.5		0.282421
875		0.284307
874.5		0.281155
874		0.278282
873.5		0.282306
873		0.280634
872.5		0.278508
872		0.273234
871.5		0.280209
871		0.277255
870.5		0.278882
870		0.268923
869.5		0.27526
869		0.277466
868.5		0.277756
868		0.275387
867.5		0.278728
867		0.275635
866.5		0.276764
866		0.274141
865.5		0.2772
865		0.28091
864.5		0.272826
864		0.275549
863.5		0.277678
863		0.27649
862.5		0.278005
862		0.274827
861.5		0.275645
861		0.278733
860.5		0.277845
860		0.276516
859.5		0.277783
859		0.276345
858.5		0.276983
858		0.277132
857.5		0.277767
857		0.277794
856.5		0.278874
856		0.27526
855.5		0.276248
855		0.279056
854.5		0.277255
854		0.275541
853.5		0.278484
853		0.277976
852.5		0.276151
852		0.278826
851.5		0.277496
851		0.278557
850.5		0.278955
850		0.277095
849.5		0.277092
849		0.278228
848.5		0.276935
848		0.278321
847.5		0.277937
847		0.278195
846.5		0.278528
846		0.278782
845.5		0.278443
845		0.280008
844.5		0.278376
844		0.278217
843.5		0.277576
843		0.279617
842.5		0.27886
842		0.277948
841.5		0.278471
841		0.27887
840.5		0.278448
840		0.278245
839.5		0.278689
839		0.279477
838.5		0.278245
838		0.279231
837.5		0.279917
837		0.279104
836.5		0.279631
836		0.279252
835.5		0.279742
835		0.279857
834.5		0.279682
834		0.279627
833.5		0.279631
833		0.279428
832.5		0.280955
832		0.280697
831.5		0.280756
831		0.280923
830.5		0.281811
830		0.28088
829.5		0.281371
829		0.279567
828.5		0.281854
828		0.280889
827.5		0.281269
827		0.281284
826.5		0.281387
826		0.281521
825.5		0.281057
825		0.281777
824.5		0.282476
824		0.281518
823.5		0.282444
823		0.281905
822.5		0.28324
822		0.281637
821.5		0.282474
821		0.282546
820.5		0.28164
820		0.282661
819.5		0.283313
819		0.282326
818.5		0.282361
818		0.282968
817.5		0.28388
817		0.282657
816.5		0.282387
816		0.283446
815.5		0.283021
815		0.283482
814.5		0.283613
814		0.284428
813.5		0.284213
813		0.283342
812.5		0.284143
812		0.284485
811.5		0.28447
811		0.284857
810.5		0.284202
810		0.284557
809.5		0.284103
809		0.285414
808.5		0.284756
808		0.284299
807.5		0.285671
807		0.285414
806.5		0.2858
806		0.285829
805.5		0.285843
805		0.286888
804.5		0.2861
804		0.285186
803.5		0.286372
803		0.2857
802.5		0.286243
802		0.286442
801.5		0.2867
801		0.287189
800.5		0.286355
800		0.287544
799.5		0.288044
799		0.286542
798.5		0.287443
798		0.287443
797.5		0.288334
797		0.287214
796.5		0.288098
796		0.28667
795.5		0.288412
795		0.288787
794.5		0.288
794		0.28894
793.5		0.28841
793		0.288744
792.5		0.289571
792		0.289463
791.5		0.289621
791		0.28846
790.5		0.289639
790		0.288904
789.5		0.2898
789		0.289923
788.5		0.290387
788		0.290136
787.5		0.290593
787		0.290642
786.5		0.290918
786		0.290098
785.5		0.290984
785		0.291306
784.5		0.291563
784		0.292902
783.5		0.292498
783		0.292759
782.5		0.292303
782		0.292552
781.5		0.292491
781		0.292797
780.5		0.292826
780		0.293138
779.5		0.29383
779		0.2939
778.5		0.293162
778		0.294505
777.5		0.293385
777		0.293291
776.5		0.295062
776		0.294282
775.5		0.293907
775		0.295093
774.5		0.295482
774		0.296422
773.5		0.295461
773		0.295676
772.5		0.295709
772		0.295452
771.5		0.296955
771		0.296673
770.5		0.295928
770		0.297028
769.5		0.297578
769		0.297817
768.5		0.297182
768		0.298317
767.5		0.297788
767		0.297612
766.5		0.298615
766		0.298743
765.5		0.298744
765		0.297845
764.5		0.299651
764		0.299034
763.5		0.300369
763		0.299682
762.5		0.299781
762		0.301594
761.5		0.300308
761		0.300588
760.5		0.302052
760		0.300798
759.5		0.301673
759		0.301243
758.5		0.302508
758		0.302178
757.5		0.302557
757		0.303223
756.5		0.302446
756		0.304123
755.5		0.303842
755		0.303552
754.5		0.3044
754		0.303036
753.5		0.305301
753		0.305149
752.5		0.304452
752		0.305152
751.5		0.304481
751		0.305887
750.5		0.305804
750		0.306698
749.5		0.306537
749		0.306418
748.5		0.307524
748		0.307486
747.5		0.307677
747		0.307792
746.5		0.308204
746		0.308908
745.5		0.309105
745		0.308845
744.5		0.30886
744		0.310048
743.5		0.309524
743		0.310807
742.5		0.310745
742		0.31069
741.5		0.31068
741		0.311175
740.5		0.311627
740		0.312011
739.5		0.312432
739		0.312191
738.5		0.311918
738		0.313892
737.5		0.312556
737		0.313526
736.5		0.313989
736		0.314379
735.5		0.314791
735		0.314749
734.5		0.315136
734		0.315467
733.5		0.316657
733		0.315738
732.5		0.316463
732		0.315939
731.5		0.316359
731		0.316896
730.5		0.317203
730		0.317932
729.5		0.317839
729		0.31787
728.5		0.317423
728		0.31896
727.5		0.318788
727		0.318736
726.5		0.319587
726		0.319647
725.5		0.320614
725		0.319779
724.5		0.319266
724		0.319846
723.5		0.321301
723		0.320626
722.5		0.322185
722		0.32087
721.5		0.320072
721		0.319754
720.5		0.320666
720		0.322276
719.5		0.321398
719		0.321879
718.5		0.320742
718		0.322798
717.5		0.322889
717		0.322901
716.5		0.322363
716		0.324068
715.5		0.323953
715		0.326324
714.5		0.325701
714		0.326888
713.5		0.328236
713		0.329022
712.5		0.329359
712		0.329891
711.5		0.33101
711		0.331879
710.5		0.332523
710		0.33291
709.5		0.333789
709		0.333464
708.5		0.334905
708		0.335658
707.5		0.336814
707		0.336291
706.5		0.337145
706		0.337448
705.5		0.338328
705		0.338921
704.5		0.338885
704		0.339846
703.5		0.339738
703		0.340166
702.5		0.341718
702		0.34251
701.5		0.341581
701		0.342541
700.5		0.342612
700		0.34335
699.5		0.344562
699		0.344039
698.5		0.345334
698		0.345645
697.5		0.346161
697		0.346921
696.5		0.347332
696		0.347899
695.5		0.347826
695		0.348113
694.5		0.349733
694		0.349615
693.5		0.350114
693		0.350775
692.5		0.351183
692		0.3529
691.5		0.352209
691		0.352541
690.5		0.353633
690		0.354173
689.5		0.355336
689		0.356147
688.5		0.355957
688		0.357687
687.5		0.356508
687		0.358463
686.5		0.357637
686		0.359347
685.5		0.35919
685		0.359684
684.5		0.360636
684		0.361012
683.5		0.362018
683		0.363681
682.5		0.362531
682		0.36378
681.5		0.364113
681		0.364399
680.5		0.364877
680		0.366054
679.5		0.366295
679		0.368635
678.5		0.367791
678		0.368395
677.5		0.369843
677		0.370092
676.5		0.370466
676		0.37146
675.5		0.372303
675		0.372994
674.5		0.373405
674		0.374109
673.5		0.374431
673		0.375272
672.5		0.375755
672		0.377017
671.5		0.377586
671		0.378119
670.5		0.379245
670		0.378952
669.5		0.37928
669		0.380448
668.5		0.38207
668		0.381739
667.5		0.38288
667		0.382688
666.5		0.383139
666		0.38605
665.5		0.384562
665		0.386445
664.5		0.386706
664		0.386944
663.5		0.388421
663		0.388801
662.5		0.389819
662		0.390051
661.5		0.390469
661		0.392015
660.5		0.39239
660		0.393537
659.5		0.39403
659		0.39433
658.5		0.396092
658		0.396387
657.5		0.396748
657		0.397342
656.5		0.398671
656		0.399028
655.5		0.400636
655		0.401012
654.5		0.400793
654		0.401727
653.5		0.402838
653		0.403259
652.5		0.404188
652		0.404606
651.5		0.406682
651		0.405928
650.5		0.40715
650		0.408423
649.5		0.408969
649		0.410221
648.5		0.410771
648		0.411601
647.5		0.411934
647		0.41381
646.5		0.414088
646		0.41462
645.5		0.414877
645		0.416335
644.5		0.417148
644		0.418869
643.5		0.418776
643		0.419667
642.5		0.421068
642		0.421657
641.5		0.423092
641		0.422839
640.5		0.423752
640		0.425468
639.5		0.425755
639		0.427171
638.5		0.428013
638		0.429302
637.5		0.43015
637		0.431067
636.5		0.432058
636		0.433313
635.5		0.4339
635		0.434932
634.5		0.435724
634		0.43665
633.5		0.437973
633		0.438744
632.5		0.439875
632		0.440882
631.5		0.441269
631		0.44285
630.5		0.44349
630		0.443771
629.5		0.444938
629		0.445608
628.5		0.445742
628		0.446699
627.5		0.446604
627		0.44803
626.5		0.448138
626		0.448276
625.5		0.449538
625		0.448426
624.5		0.449921
624		0.449398
623.5		0.45031
623		0.452212
622.5		0.450769
622		0.453689
621.5		0.453842
621		0.453711
620.5		0.454466
620		0.455324
619.5		0.455898
619		0.456632
618.5		0.457909
618		0.457315
617.5		0.457359
617		0.45967
616.5		0.460782
616		0.461119
615.5		0.462451
615		0.46264
614.5		0.463102
614		0.465511
613.5		0.465005
613		0.467615
612.5		0.4677
612		0.46851
611.5		0.469935
611		0.469489
610.5		0.471729
610		0.471098
609.5		0.471755
609		0.473874
608.5		0.474119
608		0.475528
607.5		0.475963
607		0.477605
606.5		0.47788
606		0.479455
605.5		0.480062
605		0.480981
604.5		0.482004
604		0.483067
603.5		0.483463
603		0.485231
602.5		0.485173
602		0.485853
601.5		0.487324
601		0.488755
600.5		0.489029
600		0.489265
599.5		0.491204
599		0.490553
598.5		0.492134
598		0.493016
597.5		0.494362
597		0.496743
596.5		0.49578
596		0.497281
595.5		0.497674
595		0.497431
594.5		0.499127
594		0.500824
593.5		0.501504
593		0.502715
592.5		0.503683
592		0.504072
591.5		0.504503
591		0.505035
590.5		0.507026
590		0.506827
589.5		0.508184
589		0.509293
588.5		0.509726
588		0.512351
587.5		0.512696
587		0.512386
586.5		0.512808
586		0.514109
585.5		0.515102
585		0.514435
584.5		0.516625
584		0.517355
583.5		0.517571
583		0.520813
582.5		0.520541
582		0.520727
581.5		0.522126
581		0.521857
580.5		0.524017
580		0.524283
579.5		0.524918
579		0.525777
578.5		0.526367
578		0.527531
577.5		0.528215
577		0.528952
576.5		0.529957
576		0.53087
575.5		0.532534
575		0.533571
574.5		0.53289
574		0.534368
573.5		0.534944
573		0.537073
572.5		0.537764
572		0.537239
571.5		0.538247
571		0.539936
570.5		0.540025
570		0.541932
569.5		0.541891
569		0.542244
568.5		0.543478
568		0.542939
567.5		0.546094
567		0.545568
566.5		0.546792
566		0.547308
565.5		0.547873
565		0.549952
564.5		0.549774
564		0.550803
563.5		0.551648
563		0.551165
562.5		0.554113
562		0.553496
561.5		0.55352
561		0.556228
560.5		0.555683
560		0.558716
559.5		0.560243
559		0.559109
558.5		0.561173
558		0.561965
557.5		0.561654
557		0.562566
556.5		0.56298
556		0.564233
555.5		0.565326
555		0.565909
554.5		0.567342
554		0.566798
553.5		0.568236
553		0.568784
552.5		0.569416
552		0.57021
551.5		0.570908
551		0.571949
550.5		0.5721
550		0.572166
549.5		0.574031
549		0.573861
548.5		0.576068
548		0.575311
547.5		0.576015
547		0.577586
546.5		0.576993
546		0.578499
545.5		0.57978
545		0.579803
544.5		0.580414
544		0.580608
543.5		0.58186
543		0.582871
542.5		0.581726
542		0.583341
541.5		0.583445
541		0.584304
540.5		0.584535
540		0.585287
539.5		0.586616
539		0.586292
538.5		0.587747
538		0.588258
537.5		0.588673
537		0.589949
536.5		0.589868
536		0.590879
535.5		0.589406
535		0.591238
534.5		0.590779
534		0.592352
533.5		0.592956
533		0.593232
532.5		0.594775
532		0.593446
531.5		0.593958
531		0.595374
530.5		0.596302
530		0.596381
529.5		0.595775
529		0.597483
528.5		0.597239
528		0.597335
527.5		0.5992
527		0.597773
526.5		0.599638
526		0.600248
525.5		0.599657
525		0.602155
524.5		0.599905
524		0.601219
523.5		0.603203
523		0.601867
522.5		0.603447
522		0.602227
521.5		0.603488
521		0.604576
520.5		0.60335
520		0.604284
519.5		0.60352
519		0.604439
518.5		0.605301
518		0.604589
517.5		0.605486
517		0.604952
516.5		0.605539
516		0.606945
515.5		0.606023
515		0.607378
514.5		0.607006
514		0.606268
513.5		0.608899
513		0.606962
512.5		0.608268
512		0.60843
511.5		0.607568
511		0.609577
510.5		0.607712
510		0.608069
509.5		0.608347
509		0.607966
508.5		0.60838
508		0.607354
507.5		0.608555
507		0.607752
506.5		0.607221
506		0.606967
505.5		0.607309
505		0.607542
504.5		0.606605
504		0.605139
503.5		0.604866
503		0.605544
502.5		0.603648
502		0.603286
501.5		0.602342
501		0.601984
500.5		0.603316
500		0.601288
499.5		0.601101
499		0.601323
498.5		0.599888
498		0.600316
497.5		0.598904
497		0.59807
496.5		0.598258
496		0.597685
495.5		0.59652
495		0.594645
494.5		0.593747
494		0.593952
493.5		0.592797
493		0.592924
492.5		0.591114
492		0.5908
491.5		0.589532
491		0.588478
490.5		0.589218
490		0.588365
489.5		0.586697
489		0.586245
488.5		0.583761
488		0.584631
487.5		0.583984
487		0.58138
486.5		0.580495
486		0.580616
485.5		0.578582
485		0.578822
484.5		0.577705
484		0.576392
483.5		0.574231
483		0.574557
482.5		0.572433
482		0.572679
481.5		0.571468
481		0.569075
480.5		0.569415
480		0.568126
479.5		0.567698
479		0.566409
478.5		0.564787
478		0.564035
477.5		0.561691
477		0.562625
476.5		0.559754
476		0.559255
475.5		0.558351
475		0.556787
474.5		0.55738
474		0.554946
473.5		0.554526
473		0.552589
472.5		0.551337
472		0.552006
471.5		0.550852
471		0.548387
470.5		0.548874
470		0.545171
469.5		0.546729
469		0.545576
468.5		0.543038
468		0.543515
467.5		0.540732
467		0.540328
466.5		0.539155
466		0.538862
465.5		0.538367
465		0.535482
464.5		0.535299
464		0.534639
463.5		0.534598
463		0.532861
462.5		0.530564
462		0.530203
461.5		0.531586
461		0.530612
460.5		0.52779
460		0.527652
459.5		0.526924
459		0.526019
458.5		0.524799
458		0.524725
457.5		0.522604
457		0.522051
456.5		0.522668
456		0.521195
455.5		0.520287
455		0.520291
454.5		0.519602
454		0.519221
453.5		0.518304
453		0.516928
452.5		0.515939
452		0.517083
451.5		0.51483
451		0.516045
450.5		0.514495
450		0.513268
449.5		0.512598
449		0.510925
448.5		0.513089
448		0.509606
447.5		0.509888
447		0.509871
446.5		0.507745
446		0.507854
445.5		0.506222
445		0.505562
444.5		0.506287
444		0.503979
443.5		0.504954
443		0.502528
442.5		0.502483
442		0.502353
441.5		0.500621
441		0.500266
440.5		0.5
440		0.500178
439.5		0.499332
439		0.497554
438.5		0.496844
438		0.495733
437.5		0.49653
437		0.497016
436.5		0.494393
436		0.49448
435.5		0.493943
435		0.492486
434.5		0.494025
434		0.491278
433.5		0.490804
433		0.490427
432.5		0.490509
432		0.488976
431.5		0.488745
431		0.488401
430.5		0.488268
430		0.487289
429.5		0.48702
429		0.486256
428.5		0.485352
428		0.485191
427.5		0.484722
427		0.484412
426.5		0.482667
426		0.482844
425.5		0.481958
425		0.480733
424.5		0.480773
424		0.479692
423.5		0.479639
423		0.479412
422.5		0.479274
422		0.477981
421.5		0.479115
421		0.477716
420.5		0.476001
420		0.477251
419.5		0.476186
419		0.475024
418.5		0.475368
418		0.473555
417.5		0.473513
417		0.471718
416.5		0.473328
416		0.472217
415.5		0.471476
415		0.47096
414.5		0.470026
414		0.470129
413.5		0.469758
413		0.469352
412.5		0.469556
412		0.46781
411.5		0.468676
411		0.466346
410.5		0.464938
410		0.46901
409.5		0.465794
409		0.46455
408.5		0.463268
408		0.463896
407.5		0.465531
407		0.462175
406.5		0.463806
406		0.463457
405.5		0.461271
405		0.462055
404.5		0.46119
404		0.46192
403.5		0.459518
403		0.459908
402.5		0.45968
402		0.460068
401.5		0.460141
401		0.457907
400.5		0.457611
400		0.458315
399.5		0.458649
399		0.456895
398.5		0.454876
398		0.456128
397.5		0.456554
397		0.455766
396.5		0.455672
396		0.45512
395.5		0.454742
395		0.453492
394.5		0.456153
394		0.452851
393.5		0.454892
393		0.453174
392.5		0.451791
392		0.453259
391.5		0.451357
391		0.452438
390.5		0.45077
390		0.450751
389.5		0.450523
389		0.450691
388.5		0.450278
388		0.451014
387.5		0.447404
387		0.450649
386.5		0.447535
386		0.448305
385.5		0.447178
385		0.447541
384.5		0.445742
384		0.44748
383.5		0.447785
383		0.446681
382.5		0.442881
382		0.446503
381.5		0.445682
381		0.444229
380.5		0.444388
380		0.445963
379.5		0.441925
379		0.442418
378.5		0.442887
378		0.443002
377.5		0.442797
377		0.443459
376.5		0.440077
376		0.44229
375.5		0.442346
375		0.441692
374.5		0.44188
374		0.440727
373.5		0.441841
373		0.442454
372.5		0.439473
372		0.442608
371.5		0.439279
371		0.439418
370.5		0.43887
370		0.440482
369.5		0.440523
369		0.439821
368.5		0.437505
368		0.438905
367.5		0.435464
367		0.435584
366.5		0.43811
366		0.438212
365.5		0.438223
365		0.436548
364.5		0.435443
364		0.4365
363.5		0.43662
363		0.436265
362.5		0.437068
362		0.434565
361.5		0.434341
361		0.434512
360.5		0.433812
360		0.434177
359.5		0.435364
359		0.434954
358.5		0.430359
358		0.434309
357.5		0.431612
357		0.431486
356.5		0.433369
356		0.433252
355.5		0.434071
355		0.432263
354.5		0.428919
354		0.430403
353.5		0.431068
353		0.433714
352.5		0.429429
352		0.429944
351.5		0.432176
351		0.430112
350.5		0.428791
350		0.428941
349.5		0.427476
349		0.427062
348.5		0.422613
348		0.424094
347.5		0.427939
347		0.426232
346.5		0.424615
346		0.424124
345.5		0.422428
345		0.424488
344.5		0.423151
344		0.424618
343.5		0.423725
343		0.421579
342.5		0.42198
342		0.4192
341.5		0.420825
341		0.420501
340.5		0.418505
340		0.423187
339.5		0.418488
339		0.414714
338.5		0.417455
338		0.419296
337.5		0.416719
337		0.414853
336.5		0.415196
336		0.418042
335.5		0.412942
335		0.411966
334.5		0.411595
334		0.412944
333.5		0.411842
333		0.411513
332.5		0.408769
332		0.409277
331.5		0.408982
331		0.409942
330.5		0.405954
330		0.407918
329.5		0.406495
329		0.406996
328.5		0.405136
328		0.405828
327.5		0.406255
327		0.403463
326.5		0.404729
326		0.399587
325.5		0.402372
325		0.401176
324.5		0.402792
324		0.402993
323.5		0.403614
323		0.402835
322.5		0.401145
322		0.401463
321.5		0.398866
321		0.400623
320.5		0.401427
320		0.398565
319.5		0.393859
319		0.397161
318.5		0.396553
318		0.39645
317.5		0.398204
317		0.39376
316.5		0.392386
316		0.395394
315.5		0.396506
315		0.39377
314.5		0.392176
314		0.392865
313.5		0.390577
313		0.393434
312.5		0.389005
312		0.389086
311.5		0.390164
311		0.390704
310.5		0.390783
310		0.38975
309.5		0.382968
309		0.386566
308.5		0.385832
308		0.389584
307.5		0.388203
307		0.388975
306.5		0.38448
306		0.386038
305.5		0.38582
305		0.385967
304.5		0.384823
304		0.386493
303.5		0.388934
303		0.386988
302.5		0.388122
302		0.384772
301.5		0.386344
301		0.385045
300.5		0.387402
300		0.385838
299.5		0.388202
299		0.387553
298.5		0.386737
298		0.382703
297.5		0.385384
297		0.380578
296.5		0.382491
296		0.383265
295.5		0.387258
295		0.388117
294.5		0.385621
294		0.380772
293.5		0.386232
293		0.387962
292.5		0.385375
292		0.387094
291.5		0.38229
291		0.388557
290.5		0.38864
290		0.389916
289.5		0.387147
289		0.382899
288.5		0.387326
288		0.386183
287.5		0.387063
287		0.383074
286.5		0.387586
286		0.387681
285.5		0.392132
285		0.391382
284.5		0.389082
284		0.397851
283.5		0.390002
283		0.392188
282.5		0.394462
282		0.392564
281.5		0.402864
281		0.394242
280.5		0.393297
280		0.394655
279.5		0.399621
279		0.399581
278.5		0.400829
278		0.400594
277.5		0.398828
277		0.399156
276.5		0.403262
276		0.397459
275.5		0.40296
275		0.405745
274.5		0.407908
274		0.404898
273.5		0.40935
273		0.415837
272.5		0.414573
272		0.40625
271.5		0.411788
271		0.41769
270.5		0.419975
270		0.413301
269.5		0.421622
269		0.419995
268.5		0.427668
268		0.43084
267.5		0.424108
267		0.424436
266.5		0.431021
266		0.429047
265.5		0.422986
265		0.429924
264.5		0.432866
264		0.42716
263.5		0.436476
263		0.449352
262.5		0.449729
262		0.433656
261.5		0.424815
261		0.450388
260.5		0.444555
260		0.454523
259.5		0.460583
259		0.44782
258.5		0.47029
258		0.449454
257.5		0.458146
257		0.474791
256.5		0.456876
256		0.477871
255.5		0.446506
255		0.482963
254.5		0.463805
254		0.467111
253.5		0.486472
253		0.447234
252.5		0.480836
252		0.489389
251.5		0.476801
251		0.482956
250.5		0.53098
250		0.50032
249.5		0.470272
249		0.43499
248.5		0.51997
248		0.541444
247.5		0.475353
247		0.437696
246.5		0.499686
246		0.507872
245.5		0.50056
245		0.522697
244.5		0.521585
244		0.571183
243.5		0.548954
243		0.452999
242.5		0.473403
242		0.473582
241.5		0.50133
241		0.555652
240.5		0.524231
240		0.513339
239.5		0.55515
239		0.506999
238.5		0.522107
238		0.484148
237.5		0.511599
237		0.497058
236.5		0.552909
236		0.540097
235.5		0.57161
235		0.466478
234.5		0.51466
234		0.455843
233.5		0.499269
233		0.578159
232.5		0.701005
232		0.630146
231.5		0.42402
231		0.564081
230.5		0.452791
230		0.570453
229.5		0.454718
229		0.532626
228.5		0.507471
228		0.57394
227.5		0.559339
227		0.523247
226.5		0.486198
226		0.404763
225.5		0.385798
225		0.735586
224.5		0.410076
224		0.587897
223.5		0.497135
223		0.496459
222.5		0.273862
222		1.25692
221.5		0.846989
221		0.356337
220.5		0.359001
220		0.695483
219.5		0.0641709
219		0.24521
218.5		0.359331
218		0.286219
217.5		0.387736
217		0.524824
216.5		0.332575
216		-0.135674
215.5		0.214194
215		0.353055
214.5		2.59968
214		0.157182
213.5		0.544769
213		0.0282982
212.5		0.224271
212		0.472713
211.5		0.0786874
211		0.484919
210.5		0.150942
210		0.545669
209.5		0.119472
209		0.36301
208.5		1.46013
208		0.378718
207.5		0.105042
207		1.8878
206.5		0.28091
206		-0.82507
205.5		0.712358
205		0.226895
204.5		0.46954
204		0.00571563
203.5		1.49787
203		0.0564524
202.5		-0.0642991
202		-0.674278
201.5		1.60975
201		2.05828
200.5		0.270892
200		0.492197
