lambda		value

Calibration:
lambda:	800
Abs:	-0.0009

Data:
#
900		0.3207
899.5		0.3151
899		0.3146
898.5		0.3251
898		0.3153
897.5		0.3216
897		0.3325
896.5		0.3338
896		0.3068
895.5		0.3224
895		0.3262
894.5		0.3258
894		0.3168
893.5		0.3176
893		0.3089
892.5		0.3187
892		0.3092
891.5		0.3252
891		0.3251
890.5		0.3121
890		0.31
889.5		0.3195
889		0.3238
888.5		0.323
888		0.3337
887.5		0.3128
887		0.3244
886.5		0.3261
886		0.3167
885.5		0.3119
885		0.3148
884.5		0.3111
884		0.3079
883.5		0.3162
883		0.3205
882.5		0.3181
882		0.3145
881.5		0.3197
881		0.3133
880.5		0.3181
880		0.3088
879.5		0.3187
879		0.3178
878.5		0.3102
878		0.3174
877.5		0.32
877		0.3203
876.5		0.3188
876		0.3126
875.5		0.3203
875		0.3178
874.5		0.3152
874		0.3178
873.5		0.3166
873		0.3236
872.5		0.3213
872		0.3176
871.5		0.3153
871		0.3198
870.5		0.3214
870		0.3224
869.5		0.3193
869		0.3156
868.5		0.3185
868		0.3184
867.5		0.3191
867		0.3204
866.5		0.3205
866		0.3214
865.5		0.3199
865		0.3211
864.5		0.317
864		0.321
863.5		0.3214
863		0.3206
862.5		0.3213
862		0.3232
861.5		0.3238
861		0.3218
860.5		0.3198
860		0.3194
859.5		0.3183
859		0.3195
858.5		0.3226
858		0.3212
857.5		0.3221
857		0.3234
856.5		0.321
856		0.3208
855.5		0.3221
855		0.3235
854.5		0.3208
854		0.3233
853.5		0.3241
853		0.3242
852.5		0.3246
852		0.324
851.5		0.3231
851		0.3236
850.5		0.3254
850		0.3232
849.5		0.3235
849		0.3239
848.5		0.3221
848		0.3247
847.5		0.3246
847		0.3248
846.5		0.3248
846		0.3238
845.5		0.326
845		0.3244
844.5		0.327
844		0.3243
843.5		0.3255
843		0.3259
842.5		0.3249
842		0.3254
841.5		0.3255
841		0.3258
840.5		0.3255
840		0.3246
839.5		0.3249
839		0.3258
838.5		0.325
838		0.3248
837.5		0.326
837		0.3262
836.5		0.3262
836		0.3243
835.5		0.3256
835		0.3264
834.5		0.3266
834		0.3266
833.5		0.3273
833		0.3247
832.5		0.3256
832		0.3262
831.5		0.325
831		0.3258
830.5		0.3254
830		0.3247
829.5		0.3249
829		0.3257
828.5		0.3248
828		0.3256
827.5		0.3256
827		0.3255
826.5		0.3259
826		0.3251
825.5		0.3254
825		0.3244
824.5		0.3243
824		0.3256
823.5		0.3258
823		0.3254
822.5		0.3245
822		0.3252
821.5		0.3259
821		0.3255
820.5		0.3262
820		0.3256
819.5		0.3259
819		0.3257
818.5		0.3255
818		0.3255
817.5		0.3257
817		0.325
816.5		0.3263
816		0.3255
815.5		0.3267
815		0.3261
814.5		0.3262
814		0.3258
813.5		0.3265
813		0.3268
812.5		0.3265
812		0.3269
811.5		0.3269
811		0.3268
810.5		0.3262
810		0.3268
809.5		0.3268
809		0.3271
808.5		0.3277
808		0.3275
807.5		0.3282
807		0.3279
806.5		0.328
806		0.3281
805.5		0.3283
805		0.3276
804.5		0.3277
804		0.328
803.5		0.3289
803		0.3284
802.5		0.3291
802		0.3289
801.5		0.328
801		0.3295
800.5		0.3292
800		0.3297
799.5		0.3297
799		0.3297
798.5		0.3293
798		0.33
797.5		0.3298
797		0.3311
796.5		0.3303
796		0.3299
795.5		0.3299
795		0.3311
794.5		0.3308
794		0.3313
793.5		0.3311
793		0.3316
792.5		0.3327
792		0.3316
791.5		0.3319
791		0.3317
790.5		0.3329
790		0.3323
789.5		0.3323
789		0.3324
788.5		0.3334
788		0.3325
787.5		0.3326
787		0.3336
786.5		0.3337
786		0.3338
785.5		0.3337
785		0.3338
784.5		0.3344
784		0.3339
783.5		0.3355
783		0.3349
782.5		0.3343
782		0.3355
781.5		0.335
781		0.336
780.5		0.3358
780		0.3347
779.5		0.3365
779		0.3361
778.5		0.3358
778		0.3369
777.5		0.3365
777		0.3368
776.5		0.3375
776		0.3373
775.5		0.338
775		0.3374
774.5		0.3377
774		0.3379
773.5		0.3384
773		0.3394
772.5		0.3378
772		0.3383
771.5		0.3393
771		0.3393
770.5		0.3397
770		0.3397
769.5		0.3401
769		0.3401
768.5		0.3402
768		0.3399
767.5		0.3412
767		0.3409
766.5		0.3411
766		0.342
765.5		0.3407
765		0.3425
764.5		0.3417
764		0.3425
763.5		0.3427
763		0.3423
762.5		0.3435
762		0.343
761.5		0.3429
761		0.3438
760.5		0.3436
760		0.3447
759.5		0.3436
759		0.3444
758.5		0.3451
758		0.3454
757.5		0.3454
757		0.3456
756.5		0.3459
756		0.346
755.5		0.3466
755		0.3469
754.5		0.3476
754		0.3474
753.5		0.3479
753		0.3483
752.5		0.3479
752		0.3486
751.5		0.3489
751		0.3494
750.5		0.3492
750		0.3498
749.5		0.3503
749		0.351
748.5		0.3503
748		0.3509
747.5		0.3512
747		0.3513
746.5		0.3517
746		0.3513
745.5		0.3523
745		0.3524
744.5		0.3536
744		0.3537
743.5		0.3522
743		0.3535
742.5		0.3544
742		0.3551
741.5		0.3548
741		0.3552
740.5		0.3553
740		0.3558
739.5		0.3558
739		0.3565
738.5		0.3574
738		0.3576
737.5		0.358
737		0.3579
736.5		0.3587
736		0.3597
735.5		0.3584
735		0.3596
734.5		0.3597
734		0.3605
733.5		0.3609
733		0.3606
732.5		0.362
732		0.3621
731.5		0.3628
731		0.3636
730.5		0.3635
730		0.3647
729.5		0.366
729		0.3659
728.5		0.3662
728		0.367
727.5		0.3673
727		0.3673
726.5		0.3693
726		0.3685
725.5		0.3705
725		0.37
724.5		0.3713
724		0.3722
723.5		0.3726
723		0.3742
722.5		0.3733
722		0.3752
721.5		0.3766
721		0.3772
720.5		0.3775
720		0.3788
719.5		0.3792
719		0.3796
718.5		0.3798
718		0.3813
717.5		0.3797
717		0.3807
716.5		0.3802
716		0.3812
715.5		0.38
715		0.3808
714.5		0.3787
714		0.3801
713.5		0.3802
713		0.3793
712.5		0.3802
712		0.3801
711.5		0.3796
711		0.3798
710.5		0.3801
710		0.3808
709.5		0.3798
709		0.3805
708.5		0.3804
708		0.3805
707.5		0.3811
707		0.3814
706.5		0.3811
706		0.382
705.5		0.3828
705		0.382
704.5		0.384
704		0.383
703.5		0.3842
703		0.3849
702.5		0.385
702		0.3856
701.5		0.386
701		0.3868
700.5		0.3875
700		0.3879
699.5		0.3887
699		0.3886
698.5		0.3888
698		0.3896
697.5		0.3902
697		0.3906
696.5		0.3912
696		0.3916
695.5		0.3919
695		0.3926
694.5		0.3927
694		0.3937
693.5		0.3933
693		0.3948
692.5		0.3953
692		0.395
691.5		0.3964
691		0.3964
690.5		0.3971
690		0.3979
689.5		0.3982
689		0.399
688.5		0.3995
688		0.3998
687.5		0.4013
687		0.4009
686.5		0.4019
686		0.4015
685.5		0.4027
685		0.4037
684.5		0.4036
684		0.4046
683.5		0.406
683		0.4056
682.5		0.4063
682		0.4072
681.5		0.4071
681		0.4085
680.5		0.4082
680		0.41
679.5		0.4103
679		0.4102
678.5		0.4114
678		0.4115
677.5		0.4125
677		0.4128
676.5		0.4141
676		0.4144
675.5		0.4154
675		0.4155
674.5		0.4166
674		0.417
673.5		0.418
673		0.4187
672.5		0.4186
672		0.42
671.5		0.42
671		0.4216
670.5		0.422
670		0.4225
669.5		0.4234
669		0.424
668.5		0.4248
668		0.4253
667.5		0.4258
667		0.4258
666.5		0.4282
666		0.4281
665.5		0.429
665		0.4288
664.5		0.4298
664		0.4305
663.5		0.431
663		0.4325
662.5		0.4328
662		0.4331
661.5		0.4349
661		0.4351
660.5		0.4359
660		0.4362
659.5		0.4368
659		0.4372
658.5		0.438
658		0.4392
657.5		0.4404
657		0.4403
656.5		0.4419
656		0.442
655.5		0.4424
655		0.4439
654.5		0.4441
654		0.4448
653.5		0.4462
653		0.4467
652.5		0.448
652		0.4471
651.5		0.4489
651		0.4498
650.5		0.4499
650		0.4517
649.5		0.4513
649		0.4523
648.5		0.4533
648		0.4545
647.5		0.4551
647		0.4563
646.5		0.4563
646		0.4571
645.5		0.4587
645		0.4586
644.5		0.4603
644		0.4606
643.5		0.4618
643		0.4624
642.5		0.463
642		0.4641
641.5		0.4645
641		0.4654
640.5		0.4663
640		0.4669
639.5		0.4674
639		0.468
638.5		0.469
638		0.4699
637.5		0.4703
637		0.4713
636.5		0.4718
636		0.4723
635.5		0.4725
635		0.474
634.5		0.4743
634		0.4752
633.5		0.4755
633		0.476
632.5		0.4769
632		0.4774
631.5		0.4788
631		0.4787
630.5		0.4805
630		0.4816
629.5		0.4817
629		0.4832
628.5		0.4839
628		0.4849
627.5		0.4865
627		0.4874
626.5		0.4888
626		0.4899
625.5		0.4916
625		0.4931
624.5		0.4941
624		0.496
623.5		0.4969
623		0.4976
622.5		0.4997
622		0.4999
621.5		0.5019
621		0.5039
620.5		0.5041
620		0.5053
619.5		0.5075
619		0.5072
618.5		0.5088
618		0.5091
617.5		0.5109
617		0.5131
616.5		0.5125
616		0.514
615.5		0.5138
615		0.5147
614.5		0.5163
614		0.5166
613.5		0.5181
613		0.5183
612.5		0.5194
612		0.5204
611.5		0.5218
611		0.5235
610.5		0.5237
610		0.5242
609.5		0.5263
609		0.5262
608.5		0.5277
608		0.5288
607.5		0.5292
607		0.5309
606.5		0.532
606		0.5323
605.5		0.5343
605		0.5353
604.5		0.5354
604		0.5366
603.5		0.5376
603		0.54
602.5		0.54
602		0.541
601.5		0.5423
601		0.5429
600.5		0.5445
600		0.5447
599.5		0.546
599		0.547
598.5		0.5476
598		0.5506
597.5		0.5502
597		0.5517
596.5		0.5528
596		0.5522
595.5		0.5546
595		0.5556
594.5		0.5564
594		0.5578
593.5		0.5585
593		0.5597
592.5		0.5618
592		0.5614
591.5		0.563
591		0.5635
590.5		0.5654
590		0.5665
589.5		0.5669
589		0.5683
588.5		0.5688
588		0.5702
587.5		0.5711
587		0.5721
586.5		0.5734
586		0.575
585.5		0.5746
585		0.5768
584.5		0.577
584		0.5779
583.5		0.5785
583		0.58
582.5		0.5816
582		0.5811
581.5		0.5829
581		0.5841
580.5		0.5847
580		0.5871
579.5		0.587
579		0.5881
578.5		0.5899
578		0.5893
577.5		0.5922
577		0.5919
576.5		0.5926
576		0.5941
575.5		0.5952
575		0.596
574.5		0.597
574		0.5987
573.5		0.5991
573		0.6009
572.5		0.6027
572		0.6027
571.5		0.6031
571		0.6042
570.5		0.6057
570		0.606
569.5		0.608
569		0.6079
568.5		0.6103
568		0.6107
567.5		0.6115
567		0.6128
566.5		0.6132
566		0.6133
565.5		0.6155
565		0.6165
564.5		0.6177
564		0.6191
563.5		0.6192
563		0.6204
562.5		0.6217
562		0.6237
561.5		0.6233
561		0.6251
560.5		0.6256
560		0.6276
559.5		0.6278
559		0.6291
558.5		0.6295
558		0.6311
557.5		0.6314
557		0.6329
556.5		0.6341
556		0.6339
555.5		0.6357
555		0.6369
554.5		0.638
554		0.6382
553.5		0.6388
553		0.6394
552.5		0.641
552		0.6424
551.5		0.6438
551		0.6438
550.5		0.6445
550		0.6467
549.5		0.6464
549		0.6487
548.5		0.6483
548		0.6496
547.5		0.6506
547		0.6514
546.5		0.6527
546		0.652
545.5		0.6536
545		0.6548
544.5		0.6555
544		0.6571
543.5		0.6568
543		0.6583
542.5		0.6595
542		0.6598
541.5		0.6611
541		0.6614
540.5		0.6621
540		0.6629
539.5		0.6638
539		0.6653
538.5		0.6647
538		0.6664
537.5		0.6676
537		0.6676
536.5		0.6695
536		0.6689
535.5		0.6705
535		0.6718
534.5		0.6714
534		0.6731
533.5		0.6722
533		0.673
532.5		0.6751
532		0.6746
531.5		0.6767
531		0.6756
530.5		0.6773
530		0.6781
529.5		0.6784
529		0.6799
528.5		0.6792
528		0.6803
527.5		0.681
527		0.6817
526.5		0.6825
526		0.6829
525.5		0.6837
525		0.6844
524.5		0.6841
524		0.6863
523.5		0.6857
523		0.6863
522.5		0.6871
522		0.6869
521.5		0.6885
521		0.6878
520.5		0.6885
520		0.6894
519.5		0.6888
519		0.6903
518.5		0.6898
518		0.6905
517.5		0.6911
517		0.6909
516.5		0.6918
516		0.6924
515.5		0.6915
515		0.6927
514.5		0.6924
514		0.6926
513.5		0.6927
513		0.6929
512.5		0.6937
512		0.6934
511.5		0.6945
511		0.6947
510.5		0.6942
510		0.6953
509.5		0.6946
509		0.6948
508.5		0.6958
508		0.6955
507.5		0.697
507		0.6975
506.5		0.6973
506		0.6985
505.5		0.6984
505		0.6993
504.5		0.6999
504		0.7011
503.5		0.7011
503		0.7017
502.5		0.7036
502		0.7038
501.5		0.7044
501		0.7052
500.5		0.7048
500		0.7063
499.5		0.7073
499		0.7079
498.5		0.7085
498		0.7083
497.5		0.7087
497		0.7092
496.5		0.7075
496		0.7099
495.5		0.7093
495		0.7097
494.5		0.7099
494		0.7104
493.5		0.711
493		0.7086
492.5		0.7104
492		0.7103
491.5		0.7088
491		0.7096
490.5		0.7089
490		0.709
489.5		0.7079
489		0.7073
488.5		0.708
488		0.7067
487.5		0.7061
487		0.7057
486.5		0.7057
486		0.7058
485.5		0.7032
485		0.7037
484.5		0.7036
484		0.702
483.5		0.703
483		0.7012
482.5		0.7023
482		0.7011
481.5		0.7009
481		0.7009
480.5		0.6992
480		0.6988
479.5		0.6994
479		0.6982
478.5		0.6984
478		0.6974
477.5		0.6977
477		0.6973
476.5		0.696
476		0.6974
475.5		0.6955
475		0.6951
474.5		0.6964
474		0.6952
473.5		0.6955
473		0.694
472.5		0.6954
472		0.6948
471.5		0.6947
471		0.6953
470.5		0.6942
470		0.6941
469.5		0.6937
469		0.6932
468.5		0.6943
468		0.6928
467.5		0.6927
467		0.6943
466.5		0.693
466		0.6941
465.5		0.6936
465		0.6939
464.5		0.6956
464		0.6939
463.5		0.6943
463		0.6935
462.5		0.6939
462		0.6944
461.5		0.6949
461		0.6953
460.5		0.6944
460		0.6937
459.5		0.694
459		0.6936
458.5		0.6948
458		0.6928
457.5		0.6916
457		0.6932
456.5		0.6919
456		0.6918
455.5		0.6916
455		0.69
454.5		0.6886
454		0.6883
453.5		0.6868
453		0.685
452.5		0.6841
452		0.6837
451.5		0.6806
451		0.6795
450.5		0.6774
450		0.6757
449.5		0.6747
449		0.6728
448.5		0.6716
448		0.6705
447.5		0.6681
447		0.6672
446.5		0.6653
446		0.6636
445.5		0.6618
445		0.6612
444.5		0.6603
444		0.6586
443.5		0.657
443		0.6557
442.5		0.6552
442		0.6543
441.5		0.6544
441		0.6525
440.5		0.6525
440		0.6504
439.5		0.6499
439		0.6489
438.5		0.6467
438		0.6478
437.5		0.6475
437		0.6463
436.5		0.6466
436		0.6448
435.5		0.6446
435		0.6434
434.5		0.643
434		0.643
433.5		0.6413
433		0.6423
432.5		0.6409
432		0.6409
431.5		0.6405
431		0.6389
430.5		0.6402
430		0.6371
429.5		0.6396
429		0.6384
428.5		0.6373
428		0.6378
427.5		0.6352
427		0.6358
426.5		0.6368
426		0.6354
425.5		0.6359
425		0.634
424.5		0.6344
424		0.6351
423.5		0.6353
423		0.6342
422.5		0.6347
422		0.6333
421.5		0.6336
421		0.6331
420.5		0.6341
420		0.6315
419.5		0.6315
419		0.6334
418.5		0.6318
418		0.632
417.5		0.6312
417		0.6315
416.5		0.6316
416		0.6303
415.5		0.6317
415		0.6304
414.5		0.6312
414		0.6302
413.5		0.6295
413		0.6296
412.5		0.629
412		0.6288
411.5		0.6299
411		0.6285
410.5		0.6277
410		0.6282
409.5		0.6278
409		0.6281
408.5		0.6283
408		0.628
407.5		0.6283
407		0.6277
406.5		0.6269
406		0.6258
405.5		0.6263
405		0.6248
404.5		0.6263
404		0.6255
403.5		0.6246
403		0.6246
402.5		0.6247
402		0.6259
401.5		0.6241
401		0.6249
400.5		0.6247
400		0.623
399.5		0.6229
399		0.6228
398.5		0.6231
398		0.6223
397.5		0.6221
397		0.6209
396.5		0.6221
396		0.6237
395.5		0.6221
395		0.6228
394.5		0.6209
394		0.6222
393.5		0.6223
393		0.6211
392.5		0.6226
392		0.6209
391.5		0.6206
391		0.6222
390.5		0.6218
390		0.6225
389.5		0.6215
389		0.6227
388.5		0.6233
388		0.6235
387.5		0.6258
387		0.6247
386.5		0.6243
386		0.6255
385.5		0.625
385		0.6282
384.5		0.6257
384		0.6233
383.5		0.6264
383		0.6251
382.5		0.6291
382		0.6277
381.5		0.6275
381		0.6277
380.5		0.6293
380		0.6287
379.5		0.6275
379		0.6298
378.5		0.6299
378		0.6283
377.5		0.6303
377		0.6275
376.5		0.6293
376		0.6306
375.5		0.6298
375		0.633
374.5		0.6295
374		0.6287
373.5		0.6313
373		0.6308
372.5		0.6292
372		0.6306
371.5		0.6293
371		0.6298
370.5		0.631
370		0.629
369.5		0.6301
369		0.6299
368.5		0.6296
368		0.6302
367.5		0.6308
367		0.6324
366.5		0.6304
366		0.6307
365.5		0.6328
365		0.6295
364.5		0.6317
364		0.6316
363.5		0.6322
363		0.6342
362.5		0.632
362		0.6332
361.5		0.6337
361		0.6337
360.5		0.6352
360		0.6341
359.5		0.6347
359		0.6342
358.5		0.631
358		0.6338
357.5		0.6338
357		0.6353
356.5		0.6352
356		0.6364
355.5		0.6363
355		0.6337
354.5		0.6341
354		0.6357
353.5		0.6373
353		0.6343
352.5		0.6328
352		0.6383
351.5		0.6366
351		0.6382
350.5		0.6369
350		0.6342
349.5		0.635
349		0.635
348.5		0.6351
348		0.6358
347.5		0.6385
347		0.6362
346.5		0.6371
346		0.6367
345.5		0.6344
345		0.6358
344.5		0.635
344		0.6347
343.5		0.6328
343		0.6372
342.5		0.6373
342		0.6356
341.5		0.6385
341		0.6363
340.5		0.6375
340		0.636
339.5		0.638
339		0.6424
338.5		0.6379
338		0.6422
337.5		0.642
337		0.6463
336.5		0.6403
336		0.6416
335.5		0.6391
335		0.6404
334.5		0.6377
334		0.6395
333.5		0.64
333		0.6394
332.5		0.6379
332		0.6424
331.5		0.6383
331		0.6364
330.5		0.6423
330		0.6426
329.5		0.6387
329		0.6397
328.5		0.6415
328		0.6437
327.5		0.6381
327		0.6423
326.5		0.6396
326		0.6397
325.5		0.6432
325		0.6373
324.5		0.6426
324		0.6424
323.5		0.6411
323		0.6399
322.5		0.6367
322		0.6396
321.5		0.638
321		0.6405
320.5		0.641
320		0.6352
319.5		0.6387
319		0.6413
318.5		0.6432
318		0.641
317.5		0.6408
317		0.6412
316.5		0.6436
316		0.6425
315.5		0.6383
315		0.638
314.5		0.6414
314		0.6419
313.5		0.64
313		0.6409
312.5		0.6468
312		0.6408
311.5		0.6439
311		0.6385
310.5		0.6474
310		0.6399
309.5		0.6458
309		0.6462
308.5		0.6425
308		0.6435
307.5		0.6437
307		0.6489
306.5		0.6437
306		0.6466
305.5		0.6491
305		0.6408
304.5		0.6447
304		0.6502
303.5		0.6433
303		0.646
302.5		0.6416
302		0.6427
301.5		0.6456
301		0.646
300.5		0.6442
300		0.6488
299.5		0.6482
299		0.6478
298.5		0.6486
298		0.6474
297.5		0.6446
297		0.6458
296.5		0.6517
296		0.6483
295.5		0.6502
295		0.6514
294.5		0.6508
294		0.6542
293.5		0.6551
293		0.6594
292.5		0.6528
292		0.6618
291.5		0.6562
291		0.6598
290.5		0.6621
290		0.6591
289.5		0.6669
289		0.6622
288.5		0.6706
288		0.6639
287.5		0.6623
287		0.6687
286.5		0.6793
286		0.6695
285.5		0.6737
285		0.6766
284.5		0.6821
284		0.6815
283.5		0.6803
283		0.6843
282.5		0.686
282		0.687
281.5		0.6891
281		0.7007
280.5		0.6946
280		0.6983
279.5		0.7035
279		0.7096
278.5		0.713
278		0.7093
277.5		0.7148
277		0.7183
276.5		0.7123
276		0.7254
275.5		0.7242
275		0.7321
274.5		0.7451
274		0.7325
273.5		0.7292
273		0.739
272.5		0.7422
272		0.7363
271.5		0.7516
271		0.7586
270.5		0.7692
270		0.7696
269.5		0.742
269		0.7617
268.5		0.7748
268		0.7816
267.5		0.7768
267		0.7771
266.5		0.778
266		0.7932
265.5		0.7997
265		0.7838
264.5		0.7719
264		0.7848
263.5		0.8372
263		0.809
262.5		0.8107
262		0.8254
261.5		0.8306
261		0.8281
260.5		0.8304
260		0.8496
259.5		0.8542
259		0.8622
258.5		0.8547
258		0.8572
257.5		0.8448
257		0.8846
256.5		0.8851
256		0.8805
255.5		0.9261
255		0.8992
254.5		0.9321
254		0.8982
253.5		0.9688
253		0.8896
252.5		0.9392
252		0.946
251.5		0.9316
251		0.8819
250.5		0.9568
250		0.9372
249.5		0.9309
249		0.9054
248.5		0.9754
248		0.9895
247.5		0.9502
247		1.0123
246.5		0.9815
246		0.9592
245.5		1.0131
245		0.9871
244.5		1.0036
244		0.9681
243.5		1.0407
243		0.9828
242.5		1.1544
242		0.997
241.5		1.1475
241		1.0298
240.5		1.1507
240		1.0704
239.5		0.9807
239		1.0452
238.5		1.0884
238		1.1253
237.5		1.2499
237		1.0762
236.5		0.9966
236		1.1235
235.5		1.0064
235		0.9254
234.5		1.1775
234		0.9683
233.5		1.2086
233		1.0543
232.5		1.5456
232		1.1041
231.5		1.0956
231		1.1456
230.5		1.118
230		1.4983
229.5		1.0782
229		0.9297
228.5		0.9527
228		1.3282
227.5		1.3499
227		1.1603
226.5		0.6469
226		0.9025
225.5		1.3758
225		1.3269
224.5		1.138
224		1.1526
223.5		1.1333
223		1.0649
222.5		0.9291
222		1.5312
221.5		0.8739
221		0.7788
220.5		1.4617
220		0.8231
219.5		0.5998
219		1.4385
218.5		2.4352
218		1.4646
217.5		1.9077
217		1.0887
216.5		1.2473
216		2.0203
215.5		0.1508
215		1.5227
214.5		4.6864
214		0.4785
213.5		0.9686
213		0.4864
212.5		-0.5173
212		6.7715
211.5		-0.9043
211		2.647
210.5		-4.818
210		0.5514
209.5		0.5933
209		3.8239
208.5		0.6052
208		0.6993
207.5		0.8356
207		0.534
206.5		-8.9773
206		1.6478
205.5		1.834
205		0.5086
204.5		0.3784
204		0.5841
203.5		0.4159
203		-1.9829
202.5		-1.7901
202		0.5821
201.5		3.2162
201		-1.6512
200.5		-3.5405
200		0.5159
lambda		value

Calibration:
lambda:	0
Abs:	0

Data:
#
900		0.320508
899.5		0.309681
899		0.317169
898.5		0.324516
898		0.31153
897.5		0.316816
897		0.341692
896.5		0.341344
896		0.30573
895.5		0.31642
895		0.321791
894.5		0.327043
894		0.311321
893.5		0.326112
893		0.322982
892.5		0.311535
892		0.312323
891.5		0.324001
891		0.328649
890.5		0.312225
890		0.304638
889.5		0.320815
889		0.324677
888.5		0.332784
888		0.334738
887.5		0.314467
887		0.320016
886.5		0.329427
886		0.322604
885.5		0.30967
885		0.309325
884.5		0.31491
884		0.31586
883.5		0.315632
883		0.32936
882.5		0.321021
882		0.313998
881.5		0.315909
881		0.311834
880.5		0.319956
880		0.313121
879.5		0.323094
879		0.322018
878.5		0.31104
878		0.318323
877.5		0.319457
877		0.326105
876.5		0.320918
876		0.314772
875.5		0.324815
875		0.322345
874.5		0.318899
874		0.319976
873.5		0.320933
873		0.32644
872.5		0.324349
872		0.315926
871.5		0.315995
871		0.323259
870.5		0.319102
870		0.322336
869.5		0.318345
869		0.315348
868.5		0.318691
868		0.317479
867.5		0.318686
867		0.31976
866.5		0.320821
866		0.319833
865.5		0.319453
865		0.322843
864.5		0.313489
864		0.319912
863.5		0.320694
863		0.31853
862.5		0.320627
862		0.319873
861.5		0.322349
861		0.323125
860.5		0.320441
860		0.316457
859.5		0.316811
859		0.316587
858.5		0.320167
858		0.318493
857.5		0.321265
857		0.320865
856.5		0.31779
856		0.317655
855.5		0.318595
855		0.32036
854.5		0.317215
854		0.320226
853.5		0.321209
853		0.321181
852.5		0.319583
852		0.319684
851.5		0.320568
851		0.319321
850.5		0.321669
850		0.319747
849.5		0.319128
849		0.319806
848.5		0.316778
848		0.320249
847.5		0.320276
847		0.320316
846.5		0.319905
846		0.31955
845.5		0.322357
845		0.3203
844.5		0.322581
844		0.320075
843.5		0.319839
843		0.321559
842.5		0.320952
842		0.320623
841.5		0.321895
841		0.321397
840.5		0.32164
840		0.320403
839.5		0.320414
839		0.322096
838.5		0.320798
838		0.321393
837.5		0.32223
837		0.322747
836.5		0.323354
836		0.320581
835.5		0.322089
835		0.323585
834.5		0.32404
834		0.323976
833.5		0.324445
833		0.322091
832.5		0.323369
832		0.324126
831.5		0.322773
831		0.32376
830.5		0.324039
830		0.322731
829.5		0.32338
829		0.323243
828.5		0.323377
828		0.32398
827.5		0.324303
827		0.324106
826.5		0.324279
826		0.324095
825.5		0.323975
825		0.323462
824.5		0.323362
824		0.32482
823.5		0.32528
823		0.324491
822.5		0.324435
822		0.324098
821.5		0.325185
821		0.324753
820.5		0.324868
820		0.324756
819.5		0.325574
819		0.325505
818.5		0.324656
818		0.325467
817.5		0.326255
817		0.32461
816.5		0.325714
816		0.324526
815.5		0.325463
815		0.326198
814.5		0.325874
814		0.325605
813.5		0.326402
813		0.326506
812.5		0.325978
812		0.326541
811.5		0.326867
811		0.326408
810.5		0.325289
810		0.326408
809.5		0.32566
809		0.327002
808.5		0.327536
808		0.327271
807.5		0.328167
807		0.327572
806.5		0.328
806		0.328133
805.5		0.327776
805		0.327698
804.5		0.327242
804		0.327411
803.5		0.328867
803		0.327712
802.5		0.328804
802		0.327916
801.5		0.327541
801		0.32983
800.5		0.327888
800		0.329404
799.5		0.329404
799		0.328714
798.5		0.328774
798		0.329473
797.5		0.330064
797		0.330538
796.5		0.329608
796		0.328946
795.5		0.32911
795		0.330736
794.5		0.330338
794		0.33054
793.5		0.330077
793		0.331302
792.5		0.332202
792		0.331666
791.5		0.330775
791		0.32982
790.5		0.332136
790		0.330811
789.5		0.331835
789		0.331505
788.5		0.333034
788		0.331505
787.5		0.331671
787		0.333067
786.5		0.332569
786		0.332073
785.5		0.3331
785		0.331974
784.5		0.333433
784		0.332868
783.5		0.33423
783		0.334499
782.5		0.333267
782		0.334064
781.5		0.334065
781		0.334728
780.5		0.334562
780		0.333367
779.5		0.335494
779		0.335061
778.5		0.334262
778		0.336093
777.5		0.334759
777		0.335291
776.5		0.336189
776		0.335555
775.5		0.336051
775		0.336693
774.5		0.335619
774		0.337226
773.5		0.337085
773		0.337644
772.5		0.336655
772		0.336182
771.5		0.338319
771		0.337545
770.5		0.337775
770		0.338347
769.5		0.338576
769		0.338509
768.5		0.338339
768		0.337974
767.5		0.33957
767		0.338732
766.5		0.339504
766		0.340773
765.5		0.33914
765		0.339681
764.5		0.340373
764		0.340694
763.5		0.341505
763		0.339988
762.5		0.341859
762		0.341158
761.5		0.34028
761		0.342056
760.5		0.341823
760		0.34319
759.5		0.341619
759		0.34204
758.5		0.343042
758		0.342965
757.5		0.343169
757		0.343334
756.5		0.343427
756		0.344073
755.5		0.344464
755		0.34466
754.5		0.345527
754		0.344233
753.5		0.346169
753		0.346395
752.5		0.345207
752		0.346246
751.5		0.345446
751		0.346971
750.5		0.346566
750		0.347162
749.5		0.348038
749		0.347697
748.5		0.347692
748		0.348357
747.5		0.348309
747		0.349101
746.5		0.34839
746		0.348789
745.5		0.349331
745		0.349361
744.5		0.350342
744		0.34999
743.5		0.34892
743		0.350312
742.5		0.351134
742		0.351654
741.5		0.351009
741		0.351405
740.5		0.351678
740		0.351824
739.5		0.352522
739		0.352273
738.5		0.353302
738		0.353604
737.5		0.35372
737		0.353377
736.5		0.354132
736		0.355224
735.5		0.353626
735		0.354985
734.5		0.353966
734		0.355347
733.5		0.355637
733		0.355306
732.5		0.355949
732		0.355348
731.5		0.356175
731		0.35668
730.5		0.357038
730		0.357269
729.5		0.358437
729		0.357604
728.5		0.356955
728		0.358363
727.5		0.357261
727		0.357748
726.5		0.359556
726		0.357212
725.5		0.359255
725		0.35773
724.5		0.358087
724		0.358091
723.5		0.358166
723		0.358842
722.5		0.357259
722		0.357401
721.5		0.357951
721		0.356893
720.5		0.356401
720		0.357527
719.5		0.355889
719		0.356901
718.5		0.355518
718		0.357123
717.5		0.355724
717		0.356261
716.5		0.356026
716		0.357498
715.5		0.357176
715		0.360231
714.5		0.359332
714		0.361552
713.5		0.362925
713		0.362932
712.5		0.365121
712		0.366361
711.5		0.366905
711		0.367845
710.5		0.369065
710		0.371476
709.5		0.370609
709		0.372346
708.5		0.373087
708		0.373259
707.5		0.374914
707		0.375505
706.5		0.375172
706		0.376726
705.5		0.376846
705		0.376169
704.5		0.377878
704		0.377414
703.5		0.378038
703		0.378764
702.5		0.379273
702		0.379976
701.5		0.379996
701		0.381084
700.5		0.381962
700		0.381641
699.5		0.383447
699		0.38233
698.5		0.382979
698		0.384221
697.5		0.384509
697		0.384979
696.5		0.386027
696		0.385737
695.5		0.385842
695		0.386303
694.5		0.387431
694		0.387958
693.5		0.387679
693		0.389234
692.5		0.389305
692		0.389815
691.5		0.391197
691		0.39058
690.5		0.392043
690		0.392445
689.5		0.392935
689		0.394074
688.5		0.39414
688		0.395255
687.5		0.395759
687		0.39556
686.5		0.396507
686		0.396582
685.5		0.397375
685		0.398362
684.5		0.398224
684		0.399408
683.5		0.401027
683		0.400395
682.5		0.401125
682		0.401538
681.5		0.401915
681		0.402741
680.5		0.403081
680		0.404738
679.5		0.404755
679		0.405817
678.5		0.406401
678		0.406621
677.5		0.407568
677		0.407704
676.5		0.409838
676		0.40981
675.5		0.410637
675		0.411061
674.5		0.411619
674		0.412463
673.5		0.41337
673		0.413899
672.5		0.413677
672		0.415143
671.5		0.415225
671		0.416848
670.5		0.417285
670		0.41811
669.5		0.418379
669		0.419387
668.5		0.42022
668		0.420132
667.5		0.420793
667		0.421126
666.5		0.423123
666		0.424155
665.5		0.423955
665		0.424302
664.5		0.425798
664		0.425227
663.5		0.42669
663		0.428048
662.5		0.428049
662		0.4286
661.5		0.430296
661		0.430451
660.5		0.431328
660		0.431796
659.5		0.432604
659		0.432786
658.5		0.433878
658		0.435282
657.5		0.435996
657		0.436113
656.5		0.437525
656		0.437797
655.5		0.438976
655		0.439679
654.5		0.439747
654		0.44092
653.5		0.44222
653		0.443287
652.5		0.44396
652		0.4432
651.5		0.445735
651		0.445258
650.5		0.446152
650		0.448026
649.5		0.448118
649		0.449067
648.5		0.449792
648		0.451565
647.5		0.451981
647		0.45403
646.5		0.453353
646		0.453968
645.5		0.455511
645		0.456137
644.5		0.457737
644		0.458719
643.5		0.459594
643		0.460512
642.5		0.461661
642		0.462527
641.5		0.463295
641		0.463915
640.5		0.46472
640		0.46676
639.5		0.467026
639		0.467532
638.5		0.469235
638		0.470229
637.5		0.471668
637		0.472576
636.5		0.473172
636		0.474387
635.5		0.47435
635		0.476765
634.5		0.477163
634		0.478309
633.5		0.479286
633		0.480081
632.5		0.481231
632		0.482174
631.5		0.482905
631		0.483096
630.5		0.48506
630		0.485484
629.5		0.485536
629		0.486019
628.5		0.486429
628		0.486505
627.5		0.486695
627		0.487839
626.5		0.487289
626		0.48756
625.5		0.488134
625		0.487446
624.5		0.488338
624		0.488574
623.5		0.488738
623		0.48861
622.5		0.488895
622		0.48981
621.5		0.490664
621		0.491418
620.5		0.490847
620		0.491155
619.5		0.492862
619		0.492523
618.5		0.493358
618		0.493218
617.5		0.49501
617		0.497962
616.5		0.498056
616		0.499563
615.5		0.499126
615		0.50073
614.5		0.501311
614		0.502627
613.5		0.503645
613		0.504134
612.5		0.5054
612		0.505881
611.5		0.507835
611		0.508796
610.5		0.509833
610		0.509427
609.5		0.51102
609		0.511321
608.5		0.512728
608		0.513847
607.5		0.514286
607		0.516239
606.5		0.516555
606		0.5176
605.5		0.518939
605		0.520062
604.5		0.520109
604		0.521477
603.5		0.522246
603		0.523967
602.5		0.524323
602		0.525294
601.5		0.526045
601		0.527856
600.5		0.527923
600		0.528476
599.5		0.529943
599		0.529269
598.5		0.531032
598		0.53332
597.5		0.534071
597		0.535579
596.5		0.535607
596		0.535493
595.5		0.536779
595		0.537799
594.5		0.539043
594		0.539928
593.5		0.54134
593		0.541925
592.5		0.543748
592		0.543571
591.5		0.544435
591		0.544866
590.5		0.547179
590		0.547819
589.5		0.548312
589		0.549401
588.5		0.549725
588		0.551611
587.5		0.552749
587		0.55286
586.5		0.553528
586		0.554912
585.5		0.555491
585		0.556166
584.5		0.55695
584		0.55798
583.5		0.557752
583		0.560712
582.5		0.561444
582		0.560745
581.5		0.562428
581		0.562879
580.5		0.564328
580		0.566098
579.5		0.566165
579		0.567007
578.5		0.567921
578		0.568493
577.5		0.570465
577		0.570451
576.5		0.570961
576		0.572351
575.5		0.574684
575		0.574181
574.5		0.575034
574		0.576394
573.5		0.575947
573		0.579348
572.5		0.58058
572		0.57991
571.5		0.580239
571		0.581353
570.5		0.582684
570		0.583365
569.5		0.584728
569		0.584182
568.5		0.586263
568		0.58586
567.5		0.588264
567		0.588948
566.5		0.588992
566		0.588919
565.5		0.590294
565		0.592561
564.5		0.593315
564		0.594317
563.5		0.594185
563		0.594196
562.5		0.597272
562		0.598216
561.5		0.597031
561		0.600019
560.5		0.599291
560		0.602303
559.5		0.603828
559		0.603337
558.5		0.604185
558		0.605953
557.5		0.605079
557		0.606982
556.5		0.607958
556		0.607358
555.5		0.609433
555		0.609765
554.5		0.611638
554		0.611244
553.5		0.611819
553		0.612569
552.5		0.613338
552		0.614913
551.5		0.61649
551		0.616371
550.5		0.617101
550		0.617316
549.5		0.619038
549		0.619817
548.5		0.620264
548		0.620795
547.5		0.620861
547		0.623111
546.5		0.623817
546		0.623327
545.5		0.625514
545		0.625346
544.5		0.626673
544		0.627483
543.5		0.626897
543		0.629109
542.5		0.628814
542		0.630121
541.5		0.630339
541		0.630625
540.5		0.631233
540		0.630853
539.5		0.63376
539		0.634223
538.5		0.63347
538		0.635332
537.5		0.635688
537		0.636962
536.5		0.637862
536		0.637351
535.5		0.637903
535		0.638958
534.5		0.638699
534		0.640987
533.5		0.639034
533		0.640708
532.5		0.64283
532		0.641743
531.5		0.643986
531		0.642205
530.5		0.644618
530		0.64495
529.5		0.644683
529		0.647339
528.5		0.645689
528		0.646734
527.5		0.648078
527		0.647819
526.5		0.649258
526		0.649577
525.5		0.649905
525		0.651623
524.5		0.650347
524		0.652625
523.5		0.652861
523		0.652811
522.5		0.653323
522		0.652947
521.5		0.655215
521		0.654798
520.5		0.654343
520		0.655385
519.5		0.654504
519		0.656616
518.5		0.656765
518		0.656556
517.5		0.657377
517		0.657124
516.5		0.65748
516		0.65968
515.5		0.658133
515		0.6594
514.5		0.660057
514		0.658929
513.5		0.660532
513		0.659968
512.5		0.661423
512		0.661831
511.5		0.661114
511		0.663071
510.5		0.66171
510		0.662317
509.5		0.66247
509		0.661211
508.5		0.663235
508		0.661625
507.5		0.663115
507		0.663338
506.5		0.661638
506		0.662085
505.5		0.662053
505		0.661715
504.5		0.661469
504		0.661415
503.5		0.660294
503		0.660672
502.5		0.660595
502		0.659977
501.5		0.658995
501		0.658942
500.5		0.659308
500		0.658493
499.5		0.659118
499		0.658695
498.5		0.65748
498		0.657966
497.5		0.657299
497		0.657153
496.5		0.654668
496		0.656464
495.5		0.655545
495		0.654463
494.5		0.653864
494		0.654144
493.5		0.654034
493		0.652066
492.5		0.652641
492		0.652609
491.5		0.650037
491		0.650115
490.5		0.650188
490		0.650757
489.5		0.648616
489		0.64777
488.5		0.647996
488		0.646451
487.5		0.64762
487		0.645182
486.5		0.645418
486		0.645746
485.5		0.641723
485		0.643765
484.5		0.643144
484		0.641037
483.5		0.640663
483		0.639081
482.5		0.640259
482		0.638525
481.5		0.637704
481		0.637066
480.5		0.634886
480		0.635215
479.5		0.635587
479		0.633058
478.5		0.633354
478		0.631303
477.5		0.630775
477		0.631155
476.5		0.628386
476		0.630105
475.5		0.626464
475		0.625765
474.5		0.6275
474		0.624899
473.5		0.625
473		0.623092
472.5		0.623342
472		0.622748
471.5		0.622268
471		0.620527
470.5		0.61949
470		0.618242
469.5		0.618436
469		0.616891
468.5		0.616607
468		0.615111
467.5		0.61328
467		0.613936
466.5		0.611758
466		0.612297
465.5		0.610994
465		0.610183
464.5		0.61157
464		0.608524
463.5		0.608928
463		0.606153
462.5		0.606079
462		0.605405
461.5		0.606423
461		0.605662
460.5		0.603249
460		0.602484
459.5		0.602012
459		0.600832
458.5		0.600674
458		0.599256
457.5		0.597082
457		0.597535
456.5		0.597909
456		0.596534
455.5		0.597598
455		0.596318
454.5		0.595211
454		0.595209
453.5		0.593655
453		0.592407
452.5		0.593476
452		0.593644
451.5		0.591261
451		0.591796
450.5		0.59079
450		0.589102
449.5		0.589567
449		0.587291
448.5		0.589226
448		0.587488
447.5		0.586516
447		0.587324
446.5		0.584828
446		0.584876
445.5		0.583341
445		0.583069
444.5		0.583923
444		0.581597
443.5		0.580491
443		0.580831
442.5		0.580234
442		0.580208
441.5		0.579628
441		0.57815
440.5		0.579073
440		0.577928
439.5		0.577843
439		0.576441
438.5		0.574283
438		0.575107
437.5		0.575453
437		0.574949
436.5		0.574756
436		0.573359
435.5		0.573488
435		0.571454
434.5		0.572675
434		0.571556
433.5		0.569083
433		0.571289
432.5		0.570449
432		0.569082
431.5		0.569182
431		0.567155
430.5		0.570436
430		0.565607
429.5		0.567928
429		0.567215
428.5		0.565082
428		0.566581
427.5		0.56352
427		0.564002
426.5		0.563889
426		0.562649
425.5		0.563092
425		0.560913
424.5		0.561416
424		0.56129
423.5		0.561715
423		0.560891
422.5		0.561483
422		0.558219
421.5		0.560014
421		0.558043
420.5		0.558777
420		0.557222
419.5		0.55629
419		0.557325
418.5		0.556113
418		0.555507
417.5		0.554755
417		0.553123
416.5		0.554375
416		0.553477
415.5		0.553734
415		0.552401
414.5		0.552521
414		0.552177
413.5		0.551129
413		0.550638
412.5		0.551174
412		0.549362
411.5		0.551238
411		0.549436
410.5		0.547492
410		0.550039
409.5		0.54715
409		0.547078
408.5		0.546871
408		0.547658
407.5		0.548303
407		0.545779
406.5		0.54608
406		0.545122
405.5		0.543805
405		0.544346
404.5		0.544325
404		0.543771
403.5		0.542517
403		0.541952
402.5		0.54218
402		0.543269
401.5		0.541895
401		0.541696
400.5		0.540866
400		0.540939
399.5		0.541041
399		0.539501
398.5		0.538501
398		0.538368
397.5		0.538288
397		0.537343
396.5		0.538475
396		0.53972
395.5		0.538195
395		0.537731
394.5		0.53739
394		0.536148
393.5		0.538648
393		0.53497
392.5		0.53534
392		0.535305
391.5		0.534125
391		0.535456
390.5		0.534055
390		0.533922
389.5		0.532288
389		0.533819
388.5		0.533236
388		0.53286
387.5		0.533686
387		0.532748
386.5		0.531953
386		0.532069
385.5		0.531417
385		0.53305
384.5		0.528999
384		0.52822
383.5		0.529904
383		0.528001
382.5		0.529367
382		0.530286
381.5		0.528644
381		0.528189
380.5		0.528025
380		0.529788
379.5		0.52449
379		0.528799
378.5		0.528041
378		0.525642
377.5		0.527271
377		0.524622
376.5		0.524592
376		0.526421
375.5		0.525622
375		0.527412
374.5		0.52581
374		0.523873
373.5		0.527666
373		0.525098
372.5		0.523592
372		0.525807
371.5		0.521764
371		0.523133
370.5		0.523478
370		0.522252
369.5		0.523905
369		0.521527
368.5		0.52089
368		0.522164
367.5		0.519647
367		0.521998
366.5		0.520992
366		0.52038
365.5		0.522026
365		0.517809
364.5		0.52056
364		0.520264
363.5		0.520115
363		0.521632
362.5		0.51931
362		0.519272
361.5		0.518534
361		0.519128
360.5		0.520698
360		0.518861
359.5		0.519692
359		0.519283
358.5		0.512175
358		0.51887
357.5		0.516334
357		0.517894
356.5		0.518404
356		0.518072
355.5		0.517317
355		0.515958
354.5		0.513649
354		0.515363
353.5		0.517457
353		0.513728
352.5		0.513012
352		0.514592
351.5		0.515883
351		0.516845
350.5		0.5145
350		0.512692
349.5		0.511973
349		0.511478
348.5		0.509793
348		0.509047
347.5		0.513511
347		0.51261
346.5		0.510906
346		0.509034
345.5		0.504694
345		0.508559
344.5		0.508814
344		0.50707
343.5		0.504585
343		0.509068
342.5		0.507324
342		0.506656
341.5		0.510066
341		0.50504
340.5		0.505311
340		0.503085
339.5		0.499257
339		0.502778
338.5		0.502363
338		0.506068
337.5		0.503371
337		0.50734
336.5		0.499454
336		0.503611
335.5		0.498907
335		0.498366
334.5		0.49638
334		0.496314
333.5		0.496124
333		0.496853
332.5		0.495379
332		0.496944
331.5		0.493696
331		0.493754
330.5		0.4948
330		0.49733
329.5		0.491006
329		0.49238
328.5		0.491232
328		0.493106
327.5		0.489791
327		0.491581
326.5		0.488916
326		0.488507
325.5		0.491593
325		0.486192
324.5		0.492301
324		0.48997
323.5		0.488346
323		0.489819
322.5		0.485697
322		0.486906
321.5		0.48191
321		0.485742
320.5		0.486085
320		0.479071
319.5		0.481311
319		0.483708
318.5		0.485691
318		0.483628
317.5		0.483039
317		0.479223
316.5		0.481809
316		0.479907
315.5		0.47802
315		0.47495
314.5		0.477445
314		0.476576
313.5		0.475095
313		0.478784
312.5		0.480678
312		0.472706
311.5		0.477848
311		0.471357
310.5		0.478386
310		0.474105
309.5		0.471593
309		0.475952
308.5		0.472149
308		0.472884
307.5		0.470026
307		0.478363
306.5		0.472996
306		0.472178
305.5		0.472485
305		0.468832
304.5		0.470825
304		0.474737
303.5		0.471593
303		0.47281
302.5		0.470519
302		0.466029
301.5		0.470485
301		0.467608
300.5		0.469157
300		0.474616
299.5		0.471007
299		0.471607
298.5		0.469082
298		0.466124
297.5		0.465953
297		0.465811
296.5		0.469491
296		0.467985
295.5		0.46973
295		0.470937
294.5		0.466958
294		0.466453
293.5		0.469303
293		0.471438
292.5		0.466619
292		0.472444
291.5		0.464008
291		0.469074
290.5		0.47081
290		0.468244
289.5		0.472577
289		0.465551
288.5		0.47222
288		0.466124
287.5		0.464707
287		0.466481
286.5		0.472228
286		0.467626
285.5		0.467782
285		0.466749
284.5		0.473878
284		0.475045
283.5		0.467978
283		0.472616
282.5		0.470895
282		0.473434
281.5		0.473934
281		0.478718
280.5		0.472678
280		0.474453
279.5		0.475563
279		0.479233
278.5		0.484013
278		0.478062
277.5		0.481023
277		0.480854
276.5		0.479566
276		0.484602
275.5		0.484544
275		0.486348
274.5		0.495511
274		0.485678
273.5		0.483106
273		0.486793
272.5		0.488965
272		0.482946
271.5		0.491756
271		0.497671
270.5		0.499383
270		0.498413
269.5		0.483388
269		0.4918
268.5		0.499484
268		0.50403
267.5		0.49894
267		0.495094
266.5		0.497379
266		0.507713
265.5		0.507907
265		0.494168
264.5		0.487065
264		0.496646
263.5		0.528969
263		0.50572
262.5		0.504261
262		0.514942
261.5		0.519515
261		0.51406
260.5		0.514849
260		0.525938
259.5		0.524822
259		0.524516
258.5		0.520968
258		0.522524
257.5		0.512
257		0.538832
256.5		0.53714
256		0.529752
255.5		0.557421
255		0.537092
254.5		0.557643
254		0.534229
253.5		0.573085
253		0.526391
252.5		0.552503
252		0.554124
251.5		0.550168
251		0.513479
250.5		0.555149
250		0.544662
249.5		0.537968
249		0.519777
248.5		0.564141
248		0.568711
247.5		0.535505
247		0.576317
246.5		0.559355
246		0.54278
245.5		0.567182
245		0.554115
244.5		0.562966
244		0.536909
243.5		0.574243
243		0.538904
242.5		0.629993
242		0.539882
241.5		0.622457
241		0.556799
240.5		0.616402
240		0.569574
239.5		0.518423
239		0.549642
238.5		0.575203
238		0.585392
237.5		0.651091
237		0.559908
236.5		0.510083
236		0.58086
235.5		0.509854
235		0.468272
234.5		0.597928
234		0.48803
233.5		0.609081
233		0.524162
232.5		0.768649
232		0.543303
231.5		0.543345
231		0.557036
230.5		0.545712
230		0.72006
229.5		0.510632
229		0.445771
228.5		0.451624
228		0.637485
227.5		0.637076
227		0.544001
226.5		0.303481
226		0.419514
225.5		0.642717
225		0.612123
224.5		0.522306
224		0.52135
223.5		0.499207
223		0.474068
222.5		0.413742
222		0.66853
221.5		0.383896
221		0.340385
220.5		0.639862
220		0.358978
219.5		0.255593
219		0.621731
218.5		1.04984
218		0.646508
217.5		0.789971
217		0.450919
216.5		0.525179
216		0.818731
215.5		0.0624767
215		0.613349
214.5		1.82877
214		0.188869
213.5		0.380171
213		0.187423
212.5		-0.204572
212		2.64006
211.5		-0.35435
211		1.02173
210.5		-1.86275
210		0.206216
209.5		0.227649
209		1.45534
208.5		0.232029
208		0.252291
207.5		0.303138
207		0.181361
206.5		-3.25147
206		0.583685
205.5		0.640833
205		0.182733
204.5		0.127652
204		0.228539
203.5		0.15009
203		-0.651648
202.5		-0.589994
202		0.180033
201.5		1.05824
201		-0.528198
200.5		-1.16567
200		0.202187
