16/04/2024 16.44.53
16/04/2024 16.53.53

800.0000	  7.7000

800.0000	  7.7000

900.0000	  6.9400



  1.0000
900.0000
  3.0000
340.0000
  1.0000
1401.0000
  5.0000
  6.0000
  1.0000
  1.0000
  0.0000
  0.0000
100.0000
  0.0000
  1.0000
  0.0000
500.0000
900.0000
200.0000
  4.0000
  1.0000
 18.0000
  2.0000
  1.0000
255.0000
  0.8376
  1.0000
 30.0000
  4.0000
500.0000
  0.0000
  0.0000
  4.0000
900.0000
200.0000
  0.0000
100.0000
  0.0000
  1.0000
  0.0000
500.0000
  1.0000
  1.0000
  1.0000
  1.0000
  4.0000
  0.0000
  1.0000
  1.0000
  1.0000
  1.0000
  1.0000
  2.0000
  1.0000
  1.0000
  1.0000
  3.0000
  1.0000
  1.0000
  1.0000
  4.0000
  5.0000
539.287
0.000

lambda: 800
Abs:    0.0005
ID:     15
Run:    2

#
900.0000	  0.0761
899.5000	  0.0757
899.0000	  0.0816
898.5000	  0.0733
898.0000	  0.0683
897.5000	  0.0769
897.0000	  0.0668
896.5000	  0.0738
896.0000	  0.0705
895.5000	  0.0716
895.0000	  0.0733
894.5000	  0.0730
894.0000	  0.0717
893.5000	  0.0774
893.0000	  0.0720
892.5000	  0.0729
892.0000	  0.0724
891.5000	  0.0688
891.0000	  0.0753
890.5000	  0.0769
890.0000	  0.0737
889.5000	  0.0745
889.0000	  0.0702
888.5000	  0.0729
888.0000	  0.0732
887.5000	  0.0758
887.0000	  0.0735
886.5000	  0.0725
886.0000	  0.0771
885.5000	  0.0765
885.0000	  0.0725
884.5000	  0.0789
884.0000	  0.0717
883.5000	  0.0730
883.0000	  0.0723
882.5000	  0.0738
882.0000	  0.0718
881.5000	  0.0729
881.0000	  0.0762
880.5000	  0.0739
880.0000	  0.0722
879.5000	  0.0716
879.0000	  0.0769
878.5000	  0.0752
878.0000	  0.0748
877.5000	  0.0762
877.0000	  0.0747
876.5000	  0.0759
876.0000	  0.0742
875.5000	  0.0748
875.0000	  0.0745
874.5000	  0.0753
874.0000	  0.0760
873.5000	  0.0748
873.0000	  0.0761
872.5000	  0.0744
872.0000	  0.0757
871.5000	  0.0758
871.0000	  0.0760
870.5000	  0.0762
870.0000	  0.0780
869.5000	  0.0749
869.0000	  0.0765
868.5000	  0.0770
868.0000	  0.0759
867.5000	  0.0749
867.0000	  0.0773
866.5000	  0.0769
866.0000	  0.0761
865.5000	  0.0751
865.0000	  0.0764
864.5000	  0.0767
864.0000	  0.0759
863.5000	  0.0751
863.0000	  0.0764
862.5000	  0.0766
862.0000	  0.0768
861.5000	  0.0771
861.0000	  0.0769
860.5000	  0.0779
860.0000	  0.0771
859.5000	  0.0769
859.0000	  0.0765
858.5000	  0.0769
858.0000	  0.0776
857.5000	  0.0769
857.0000	  0.0767
856.5000	  0.0773
856.0000	  0.0778
855.5000	  0.0771
855.0000	  0.0780
854.5000	  0.0781
854.0000	  0.0781
853.5000	  0.0775
853.0000	  0.0776
852.5000	  0.0772
852.0000	  0.0778
851.5000	  0.0778
851.0000	  0.0778
850.5000	  0.0776
850.0000	  0.0782
849.5000	  0.0777
849.0000	  0.0775
848.5000	  0.0780
848.0000	  0.0771
847.5000	  0.0782
847.0000	  0.0781
846.5000	  0.0782
846.0000	  0.0786
845.5000	  0.0780
845.0000	  0.0787
844.5000	  0.0778
844.0000	  0.0781
843.5000	  0.0779
843.0000	  0.0786
842.5000	  0.0778
842.0000	  0.0780
841.5000	  0.0780
841.0000	  0.0782
840.5000	  0.0782
840.0000	  0.0780
839.5000	  0.0780
839.0000	  0.0781
838.5000	  0.0784
838.0000	  0.0782
837.5000	  0.0781
837.0000	  0.0786
836.5000	  0.0782
836.0000	  0.0781
835.5000	  0.0777
835.0000	  0.0779
834.5000	  0.0782
834.0000	  0.0778
833.5000	  0.0781
833.0000	  0.0781
832.5000	  0.0779
832.0000	  0.0784
831.5000	  0.0780
831.0000	  0.0778
830.5000	  0.0779
830.0000	  0.0778
829.5000	  0.0776
829.0000	  0.0778
828.5000	  0.0779
828.0000	  0.0779
827.5000	  0.0775
827.0000	  0.0776
826.5000	  0.0777
826.0000	  0.0779
825.5000	  0.0779
825.0000	  0.0780
824.5000	  0.0776
824.0000	  0.0778
823.5000	  0.0776
823.0000	  0.0780
822.5000	  0.0779
822.0000	  0.0774
821.5000	  0.0781
821.0000	  0.0778
820.5000	  0.0778
820.0000	  0.0777
819.5000	  0.0778
819.0000	  0.0777
818.5000	  0.0778
818.0000	  0.0776
817.5000	  0.0776
817.0000	  0.0775
816.5000	  0.0779
816.0000	  0.0774
815.5000	  0.0772
815.0000	  0.0775
814.5000	  0.0775
814.0000	  0.0776
813.5000	  0.0778
813.0000	  0.0779
812.5000	  0.0774
812.0000	  0.0776
811.5000	  0.0776
811.0000	  0.0776
810.5000	  0.0771
810.0000	  0.0775
809.5000	  0.0767
809.0000	  0.0777
808.5000	  0.0774
808.0000	  0.0772
807.5000	  0.0775
807.0000	  0.0773
806.5000	  0.0775
806.0000	  0.0771
805.5000	  0.0772
805.0000	  0.0772
804.5000	  0.0772
804.0000	  0.0771
803.5000	  0.0772
803.0000	  0.0770
802.5000	  0.0768
802.0000	  0.0771
801.5000	  0.0772
801.0000	  0.0772
800.5000	  0.0769
800.0000	  0.0770
799.5000	  0.0771
799.0000	  0.0768
798.5000	  0.0771
798.0000	  0.0767
797.5000	  0.0769
797.0000	  0.0769
796.5000	  0.0769
796.0000	  0.0767
795.5000	  0.0766
795.0000	  0.0769
794.5000	  0.0769
794.0000	  0.0765
793.5000	  0.0766
793.0000	  0.0766
792.5000	  0.0766
792.0000	  0.0763
791.5000	  0.0766
791.0000	  0.0764
790.5000	  0.0764
790.0000	  0.0765
789.5000	  0.0764
789.0000	  0.0762
788.5000	  0.0760
788.0000	  0.0762
787.5000	  0.0763
787.0000	  0.0759
786.5000	  0.0761
786.0000	  0.0761
785.5000	  0.0761
785.0000	  0.0759
784.5000	  0.0759
784.0000	  0.0758
783.5000	  0.0760
783.0000	  0.0755
782.5000	  0.0757
782.0000	  0.0757
781.5000	  0.0755
781.0000	  0.0757
780.5000	  0.0754
780.0000	  0.0755
779.5000	  0.0755
779.0000	  0.0757
778.5000	  0.0754
778.0000	  0.0754
777.5000	  0.0754
777.0000	  0.0752
776.5000	  0.0752
776.0000	  0.0751
775.5000	  0.0749
775.0000	  0.0751
774.5000	  0.0749
774.0000	  0.0750
773.5000	  0.0749
773.0000	  0.0749
772.5000	  0.0747
772.0000	  0.0750
771.5000	  0.0745
771.0000	  0.0745
770.5000	  0.0747
770.0000	  0.0743
769.5000	  0.0745
769.0000	  0.0744
768.5000	  0.0744
768.0000	  0.0739
767.5000	  0.0743
767.0000	  0.0741
766.5000	  0.0739
766.0000	  0.0740
765.5000	  0.0738
765.0000	  0.0739
764.5000	  0.0740
764.0000	  0.0737
763.5000	  0.0738
763.0000	  0.0736
762.5000	  0.0738
762.0000	  0.0738
761.5000	  0.0737
761.0000	  0.0736
760.5000	  0.0735
760.0000	  0.0735
759.5000	  0.0732
759.0000	  0.0734
758.5000	  0.0732
758.0000	  0.0728
757.5000	  0.0730
757.0000	  0.0730
756.5000	  0.0728
756.0000	  0.0727
755.5000	  0.0728
755.0000	  0.0728
754.5000	  0.0728
754.0000	  0.0728
753.5000	  0.0727
753.0000	  0.0723
752.5000	  0.0725
752.0000	  0.0723
751.5000	  0.0724
751.0000	  0.0721
750.5000	  0.0723
750.0000	  0.0721
749.5000	  0.0720
749.0000	  0.0722
748.5000	  0.0721
748.0000	  0.0721
747.5000	  0.0719
747.0000	  0.0716
746.5000	  0.0715
746.0000	  0.0718
745.5000	  0.0715
745.0000	  0.0716
744.5000	  0.0715
744.0000	  0.0713
743.5000	  0.0711
743.0000	  0.0713
742.5000	  0.0712
742.0000	  0.0712
741.5000	  0.0712
741.0000	  0.0710
740.5000	  0.0712
740.0000	  0.0713
739.5000	  0.0712
739.0000	  0.0706
738.5000	  0.0708
738.0000	  0.0708
737.5000	  0.0709
737.0000	  0.0709
736.5000	  0.0703
736.0000	  0.0704
735.5000	  0.0708
735.0000	  0.0705
734.5000	  0.0704
734.0000	  0.0702
733.5000	  0.0704
733.0000	  0.0703
732.5000	  0.0702
732.0000	  0.0703
731.5000	  0.0702
731.0000	  0.0703
730.5000	  0.0701
730.0000	  0.0701
729.5000	  0.0702
729.0000	  0.0701
728.5000	  0.0698
728.0000	  0.0701
727.5000	  0.0701
727.0000	  0.0702
726.5000	  0.0702
726.0000	  0.0700
725.5000	  0.0702
725.0000	  0.0703
724.5000	  0.0702
724.0000	  0.0701
723.5000	  0.0702
723.0000	  0.0703
722.5000	  0.0703
722.0000	  0.0706
721.5000	  0.0704
721.0000	  0.0710
720.5000	  0.0710
720.0000	  0.0712
719.5000	  0.0713
719.0000	  0.0712
718.5000	  0.0712
718.0000	  0.0714
717.5000	  0.0713
717.0000	  0.0716
716.5000	  0.0712
716.0000	  0.0710
715.5000	  0.0711
715.0000	  0.0704
714.5000	  0.0705
714.0000	  0.0698
713.5000	  0.0697
713.0000	  0.0695
712.5000	  0.0691
712.0000	  0.0688
711.5000	  0.0687
711.0000	  0.0684
710.5000	  0.0682
710.0000	  0.0680
709.5000	  0.0679
709.0000	  0.0677
708.5000	  0.0672
708.0000	  0.0670
707.5000	  0.0670
707.0000	  0.0670
706.5000	  0.0667
706.0000	  0.0669
705.5000	  0.0669
705.0000	  0.0667
704.5000	  0.0667
704.0000	  0.0667
703.5000	  0.0666
703.0000	  0.0665
702.5000	  0.0665
702.0000	  0.0664
701.5000	  0.0663
701.0000	  0.0663
700.5000	  0.0665
700.0000	  0.0662
699.5000	  0.0660
699.0000	  0.0660
698.5000	  0.0660
698.0000	  0.0660
697.5000	  0.0659
697.0000	  0.0659
696.5000	  0.0659
696.0000	  0.0659
695.5000	  0.0657
695.0000	  0.0655
694.5000	  0.0655
694.0000	  0.0654
693.5000	  0.0657
693.0000	  0.0653
692.5000	  0.0652
692.0000	  0.0655
691.5000	  0.0654
691.0000	  0.0653
690.5000	  0.0651
690.0000	  0.0652
689.5000	  0.0650
689.0000	  0.0651
688.5000	  0.0651
688.0000	  0.0651
687.5000	  0.0651
687.0000	  0.0649
686.5000	  0.0649
686.0000	  0.0648
685.5000	  0.0648
685.0000	  0.0649
684.5000	  0.0647
684.0000	  0.0648
683.5000	  0.0647
683.0000	  0.0645
682.5000	  0.0645
682.0000	  0.0646
681.5000	  0.0645
681.0000	  0.0644
680.5000	  0.0647
680.0000	  0.0645
679.5000	  0.0645
679.0000	  0.0645
678.5000	  0.0643
678.0000	  0.0645
677.5000	  0.0644
677.0000	  0.0645
676.5000	  0.0645
676.0000	  0.0643
675.5000	  0.0643
675.0000	  0.0642
674.5000	  0.0642
674.0000	  0.0641
673.5000	  0.0643
673.0000	  0.0640
672.5000	  0.0640
672.0000	  0.0642
671.5000	  0.0642
671.0000	  0.0642
670.5000	  0.0641
670.0000	  0.0641
669.5000	  0.0640
669.0000	  0.0639
668.5000	  0.0640
668.0000	  0.0643
667.5000	  0.0640
667.0000	  0.0641
666.5000	  0.0638
666.0000	  0.0640
665.5000	  0.0642
665.0000	  0.0639
664.5000	  0.0639
664.0000	  0.0640
663.5000	  0.0640
663.0000	  0.0638
662.5000	  0.0639
662.0000	  0.0640
661.5000	  0.0639
661.0000	  0.0639
660.5000	  0.0641
660.0000	  0.0639
659.5000	  0.0639
659.0000	  0.0639
658.5000	  0.0640
658.0000	  0.0641
657.5000	  0.0640
657.0000	  0.0641
656.5000	  0.0641
656.0000	  0.0639
655.5000	  0.0641
655.0000	  0.0641
654.5000	  0.0641
654.0000	  0.0639
653.5000	  0.0642
653.0000	  0.0641
652.5000	  0.0642
652.0000	  0.0644
651.5000	  0.0641
651.0000	  0.0643
650.5000	  0.0642
650.0000	  0.0644
649.5000	  0.0643
649.0000	  0.0642
648.5000	  0.0644
648.0000	  0.0645
647.5000	  0.0645
647.0000	  0.0646
646.5000	  0.0645
646.0000	  0.0644
645.5000	  0.0645
645.0000	  0.0647
644.5000	  0.0646
644.0000	  0.0648
643.5000	  0.0646
643.0000	  0.0647
642.5000	  0.0649
642.0000	  0.0648
641.5000	  0.0650
641.0000	  0.0648
640.5000	  0.0648
640.0000	  0.0650
639.5000	  0.0650
639.0000	  0.0649
638.5000	  0.0650
638.0000	  0.0650
637.5000	  0.0652
637.0000	  0.0652
636.5000	  0.0652
636.0000	  0.0653
635.5000	  0.0654
635.0000	  0.0654
634.5000	  0.0655
634.0000	  0.0656
633.5000	  0.0656
633.0000	  0.0656
632.5000	  0.0659
632.0000	  0.0658
631.5000	  0.0660
631.0000	  0.0661
630.5000	  0.0661
630.0000	  0.0662
629.5000	  0.0663
629.0000	  0.0666
628.5000	  0.0667
628.0000	  0.0668
627.5000	  0.0671
627.0000	  0.0672
626.5000	  0.0673
626.0000	  0.0678
625.5000	  0.0678
625.0000	  0.0681
624.5000	  0.0684
624.0000	  0.0685
623.5000	  0.0686
623.0000	  0.0689
622.5000	  0.0691
622.0000	  0.0691
621.5000	  0.0696
621.0000	  0.0697
620.5000	  0.0698
620.0000	  0.0702
619.5000	  0.0700
619.0000	  0.0703
618.5000	  0.0704
618.0000	  0.0706
617.5000	  0.0707
617.0000	  0.0710
616.5000	  0.0711
616.0000	  0.0712
615.5000	  0.0711
615.0000	  0.0714
614.5000	  0.0714
614.0000	  0.0716
613.5000	  0.0717
613.0000	  0.0719
612.5000	  0.0722
612.0000	  0.0723
611.5000	  0.0725
611.0000	  0.0725
610.5000	  0.0727
610.0000	  0.0729
609.5000	  0.0732
609.0000	  0.0731
608.5000	  0.0734
608.0000	  0.0736
607.5000	  0.0736
607.0000	  0.0740
606.5000	  0.0741
606.0000	  0.0743
605.5000	  0.0743
605.0000	  0.0745
604.5000	  0.0748
604.0000	  0.0749
603.5000	  0.0752
603.0000	  0.0753
602.5000	  0.0756
602.0000	  0.0758
601.5000	  0.0760
601.0000	  0.0763
600.5000	  0.0763
600.0000	  0.0767
599.5000	  0.0767
599.0000	  0.0770
598.5000	  0.0773
598.0000	  0.0775
597.5000	  0.0777
597.0000	  0.0780
596.5000	  0.0783
596.0000	  0.0786
595.5000	  0.0784
595.0000	  0.0788
594.5000	  0.0791
594.0000	  0.0792
593.5000	  0.0793
593.0000	  0.0798
592.5000	  0.0801
592.0000	  0.0804
591.5000	  0.0803
591.0000	  0.0810
590.5000	  0.0811
590.0000	  0.0813
589.5000	  0.0816
589.0000	  0.0819
588.5000	  0.0822
588.0000	  0.0823
587.5000	  0.0826
587.0000	  0.0829
586.5000	  0.0832
586.0000	  0.0835
585.5000	  0.0836
585.0000	  0.0842
584.5000	  0.0843
584.0000	  0.0845
583.5000	  0.0848
583.0000	  0.0851
582.5000	  0.0854
582.0000	  0.0858
581.5000	  0.0858
581.0000	  0.0864
580.5000	  0.0867
580.0000	  0.0868
579.5000	  0.0872
579.0000	  0.0874
578.5000	  0.0878
578.0000	  0.0881
577.5000	  0.0886
577.0000	  0.0889
576.5000	  0.0891
576.0000	  0.0895
575.5000	  0.0895
575.0000	  0.0902
574.5000	  0.0903
574.0000	  0.0908
573.5000	  0.0911
573.0000	  0.0915
572.5000	  0.0918
572.0000	  0.0923
571.5000	  0.0926
571.0000	  0.0929
570.5000	  0.0932
570.0000	  0.0935
569.5000	  0.0941
569.0000	  0.0942
568.5000	  0.0947
568.0000	  0.0951
567.5000	  0.0954
567.0000	  0.0962
566.5000	  0.0963
566.0000	  0.0966
565.5000	  0.0969
565.0000	  0.0976
564.5000	  0.0979
564.0000	  0.0984
563.5000	  0.0988
563.0000	  0.0993
562.5000	  0.0995
562.0000	  0.0999
561.5000	  0.1004
561.0000	  0.1010
560.5000	  0.1013
560.0000	  0.1022
559.5000	  0.1024
559.0000	  0.1028
558.5000	  0.1035
558.0000	  0.1037
557.5000	  0.1043
557.0000	  0.1049
556.5000	  0.1056
556.0000	  0.1057
555.5000	  0.1063
555.0000	  0.1067
554.5000	  0.1070
554.0000	  0.1078
553.5000	  0.1082
553.0000	  0.1087
552.5000	  0.1091
552.0000	  0.1094
551.5000	  0.1102
551.0000	  0.1106
550.5000	  0.1113
550.0000	  0.1118
549.5000	  0.1120
549.0000	  0.1128
548.5000	  0.1132
548.0000	  0.1137
547.5000	  0.1142
547.0000	  0.1148
546.5000	  0.1153
546.0000	  0.1157
545.5000	  0.1166
545.0000	  0.1169
544.5000	  0.1173
544.0000	  0.1179
543.5000	  0.1187
543.0000	  0.1191
542.5000	  0.1196
542.0000	  0.1201
541.5000	  0.1208
541.0000	  0.1214
540.5000	  0.1219
540.0000	  0.1225
539.5000	  0.1228
539.0000	  0.1237
538.5000	  0.1242
538.0000	  0.1247
537.5000	  0.1252
537.0000	  0.1259
536.5000	  0.1264
536.0000	  0.1272
535.5000	  0.1277
535.0000	  0.1285
534.5000	  0.1288
534.0000	  0.1296
533.5000	  0.1303
533.0000	  0.1309
532.5000	  0.1312
532.0000	  0.1321
531.5000	  0.1326
531.0000	  0.1335
530.5000	  0.1340
530.0000	  0.1343
529.5000	  0.1353
529.0000	  0.1360
528.5000	  0.1366
528.0000	  0.1374
527.5000	  0.1378
527.0000	  0.1388
526.5000	  0.1392
526.0000	  0.1398
525.5000	  0.1406
525.0000	  0.1412
524.5000	  0.1420
524.0000	  0.1427
523.5000	  0.1430
523.0000	  0.1440
522.5000	  0.1446
522.0000	  0.1453
521.5000	  0.1458
521.0000	  0.1467
520.5000	  0.1474
520.0000	  0.1480
519.5000	  0.1487
519.0000	  0.1495
518.5000	  0.1501
518.0000	  0.1507
517.5000	  0.1515
517.0000	  0.1520
516.5000	  0.1527
516.0000	  0.1535
515.5000	  0.1541
515.0000	  0.1546
514.5000	  0.1553
514.0000	  0.1561
513.5000	  0.1569
513.0000	  0.1574
512.5000	  0.1579
512.0000	  0.1586
511.5000	  0.1591
511.0000	  0.1600
510.5000	  0.1605
510.0000	  0.1612
509.5000	  0.1618
509.0000	  0.1624
508.5000	  0.1630
508.0000	  0.1637
507.5000	  0.1646
507.0000	  0.1649
506.5000	  0.1656
506.0000	  0.1663
505.5000	  0.1669
505.0000	  0.1675
504.5000	  0.1680
504.0000	  0.1689
503.5000	  0.1693
503.0000	  0.1702
502.5000	  0.1704
502.0000	  0.1711
501.5000	  0.1718
501.0000	  0.1724
500.5000	  0.1729
500.0000	  0.1732
499.5000	  0.1737
499.0000	  0.1745
498.5000	  0.1747
498.0000	  0.1750
497.5000	  0.1755
497.0000	  0.1756
496.5000	  0.1762
496.0000	  0.1766
495.5000	  0.1770
495.0000	  0.1770
494.5000	  0.1768
494.0000	  0.1778
493.5000	  0.1773
493.0000	  0.1776
492.5000	  0.1778
492.0000	  0.1778
491.5000	  0.1779
491.0000	  0.1781
490.5000	  0.1780
490.0000	  0.1774
489.5000	  0.1778
489.0000	  0.1775
488.5000	  0.1776
488.0000	  0.1772
487.5000	  0.1768
487.0000	  0.1768
486.5000	  0.1770
486.0000	  0.1764
485.5000	  0.1765
485.0000	  0.1761
484.5000	  0.1756
484.0000	  0.1756
483.5000	  0.1750
483.0000	  0.1750
482.5000	  0.1743
482.0000	  0.1745
481.5000	  0.1740
481.0000	  0.1733
480.5000	  0.1733
480.0000	  0.1729
479.5000	  0.1726
479.0000	  0.1724
478.5000	  0.1719
478.0000	  0.1717
477.5000	  0.1709
477.0000	  0.1711
476.5000	  0.1707
476.0000	  0.1702
475.5000	  0.1693
475.0000	  0.1691
474.5000	  0.1689
474.0000	  0.1685
473.5000	  0.1679
473.0000	  0.1676
472.5000	  0.1673
472.0000	  0.1667
471.5000	  0.1666
471.0000	  0.1660
470.5000	  0.1656
470.0000	  0.1652
469.5000	  0.1647
469.0000	  0.1648
468.5000	  0.1643
468.0000	  0.1637
467.5000	  0.1632
467.0000	  0.1634
466.5000	  0.1627
466.0000	  0.1626
465.5000	  0.1618
465.0000	  0.1617
464.5000	  0.1616
464.0000	  0.1611
463.5000	  0.1605
463.0000	  0.1597
462.5000	  0.1599
462.0000	  0.1598
461.5000	  0.1592
461.0000	  0.1590
460.5000	  0.1587
460.0000	  0.1582
459.5000	  0.1583
459.0000	  0.1576
458.5000	  0.1573
458.0000	  0.1569
457.5000	  0.1562
457.0000	  0.1556
456.5000	  0.1555
456.0000	  0.1547
455.5000	  0.1545
455.0000	  0.1538
454.5000	  0.1534
454.0000	  0.1527
453.5000	  0.1522
453.0000	  0.1517
452.5000	  0.1509
452.0000	  0.1504
451.5000	  0.1499
451.0000	  0.1491
450.5000	  0.1483
450.0000	  0.1476
449.5000	  0.1469
449.0000	  0.1462
448.5000	  0.1456
448.0000	  0.1451
447.5000	  0.1445
447.0000	  0.1436
446.5000	  0.1430
446.0000	  0.1418
445.5000	  0.1416
445.0000	  0.1406
444.5000	  0.1404
444.0000	  0.1395
443.5000	  0.1394
443.0000	  0.1385
442.5000	  0.1382
442.0000	  0.1374
441.5000	  0.1371
441.0000	  0.1364
440.5000	  0.1360
440.0000	  0.1357
439.5000	  0.1354
439.0000	  0.1347
438.5000	  0.1342
438.0000	  0.1337
437.5000	  0.1333
437.0000	  0.1329
436.5000	  0.1325
436.0000	  0.1321
435.5000	  0.1316
435.0000	  0.1308
434.5000	  0.1309
434.0000	  0.1304
433.5000	  0.1302
433.0000	  0.1292
432.5000	  0.1290
432.0000	  0.1288
431.5000	  0.1285
431.0000	  0.1281
430.5000	  0.1276
430.0000	  0.1274
429.5000	  0.1270
429.0000	  0.1263
428.5000	  0.1261
428.0000	  0.1256
427.5000	  0.1253
427.0000	  0.1250
426.5000	  0.1248
426.0000	  0.1246
425.5000	  0.1240
425.0000	  0.1236
424.5000	  0.1233
424.0000	  0.1231
423.5000	  0.1227
423.0000	  0.1226
422.5000	  0.1222
422.0000	  0.1222
421.5000	  0.1218
421.0000	  0.1214
420.5000	  0.1211
420.0000	  0.1208
419.5000	  0.1206
419.0000	  0.1202
418.5000	  0.1197
418.0000	  0.1197
417.5000	  0.1195
417.0000	  0.1190
416.5000	  0.1190
416.0000	  0.1185
415.5000	  0.1184
415.0000	  0.1179
414.5000	  0.1178
414.0000	  0.1171
413.5000	  0.1168
413.0000	  0.1167
412.5000	  0.1165
412.0000	  0.1161
411.5000	  0.1153
411.0000	  0.1157
410.5000	  0.1153
410.0000	  0.1151
409.5000	  0.1149
409.0000	  0.1145
408.5000	  0.1142
408.0000	  0.1135
407.5000	  0.1138
407.0000	  0.1130
406.5000	  0.1131
406.0000	  0.1124
405.5000	  0.1123
405.0000	  0.1124
404.5000	  0.1121
404.0000	  0.1113
403.5000	  0.1114
403.0000	  0.1112
402.5000	  0.1109
402.0000	  0.1106
401.5000	  0.1100
401.0000	  0.1096
400.5000	  0.1096
400.0000	  0.1093
399.5000	  0.1095
399.0000	  0.1090
398.5000	  0.1086
398.0000	  0.1082
397.5000	  0.1082
397.0000	  0.1080
396.5000	  0.1077
396.0000	  0.1074
395.5000	  0.1071
395.0000	  0.1071
394.5000	  0.1068
394.0000	  0.1064
393.5000	  0.1063
393.0000	  0.1059
392.5000	  0.1058
392.0000	  0.1054
391.5000	  0.1055
391.0000	  0.1055
390.5000	  0.1052
390.0000	  0.1051
389.5000	  0.1049
389.0000	  0.1045
388.5000	  0.1047
388.0000	  0.1044
387.5000	  0.1039
387.0000	  0.1036
386.5000	  0.1039
386.0000	  0.1037
385.5000	  0.1033
385.0000	  0.1039
384.5000	  0.1032
384.0000	  0.1033
383.5000	  0.1032
383.0000	  0.1028
382.5000	  0.1024
382.0000	  0.1024
381.5000	  0.1025
381.0000	  0.1020
380.5000	  0.1022
380.0000	  0.1026
379.5000	  0.1013
379.0000	  0.1019
378.5000	  0.1011
378.0000	  0.1014
377.5000	  0.1016
377.0000	  0.1015
376.5000	  0.1012
376.0000	  0.1008
375.5000	  0.1002
375.0000	  0.1002
374.5000	  0.1005
374.0000	  0.1002
373.5000	  0.1000
373.0000	  0.1000
372.5000	  0.0996
372.0000	  0.0999
371.5000	  0.0998
371.0000	  0.0998
370.5000	  0.0995
370.0000	  0.0989
369.5000	  0.0994
369.0000	  0.0992
368.5000	  0.0992
368.0000	  0.0986
367.5000	  0.0985
367.0000	  0.0983
366.5000	  0.0979
366.0000	  0.0979
365.5000	  0.0978
365.0000	  0.0975
364.5000	  0.0979
364.0000	  0.0970
363.5000	  0.0972
363.0000	  0.0975
362.5000	  0.0974
362.0000	  0.0972
361.5000	  0.0969
361.0000	  0.0975
360.5000	  0.0971
360.0000	  0.0968
359.5000	  0.0966
359.0000	  0.0969
358.5000	  0.0968
358.0000	  0.0967
357.5000	  0.0962
357.0000	  0.0962
356.5000	  0.0953
356.0000	  0.0960
355.5000	  0.0953
355.0000	  0.0956
354.5000	  0.0956
354.0000	  0.0954
353.5000	  0.0945
353.0000	  0.0944
352.5000	  0.0946
352.0000	  0.0940
351.5000	  0.0949
351.0000	  0.0940
350.5000	  0.0945
350.0000	  0.0931
349.5000	  0.0935
349.0000	  0.0940
348.5000	  0.0925
348.0000	  0.0923
347.5000	  0.0928
347.0000	  0.0922
346.5000	  0.0912
346.0000	  0.0919
345.5000	  0.0910
345.0000	  0.0911
344.5000	  0.0905
344.0000	  0.0907
343.5000	  0.0898
343.0000	  0.0903
342.5000	  0.0897
342.0000	  0.0895
341.5000	  0.0899
341.0000	  0.0895
340.5000	  0.0886
340.0000	  0.0873
339.5000	  0.0890
339.0000	  0.0890
338.5000	  0.0878
338.0000	  0.0881
337.5000	  0.0863
337.0000	  0.0873
336.5000	  0.0876
336.0000	  0.0870
335.5000	  0.0863
335.0000	  0.0865
334.5000	  0.0865
334.0000	  0.0852
333.5000	  0.0848
333.0000	  0.0861
332.5000	  0.0839
332.0000	  0.0837
331.5000	  0.0841
331.0000	  0.0838
330.5000	  0.0834
330.0000	  0.0822
329.5000	  0.0813
329.0000	  0.0820
328.5000	  0.0809
328.0000	  0.0817
327.5000	  0.0788
327.0000	  0.0816
326.5000	  0.0790
326.0000	  0.0799
325.5000	  0.0787
325.0000	  0.0789
324.5000	  0.0788
324.0000	  0.0786
323.5000	  0.0768
323.0000	  0.0780
322.5000	  0.0765
322.0000	  0.0760
321.5000	  0.0760
321.0000	  0.0759
320.5000	  0.0740
320.0000	  0.0742
319.5000	  0.0744
319.0000	  0.0730
318.5000	  0.0721
318.0000	  0.0724
317.5000	  0.0724
317.0000	  0.0724
316.5000	  0.0704
316.0000	  0.0721
315.5000	  0.0696
315.0000	  0.0678
314.5000	  0.0683
314.0000	  0.0680
313.5000	  0.0689
313.0000	  0.0701
312.5000	  0.0677
312.0000	  0.0654
311.5000	  0.0672
311.0000	  0.0664
310.5000	  0.0650
310.0000	  0.0673
309.5000	  0.0651
309.0000	  0.0658
308.5000	  0.0649
308.0000	  0.0618
307.5000	  0.0654
307.0000	  0.0632
306.5000	  0.0590
306.0000	  0.0593
305.5000	  0.0603
305.0000	  0.0561
304.5000	  0.0634
304.0000	  0.0593
303.5000	  0.0571
303.0000	  0.0555
302.5000	  0.0592
302.0000	  0.0566
301.5000	  0.0626
301.0000	  0.0556
300.5000	  0.0443
300.0000	  0.0647
299.5000	  0.0508
299.0000	  0.0804
298.5000	  0.0584
298.0000	  0.0389
297.5000	  0.0184
297.0000	  0.0646
296.5000	  0.0581
296.0000	  0.1537
295.5000	  0.0612
295.0000	 -0.0610
294.5000	  0.0083
294.0000	 -0.1488
293.5000	-12.0929
293.0000	  0.4915
292.5000	  0.2524
292.0000	  1.6386
291.5000	  0.6890
291.0000	 -0.0976
290.5000	  0.2671
290.0000	  3.4814
289.5000	 -0.1959
289.0000	 -0.3764
288.5000	 -0.7798
288.0000	  0.5727
287.5000	 -0.2612
287.0000	  1.4628
286.5000	 -5.0530
286.0000	  0.1954
285.5000	  0.9264
285.0000	  0.8808
284.5000	  0.3597
284.0000	  0.6159
283.5000	 -1.6565
283.0000	 -1.4138
282.5000	  0.6457
282.0000	  1.5450
281.5000	  1.0252
281.0000	 -0.8795
280.5000	  0.0343
280.0000	  1.5289
279.5000	  0.3916
279.0000	  5.1592
278.5000	  0.3518
278.0000	  0.4282
277.5000	  0.7650
277.0000	  0.4251
276.5000	 -4.9067
276.0000	 -4.4291
275.5000	  2.6316
275.0000	 -0.1673
274.5000	  0.6862
274.0000	 -0.2669
273.5000	 -0.0591
273.0000	  4.6049
272.5000	 -0.4615
272.0000	 -1.1346
271.5000	 12.1774
271.0000	  0.2859
270.5000	  0.6905
270.0000	 -0.8473
269.5000	 -7.0497
269.0000	  0.9469
268.5000	 -0.0767
268.0000	  1.1226
267.5000	  0.8288
267.0000	  1.8907
266.5000	 -0.8055
266.0000	  2.0466
265.5000	  0.7441
265.0000	  0.3198
264.5000	 -1.2627
264.0000	  1.1008
263.5000	  0.2991
263.0000	  5.1642
262.5000	 -0.2638
262.0000	 -2.5222
261.5000	  0.9930
261.0000	  0.0976
260.5000	 -3.5913
260.0000	  0.8058
259.5000	-31.9958
259.0000	  0.6789
258.5000	  0.3553
258.0000	 -1.1215
257.5000	  0.9564
257.0000	  1.0956
256.5000	  1.3912
256.0000	 -0.1357
255.5000	  0.0000
255.0000	 -0.1121
254.5000	  0.8584
254.0000	 -0.8504
253.5000	  1.1815
253.0000	 -5.1430
252.5000	  0.5647
252.0000	-21.6735
251.5000	  1.0032
251.0000	  0.7387
250.5000	  5.4738
250.0000	-39.2272
249.5000	  0.6266
249.0000	  0.8212
248.5000	-72.2291
248.0000	  0.7571
247.5000	 -4.7010
247.0000	 -1.4575
246.5000	 -6.0663
246.0000	  0.5897
245.5000	 -4.1303
245.0000	-18.2493
244.5000	  4.4599
244.0000	  0.0574
243.5000	  1.1525
243.0000	  0.8147
242.5000	  0.3953
242.0000	 -0.0704
241.5000	  2.4512
241.0000	 -0.2502
240.5000	  1.0906
240.0000	 12.1463
239.5000	 -0.1942
239.0000	  1.6762
238.5000	  1.9033
238.0000	  1.3346
237.5000	 -4.0141
237.0000	  1.1814
236.5000	 -0.6231
236.0000	  1.6381
235.5000	 -0.3916
235.0000	 -1.9763
234.5000	 -3.6337
234.0000	  0.4223
233.5000	 -3.2463
233.0000	  0.0694
232.5000	  3.1062
232.0000	  0.6690
231.5000	  0.7000
231.0000	  2.0317
230.5000	  0.1236
230.0000	  2.5114
229.5000	 -0.0136
229.0000	 -0.0136
228.5000	 -1.4208
228.0000	  2.1967
227.5000	  0.7041
227.0000	 -1.0235
226.5000	 -0.9319
226.0000	  0.4217
225.5000	 -4.9267
225.0000	  0.1038
224.5000	  3.5610
224.0000	  0.7253
223.5000	 -0.6347
223.0000	  0.0890
222.5000	  1.0402
222.0000	  0.4534
221.5000	  0.6345
221.0000	  1.4734
220.5000	  6.6014
220.0000	 -0.7044
219.5000	  0.3842
219.0000	  1.1098
218.5000	  2.3171
218.0000	  1.2691
217.5000	  2.0502
217.0000	  0.6831
216.5000	 -1.4654
216.0000	  0.2160
215.5000	  2.1850
215.0000	  1.3971
214.5000	  0.3014
214.0000	  1.8790
213.5000	  0.9039
213.0000	  0.8841
212.5000	  6.5151
212.0000	-13.5591
211.5000	 -0.2721
211.0000	 -0.3204
210.5000	  0.2653
210.0000	  0.9243
209.5000	  2.7544
209.0000	  1.9391
208.5000	  1.7549
208.0000	 -0.0825
207.5000	  4.5026
207.0000	  1.0516
206.5000	  1.1730
206.0000	 -6.4954
205.5000	  0.1713
205.0000	  1.0154
204.5000	  1.3807
204.0000	 -8.4255
203.5000	  0.2324
203.0000	  1.0004
202.5000	  0.6750
202.0000	  2.1672
201.5000	  1.7011
201.0000	  7.6407
200.5000	  0.6537
200.0000	  8.2078
