lambda		value

Calibration:
lambda:	800
Abs:	0

Data:
#
900		0.2652
899.5		0.252
899		0.2581
898.5		0.2462
898		0.2614
897.5		0.2518
897		0.241
896.5		0.2476
896		0.2596
895.5		0.2568
895		0.2555
894.5		0.2545
894		0.2609
893.5		0.2553
893		0.2622
892.5		0.2602
892		0.2529
891.5		0.261
891		0.2635
890.5		0.2588
890		0.2579
889.5		0.2541
889		0.2609
888.5		0.255
888		0.258
887.5		0.2621
887		0.259
886.5		0.2638
886		0.2616
885.5		0.2529
885		0.2579
884.5		0.2591
884		0.2571
883.5		0.2584
883		0.2597
882.5		0.2607
882		0.2597
881.5		0.2653
881		0.2625
880.5		0.2659
880		0.2588
879.5		0.264
879		0.2609
878.5		0.2641
878		0.2652
877.5		0.267
877		0.2595
876.5		0.262
876		0.2664
875.5		0.2656
875		0.2662
874.5		0.2666
874		0.268
873.5		0.2702
873		0.2675
872.5		0.2673
872		0.2718
871.5		0.2663
871		0.268
870.5		0.2675
870		0.2702
869.5		0.2705
869		0.2728
868.5		0.2718
868		0.2697
867.5		0.2739
867		0.2709
866.5		0.2707
866		0.2744
865.5		0.2716
865		0.2723
864.5		0.2719
864		0.2737
863.5		0.2736
863		0.2752
862.5		0.2751
862		0.2775
861.5		0.2755
861		0.2778
860.5		0.2774
860		0.2776
859.5		0.2782
859		0.2772
858.5		0.2775
858		0.2789
857.5		0.2785
857		0.2788
856.5		0.2812
856		0.2823
855.5		0.2814
855		0.2825
854.5		0.2833
854		0.2824
853.5		0.2838
853		0.2834
852.5		0.2826
852		0.2836
851.5		0.2838
851		0.2854
850.5		0.2845
850		0.285
849.5		0.2867
849		0.2863
848.5		0.2854
848		0.2873
847.5		0.2879
847		0.2878
846.5		0.2876
846		0.2877
845.5		0.2889
845		0.2888
844.5		0.2875
844		0.2895
843.5		0.2899
843		0.2896
842.5		0.2896
842		0.2904
841.5		0.2907
841		0.2911
840.5		0.2912
840		0.292
839.5		0.2909
839		0.2919
838.5		0.2923
838		0.2916
837.5		0.2925
837		0.2937
836.5		0.2934
836		0.2939
835.5		0.2933
835		0.294
834.5		0.2942
834		0.2945
833.5		0.2944
833		0.2954
832.5		0.2952
832		0.2951
831.5		0.2956
831		0.296
830.5		0.296
830		0.2965
829.5		0.2967
829		0.2977
828.5		0.2972
828		0.2978
827.5		0.2977
827		0.2986
826.5		0.2985
826		0.298
825.5		0.2985
825		0.2995
824.5		0.3004
824		0.3002
823.5		0.3001
823		0.3009
822.5		0.3002
822		0.301
821.5		0.3009
821		0.3011
820.5		0.3023
820		0.3021
819.5		0.3035
819		0.3022
818.5		0.303
818		0.3031
817.5		0.3039
817		0.3045
816.5		0.3038
816		0.305
815.5		0.3052
815		0.3058
814.5		0.3053
814		0.3059
813.5		0.3067
813		0.3071
812.5		0.3074
812		0.3072
811.5		0.3073
811		0.308
810.5		0.3084
810		0.3089
809.5		0.3089
809		0.3097
808.5		0.3106
808		0.3102
807.5		0.3096
807		0.311
806.5		0.3119
806		0.3121
805.5		0.3124
805		0.3122
804.5		0.3137
804		0.3137
803.5		0.3136
803		0.3146
802.5		0.3145
802		0.3148
801.5		0.3155
801		0.3162
800.5		0.3157
800		0.3154
799.5		0.3164
799		0.3165
798.5		0.3185
798		0.3181
797.5		0.3189
797		0.3194
796.5		0.3192
796		0.3192
795.5		0.3202
795		0.3195
794.5		0.3203
794		0.3205
793.5		0.3207
793		0.3216
792.5		0.3224
792		0.3219
791.5		0.3225
791		0.3229
790.5		0.3235
790		0.3242
789.5		0.3243
789		0.3243
788.5		0.3246
788		0.325
787.5		0.3255
787		0.3265
786.5		0.3264
786		0.3269
785.5		0.3275
785		0.3276
784.5		0.3281
784		0.328
783.5		0.3285
783		0.329
782.5		0.3294
782		0.3298
781.5		0.3304
781		0.3309
780.5		0.3307
780		0.3313
779.5		0.3323
779		0.3327
778.5		0.3324
778		0.333
777.5		0.3332
777		0.3328
776.5		0.334
776		0.334
775.5		0.335
775		0.3351
774.5		0.3356
774		0.3358
773.5		0.3362
773		0.3367
772.5		0.3363
772		0.3369
771.5		0.3374
771		0.3385
770.5		0.3392
770		0.3389
769.5		0.3396
769		0.3391
768.5		0.3407
768		0.3402
767.5		0.3407
767		0.3404
766.5		0.3411
766		0.342
765.5		0.3418
765		0.3426
764.5		0.3434
764		0.3432
763.5		0.3442
763		0.3441
762.5		0.3446
762		0.3453
761.5		0.3445
761		0.3457
760.5		0.3458
760		0.3457
759.5		0.3469
759		0.3476
758.5		0.3474
758		0.3478
757.5		0.3476
757		0.3479
756.5		0.349
756		0.3483
755.5		0.3497
755		0.3497
754.5		0.35
754		0.3508
753.5		0.3509
753		0.3521
752.5		0.3512
752		0.3522
751.5		0.3518
751		0.3519
750.5		0.3529
750		0.3535
749.5		0.3543
749		0.3541
748.5		0.355
748		0.3548
747.5		0.3553
747		0.356
746.5		0.3556
746		0.356
745.5		0.3569
745		0.3579
744.5		0.3575
744		0.3575
743.5		0.3581
743		0.3585
742.5		0.359
742		0.3588
741.5		0.3597
741		0.3604
740.5		0.3605
740		0.3614
739.5		0.3612
739		0.3611
738.5		0.3623
738		0.363
737.5		0.3628
737		0.3627
736.5		0.3639
736		0.364
735.5		0.365
735		0.3646
734.5		0.3654
734		0.3663
733.5		0.3665
733		0.3678
732.5		0.3679
732		0.3683
731.5		0.3685
731		0.3691
730.5		0.3699
730		0.3699
729.5		0.3709
729		0.3711
728.5		0.3726
728		0.3728
727.5		0.3729
727		0.3743
726.5		0.3753
726		0.376
725.5		0.3759
725		0.3777
724.5		0.3782
724		0.3794
723.5		0.3808
723		0.3818
722.5		0.3836
722		0.3834
721.5		0.3855
721		0.3862
720.5		0.3878
720		0.3892
719.5		0.3897
719		0.392
718.5		0.3932
718		0.3939
717.5		0.3949
717		0.3954
716.5		0.3943
716		0.3947
715.5		0.3941
715		0.3929
714.5		0.3932
714		0.3914
713.5		0.3909
713		0.3896
712.5		0.3882
712		0.3874
711.5		0.386
711		0.3855
710.5		0.3845
710		0.3841
709.5		0.3837
709		0.3831
708.5		0.3826
708		0.3824
707.5		0.3832
707		0.3823
706.5		0.383
706		0.3829
705.5		0.3829
705		0.3836
704.5		0.3834
704		0.3838
703.5		0.3839
703		0.3844
702.5		0.3837
702		0.3841
701.5		0.3851
701		0.3851
700.5		0.3856
700		0.3851
699.5		0.3858
699		0.3865
698.5		0.3859
698		0.386
697.5		0.3865
697		0.3864
696.5		0.3863
696		0.3872
695.5		0.3874
695		0.3874
694.5		0.3878
694		0.3879
693.5		0.3888
693		0.3878
692.5		0.3881
692		0.3886
691.5		0.3883
691		0.389
690.5		0.3891
690		0.3898
689.5		0.39
689		0.3896
688.5		0.3906
688		0.3901
687.5		0.3901
687		0.3901
686.5		0.3906
686		0.3901
685.5		0.3911
685		0.3913
684.5		0.3907
684		0.3915
683.5		0.3912
683		0.391
682.5		0.392
682		0.3921
681.5		0.3928
681		0.3922
680.5		0.3928
680		0.3917
679.5		0.3928
679		0.3928
678.5		0.3929
678		0.3935
677.5		0.393
677		0.3943
676.5		0.3935
676		0.3939
675.5		0.3939
675		0.3938
674.5		0.394
674		0.394
673.5		0.3948
673		0.3949
672.5		0.3941
672		0.3949
671.5		0.3948
671		0.3951
670.5		0.3955
670		0.3955
669.5		0.3947
669		0.3951
668.5		0.3956
668		0.3953
667.5		0.3959
667		0.3959
666.5		0.3957
666		0.3958
665.5		0.3963
665		0.3957
664.5		0.3963
664		0.3967
663.5		0.3962
663		0.3967
662.5		0.396
662		0.3969
661.5		0.3966
661		0.3965
660.5		0.3969
660		0.3967
659.5		0.3977
659		0.3972
658.5		0.3972
658		0.3964
657.5		0.397
657		0.3978
656.5		0.3973
656		0.3978
655.5		0.3967
655		0.3971
654.5		0.3978
654		0.3982
653.5		0.3973
653		0.3975
652.5		0.3976
652		0.3978
651.5		0.3982
651		0.3976
650.5		0.3974
650		0.3976
649.5		0.3982
649		0.3976
648.5		0.3978
648		0.3978
647.5		0.3973
647		0.3984
646.5		0.3977
646		0.398
645.5		0.398
645		0.3983
644.5		0.3979
644		0.3973
643.5		0.3986
643		0.3981
642.5		0.3986
642		0.3975
641.5		0.3978
641		0.3978
640.5		0.3983
640		0.3975
639.5		0.3976
639		0.3981
638.5		0.3978
638		0.3981
637.5		0.3976
637		0.398
636.5		0.3981
636		0.3976
635.5		0.3978
635		0.3971
634.5		0.3974
634		0.3973
633.5		0.3981
633		0.3971
632.5		0.398
632		0.398
631.5		0.3977
631		0.3987
630.5		0.3986
630		0.3991
629.5		0.3994
629		0.4004
628.5		0.4002
628		0.401
627.5		0.4016
627		0.4021
626.5		0.4037
626		0.4034
625.5		0.4051
625		0.4052
624.5		0.4064
624		0.4069
623.5		0.4075
623		0.4079
622.5		0.4088
622		0.4095
621.5		0.4097
621		0.4103
620.5		0.4112
620		0.4109
619.5		0.4117
619		0.4118
618.5		0.4123
618		0.413
617.5		0.4125
617		0.4125
616.5		0.4126
616		0.4125
615.5		0.4132
615		0.4129
614.5		0.4118
614		0.4131
613.5		0.413
613		0.4135
612.5		0.4131
612		0.4133
611.5		0.4136
611		0.4134
610.5		0.4145
610		0.4135
609.5		0.4148
609		0.4148
608.5		0.4145
608		0.415
607.5		0.4155
607		0.4158
606.5		0.4163
606		0.4167
605.5		0.4165
605		0.4165
604.5		0.4175
604		0.4173
603.5		0.4178
603		0.4172
602.5		0.4177
602		0.4182
601.5		0.4189
601		0.4185
600.5		0.4191
600		0.4193
599.5		0.4199
599		0.4209
598.5		0.4206
598		0.4209
597.5		0.4211
597		0.4219
596.5		0.4223
596		0.4218
595.5		0.4224
595		0.4227
594.5		0.4234
594		0.4236
593.5		0.4237
593		0.4242
592.5		0.4248
592		0.425
591.5		0.425
591		0.4257
590.5		0.4257
590		0.4268
589.5		0.427
589		0.427
588.5		0.4277
588		0.4285
587.5		0.428
587		0.4289
586.5		0.4295
586		0.4297
585.5		0.4305
585		0.4304
584.5		0.431
584		0.4315
583.5		0.4324
583		0.4321
582.5		0.4323
582		0.4334
581.5		0.4337
581		0.434
580.5		0.4343
580		0.4344
579.5		0.435
579		0.4364
578.5		0.4363
578		0.4367
577.5		0.4379
577		0.4375
576.5		0.4387
576		0.4382
575.5		0.4394
575		0.4395
574.5		0.44
574		0.4408
573.5		0.4406
573		0.4415
572.5		0.4421
572		0.443
571.5		0.443
571		0.4442
570.5		0.444
570		0.4443
569.5		0.4456
569		0.4451
568.5		0.446
568		0.4473
567.5		0.4475
567		0.4479
566.5		0.4486
566		0.4491
565.5		0.4497
565		0.4506
564.5		0.4506
564		0.4509
563.5		0.4518
563		0.4524
562.5		0.4532
562		0.4532
561.5		0.4538
561		0.4547
560.5		0.4559
560		0.4567
559.5		0.4573
559		0.4583
558.5		0.4586
558		0.4598
557.5		0.4601
557		0.4609
556.5		0.4615
556		0.4613
555.5		0.4629
555		0.4624
554.5		0.4642
554		0.4641
553.5		0.465
553		0.465
552.5		0.4659
552		0.467
551.5		0.4667
551		0.4676
550.5		0.4679
550		0.4689
549.5		0.4696
549		0.4703
548.5		0.4704
548		0.4714
547.5		0.4715
547		0.4725
546.5		0.4737
546		0.4724
545.5		0.4739
545		0.475
544.5		0.4758
544		0.476
543.5		0.4762
543		0.4777
542.5		0.4773
542		0.4788
541.5		0.4782
541		0.4792
540.5		0.4802
540		0.4807
539.5		0.481
539		0.4811
538.5		0.482
538		0.483
537.5		0.4832
537		0.4833
536.5		0.4841
536		0.4853
535.5		0.4849
535		0.4864
534.5		0.4863
534		0.4865
533.5		0.4874
533		0.4881
532.5		0.488
532		0.4888
531.5		0.4895
531		0.4898
530.5		0.4903
530		0.4907
529.5		0.4915
529		0.4924
528.5		0.4923
528		0.4929
527.5		0.4933
527		0.4936
526.5		0.4945
526		0.4949
525.5		0.4949
525		0.4953
524.5		0.4961
524		0.496
523.5		0.497
523		0.4966
522.5		0.4977
522		0.4978
521.5		0.4983
521		0.498
520.5		0.4989
520		0.4996
519.5		0.4997
519		0.5
518.5		0.4993
518		0.5006
517.5		0.5001
517		0.5009
516.5		0.5002
516		0.5006
515.5		0.5011
515		0.5011
514.5		0.5022
514		0.5019
513.5		0.5021
513		0.5018
512.5		0.5024
512		0.5025
511.5		0.5024
511		0.5021
510.5		0.5023
510		0.5028
509.5		0.5022
509		0.5033
508.5		0.5036
508		0.5037
507.5		0.5039
507		0.5029
506.5		0.5044
506		0.5036
505.5		0.5047
505		0.5044
504.5		0.5056
504		0.5057
503.5		0.506
503		0.5059
502.5		0.5062
502		0.5066
501.5		0.506
501		0.5071
500.5		0.5067
500		0.5071
499.5		0.5071
499		0.5072
498.5		0.5076
498		0.5067
497.5		0.5067
497		0.507
496.5		0.506
496		0.5054
495.5		0.5057
495		0.5059
494.5		0.5043
494		0.5045
493.5		0.5042
493		0.503
492.5		0.5025
492		0.5027
491.5		0.5011
491		0.5011
490.5		0.5003
490		0.4983
489.5		0.4983
489		0.4969
488.5		0.496
488		0.4955
487.5		0.4941
487		0.4933
486.5		0.4923
486		0.492
485.5		0.4902
485		0.4904
484.5		0.4877
484		0.4878
483.5		0.4867
483		0.4857
482.5		0.4845
482		0.484
481.5		0.4829
481		0.4817
480.5		0.4814
480		0.4793
479.5		0.479
479		0.4785
478.5		0.4775
478		0.4771
477.5		0.4745
477		0.4742
476.5		0.4736
476		0.4731
475.5		0.4709
475		0.4704
474.5		0.47
474		0.4693
473.5		0.4691
473		0.4672
472.5		0.4664
472		0.4656
471.5		0.4656
471		0.4637
470.5		0.4636
470		0.4631
469.5		0.462
469		0.4613
468.5		0.4606
468		0.4605
467.5		0.4602
467		0.4592
466.5		0.4582
466		0.4576
465.5		0.4577
465		0.4562
464.5		0.4566
464		0.4556
463.5		0.4551
463		0.455
462.5		0.4543
462		0.4542
461.5		0.4531
461		0.4536
460.5		0.452
460		0.4523
459.5		0.4512
459		0.4515
458.5		0.4504
458		0.4498
457.5		0.4495
457		0.4475
456.5		0.4475
456		0.4457
455.5		0.4459
455		0.4451
454.5		0.4438
454		0.442
453.5		0.4412
453		0.44
452.5		0.4391
452		0.4374
451.5		0.4357
451		0.4349
450.5		0.4328
450		0.4319
449.5		0.4313
449		0.4284
448.5		0.4277
448		0.4258
447.5		0.4254
447		0.4233
446.5		0.4218
446		0.42
445.5		0.4195
445		0.4179
444.5		0.4172
444		0.4156
443.5		0.414
443		0.4139
442.5		0.412
442		0.4122
441.5		0.4106
441		0.4096
440.5		0.4088
440		0.4072
439.5		0.407
439		0.4059
438.5		0.405
438		0.4042
437.5		0.404
437		0.402
436.5		0.4015
436		0.4013
435.5		0.4004
435		0.3996
434.5		0.3987
434		0.3985
433.5		0.397
433		0.3969
432.5		0.3961
432		0.3956
431.5		0.3948
431		0.3944
430.5		0.3943
430		0.3928
429.5		0.3918
429		0.3924
428.5		0.3913
428		0.3912
427.5		0.3904
427		0.39
426.5		0.3895
426		0.3885
425.5		0.3876
425		0.3877
424.5		0.3871
424		0.3869
423.5		0.3858
423		0.3857
422.5		0.3859
422		0.3859
421.5		0.3852
421		0.3839
420.5		0.3838
420		0.3839
419.5		0.3835
419		0.3829
418.5		0.3819
418		0.3819
417.5		0.3818
417		0.3807
416.5		0.3809
416		0.3807
415.5		0.3798
415		0.3793
414.5		0.379
414		0.3788
413.5		0.3781
413		0.3783
412.5		0.3772
412		0.377
411.5		0.3762
411		0.3771
410.5		0.3747
410		0.3756
409.5		0.3749
409		0.3752
408.5		0.3748
408		0.3738
407.5		0.3741
407		0.3734
406.5		0.3735
406		0.3719
405.5		0.3718
405		0.3713
404.5		0.3715
404		0.3721
403.5		0.3714
403		0.3705
402.5		0.3688
402		0.3693
401.5		0.3687
401		0.3688
400.5		0.3698
400		0.3678
399.5		0.3682
399		0.3677
398.5		0.3672
398		0.3666
397.5		0.3671
397		0.3663
396.5		0.3656
396		0.3662
395.5		0.3659
395		0.3653
394.5		0.3656
394		0.3653
393.5		0.364
393		0.3637
392.5		0.3642
392		0.3647
391.5		0.3645
391		0.3638
390.5		0.3632
390		0.3635
389.5		0.3645
389		0.3637
388.5		0.3632
388		0.363
387.5		0.3636
387		0.3628
386.5		0.3628
386		0.363
385.5		0.364
385		0.364
384.5		0.3623
384		0.3632
383.5		0.3625
383		0.3635
382.5		0.3629
382		0.3633
381.5		0.3623
381		0.3629
380.5		0.3651
380		0.3626
379.5		0.3631
379		0.3627
378.5		0.3625
378		0.3627
377.5		0.3628
377		0.3619
376.5		0.364
376		0.3629
375.5		0.3625
375		0.3619
374.5		0.3612
374		0.3626
373.5		0.3622
373		0.3616
372.5		0.3615
372		0.3606
371.5		0.3615
371		0.3613
370.5		0.361
370		0.3602
369.5		0.3607
369		0.3592
368.5		0.361
368		0.3609
367.5		0.3619
367		0.3607
366.5		0.3606
366		0.36
365.5		0.3614
365		0.3594
364.5		0.361
364		0.3601
363.5		0.3576
363		0.361
362.5		0.3611
362		0.3603
361.5		0.359
361		0.3577
360.5		0.3586
360		0.3601
359.5		0.3616
359		0.3585
358.5		0.3604
358		0.3594
357.5		0.3608
357		0.3578
356.5		0.3604
356		0.3591
355.5		0.3594
355		0.3596
354.5		0.3587
354		0.3589
353.5		0.3596
353		0.3597
352.5		0.3585
352		0.3575
351.5		0.357
351		0.3572
350.5		0.3565
350		0.3557
349.5		0.357
349		0.3532
348.5		0.3566
348		0.3559
347.5		0.3556
347		0.3547
346.5		0.3553
346		0.3552
345.5		0.3544
345		0.3543
344.5		0.3509
344		0.3529
343.5		0.3543
343		0.3504
342.5		0.3504
342		0.3527
341.5		0.3509
341		0.3505
340.5		0.3482
340		0.3527
339.5		0.3518
339		0.3544
338.5		0.3476
338		0.3501
337.5		0.3499
337		0.3499
336.5		0.3486
336		0.3493
335.5		0.3478
335		0.3486
334.5		0.3476
334		0.3478
333.5		0.3458
333		0.3488
332.5		0.3468
332		0.3473
331.5		0.3437
331		0.3462
330.5		0.3407
330		0.3449
329.5		0.3463
329		0.3437
328.5		0.3422
328		0.344
327.5		0.3411
327		0.3419
326.5		0.3417
326		0.3388
325.5		0.3371
325		0.3405
324.5		0.339
324		0.3368
323.5		0.3374
323		0.3397
322.5		0.3419
322		0.3362
321.5		0.3388
321		0.3388
320.5		0.3343
320		0.3341
319.5		0.3358
319		0.3372
318.5		0.3307
318		0.3353
317.5		0.3336
317		0.3325
316.5		0.3357
316		0.3311
315.5		0.337
315		0.3346
314.5		0.33
314		0.337
313.5		0.3326
313		0.3306
312.5		0.3322
312		0.3335
311.5		0.3355
311		0.3268
310.5		0.3269
310		0.3355
309.5		0.325
309		0.323
308.5		0.3334
308		0.3332
307.5		0.3282
307		0.3308
306.5		0.3337
306		0.3248
305.5		0.3119
305		0.3161
304.5		0.3313
304		0.312
303.5		0.3261
303		0.335
302.5		0.3184
302		0.3214
301.5		0.3345
301		0.3255
300.5		0.3402
300		0.3263
299.5		0.3098
299		0.3319
298.5		0.3131
298		0.2848
297.5		0.3341
297		0.2482
296.5		0.2075
296		0.3246
295.5		0.1883
295		-0.2106
294.5		0.7768
294		0.002
293.5		0.351
293		-0.1412
292.5		0.9415
292		-0.9873
291.5		1.3624
291		0.8985
290.5		5.8129
290		0.6834
289.5		0.8042
289		-11.717
288.5		0.5921
288		-1.5469
287.5		-0.7307
287		0.3345
286.5		0.9087
286		0.0276
285.5		1.7743
285		0.7811
284.5		1.2901
284		-0.6612
283.5		1.9142
283		3.6464
282.5		0.7495
282		1.4858
281.5		7.4246
281		1.6422
280.5		1.2841
280		0.7947
279.5		0.409
279		0.3134
278.5		0.2625
278		1.0844
277.5		0.4997
277		0.2141
276.5		0.9342
276		1.047
275.5		4.2144
275		5.3985
274.5		-6.9923
274		0.5526
273.5		0.5557
273		-32.9262
272.5		0.6281
272		0.3837
271.5		-0.0851
271		24.3676
270.5		-1.217
270		3.6295
269.5		-0.9642
269		-2.2386
268.5		0.7627
268		0.4597
267.5		0.7132
267		2.0982
266.5		0.1725
266		1.2478
265.5		2.199
265		1.4275
264.5		-0.5945
264		0.7312
263.5		0.046
263		-0.1864
262.5		-2.8336
262		1.8757
261.5		9.3326
261		-0.5662
260.5		4.8706
260		-0.7245
259.5		4.2151
259		-0.0183
258.5		0.4958
258		0.5012
257.5		19.3844
257		0.9963
256.5		-1.3678
256		3.721
255.5		-0.1665
255		0.8863
254.5		1.4909
254		0.6443
253.5		0.497
253		0.9041
252.5		-0.9517
252		-2.853
251.5		-0.6338
251		1.0476
250.5		1.2215
250		0.4193
249.5		1.4491
249		0.46
248.5		0.3632
248		1.1221
247.5		0.6992
247		0.3962
246.5		0.405
246		1.7855
245.5		-1.0278
245		-13.447
244.5		-1.3587
244		-36.3919
243.5		16.4315
243		-0.5662
242.5		-0.7156
242		0.9574
241.5		43.5483
241		-0.9908
240.5		5.5664
240		0.3005
239.5		-0.1444
239		0.6934
238.5		0.6705
238		2.849
237.5		1.0848
237		3.8876
236.5		0.9347
236		0.7274
235.5		-0.0965
235		0.2699
234.5		-0.5417
234		14.0262
233.5		-0.2931
233		1.3506
232.5		1.1132
232		0.0924
231.5		-1.5264
231		2.2299
230.5		0.842
230		19.7997
229.5		0.2294
229		-2.0521
228.5		1.1526
228		0.0811
227.5		5.7336
227		0.452
226.5		0.0437
226		1.6603
225.5		0.5223
225		0.2653
224.5		-0.1804
224		-1.9467
223.5		-9.4945
223		-2.4672
222.5		-0.2727
222		-0.4153
221.5		-10.2524
221		0.0767
220.5		2.8792
220		2.0373
219.5		-2.1415
219		1.8605
218.5		17.8299
218		0.7525
217.5		6.9339
217		0.5461
216.5		0.0782
216		-1.1889
215.5		2.8841
215		0.7822
214.5		10.83
214		-0.1199
213.5		0.639
213		-0.1425
212.5		0.4823
212		0.2777
211.5		0.6232
211		2.1762
210.5		0.4903
210		-0.3986
209.5		2.7459
209		1.9882
208.5		0.8999
208		-0.7363
207.5		2.1792
207		3.5779
206.5		0.2145
206		0.0138
205.5		1.5359
205		0.5375
204.5		-3.5662
204		0.4024
203.5		1.706
203		-0.153
202.5		0.9301
202		-0.0202
201.5		4.1764
201		2.7991
200.5		-2.0845
200		-0.9349
lambda		value

Calibration:
lambda:	0
Abs:	0

Data:
#
900		0.26528
899.5		0.247885
899		0.260444
898.5		0.245979
898		0.258505
897.5		0.248275
897		0.247891
896.5		0.253429
896		0.258927
895.5		0.252259
895		0.252271
894.5		0.255702
894		0.256615
893.5		0.262384
893		0.274411
892.5		0.254574
892		0.255687
891.5		0.260271
891		0.266619
890.5		0.259137
890		0.253664
889.5		0.255377
889		0.261843
888.5		0.262968
888		0.259036
887.5		0.263735
887		0.255727
886.5		0.266734
886		0.266721
885.5		0.251317
885		0.253639
884.5		0.262513
884		0.26399
883.5		0.258168
883		0.267126
882.5		0.263333
882		0.259518
881.5		0.262387
881		0.261506
880.5		0.267694
880		0.262661
879.5		0.267884
879		0.264604
878.5		0.265054
878		0.266212
877.5		0.266787
877		0.264445
876.5		0.26398
876		0.268494
875.5		0.26959
875		0.270254
874.5		0.269975
874		0.27008
873.5		0.274148
873		0.270093
872.5		0.270082
872		0.270609
871.5		0.267128
871		0.271145
870.5		0.265825
870		0.270389
869.5		0.269933
869		0.272827
868.5		0.272208
868		0.269162
867.5		0.27379
867		0.270602
866.5		0.271215
866		0.273307
865.5		0.271464
865		0.274026
864.5		0.269128
864		0.273017
863.5		0.273245
863		0.273667
862.5		0.27477
862		0.274889
861.5		0.274512
861		0.279196
860.5		0.278207
860		0.275288
859.5		0.277147
859		0.274918
858.5		0.275653
858		0.276796
857.5		0.278027
857		0.276862
856.5		0.278637
856		0.279782
855.5		0.278586
855		0.280008
854.5		0.280384
854		0.279964
853.5		0.28152
853		0.281011
852.5		0.278479
852		0.280071
851.5		0.281827
851		0.281877
850.5		0.281488
850		0.282206
849.5		0.283077
849		0.282933
848.5		0.280933
848		0.283613
847.5		0.284318
847		0.284079
846.5		0.283517
846		0.284176
845.5		0.285926
845		0.285404
844.5		0.283867
844		0.285982
843.5		0.28511
843		0.285996
842.5		0.286336
842		0.286391
841.5		0.287736
841		0.287421
840.5		0.288003
840		0.288481
839.5		0.287138
839		0.288838
838.5		0.288777
838		0.288799
837.5		0.289375
837		0.29085
836.5		0.2911
836		0.290789
835.5		0.290396
835		0.291725
834.5		0.292155
834		0.292395
833.5		0.292092
833		0.293288
832.5		0.293439
832		0.293486
831.5		0.293837
831		0.29441
830.5		0.295026
830		0.294966
829.5		0.295577
829		0.295719
828.5		0.296163
828		0.296584
827.5		0.29678
827		0.297588
826.5		0.297281
826		0.297346
825.5		0.297459
825		0.298902
824.5		0.2998
824		0.29975
823.5		0.29989
823		0.300329
822.5		0.30041
822		0.300249
821.5		0.300509
821		0.300679
820.5		0.301336
820		0.301587
819.5		0.30347
819		0.302291
818.5		0.302486
818		0.303343
817.5		0.304692
817		0.304409
816.5		0.303527
816		0.304361
815.5		0.304317
815		0.306167
814.5		0.305269
814		0.305992
813.5		0.306884
813		0.3071
812.5		0.307185
812		0.307139
811.5		0.307546
811		0.307908
810.5		0.307815
810		0.308807
809.5		0.308099
809		0.309886
808.5		0.310724
808		0.310262
807.5		0.309848
807		0.310969
806.5		0.312181
806		0.312412
805.5		0.312181
805		0.312575
804.5		0.313543
804		0.313418
803.5		0.313851
803		0.314223
802.5		0.3145
802		0.31414
801.5		0.315342
801		0.316802
800.5		0.314724
800		0.3154
799.5		0.3164
799		0.315837
798.5		0.318277
798		0.317877
797.5		0.319443
797		0.319145
796.5		0.318817
796		0.318563
795.5		0.31972
795		0.319436
794.5		0.32014
794		0.320052
793.5		0.319996
793		0.3216
792.5		0.322207
792		0.322254
791.5		0.321696
791		0.321357
790.5		0.323048
790		0.323037
789.5		0.324138
789		0.323717
788.5		0.324535
788		0.324319
787.5		0.324883
787		0.326272
786.5		0.325586
786		0.3255
785.5		0.327206
785		0.3261
784.5		0.327445
784		0.32728
783.5		0.32755
783		0.328901
782.5		0.328677
782		0.328682
781.5		0.329773
781		0.329943
780.5		0.329777
780		0.330276
779.5		0.331604
779		0.33197
778.5		0.331175
778		0.332501
777.5		0.331773
777		0.331606
776.5		0.333001
776		0.33257
775.5		0.333367
775		0.334698
774.5		0.333831
774		0.335431
773.5		0.335194
773		0.335258
772.5		0.335461
772		0.335091
771.5		0.336727
771		0.337051
770.5		0.33758
770		0.337853
769.5		0.338382
769		0.337816
768.5		0.33914
768		0.338575
767.5		0.339376
767		0.338538
766.5		0.339809
766		0.341079
765.5		0.34054
765		0.340083
764.5		0.342373
764		0.341697
763.5		0.343307
763		0.342082
762.5		0.343261
762		0.343753
761.5		0.342173
761		0.344254
760.5		0.344319
760		0.344494
759.5		0.345208
759		0.345527
758.5		0.345637
758		0.345657
757.5		0.345664
757		0.345928
756.5		0.346815
756		0.346671
755.5		0.347856
755		0.347753
754.5		0.348224
754		0.347912
753.5		0.349467
753		0.350488
752.5		0.348793
752		0.350134
751.5		0.348627
751		0.349766
750.5		0.350551
750		0.351147
749.5		0.352327
749		0.351081
748.5		0.352672
748		0.352544
747.5		0.35269
747		0.354088
746.5		0.352568
746		0.353771
745.5		0.354208
745		0.35513
744.5		0.354522
744		0.354066
743.5		0.355082
743		0.355584
742.5		0.35601
742		0.355635
741.5		0.356174
741		0.356867
740.5		0.357143
740		0.35768
739.5		0.358191
739		0.357136
738.5		0.358464
738		0.359264
737.5		0.358782
737		0.358435
736.5		0.359585
736		0.35979
735.5		0.360458
735		0.360241
734.5		0.359894
734		0.361385
733.5		0.361475
733		0.362722
732.5		0.362071
732		0.361752
731.5		0.362091
731		0.362396
730.5		0.363645
730		0.362683
729.5		0.363556
729		0.363005
728.5		0.363512
728		0.364347
727.5		0.363026
727		0.364886
726.5		0.365718
726		0.364801
725.5		0.36481
725		0.365493
724.5		0.365058
724		0.365335
723.5		0.366365
723		0.366446
722.5		0.367433
722		0.365526
721.5		0.366724
721		0.36572
720.5		0.366437
720		0.367655
719.5		0.366053
719		0.368872
718.5		0.368372
718		0.369235
717.5		0.370277
717		0.370329
716.5		0.369541
716		0.370471
715.5		0.370743
715		0.371994
714.5		0.373409
714		0.37262
713.5		0.373459
713		0.373109
712.5		0.373126
712		0.373722
711.5		0.373416
711		0.373691
710.5		0.373664
710		0.375024
709.5		0.374744
709		0.37522
708.5		0.375577
708		0.375454
707.5		0.377314
707		0.376724
706.5		0.377377
706		0.377949
705.5		0.377279
705		0.37808
704.5		0.377622
704		0.378538
703.5		0.378078
703		0.378607
702.5		0.378328
702		0.378834
701.5		0.379446
701		0.379746
700.5		0.380426
700		0.379222
699.5		0.380924
699		0.380601
698.5		0.380459
698		0.381009
697.5		0.381201
697		0.381178
696.5		0.381531
696		0.381741
695.5		0.38175
695		0.381525
694.5		0.382937
694		0.382582
693.5		0.383583
693		0.382672
692.5		0.382553
692		0.38384
691.5		0.383544
691		0.383629
690.5		0.384486
690		0.384798
689.5		0.385185
689		0.385132
688.5		0.385702
688		0.386008
687.5		0.385056
687		0.385246
686.5		0.385702
686		0.385665
685.5		0.386272
685		0.386469
684.5		0.385838
684		0.386819
683.5		0.386752
683		0.386325
682.5		0.387352
682		0.386992
681.5		0.388142
681		0.387014
680.5		0.388219
680		0.387017
679.5		0.387836
679		0.388949
678.5		0.388471
678		0.38918
677.5		0.388647
677		0.389779
676.5		0.389797
676		0.389884
675.5		0.38973
675		0.38994
674.5		0.389636
674		0.39006
673.5		0.390775
673		0.390719
672.5		0.389812
672		0.390681
671.5		0.390659
671		0.390995
670.5		0.391429
670		0.391739
669.5		0.390367
669		0.391149
668.5		0.391683
668		0.390844
667.5		0.391592
667		0.391903
666.5		0.391356
666		0.392503
665.5		0.391988
665		0.391899
664.5		0.39296
664		0.39219
663.5		0.392588
663		0.392967
662.5		0.392002
662		0.393126
661.5		0.392751
661		0.392613
660.5		0.393087
660		0.393045
659.5		0.394231
659		0.39354
658.5		0.393813
658		0.393215
657.5		0.393381
657		0.394369
656.5		0.393717
656		0.394369
655.5		0.393982
655		0.393675
654.5		0.394252
654		0.395079
653.5		0.394108
653		0.394815
652.5		0.394366
652		0.394682
651.5		0.395746
651		0.393936
650.5		0.394442
650		0.394719
649.5		0.395746
649		0.395111
648.5		0.395074
648		0.395585
647.5		0.39493
647		0.396773
646.5		0.395485
646		0.395626
645.5		0.395587
645		0.396516
644.5		0.396039
644		0.396033
643.5		0.397051
643		0.39683
642.5		0.397804
642		0.396509
641.5		0.397125
641		0.396887
640.5		0.397307
640		0.397739
639.5		0.39764
639		0.39806
638.5		0.398358
638		0.398738
637.5		0.399117
637		0.399438
636.5		0.399619
636		0.399719
635.5		0.399719
635		0.399779
634.5		0.400161
634		0.400262
633.5		0.401634
633		0.400868
632.5		0.40198
632		0.402345
631.5		0.401474
631		0.402727
630.5		0.402748
630		0.402684
629.5		0.402946
629		0.403101
628.5		0.402656
628		0.402691
627.5		0.402123
627		0.402825
626.5		0.402814
626		0.401833
625.5		0.402604
625		0.40091
624.5		0.402018
624		0.401163
623.5		0.401162
623		0.400885
622.5		0.400313
622		0.401589
621.5		0.400881
621		0.400488
620.5		0.400741
620		0.399747
619.5		0.400175
619		0.400233
618.5		0.400136
618		0.400465
617.5		0.400019
617		0.40068
616.5		0.401323
616		0.401265
615.5		0.40175
615		0.402045
614.5		0.400194
614		0.402279
613.5		0.401829
613		0.402551
612.5		0.402318
612		0.402121
611.5		0.402883
611		0.40214
610.5		0.403878
610		0.402198
609.5		0.40311
609		0.403423
608.5		0.403092
608		0.403618
607.5		0.404144
607		0.404672
606.5		0.404568
606		0.405547
605.5		0.40488
605		0.404998
604.5		0.405931
604		0.405894
603.5		0.406223
603		0.405167
602.5		0.405928
602		0.406414
601.5		0.406699
601		0.40726
600.5		0.406696
600		0.407166
599.5		0.407908
599		0.407612
598.5		0.408231
598		0.408047
597.5		0.409113
597		0.40993
596.5		0.409523
596		0.409395
595.5		0.409183
595		0.409514
594.5		0.41055
594		0.410386
593.5		0.41104
593		0.411086
592.5		0.411508
592		0.411862
591.5		0.411343
591		0.411981
590.5		0.41234
590		0.413086
589.5		0.413359
589		0.413159
588.5		0.413716
588		0.414892
587.5		0.414608
587		0.414837
586.5		0.414976
586		0.415049
585.5		0.416546
585		0.415364
584.5		0.416385
584		0.416989
583.5		0.417254
583		0.418094
582.5		0.417681
582		0.418582
581.5		0.418831
581		0.418596
580.5		0.419532
580		0.419224
579.5		0.419925
579		0.421114
578.5		0.420409
578		0.421647
577.5		0.422194
577		0.422012
576.5		0.423047
576		0.422524
575.5		0.424623
575		0.423778
574.5		0.424178
574		0.424745
573.5		0.423939
573		0.426035
572.5		0.426244
572		0.426618
571.5		0.426577
571		0.427773
570.5		0.427499
570		0.428076
569.5		0.428915
569		0.428104
568.5		0.428805
568		0.429477
567.5		0.430868
567		0.430839
566.5		0.431263
566		0.431619
565.5		0.431657
565		0.433478
564.5		0.433186
564		0.433224
563.5		0.433922
563		0.433666
562.5		0.435769
562		0.435058
561.5		0.435049
561		0.436834
560.5		0.437105
560		0.438671
559.5		0.440219
559		0.439912
558.5		0.440538
558		0.44186
557.5		0.441301
557		0.442407
556.5		0.442856
556		0.442367
555.5		0.444157
555		0.443082
554.5		0.445404
554		0.444881
553.5		0.445744
553		0.445872
552.5		0.446179
552		0.447404
551.5		0.447288
551		0.448064
550.5		0.448395
550		0.447979
549.5		0.45011
549		0.449747
548.5		0.450445
548		0.450885
547.5		0.450334
547		0.45237
546.5		0.453128
546		0.452014
545.5		0.453927
545		0.454024
544.5		0.455267
544		0.454936
543.5		0.45491
543		0.456911
542.5		0.455482
542		0.457656
541.5		0.456341
541		0.457296
540.5		0.458206
540		0.457853
539.5		0.459627
539		0.459021
538.5		0.459748
538		0.460878
537.5		0.460497
537		0.461516
536.5		0.461619
536		0.462808
535.5		0.461722
535		0.463018
534.5		0.463011
534		0.463687
533.5		0.463749
533		0.465079
532.5		0.465072
532		0.465391
531.5		0.466235
531		0.465988
530.5		0.467041
530		0.467111
529.5		0.467472
529		0.469221
528.5		0.468411
528		0.468982
527.5		0.469854
527		0.469469
526.5		0.470818
526		0.471154
525.5		0.47084
525		0.471984
524.5		0.472027
524		0.472066
523.5		0.473604
523		0.472772
522.5		0.473639
522		0.473599
521.5		0.474617
521		0.474512
520.5		0.474555
520		0.475357
519.5		0.475226
519		0.476009
518.5		0.475796
518		0.476399
517.5		0.476104
517		0.476821
516.5		0.475792
516		0.477353
515.5		0.477329
515		0.47742
514.5		0.479153
514		0.477909
513.5		0.479195
513		0.47836
512.5		0.479435
512		0.480034
511.5		0.478659
511		0.479652
510.5		0.479202
510		0.479359
509.5		0.479381
509		0.479379
508.5		0.480443
508		0.479577
507.5		0.479813
507		0.478679
506.5		0.479012
506		0.477754
505.5		0.478843
505		0.477697
504.5		0.478244
504		0.477481
503.5		0.476954
503		0.476724
502.5		0.475662
502		0.475458
501.5		0.473783
501		0.474235
500.5		0.474394
500		0.473173
499.5		0.472953
499		0.472341
498.5		0.471441
498		0.471086
497.5		0.470343
497		0.470185
496.5		0.468605
496		0.467746
495.5		0.467764
495		0.466913
494.5		0.464878
494		0.464934
493.5		0.464187
493		0.463253
492.5		0.462026
492		0.462253
491.5		0.459936
491		0.459472
490.5		0.459244
490		0.457744
489.5		0.456946
489		0.455454
488.5		0.454337
488		0.45363
487.5		0.453552
487		0.451368
486.5		0.450618
486		0.450508
485.5		0.447712
485		0.449002
484.5		0.446162
484		0.445805
483.5		0.443907
483		0.443036
482.5		0.442062
482		0.441163
481.5		0.43972
481		0.438188
480.5		0.437477
480		0.436044
479.5		0.435653
479		0.434211
478.5		0.433382
478		0.432234
477.5		0.429334
477		0.429568
476.5		0.427939
476		0.427796
475.5		0.424502
475		0.423822
474.5		0.423843
474		0.422184
473.5		0.42189
473		0.419804
472.5		0.418409
472		0.417653
471.5		0.417391
471		0.414166
470.5		0.414039
470		0.412819
469.5		0.412206
469		0.410848
468.5		0.409386
468		0.409188
467.5		0.407762
467		0.406372
466.5		0.404806
466		0.40399
465.5		0.403509
465		0.401478
464.5		0.40176
464		0.39986
463.5		0.399456
463		0.398006
462.5		0.397115
462		0.3963
461.5		0.395721
461		0.395432
460.5		0.392975
460		0.393133
459.5		0.391701
459		0.391417
458.5		0.389687
458		0.38937
457.5		0.38837
457		0.386042
456.5		0.38701
456		0.384622
455.5		0.385593
455		0.384968
454.5		0.38391
454		0.382518
453.5		0.381661
453		0.38082
452.5		0.381229
452		0.380083
451.5		0.378804
451		0.379064
450.5		0.37776
450		0.376843
449.5		0.377175
449		0.374247
448.5		0.375538
448		0.373378
447.5		0.373748
447		0.372919
446.5		0.371074
446		0.370468
445.5		0.37006
445		0.368811
444.5		0.369236
444		0.3673
443.5		0.36608
443		0.366933
442.5		0.365151
442		0.365815
441.5		0.363975
441		0.363217
440.5		0.363087
440		0.362116
439.5		0.362164
439		0.360864
438.5		0.359936
438		0.359129
437.5		0.359335
437		0.357906
436.5		0.357175
436		0.357124
435.5		0.356513
435		0.3552
434.5		0.355379
434		0.354506
433.5		0.352575
433		0.353302
432.5		0.352842
432		0.351551
431.5		0.351121
431		0.350391
430.5		0.351614
430		0.349
429.5		0.348174
429		0.348924
428.5		0.347236
428		0.347795
427.5		0.346622
427		0.346236
426.5		0.345179
426		0.344293
425.5		0.343495
425		0.34328
424.5		0.342839
424		0.342208
423.5		0.341386
423		0.341388
422.5		0.341656
422		0.34042
421.5		0.340734
421		0.338656
420.5		0.338478
420		0.339014
419.5		0.338094
419		0.337179
418.5		0.336416
418		0.335943
417.5		0.335825
417		0.333713
416.5		0.334592
416		0.334564
415.5		0.333187
415		0.332632
414.5		0.332019
414		0.332164
413.5		0.331289
413		0.331116
412.5		0.33079
412		0.329632
411.5		0.32948
411		0.329921
410.5		0.327078
410		0.329127
409.5		0.326995
409		0.327057
408.5		0.326481
408		0.326235
407.5		0.326725
407		0.324922
406.5		0.325604
406		0.324209
405.5		0.32308
405		0.323742
404.5		0.323128
404		0.323734
403.5		0.322844
403		0.321726
402.5		0.320334
402		0.320796
401.5		0.320386
401		0.319944
400.5		0.320423
400		0.319604
399.5		0.320063
399		0.318769
398.5		0.317592
398		0.317403
397.5		0.317891
397		0.317253
396.5		0.316701
396		0.317139
395.5		0.316797
395		0.315648
394.5		0.316674
394		0.315022
393.5		0.315315
393		0.313507
392.5		0.313398
392		0.314668
391.5		0.313953
391		0.313324
390.5		0.312188
390		0.312017
389.5		0.31242
389		0.312028
388.5		0.310959
388		0.310469
387.5		0.310318
387		0.309636
386.5		0.309372
386		0.309015
385.5		0.309735
385		0.309103
384.5		0.30654
384		0.308032
383.5		0.306891
383		0.30727
382.5		0.3056
382		0.307153
381.5		0.305455
381		0.3056
380.5		0.306575
380		0.305785
379.5		0.303722
379		0.304764
378.5		0.304111
378		0.303667
377.5		0.303725
377		0.302795
376.5		0.303662
376		0.303175
375.5		0.302765
375		0.301759
374.5		0.301931
374		0.302368
373.5		0.302969
373		0.301233
372.5		0.301049
372		0.300901
371.5		0.29995
371		0.300333
370.5		0.299709
370		0.299294
369.5		0.300133
369		0.297622
368.5		0.298891
368		0.299254
367.5		0.298351
367		0.297951
366.5		0.298238
366		0.29725
365.5		0.298357
365		0.295851
364.5		0.297707
364		0.296843
363.5		0.294418
363		0.297144
362.5		0.296933
362		0.295691
361.5		0.293973
361		0.293245
360.5		0.294176
360		0.294874
359.5		0.296296
359		0.293756
358.5		0.292746
358		0.294445
357.5		0.294146
357		0.291891
356.5		0.294348
356		0.292546
355.5		0.292409
355		0.293001
354.5		0.290775
354		0.291173
353.5		0.292191
353		0.291538
352.5		0.290849
352		0.288423
351.5		0.289514
351		0.289489
350.5		0.288197
350		0.28776
349.5		0.288043
349		0.284701
348.5		0.286449
348		0.285153
347.5		0.286197
347		0.286002
346.5		0.28513
346		0.284183
345.5		0.282143
345		0.283599
344.5		0.281373
344		0.282139
343.5		0.282716
343		0.280141
342.5		0.279136
342		0.28135
341.5		0.280518
341		0.278396
340.5		0.276196
340		0.279189
339.5		0.275489
339		0.277569
338.5		0.273938
338		0.276082
337.5		0.274539
337		0.274863
336.5		0.27211
336		0.27437
335.5		0.271698
335		0.271474
334.5		0.270759
334		0.270115
333.5		0.268249
333		0.271229
332.5		0.269506
332		0.26885
331.5		0.266022
331		0.268789
330.5		0.262643
330		0.267116
329.5		0.266405
329		0.264731
328.5		0.262222
328		0.263703
327.5		0.262002
327		0.261852
326.5		0.261378
326		0.258903
325.5		0.25782
325		0.259944
324.5		0.25989
324		0.25706
323.5		0.257184
323		0.260207
322.5		0.260992
322		0.256113
321.5		0.256085
321		0.257115
320.5		0.25368
320		0.252151
319.5		0.253224
319		0.25451
318.5		0.249887
318		0.253152
317.5		0.251641
317		0.248673
316.5		0.25148
316		0.247477
315.5		0.252548
315		0.249255
314.5		0.24581
314		0.250371
313.5		0.247066
313		0.247141
312.5		0.247044
312		0.24618
311.5		0.249146
311		0.241412
310.5		0.241718
310		0.24874
309.5		0.237486
309		0.23806
308.5		0.245165
308		0.245018
307.5		0.239807
307		0.244025
306.5		0.245368
306		0.23734
305.5		0.227183
305		0.231423
304.5		0.242108
304		0.227954
303.5		0.239217
303		0.245349
302.5		0.233654
302		0.233203
301.5		0.243929
301		0.235767
300.5		0.247923
300		0.238855
299.5		0.22526
299		0.241786
298.5		0.226589
298		0.205187
297.5		0.241664
297		0.179141
296.5		0.149582
296		0.23447
295.5		0.136124
295		-0.152355
294.5		0.557725
294		0.00142694
293.5		0.251613
293		-0.101016
292.5		0.673414
292		-0.705265
291.5		0.963985
291		0.639183
290.5		4.13612
290		0.485818
289.5		0.570233
289		-8.2427
288.5		0.417207
288		-1.08676
287.5		-0.513024
287		0.233492
286.5		0.632095
286		0.0192899
285.5		1.23275
285		0.539173
284.5		0.896837
284		-0.461184
283.5		1.31759
283		2.51997
282.5		0.514802
282		1.02455
281.5		5.10949
281		1.12264
280.5		0.87437
280		0.540281
279.5		0.27665
279		0.211785
278.5		0.178305
278		0.731319
277.5		0.336476
277		0.143412
276.5		0.629345
276		0.699866
275.5		2.82145
275		3.58847
274.5		-4.65285
274		0.366616
273.5		0.368379
273		-21.702
272.5		0.414041
272		0.251821
271.5		-0.0557119
271		15.9955
270.5		-0.790568
270		2.35193
269.5		-0.628512
269		-1.44622
268.5		0.491969
268		0.296619
267.5		0.458355
267		1.33754
266.5		0.110344
266		0.799155
265.5		1.39743
265		0.900517
264.5		-0.375339
264		0.46299
263.5		0.0290808
263		-0.116587
262.5		-1.76351
262		1.17085
261.5		5.84054
261		-0.351677
260.5		3.02146
260		-0.448746
259.5		2.5912
259		-0.0111388
258.5		0.302372
258		0.305684
257.5		11.7545
257		0.607204
256.5		-0.83053
256		2.23995
255.5		-0.100271
255		0.529672
254.5		0.892434
254		0.383421
253.5		0.294152
253		0.535255
252.5		-0.560153
252		-1.67204
251.5		-0.374498
251		0.610276
250.5		0.709103
250		0.243807
249.5		0.837872
249		0.264216
248.5		0.210173
248		0.645256
247.5		0.394249
247		0.225678
246.5		0.230927
246		1.01087
245.5		-0.575702
245		-7.55237
244.5		-0.762543
244		-20.193
243.5		9.07116
243		-0.310621
242.5		-0.390718
242		0.518691
241.5		23.6342
241		-0.535973
240.5		2.98323
240		0.159977
239.5		-0.0763698
239		0.364813
238.5		0.354518
238		1.48277
237.5		0.565353
237		2.02353
236.5		0.478622
236		0.376248
235.5		-0.0489103
235		0.136637
234.5		-0.275198
234		7.07251
233.5		-0.147777
233		0.671773
232.5		0.553858
232		0.0454881
231.5		-0.757331
231		1.08474
230.5		0.411173
230		9.51954
229.5		0.108689
229		-0.984362
228.5		0.546619
228		0.0389417
227.5		2.70708
227		0.212008
226.5		0.0205097
226		0.772089
225.5		0.2441
225		0.122439
224.5		-0.0828321
224		-0.8809
223.5		-4.18389
223		-1.09878
222.5		-0.121486
222		-0.181393
221.5		-4.50556
221		0.0335359
220.5		1.26087
220		0.888874
219.5		-0.912908
219		0.804436
218.5		7.68961
218		0.332303
217.5		2.87237
217		0.226269
216.5		0.0329388
216		-0.48198
215.5		1.19533
215		0.315187
214.5		4.22766
214		-0.0473427
213.5		0.250893
213		-0.0549281
212.5		0.190798
212		0.108307
211.5		0.244287
211		0.840297
210.5		0.189627
210		-0.149121
209.5		1.05397
209		0.756948
208.5		0.345133
208		-0.265726
207.5		0.790826
207		1.21553
206.5		0.0777146
206		0.0048898
205.5		0.53684
205		0.193179
204.5		-1.20341
204		0.157501
203.5		0.615862
203		-0.0502959
202.5		0.30664
202		-0.00624923
201.5		1.37458
201		0.895655
200.5		-0.686504
200		-0.366527
