lambda		value

Calibration:
lambda:	800
Abs:	0.0002

Data:
#
900		0.8479
899.5		0.8483
899		0.8201
898.5		0.8174
898		0.8347
897.5		0.8528
897		0.8369
896.5		0.8271
896		0.8562
895.5		0.8274
895		0.8445
894.5		0.8572
894		0.8492
893.5		0.8512
893		0.8527
892.5		0.8821
892		0.8391
891.5		0.8219
891		0.8222
890.5		0.8395
890		0.8604
889.5		0.8259
889		0.8523
888.5		0.8424
888		0.8387
887.5		0.8266
887		0.8248
886.5		0.8332
886		0.8623
885.5		0.8167
885		0.8367
884.5		0.8395
884		0.8465
883.5		0.8303
883		0.8314
882.5		0.8344
882		0.8344
881.5		0.8439
881		0.849
880.5		0.8314
880		0.8356
879.5		0.8385
879		0.8453
878.5		0.8388
878		0.8274
877.5		0.836
877		0.8333
876.5		0.8311
876		0.8335
875.5		0.8359
875		0.8284
874.5		0.8421
874		0.8455
873.5		0.8503
873		0.8305
872.5		0.8372
872		0.8466
871.5		0.836
871		0.831
870.5		0.8293
870		0.8378
869.5		0.8382
869		0.8377
868.5		0.8379
868		0.8396
867.5		0.839
867		0.8421
866.5		0.8375
866		0.8382
865.5		0.8405
865		0.8331
864.5		0.8414
864		0.8355
863.5		0.8409
863		0.8451
862.5		0.8462
862		0.8425
861.5		0.843
861		0.8339
860.5		0.8426
860		0.8439
859.5		0.8439
859		0.8441
858.5		0.8457
858		0.8524
857.5		0.844
857		0.8467
856.5		0.8421
856		0.8449
855.5		0.8456
855		0.8449
854.5		0.8439
854		0.8486
853.5		0.8503
853		0.843
852.5		0.8444
852		0.8466
851.5		0.8494
851		0.8462
850.5		0.8518
850		0.8473
849.5		0.8521
849		0.8516
848.5		0.8471
848		0.8542
847.5		0.8518
847		0.8512
846.5		0.8536
846		0.8531
845.5		0.852
845		0.8521
844.5		0.855
844		0.8561
843.5		0.8524
843		0.8558
842.5		0.8557
842		0.8536
841.5		0.8519
841		0.8525
840.5		0.8531
840		0.853
839.5		0.8542
839		0.8504
838.5		0.8556
838		0.8563
837.5		0.8555
837		0.8574
836.5		0.8542
836		0.8539
835.5		0.852
835		0.8554
834.5		0.8537
834		0.8528
833.5		0.853
833		0.8562
832.5		0.8524
832		0.8542
831.5		0.8502
831		0.8512
830.5		0.8533
830		0.8516
829.5		0.8531
829		0.8504
828.5		0.8494
828		0.8522
827.5		0.8507
827		0.8494
826.5		0.8518
826		0.8525
825.5		0.8506
825		0.849
824.5		0.8514
824		0.8507
823.5		0.8523
823		0.851
822.5		0.8494
822		0.8495
821.5		0.8479
821		0.8494
820.5		0.8493
820		0.8508
819.5		0.85
819		0.8483
818.5		0.8508
818		0.8502
817.5		0.8518
817		0.8463
816.5		0.8475
816		0.8495
815.5		0.8502
815		0.8491
814.5		0.8482
814		0.8492
813.5		0.8487
813		0.8507
812.5		0.8493
812		0.8481
811.5		0.8496
811		0.8505
810.5		0.8487
810		0.8514
809.5		0.8498
809		0.85
808.5		0.8504
808		0.8497
807.5		0.8504
807		0.8493
806.5		0.8508
806		0.8515
805.5		0.849
805		0.8505
804.5		0.8503
804		0.8511
803.5		0.8503
803		0.8504
802.5		0.8513
802		0.8486
801.5		0.8506
801		0.8515
800.5		0.8512
800		0.8515
799.5		0.849
799		0.8503
798.5		0.8513
798		0.8508
797.5		0.8501
797		0.8517
796.5		0.8517
796		0.8521
795.5		0.8517
795		0.8522
794.5		0.8515
794		0.8512
793.5		0.8531
793		0.8518
792.5		0.8522
792		0.8521
791.5		0.8519
791		0.8531
790.5		0.8522
790		0.8523
789.5		0.8542
789		0.8526
788.5		0.8536
788		0.8533
787.5		0.8535
787		0.852
786.5		0.8527
786		0.8539
785.5		0.8533
785		0.8527
784.5		0.8534
784		0.8547
783.5		0.8534
783		0.8547
782.5		0.8539
782		0.8541
781.5		0.8539
781		0.8546
780.5		0.8548
780		0.8537
779.5		0.8541
779		0.8567
778.5		0.8556
778		0.856
777.5		0.854
777		0.8543
776.5		0.8562
776		0.8551
775.5		0.8563
775		0.8556
774.5		0.8573
774		0.8571
773.5		0.8553
773		0.8561
772.5		0.8554
772		0.8559
771.5		0.8575
771		0.8561
770.5		0.856
770		0.8567
769.5		0.8574
769		0.8568
768.5		0.8581
768		0.8552
767.5		0.8573
767		0.8569
766.5		0.8567
766		0.8573
765.5		0.8568
765		0.8558
764.5		0.856
764		0.8577
763.5		0.8583
763		0.8568
762.5		0.8574
762		0.8586
761.5		0.8571
761		0.8586
760.5		0.8585
760		0.8586
759.5		0.8589
759		0.858
758.5		0.8593
758		0.858
757.5		0.8589
757		0.8601
756.5		0.858
756		0.8588
755.5		0.8579
755		0.8591
754.5		0.8591
754		0.8596
753.5		0.8588
753		0.8581
752.5		0.8586
752		0.8601
751.5		0.8598
751		0.8607
750.5		0.8579
750		0.8599
749.5		0.8604
749		0.8603
748.5		0.8602
748		0.8596
747.5		0.8621
747		0.8615
746.5		0.8612
746		0.8602
745.5		0.8618
745		0.8615
744.5		0.8619
744		0.862
743.5		0.8619
743		0.862
742.5		0.8622
742		0.8626
741.5		0.8631
741		0.8625
740.5		0.8637
740		0.8635
739.5		0.8634
739		0.8647
738.5		0.8633
738		0.8655
737.5		0.8654
737		0.864
736.5		0.8678
736		0.866
735.5		0.8674
735		0.8677
734.5		0.8677
734		0.8691
733.5		0.8663
733		0.868
732.5		0.8703
732		0.8688
731.5		0.872
731		0.8708
730.5		0.8719
730		0.874
729.5		0.8732
729		0.8747
728.5		0.874
728		0.8768
727.5		0.878
727		0.8787
726.5		0.883
726		0.8808
725.5		0.8845
725		0.8852
724.5		0.8859
724		0.8889
723.5		0.8898
723		0.8926
722.5		0.8944
722		0.8964
721.5		0.9012
721		0.9018
720.5		0.9042
720		0.9088
719.5		0.9109
719		0.9118
718.5		0.9128
718		0.9125
717.5		0.9137
717		0.9141
716.5		0.914
716		0.9091
715.5		0.9087
715		0.9049
714.5		0.9034
714		0.9013
713.5		0.895
713		0.8927
712.5		0.8905
712		0.8868
711.5		0.8852
711		0.8824
710.5		0.8802
710		0.8776
709.5		0.8745
709		0.8742
708.5		0.8709
708		0.8715
707.5		0.8708
707		0.8703
706.5		0.8696
706		0.8687
705.5		0.8698
705		0.87
704.5		0.8699
704		0.8697
703.5		0.8692
703		0.8699
702.5		0.87
702		0.8697
701.5		0.8703
701		0.8689
700.5		0.8684
700		0.8708
699.5		0.8692
699		0.8693
698.5		0.8698
698		0.8707
697.5		0.8685
697		0.8693
696.5		0.87
696		0.869
695.5		0.8697
695		0.8687
694.5		0.8691
694		0.87
693.5		0.8696
693		0.8697
692.5		0.8698
692		0.8692
691.5		0.8696
691		0.8683
690.5		0.8698
690		0.8694
689.5		0.8697
689		0.8684
688.5		0.8679
688		0.8684
687.5		0.8685
687		0.8684
686.5		0.8695
686		0.8672
685.5		0.869
685		0.8684
684.5		0.8678
684		0.8681
683.5		0.8677
683		0.8691
682.5		0.8685
682		0.8677
681.5		0.8684
681		0.8672
680.5		0.8683
680		0.8684
679.5		0.8691
679		0.8678
678.5		0.8685
678		0.8689
677.5		0.8688
677		0.8688
676.5		0.8683
676		0.868
675.5		0.8677
675		0.869
674.5		0.8695
674		0.8686
673.5		0.8672
673		0.8683
672.5		0.867
672		0.8691
671.5		0.8681
671		0.8672
670.5		0.8684
670		0.8676
669.5		0.8686
669		0.8676
668.5		0.8679
668		0.8676
667.5		0.8673
667		0.8688
666.5		0.8682
666		0.8674
665.5		0.8679
665		0.867
664.5		0.8686
664		0.8669
663.5		0.867
663		0.8668
662.5		0.8679
662		0.8686
661.5		0.8668
661		0.8666
660.5		0.8668
660		0.8676
659.5		0.8678
659		0.866
658.5		0.8671
658		0.8664
657.5		0.8672
657		0.867
656.5		0.866
656		0.8661
655.5		0.8665
655		0.8665
654.5		0.8671
654		0.8655
653.5		0.8666
653		0.8658
652.5		0.8669
652		0.8658
651.5		0.8653
651		0.8651
650.5		0.8655
650		0.8653
649.5		0.8656
649		0.8644
648.5		0.8648
648		0.8646
647.5		0.8647
647		0.8643
646.5		0.8642
646		0.8632
645.5		0.8631
645		0.863
644.5		0.8636
644		0.8633
643.5		0.8633
643		0.8628
642.5		0.8609
642		0.8621
641.5		0.8622
641		0.8614
640.5		0.8605
640		0.86
639.5		0.8607
639		0.8595
638.5		0.858
638		0.8587
637.5		0.8583
637		0.8578
636.5		0.857
636		0.8556
635.5		0.8563
635		0.8557
634.5		0.8559
634		0.8545
633.5		0.8536
633		0.8537
632.5		0.854
632		0.8536
631.5		0.8549
631		0.8533
630.5		0.8546
630		0.8555
629.5		0.8558
629		0.858
628.5		0.8586
628		0.8607
627.5		0.8617
627		0.8632
626.5		0.8659
626		0.8664
625.5		0.8689
625		0.8697
624.5		0.8717
624		0.8753
623.5		0.8759
623		0.8781
622.5		0.8785
622		0.88
621.5		0.8818
621		0.8825
620.5		0.8848
620		0.8843
619.5		0.8846
619		0.887
618.5		0.8854
618		0.8853
617.5		0.8854
617		0.8861
616.5		0.8859
616		0.8858
615.5		0.8846
615		0.8843
614.5		0.8838
614		0.8843
613.5		0.8842
613		0.884
612.5		0.8839
612		0.8838
611.5		0.8843
611		0.8846
610.5		0.8828
610		0.8842
609.5		0.8844
609		0.8847
608.5		0.8855
608		0.8841
607.5		0.8843
607		0.885
606.5		0.8851
606		0.8852
605.5		0.8846
605		0.885
604.5		0.8863
604		0.8846
603.5		0.8858
603		0.8859
602.5		0.8864
602		0.8864
601.5		0.8875
601		0.8861
600.5		0.8874
600		0.8866
599.5		0.8867
599		0.887
598.5		0.8867
598		0.888
597.5		0.8866
597		0.8871
596.5		0.8876
596		0.8878
595.5		0.8875
595		0.8878
594.5		0.8889
594		0.888
593.5		0.8877
593		0.8892
592.5		0.8879
592		0.8883
591.5		0.8879
591		0.8884
590.5		0.8897
590		0.889
589.5		0.8904
589		0.8901
588.5		0.8889
588		0.8894
587.5		0.8899
587		0.8904
586.5		0.89
586		0.8898
585.5		0.8911
585		0.89
584.5		0.8911
584		0.8906
583.5		0.8908
583		0.891
582.5		0.8913
582		0.8913
581.5		0.8918
581		0.8923
580.5		0.8927
580		0.8917
579.5		0.892
579		0.8924
578.5		0.8924
578		0.8931
577.5		0.8921
577		0.8917
576.5		0.8928
576		0.8931
575.5		0.8932
575		0.8941
574.5		0.8917
574		0.8937
573.5		0.8943
573		0.8939
572.5		0.8944
572		0.8937
571.5		0.8949
571		0.8941
570.5		0.8949
570		0.8948
569.5		0.8954
569		0.8947
568.5		0.8955
568		0.8943
567.5		0.8969
567		0.8955
566.5		0.8957
566		0.8968
565.5		0.8954
565		0.8969
564.5		0.8966
564		0.8966
563.5		0.8956
563		0.8967
562.5		0.8967
562		0.8966
561.5		0.8974
561		0.8979
560.5		0.8978
560		0.8967
559.5		0.897
559		0.8963
558.5		0.8984
558		0.8972
557.5		0.897
557		0.897
556.5		0.8981
556		0.8984
555.5		0.8981
555		0.8976
554.5		0.899
554		0.8985
553.5		0.8983
553		0.9001
552.5		0.898
552		0.8993
551.5		0.8995
551		0.9002
550.5		0.9011
550		0.8992
549.5		0.9003
549		0.9009
548.5		0.9003
548		0.9011
547.5		0.9
547		0.9001
546.5		0.9013
546		0.9013
545.5		0.9014
545		0.9013
544.5		0.9016
544		0.9011
543.5		0.9016
543		0.9028
542.5		0.9013
542		0.9025
541.5		0.902
541		0.9024
540.5		0.9027
540		0.9017
539.5		0.9025
539		0.9024
538.5		0.9024
538		0.9043
537.5		0.9023
537		0.904
536.5		0.9032
536		0.9043
535.5		0.9039
535		0.903
534.5		0.9044
534		0.9037
533.5		0.903
533		0.9045
532.5		0.9031
532		0.9042
531.5		0.9049
531		0.9044
530.5		0.9054
530		0.9036
529.5		0.9036
529		0.9049
528.5		0.9044
528		0.9064
527.5		0.9044
527		0.9056
526.5		0.9044
526		0.9057
525.5		0.9056
525		0.905
524.5		0.905
524		0.9048
523.5		0.9055
523		0.9056
522.5		0.9051
522		0.9054
521.5		0.9055
521		0.9054
520.5		0.9061
520		0.9056
519.5		0.9051
519		0.9051
518.5		0.9055
518		0.9061
517.5		0.9047
517		0.9048
516.5		0.9045
516		0.9042
515.5		0.9055
515		0.9042
514.5		0.9038
514		0.9047
513.5		0.9041
513		0.9043
512.5		0.9031
512		0.904
511.5		0.9038
511		0.9036
510.5		0.9056
510		0.9035
509.5		0.9045
509		0.9047
508.5		0.9044
508		0.9066
507.5		0.9059
507		0.9072
506.5		0.9083
506		0.9081
505.5		0.9104
505		0.9096
504.5		0.9109
504		0.9126
503.5		0.9138
503		0.9163
502.5		0.9166
502		0.9173
501.5		0.9198
501		0.9195
500.5		0.922
500		0.9241
499.5		0.9244
499		0.9271
498.5		0.9268
498		0.928
497.5		0.9285
497		0.9292
496.5		0.9287
496		0.9317
495.5		0.9318
495		0.9334
494.5		0.9332
494		0.9344
493.5		0.9342
493		0.936
492.5		0.9354
492		0.9354
491.5		0.9372
491		0.9381
490.5		0.9387
490		0.9389
489.5		0.9381
489		0.9392
488.5		0.9397
488		0.94
487.5		0.9414
487		0.9404
486.5		0.9405
486		0.9404
485.5		0.9412
485		0.9427
484.5		0.942
484		0.9424
483.5		0.9422
483		0.9434
482.5		0.9446
482		0.9436
481.5		0.945
481		0.9453
480.5		0.9466
480		0.9481
479.5		0.9467
479		0.9484
478.5		0.9491
478		0.9502
477.5		0.9504
477		0.9503
476.5		0.9519
476		0.953
475.5		0.9537
475		0.9558
474.5		0.9537
474		0.9552
473.5		0.9571
473		0.9591
472.5		0.9593
472		0.9591
471.5		0.9606
471		0.9609
470.5		0.9635
470		0.9654
469.5		0.966
469		0.9681
468.5		0.9676
468		0.9697
467.5		0.9707
467		0.9723
466.5		0.9734
466		0.9748
465.5		0.9768
465		0.9775
464.5		0.9789
464		0.9793
463.5		0.9816
463		0.984
462.5		0.9849
462		0.9863
461.5		0.9865
461		0.9887
460.5		0.9898
460		0.9908
459.5		0.9915
459		0.992
458.5		0.9942
458		0.9942
457.5		0.9925
457		0.995
456.5		0.9937
456		0.9941
455.5		0.9934
455		0.995
454.5		0.9946
454		0.9913
453.5		0.992
453		0.989
452.5		0.9874
452		0.9889
451.5		0.9845
451		0.9837
450.5		0.9827
450		0.9826
449.5		0.9801
449		0.9776
448.5		0.9768
448		0.9754
447.5		0.9731
447		0.9741
446.5		0.9689
446		0.9698
445.5		0.9686
445		0.9694
444.5		0.9692
444		0.9649
443.5		0.9666
443		0.9651
442.5		0.966
442		0.9668
441.5		0.9641
441		0.9636
440.5		0.9629
440		0.9618
439.5		0.9648
439		0.962
438.5		0.963
438		0.9629
437.5		0.9631
437		0.9643
436.5		0.962
436		0.9642
435.5		0.9628
435		0.9616
434.5		0.9628
434		0.9621
433.5		0.9635
433		0.9626
432.5		0.9631
432		0.9632
431.5		0.9636
431		0.963
430.5		0.9653
430		0.9661
429.5		0.9658
429		0.9641
428.5		0.9643
428		0.9673
427.5		0.965
427		0.9675
426.5		0.9665
426		0.9678
425.5		0.9684
425		0.9676
424.5		0.9689
424		0.9685
423.5		0.9686
423		0.9689
422.5		0.9701
422		0.9722
421.5		0.9716
421		0.9729
420.5		0.9718
420		0.9724
419.5		0.9733
419		0.9741
418.5		0.9745
418		0.9752
417.5		0.9748
417		0.9765
416.5		0.9762
416		0.9748
415.5		0.9778
415		0.9775
414.5		0.9782
414		0.9786
413.5		0.978
413		0.9776
412.5		0.9767
412		0.9785
411.5		0.9806
411		0.9781
410.5		0.9818
410		0.9802
409.5		0.9796
409		0.9822
408.5		0.9789
408		0.9825
407.5		0.9819
407		0.9825
406.5		0.984
406		0.9819
405.5		0.9831
405		0.9825
404.5		0.9855
404		0.9845
403.5		0.9839
403		0.9841
402.5		0.9856
402		0.9835
401.5		0.9853
401		0.9875
400.5		0.9867
400		0.9866
399.5		0.9879
399		0.9871
398.5		0.9863
398		0.9879
397.5		0.9866
397		0.9904
396.5		0.9888
396		0.9884
395.5		0.9906
395		0.9906
394.5		0.9903
394		0.9892
393.5		0.9912
393		0.9913
392.5		0.9923
392		0.9917
391.5		0.9931
391		0.9963
390.5		0.9945
390		0.9943
389.5		0.9964
389		1
388.5		0.9998
388		0.9987
387.5		1.002
387		1.0018
386.5		1.0029
386		1.0039
385.5		1.0033
385		1.005
384.5		1.0068
384		1.0066
383.5		1.0088
383		1.0085
382.5		1.0091
382		1.0104
381.5		1.0121
381		1.0144
380.5		1.0116
380		1.0119
379.5		1.0147
379		1.0149
378.5		1.0178
378		1.0144
377.5		1.0183
377		1.0185
376.5		1.0179
376		1.0204
375.5		1.0181
375		1.0188
374.5		1.0231
374		1.0206
373.5		1.0199
373		1.0226
372.5		1.0248
372		1.0241
371.5		1.0256
371		1.0253
370.5		1.0221
370		1.0277
369.5		1.0269
369		1.0254
368.5		1.0295
368		1.0294
367.5		1.028
367		1.0291
366.5		1.0318
366		1.0285
365.5		1.0325
365		1.0303
364.5		1.0328
364		1.0372
363.5		1.0331
363		1.0323
362.5		1.0352
362		1.0321
361.5		1.034
361		1.0381
360.5		1.034
360		1.0336
359.5		1.0374
359		1.0387
358.5		1.0393
358		1.0399
357.5		1.0373
357		1.0417
356.5		1.0402
356		1.0414
355.5		1.0412
355		1.0405
354.5		1.0433
354		1.0442
353.5		1.0412
353		1.0443
352.5		1.0442
352		1.0485
351.5		1.0472
351		1.0477
350.5		1.0511
350		1.0491
349.5		1.0507
349		1.0509
348.5		1.0473
348		1.0473
347.5		1.0536
347		1.0502
346.5		1.0493
346		1.0522
345.5		1.0509
345		1.0506
344.5		1.0506
344		1.0551
343.5		1.0495
343		1.0511
342.5		1.057
342		1.0556
341.5		1.0532
341		1.0549
340.5		1.0532
340		1.0466
339.5		1.0579
339		1.0576
338.5		1.057
338		1.0616
337.5		1.0603
337		1.0566
336.5		1.0563
336		1.0554
335.5		1.0582
335		1.0627
334.5		1.0626
334		1.0607
333.5		1.0604
333		1.0558
332.5		1.0596
332		1.0597
331.5		1.0592
331		1.0576
330.5		1.0554
330		1.0601
329.5		1.0561
329		1.0514
328.5		1.0535
328		1.0545
327.5		1.0549
327		1.0483
326.5		1.0542
326		1.0511
325.5		1.045
325		1.0443
324.5		1.0392
324		1.0402
323.5		1.0379
323		1.0426
322.5		1.0362
322		1.0316
321.5		1.0365
321		1.0323
320.5		1.0254
320		1.0258
319.5		1.0266
319		1.0229
318.5		1.0172
318		1.0199
317.5		1.0117
317		1.0115
316.5		1.0058
316		1.0061
315.5		1.0029
315		0.9921
314.5		0.9907
314		0.9827
313.5		0.9786
313		0.9771
312.5		0.9733
312		0.9633
311.5		0.9587
311		0.9557
310.5		0.9403
310		0.9375
309.5		0.9296
309		0.9291
308.5		0.9193
308		0.9129
307.5		0.9035
307		0.9044
306.5		0.8899
306		0.8796
305.5		0.8735
305		0.8708
304.5		0.8537
304		0.8507
303.5		0.8397
303		0.8325
302.5		0.8196
302		0.8092
301.5		0.8005
301		0.7927
300.5		0.782
300		0.7741
299.5		0.7605
299		0.7537
298.5		0.7392
298		0.7274
297.5		0.7172
297		0.7077
296.5		0.6946
296		0.6868
295.5		0.6721
295		0.6598
294.5		0.6502
294		0.6353
293.5		0.6256
293		0.6111
292.5		0.6006
292		0.5923
291.5		0.5781
291		0.5639
290.5		0.5515
290		0.5379
289.5		0.5262
289		0.5096
288.5		0.4992
288		0.4886
287.5		0.4771
287		0.4618
286.5		0.4496
286		0.438
285.5		0.4244
285		0.414
284.5		0.3992
284		0.3897
283.5		0.3732
283		0.3603
282.5		0.3506
282		0.3382
281.5		0.326
281		0.3151
280.5		0.3029
280		0.2929
279.5		0.2814
279		0.2694
278.5		0.262
278		0.2504
277.5		0.2404
277		0.234
276.5		0.2221
276		0.2122
275.5		0.2029
275		0.1955
274.5		0.1858
274		0.1782
273.5		0.1689
273		0.1639
272.5		0.156
272		0.1497
271.5		0.1403
271		0.1347
270.5		0.1284
270		0.1239
269.5		0.1153
269		0.1108
268.5		0.1057
268		0.0992
267.5		0.0955
267		0.0899
266.5		0.0859
266		0.0822
265.5		0.0775
265		0.074
264.5		0.07
264		0.0677
263.5		0.0635
263		0.0604
262.5		0.0562
262		0.0545
261.5		0.0521
261		0.0489
260.5		0.0467
260		0.0441
259.5		0.042
259		0.0394
258.5		0.0368
258		0.0367
257.5		0.0339
257		0.0322
256.5		0.0314
256		0.03
255.5		0.0282
255		0.0259
254.5		0.0257
254		0.0228
253.5		0.0227
253		0.0213
252.5		0.0207
252		0.0191
251.5		0.018
251		0.0175
250.5		0.0158
250		0.0162
249.5		0.0155
249		0.0146
248.5		0.0141
248		0.0136
247.5		0.0127
247		0.0121
246.5		0.0112
246		0.0111
245.5		0.0099
245		0.0105
244.5		0.0093
244		0.0091
243.5		0.009
243		0.0076
242.5		0.0078
242		0.0072
241.5		0.0071
241		0.0072
240.5		0.0067
240		0.0064
239.5		0.0058
239		0.0061
238.5		0.0051
238		0.0055
237.5		0.0049
237		0.0044
236.5		0.0046
236		0.0045
235.5		0.0043
235		0.0049
234.5		0.0042
234		0.0037
233.5		0.0035
233		0.0035
232.5		0.0038
232		0.0034
231.5		0.0029
231		0.0025
230.5		0.0031
230		0.0024
229.5		0.0029
229		0.0027
228.5		0.0026
228		0.0028
227.5		0.0021
227		0.0019
226.5		0.002
226		0.0027
225.5		0.0017
225		0.0019
224.5		0.0016
224		0.0022
223.5		0.0022
223		0.0019
222.5		0.0022
222		0.002
221.5		0.0013
221		0.0007
220.5		0.0012
220		0.002
219.5		0.0024
219		0.0012
218.5		0.0014
218		0.001
217.5		0.0023
217		0.0019
216.5		0.0019
216		0.0011
215.5		0.002
215		0.0013
214.5		-0.0003
214		0.0021
213.5		0.0006
213		0.0032
212.5		0.0012
212		0.0023
211.5		-0.0003
211		0
210.5		0.0019
210		0.0013
209.5		0.0005
209		0.0041
208.5		0.0011
208		0.0036
207.5		0.002
207		0.0028
206.5		-0.0026
206		-0.001
205.5		0.0055
205		0.0123
204.5		0.0117
204		0.0045
203.5		-0.0036
203		0.0088
202.5		0.0033
202		0.0054
201.5		0.0034
201		0.0103
200.5		0.0187
200		0.0071
lambda		value

Calibration:
lambda:	0
Abs:	0

Data:
#
900		0.848324
899.5		0.834612
899		0.827715
898.5		0.816828
898		0.825618
897.5		0.841026
897		0.861008
896.5		0.846744
896		0.85415
895.5		0.81293
895		0.833992
894.5		0.861421
894		0.835416
893.5		0.875
893		0.892599
892.5		0.863196
892		0.848519
891.5		0.819769
891		0.832102
890.5		0.840761
890		0.846434
889.5		0.830217
889		0.855551
888.5		0.868901
888		0.842237
887.5		0.831924
887		0.814537
886.5		0.842638
886		0.87936
885.5		0.811748
885		0.823038
884.5		0.85073
884		0.869364
883.5		0.829719
883		0.85535
882.5		0.842999
882		0.833983
881.5		0.834801
881		0.845955
880.5		0.837177
880		0.848239
879.5		0.85101
879		0.857476
878.5		0.842
878		0.830723
877.5		0.835499
877		0.849353
876.5		0.837549
876		0.840222
875.5		0.848629
875		0.841186
874.5		0.852932
874		0.852233
873.5		0.862898
873		0.838719
872.5		0.846084
872		0.843059
871.5		0.838768
871		0.840923
870.5		0.824272
870		0.838555
869.5		0.83661
869		0.837951
868.5		0.839327
868		0.838091
867.5		0.838832
867		0.841343
866.5		0.839262
866		0.835027
865.5		0.840248
865		0.838551
864.5		0.832987
864		0.833583
863.5		0.839976
863		0.840561
862.5		0.845355
862		0.834737
861.5		0.840144
861		0.838259
860.5		0.84522
860		0.837036
859.5		0.840873
859		0.837318
858.5		0.840238
858		0.846139
857.5		0.842736
857		0.840981
856.5		0.834589
856		0.83753
855.5		0.837311
855		0.837613
854.5		0.835379
854		0.841448
853.5		0.843635
853		0.836061
852.5		0.832249
852		0.836231
851.5		0.843663
851		0.835918
850.5		0.842949
850		0.83916
849.5		0.841497
849		0.841752
848.5		0.834006
848		0.843404
847.5		0.841367
847		0.840359
846.5		0.841649
846		0.842818
845.5		0.843397
845		0.842246
844.5		0.844361
844		0.845865
843.5		0.838481
843		0.845318
842.5		0.846222
842		0.841981
841.5		0.843382
841		0.841892
840.5		0.843901
840		0.842885
839.5		0.843321
839		0.841647
838.5		0.845455
838		0.848242
837.5		0.846527
837		0.849247
836.5		0.847673
836		0.845027
835.5		0.843731
835		0.848948
834.5		0.847934
834		0.846872
833.5		0.846482
833		0.850248
832.5		0.847485
832		0.849697
831.5		0.845297
831		0.846797
830.5		0.850663
830		0.847363
829.5		0.85004
829		0.844908
828.5		0.846606
828		0.848889
827.5		0.84824
827		0.846691
826.5		0.848491
826		0.850798
825.5		0.847802
825		0.847475
824.5		0.84987
824		0.849596
823.5		0.851874
823		0.849556
822.5		0.850165
822		0.847551
821.5		0.846968
821		0.848382
820.5		0.84676
820		0.849526
819.5		0.850085
819		0.848724
818.5		0.849526
818		0.851051
817.5		0.854192
817		0.846215
816.5		0.846907
816		0.847889
815.5		0.847911
815		0.85029
814.5		0.848285
814		0.849625
813.5		0.84938
813		0.85087
812.5		0.848876
812		0.8481
811.5		0.85045
811		0.850415
810.5		0.84726
810		0.851315
809.5		0.847765
809		0.850681
808.5		0.850911
808		0.85004
807.5		0.851251
807		0.849385
806.5		0.851737
806		0.852523
805.5		0.848576
805		0.851692
804.5		0.850045
804		0.850505
803.5		0.851151
803		0.84955
802.5		0.85147
802		0.846991
801.5		0.850345
801		0.853292
800.5		0.848739
800		0.85167
799.5		0.84917
799		0.848687
798.5		0.850875
798		0.850375
797.5		0.851718
797		0.851189
796.5		0.850849
796		0.850569
795.5		0.850594
795		0.8522
794.5		0.851245
794		0.85018
793.5		0.851397
793		0.85197
792.5		0.851859
792		0.853209
791.5		0.849945
791		0.849194
790.5		0.851179
790		0.849412
789.5		0.853944
789		0.851238
788.5		0.8536
788		0.851682
787.5		0.852052
787		0.851574
786.5		0.850743
786		0.850413
785.5		0.852703
785		0.848965
784.5		0.851867
784		0.852994
783.5		0.851102
783		0.854615
782.5		0.852196
782		0.851376
781.5		0.852451
781		0.852299
780.5		0.852583
780		0.851231
779.5		0.85248
779		0.85499
778.5		0.852616
778		0.854889
777.5		0.850513
777		0.851405
776.5		0.853809
776		0.851608
775.5		0.852294
775		0.854745
774.5		0.85295
774		0.856329
773.5		0.852912
773		0.852604
772.5		0.853437
772		0.851472
771.5		0.855959
771		0.852604
770.5		0.85208
770		0.854223
769.5		0.854495
769		0.853727
768.5		0.854341
768		0.851284
767.5		0.85414
767		0.852382
766.5		0.853627
766		0.855162
765.5		0.853812
765		0.849682
764.5		0.85361
764		0.854113
763.5		0.856245
763		0.851944
762.5		0.854239
762		0.854924
761.5		0.85148
761		0.855179
760.5		0.854995
760		0.855776
759.5		0.854882
759		0.853052
758.5		0.85511
758		0.852883
757.5		0.854287
757		0.855395
756.5		0.852798
756		0.854953
755.5		0.853547
755		0.854486
754.5		0.854911
754		0.852693
753.5		0.855464
753		0.854341
752.5		0.852886
752		0.855225
751.5		0.852215
751		0.855652
750.5		0.85236
750		0.854347
749.5		0.855779
749		0.853134
748.5		0.85473
748		0.854303
747.5		0.855937
747		0.857043
746.5		0.854026
746		0.854985
745.5		0.85547
745		0.855002
744.5		0.85489
744		0.853888
743.5		0.854805
743		0.855159
742.5		0.855187
742		0.85516
741.5		0.854808
741		0.854214
740.5		0.855826
740		0.854781
739.5		0.856378
739		0.855376
738.5		0.85433
738		0.856761
737.5		0.855984
737		0.854008
736.5		0.857679
736		0.856154
735.5		0.856776
735		0.857496
734.5		0.854793
734		0.857608
733.5		0.854592
733		0.856185
732.5		0.856679
732		0.853522
731.5		0.857002
731		0.855151
730.5		0.857325
730		0.857115
729.5		0.856078
729		0.855787
728.5		0.852849
728		0.857087
727.5		0.854917
727		0.856767
726.5		0.860624
726		0.854731
725.5		0.858571
725		0.856756
724.5		0.855281
724		0.856111
723.5		0.856236
723		0.856869
722.5		0.856869
722		0.854773
721.5		0.857469
721		0.854139
720.5		0.854551
720		0.858655
719.5		0.855787
719		0.858165
718.5		0.855322
718		0.855522
717.5		0.856888
717		0.8563
716.5		0.856768
716		0.853455
715.5		0.855006
715		0.856913
714.5		0.858093
714		0.858217
713.5		0.855232
713		0.855077
712.5		0.856085
712		0.855654
711.5		0.856507
711		0.855536
710.5		0.85556
710		0.857031
709.5		0.854254
709		0.856387
708.5		0.855081
708		0.855838
707.5		0.857593
707		0.857776
706.5		0.857002
706		0.857636
705.5		0.857199
705		0.85765
704.5		0.85696
704		0.857946
703.5		0.856186
703		0.85696
702.5		0.857988
702		0.857946
701.5		0.857692
701		0.856988
700.5		0.856917
700		0.857678
699.5		0.858384
699		0.8562
698.5		0.857706
698		0.859611
697.5		0.856762
697		0.857721
696.5		0.859429
696		0.856917
695.5		0.857185
695		0.855693
694.5		0.85837
694		0.858242
693.5		0.858101
693		0.85837
692.5		0.857537
692		0.858724
691.5		0.859119
691		0.856481
690.5		0.859656
690		0.858412
689.5		0.859133
689		0.858612
688.5		0.857185
688		0.859462
687.5		0.857439
687		0.857764
686.5		0.858765
686		0.85751
685.5		0.858441
685		0.857848
684.5		0.857171
684		0.857891
683.5		0.858005
683		0.858879
682.5		0.858371
682		0.856565
681.5		0.858272
681		0.855902
680.5		0.858343
680		0.858188
679.5		0.858286
679		0.859463
678.5		0.858881
678		0.859531
677.5		0.859347
677		0.859007
676.5		0.860299
676		0.859321
675.5		0.858684
675		0.860652
674.5		0.86004
674		0.860085
673.5		0.858529
673		0.859278
672.5		0.857736
672		0.859984
671.5		0.859165
671		0.858359
670.5		0.859632
670		0.859521
669.5		0.859234
669		0.859095
668.5		0.859477
668		0.857991
667.5		0.858033
667		0.860198
666.5		0.858839
666		0.860345
665.5		0.858627
665		0.858841
664.5		0.86145
664		0.857213
663.5		0.859267
663		0.858813
662.5		0.859307
662		0.860511
661.5		0.858558
661		0.858275
660.5		0.858643
660		0.859776
659.5		0.860401
659		0.85819
658.5		0.859877
658		0.859609
657.5		0.859465
657		0.859693
656.5		0.858361
656		0.8588
655.5		0.860733
655		0.859197
654.5		0.859536
654		0.858887
653.5		0.859808
653		0.860123
652.5		0.86002
652		0.859184
651.5		0.860139
651		0.857299
650.5		0.859228
650		0.8592
649.5		0.860437
649		0.859159
648.5		0.859044
648		0.859956
647.5		0.859714
647		0.860942
646.5		0.859558
646		0.858222
645.5		0.858038
645		0.859305
644.5		0.859731
644		0.860718
643.5		0.860118
643		0.860219
642.5		0.859353
642		0.860122
641.5		0.860909
641		0.859595
640.5		0.858525
640		0.860689
639.5		0.860958
639		0.859586
638.5		0.859375
638		0.860248
637.5		0.861747
637		0.861072
636.5		0.860442
636		0.860332
635.5		0.860603
635		0.861645
634.5		0.86202
634		0.861044
633.5		0.861352
633		0.861975
632.5		0.862713
632		0.863094
631.5		0.863187
631		0.862093
630.5		0.863669
630		0.863357
629.5		0.863572
629		0.863961
628.5		0.864043
628		0.864504
627.5		0.862994
627		0.86493
626.5		0.864172
626		0.863206
625.5		0.863718
625		0.860663
624.5		0.862472
624		0.86313
623.5		0.862446
623		0.863167
622.5		0.860431
622		0.863168
621.5		0.862987
621		0.861564
620.5		0.862462
620		0.860465
619.5		0.860004
619		0.862253
618.5		0.859445
618		0.858598
617.5		0.858778
617		0.860876
616.5		0.861854
616		0.861841
615.5		0.860255
615		0.861219
614.5		0.859059
614		0.861303
613.5		0.860452
613		0.860759
612.5		0.860997
612		0.860062
611.5		0.861555
611		0.860673
610.5		0.860345
610		0.8602
609.5		0.859642
609		0.860603
608.5		0.861298
608		0.860019
607.5		0.860298
607		0.861482
606.5		0.860323
606		0.861676
605.5		0.860088
605		0.860727
604.5		0.861908
604		0.86059
603.5		0.861422
603		0.860515
602.5		0.861586
602		0.861586
601.5		0.861818
601		0.862468
600.5		0.861303
600		0.861111
599.5		0.861543
599		0.859163
598.5		0.86079
598		0.861049
597.5		0.861529
597		0.862099
596.5		0.860912
596		0.861858
595.5		0.859897
595		0.860271
594.5		0.862089
594		0.860465
593.5		0.861343
593		0.861878
592.5		0.860285
592		0.861006
591.5		0.859535
591		0.859936
590.5		0.861945
590		0.8606
589.5		0.862122
589		0.861415
588.5		0.860004
588		0.861321
587.5		0.862223
587		0.861372
586.5		0.86007
586		0.859627
585.5		0.862383
585		0.859073
584.5		0.861049
584		0.860816
583.5		0.859763
583		0.862286
582.5		0.861326
582		0.860993
581.5		0.861393
581		0.860795
580.5		0.862512
580		0.860714
579.5		0.861253
579		0.861307
578.5		0.860062
578		0.862482
577.5		0.86027
577		0.860299
576.5		0.861111
576		0.861317
575.5		0.863329
575		0.862282
574.5		0.859801
574		0.861315
573.5		0.860649
573		0.862755
572.5		0.862488
572		0.860817
571.5		0.86189
571		0.861202
570.5		0.861807
570		0.862292
569.5		0.862039
569		0.860702
568.5		0.86114
568		0.85883
567.5		0.863733
567		0.861555
566.5		0.86125
566		0.862059
565.5		0.859639
565		0.862985
564.5		0.862115
564		0.861618
563.5		0.860327
563		0.859732
562.5		0.862377
562		0.860874
561.5		0.860485
561		0.862785
560.5		0.860951
560		0.861466
559.5		0.863663
559		0.860503
558.5		0.863182
558		0.862361
557.5		0.860514
557		0.861175
556.5		0.861983
556		0.861692
555.5		0.8619
555		0.860265
554.5		0.862764
554		0.861457
553.5		0.861266
553		0.86324
552.5		0.860153
552		0.861729
551.5		0.862251
551		0.862756
550.5		0.863702
550		0.859245
549.5		0.8631
549		0.861693
548.5		0.862274
548		0.862049
547.5		0.859763
547		0.861917
546.5		0.862323
546		0.862571
545.5		0.863575
545		0.861663
544.5		0.862858
544		0.86139
543.5		0.861456
543		0.863675
542.5		0.860265
542		0.862811
541.5		0.860933
541		0.861315
540.5		0.861519
540		0.859007
539.5		0.862563
539		0.861151
538.5		0.860904
538		0.863046
537.5		0.860071
537		0.863419
536.5		0.861421
536		0.862552
535.5		0.860857
535		0.859754
534.5		0.861251
534		0.861487
533.5		0.859345
533		0.862003
532.5		0.860833
532		0.861061
531.5		0.862056
531		0.860596
530.5		0.862614
530		0.860326
529.5		0.859589
529		0.862467
528.5		0.860678
528		0.862581
527.5		0.861579
527		0.861492
526.5		0.861251
526		0.862407
525.5		0.861738
525		0.862562
524.5		0.861249
524		0.861304
523.5		0.863039
523		0.862312
522.5		0.861508
522		0.861547
521.5		0.862627
521		0.862861
520.5		0.862049
520		0.86182
519.5		0.860934
519		0.861836
518.5		0.863039
518		0.86246
517.5		0.861455
517		0.861468
516.5		0.860527
516		0.862375
515.5		0.86271
515		0.861635
514.5		0.862487
514		0.861619
513.5		0.86302
513		0.862223
512.5		0.861983
512		0.863749
511.5		0.861254
511		0.863367
510.5		0.864122
510		0.861543
509.5		0.863567
509		0.861865
508.5		0.862977
508		0.863346
507.5		0.862762
507		0.863671
506.5		0.862747
506		0.861657
505.5		0.863921
505		0.861608
504.5		0.861779
504		0.861838
503.5		0.861507
503		0.863619
502.5		0.861466
502		0.861072
501.5		0.861397
501		0.860069
500.5		0.863377
500		0.862436
499.5		0.862313
499		0.863543
498.5		0.860938
498		0.862935
497.5		0.862037
497		0.861887
496.5		0.860226
496		0.862446
495.5		0.862059
495		0.861627
494.5		0.860409
494		0.861278
493.5		0.860221
493		0.862196
492.5		0.860217
492		0.860296
491.5		0.860369
491		0.860326
490.5		0.861825
490		0.862642
489.5		0.860405
489		0.861019
488.5		0.860925
488		0.860727
487.5		0.864304
487		0.86062
486.5		0.861027
486		0.861251
485.5		0.859779
485		0.863278
484.5		0.861927
484		0.861426
483.5		0.859515
483		0.860688
482.5		0.862019
482		0.860243
481.5		0.860656
481		0.860067
480.5		0.860389
480		0.862693
479.5		0.861184
479		0.860773
478.5		0.861565
478		0.861
477.5		0.86009
477		0.861013
476.5		0.86028
476		0.861897
475.5		0.859886
475		0.861314
474.5		0.860197
474		0.859457
473.5		0.860934
473		0.861957
472.5		0.860745
472		0.860488
471.5		0.861293
471		0.858406
470.5		0.860652
470		0.860735
469.5		0.862038
469		0.862373
468.5		0.860165
468		0.861802
467.5		0.860245
467		0.860595
466.5		0.860122
466		0.860751
465.5		0.8613
465		0.8604
464.5		0.86148
464		0.859638
463.5		0.861733
463		0.860892
462.5		0.861077
462		0.860721
461.5		0.861723
461		0.862063
460.5		0.860696
460		0.861341
459.5		0.860901
459		0.86014
458.5		0.860332
458		0.860779
457.5		0.857674
457		0.858499
456.5		0.859528
456		0.858018
455.5		0.859194
455		0.860727
454.5		0.86053
454		0.858046
453.5		0.85828
453		0.856129
452.5		0.857416
452		0.859465
451.5		0.856087
451		0.857554
450.5		0.857879
450		0.857492
449.5		0.857255
449		0.854172
448.5		0.85782
448		0.855464
447.5		0.855097
447		0.858314
446.5		0.85253
446		0.85558
445.5		0.854597
445		0.85568
444.5		0.857927
444		0.852913
443.5		0.854869
443		0.855737
442.5		0.856307
442		0.858157
441.5		0.854774
441		0.854634
440.5		0.855379
440		0.855466
439.5		0.858669
439		0.855415
438.5		0.856
438		0.855683
437.5		0.856774
437		0.858682
436.5		0.855948
436		0.858211
435.5		0.857423
435		0.854908
434.5		0.85834
434		0.856037
433.5		0.855836
433		0.857016
432.5		0.858072
432		0.856102
431.5		0.857143
431		0.855696
430.5		0.860953
430		0.858527
429.5		0.858413
429		0.857435
428.5		0.855862
428		0.860128
427.5		0.85694
427		0.859084
426.5		0.856674
426		0.857827
425.5		0.858358
425		0.85689
424.5		0.858269
424		0.856776
423.5		0.857244
423		0.857737
422.5		0.859028
422		0.857773
421.5		0.859595
421		0.858391
420.5		0.857193
420		0.858859
419.5		0.858214
419		0.857936
418.5		0.85859
418		0.857998
417.5		0.85757
417		0.856128
416.5		0.85767
416		0.856816
415.5		0.857945
415		0.857381
414.5		0.857093
414		0.85827
413.5		0.857068
413		0.855817
412.5		0.856679
412		0.855706
411.5		0.85897
411		0.85588
410.5		0.857168
410		0.859071
409.5		0.854576
409		0.856321
408.5		0.852849
408		0.857629
407.5		0.857704
407		0.855091
406.5		0.857965
406		0.856134
405.5		0.854424
405		0.856806
404.5		0.857329
404		0.856683
403.5		0.855416
403		0.854699
402.5		0.856224
402		0.854474
401.5		0.856336
401		0.856833
400.5		0.8551
400		0.857466
399.5		0.858894
399		0.855892
398.5		0.853201
398		0.855473
397.5		0.854495
397		0.857935
396.5		0.856697
396		0.856128
395.5		0.857811
395		0.856106
394.5		0.857923
394		0.8532
393.5		0.858777
393		0.854643
392.5		0.854032
392		0.855799
391.5		0.855531
391		0.858213
390.5		0.854969
390		0.853623
389.5		0.854179
389		0.858074
388.5		0.85614
388		0.85432
387.5		0.855314
387		0.855143
386.5		0.855352
386		0.854747
385.5		0.853872
385		0.853576
384.5		0.851993
384		0.853847
383.5		0.854191
383		0.852638
382.5		0.849912
382		0.854389
381.5		0.853445
381		0.854375
380.5		0.849584
380		0.853492
379.5		0.848908
379		0.852929
378.5		0.854002
378		0.849439
377.5		0.852633
377		0.852301
376.5		0.849312
376		0.852607
375.5		0.850472
375		0.849637
374.5		0.855363
374		0.851209
373.5		0.853259
373		0.852025
372.5		0.853573
372		0.854699
371.5		0.85112
371		0.852428
370.5		0.848709
370		0.854068
369.5		0.854611
369		0.849756
368.5		0.852517
368		0.853707
367.5		0.847625
367		0.850215
366.5		0.853503
366		0.849368
365.5		0.852531
365		0.848263
364.5		0.851864
364		0.855141
363.5		0.850708
363		0.849839
362.5		0.851386
362		0.847164
361.5		0.846847
361		0.851181
360.5		0.848375
360		0.846519
359.5		0.850188
359		0.851254
358.5		0.844342
358		0.852098
357.5		0.845809
357		0.849951
356.5		0.849698
356		0.848529
355.5		0.847262
355		0.847934
354.5		0.845873
354		0.84729
353.5		0.84616
353		0.846547
352.5		0.84729
352		0.846042
351.5		0.84938
351		0.849234
350.5		0.849854
350		0.848855
349.5		0.847886
349		0.847227
348.5		0.841408
348		0.83925
347.5		0.848104
347		0.846935
346.5		0.842202
346		0.841962
345.5		0.83677
345		0.841086
344.5		0.84257
344		0.843675
343.5		0.83759
343		0.840477
342.5		0.842164
342		0.842189
341.5		0.842088
341		0.83802
340.5		0.835541
340		0.828596
339.5		0.828556
339		0.828451
338.5		0.833136
338		0.83729
337.5		0.832065
337		0.830138
336.5		0.824655
336		0.82913
335.5		0.826783
335		0.827712
334.5		0.827828
334		0.823909
333.5		0.822717
333		0.821123
332.5		0.823566
332		0.820455
331.5		0.819941
331		0.821246
330.5		0.813724
330		0.821146
329.5		0.812572
329		0.809953
328.5		0.807403
328		0.80848
327.5		0.810402
327		0.802987
326.5		0.806518
326		0.803348
325.5		0.799357
325		0.797358
324.5		0.79681
324		0.794046
323.5		0.791263
323		0.798744
322.5		0.791113
322		0.785981
321.5		0.783565
321		0.783529
320.5		0.778233
320		0.774306
319.5		0.774267
319		0.772175
318.5		0.768742
318		0.770143
317.5		0.763259
317		0.756601
316.5		0.753578
316		0.752112
315.5		0.751686
315		0.73916
314.5		0.738062
314		0.730198
313.5		0.727043
313		0.730542
312.5		0.723912
312		0.711185
311.5		0.712047
311		0.706095
310.5		0.695385
310		0.695165
309.5		0.679383
309		0.684874
308.5		0.676105
308		0.671398
307.5		0.66026
307		0.667257
306.5		0.654434
306		0.642841
305.5		0.636337
305		0.637622
304.5		0.623958
304		0.62163
303.5		0.616067
303		0.609801
302.5		0.601541
302		0.587228
301.5		0.583838
301		0.574254
300.5		0.569971
300		0.566733
299.5		0.553051
299		0.549144
298.5		0.535032
298		0.524139
297.5		0.518845
297		0.510864
296.5		0.500793
296		0.496171
295.5		0.485937
295		0.477389
294.5		0.466896
294		0.453332
293.5		0.448523
293		0.43725
292.5		0.429644
292		0.423162
291.5		0.409101
291		0.40121
290.5		0.392471
290		0.382439
289.5		0.373165
289		0.358545
288.5		0.351797
288		0.343311
287.5		0.335019
287		0.322396
286.5		0.312787
286		0.306165
285.5		0.294907
285		0.285813
284.5		0.27755
284		0.271852
283.5		0.256919
283		0.249032
282.5		0.240846
282		0.233241
281.5		0.224379
281		0.215438
280.5		0.206279
280		0.199157
279.5		0.190367
279		0.182076
278.5		0.177989
278		0.168892
277.5		0.161896
277		0.156763
276.5		0.149643
276		0.141864
275.5		0.135855
275		0.129969
274.5		0.123652
274		0.11824
273.5		0.11198
273		0.108042
272.5		0.102848
272		0.0982606
271.5		0.0918615
271		0.0884322
270.5		0.08342
270		0.0802981
269.5		0.0751679
269		0.0715901
268.5		0.0681891
268		0.0640165
267.5		0.0613832
267		0.0573159
266.5		0.0549549
266		0.0526518
265.5		0.0492564
265		0.0466877
264.5		0.0442003
264		0.0428725
263.5		0.0401492
263		0.0377831
262.5		0.0349807
262		0.0340242
261.5		0.0326094
261		0.0303764
260.5		0.0289738
260		0.0273183
259.5		0.0258223
259		0.0239849
258.5		0.0224459
258		0.0223862
257.5		0.0205592
257		0.019627
256.5		0.0190684
256		0.0180614
255.5		0.0169849
255		0.0154802
254.5		0.0153855
254		0.0135698
253.5		0.0134367
253		0.0126118
252.5		0.0121851
252		0.0111951
251.5		0.010637
251		0.0101958
250.5		0.00917325
250		0.0094208
249.5		0.00896316
249		0.00838695
248.5		0.00816019
248		0.00782149
247.5		0.00716179
247		0.00689302
246.5		0.00638686
246		0.00628503
245.5		0.00554591
245		0.00589788
244.5		0.00522003
244		0.00504994
243.5		0.00496908
243		0.00416987
242.5		0.00425927
242		0.00390117
241.5		0.00385367
241		0.00389526
240.5		0.00359115
240		0.00340752
239.5		0.00306781
239		0.00320968
238.5		0.00269684
238		0.00286279
237.5		0.00255395
237		0.00229047
236.5		0.00235571
236		0.00232787
235.5		0.00217964
235		0.00248089
234.5		0.00213393
234		0.00186586
233.5		0.00176482
233		0.00174103
232.5		0.00189083
232		0.00167397
231.5		0.00143899
231		0.00121625
230.5		0.00151397
230		0.00115401
229.5		0.00137415
229		0.00129527
228.5		0.00123316
228		0.0013446
227.5		0.000991595
227		0.000891266
226.5		0.000938747
226		0.0012557
225.5		0.000794578
225		0.00087695
224.5		0.00073472
224		0.00099561
223.5		0.000969547
223		0.00084625
222.5		0.000980174
222		0.000873629
221.5		0.000571353
221		0.000306091
220.5		0.000525555
220		0.000872676
219.5		0.00102319
219		0.000518896
218.5		0.000603839
218		0.000441638
217.5		0.000952854
217		0.000787304
216.5		0.000800371
216		0.000445976
215.5		0.000828981
215		0.000523877
214.5		-0.000117119
214		0.000829253
213.5		0.000235599
213		0.00123357
212.5		0.000474759
212		0.000897106
211.5		-0.000117606
211		0
210.5		0.000734896
210		0.000486381
209.5		0.000191931
209		0.00156107
208.5		0.000421909
208		0.00129931
207.5		0.000725847
207		0.000951313
206.5		-0.000942063
206		-0.000354359
205.5		0.00192254
205		0.00442096
204.5		0.00394843
204		0.00176146
203.5		-0.00129969
203		0.00289302
202.5		0.00108803
202		0.00167069
201.5		0.00111912
201		0.003296
200.5		0.00615901
200		0.00278377
