27/03/2024 16.17.15
27/03/2024 16.26.19

900.0000	 98.6600

900.0000	 98.6600

900.0000	101.6300



  1.0000
900.0000
  3.0000
340.0000
  1.0000
1401.0000
  5.0000
  6.0000
  1.0000
  1.0000
  0.0000
  0.0000
100.0000
  0.0000
  1.0000
  0.0000
500.0000
900.0000
200.0000
  4.0000
  1.0000
 18.0000
  2.0000
  1.0000
255.0000
  0.7635
  1.0000
 30.0000
  4.0000
500.0000
  0.0000
  0.0000
  4.0000
900.0000
200.0000
  0.0000
100.0000
  0.0000
  1.0000
  0.0000
500.0000
  1.0000
  1.0000
  1.0000
  1.0000
  4.0000
  0.0000
  1.0000
  1.0000
  1.0000
  1.0000
  1.0000
  2.0000
  1.0000
  1.0000
  1.0000
  3.0000
  1.0000
  1.0000
  1.0000
  4.0000
  5.0000
543.812
0.000
#
900.0000	  1.0048
899.5000	  0.9994
899.0000	  0.9955
898.5000	  1.0152
898.0000	  0.9932
897.5000	  1.0089
897.0000	  1.0022
896.5000	  1.0304
896.0000	  1.0260
895.5000	  1.0000
895.0000	  0.9657
894.5000	  1.0344
894.0000	  1.0204
893.5000	  1.0104
893.0000	  0.9999
892.5000	  1.0162
892.0000	  1.0044
891.5000	  1.0129
891.0000	  0.9985
890.5000	  0.9960
890.0000	  1.0173
889.5000	  1.0143
889.0000	  0.9590
888.5000	  0.9983
888.0000	  1.0096
887.5000	  0.9936
887.0000	  0.9849
886.5000	  1.0175
886.0000	  0.9918
885.5000	  0.9804
885.0000	  1.0041
884.5000	  0.9850
884.0000	  1.0034
883.5000	  0.9992
883.0000	  1.0019
882.5000	  1.0127
882.0000	  0.9967
881.5000	  0.9997
881.0000	  0.9905
880.5000	  1.0001
880.0000	  0.9965
879.5000	  0.9908
879.0000	  0.9846
878.5000	  0.9867
878.0000	  0.9849
877.5000	  1.0030
877.0000	  1.0119
876.5000	  0.9803
876.0000	  0.9966
875.5000	  0.9912
875.0000	  0.9992
874.5000	  0.9943
874.0000	  0.9905
873.5000	  0.9971
873.0000	  0.9870
872.5000	  0.9953
872.0000	  0.9991
871.5000	  1.0057
871.0000	  1.0104
870.5000	  0.9961
870.0000	  0.9984
869.5000	  0.9981
869.0000	  0.9903
868.5000	  0.9954
868.0000	  1.0095
867.5000	  0.9954
867.0000	  0.9986
866.5000	  1.0004
866.0000	  1.0012
865.5000	  0.9985
865.0000	  0.9971
864.5000	  1.0006
864.0000	  0.9984
863.5000	  1.0036
863.0000	  0.9925
862.5000	  0.9984
862.0000	  1.0063
861.5000	  1.0060
861.0000	  1.0031
860.5000	  1.0020
860.0000	  1.0023
859.5000	  1.0056
859.0000	  1.0011
858.5000	  1.0036
858.0000	  1.0093
857.5000	  1.0055
857.0000	  1.0091
856.5000	  1.0051
856.0000	  1.0090
855.5000	  1.0077
855.0000	  1.0093
854.5000	  1.0122
854.0000	  1.0114
853.5000	  1.0088
853.0000	  1.0052
852.5000	  1.0105
852.0000	  1.0110
851.5000	  1.0107
851.0000	  1.0134
850.5000	  1.0143
850.0000	  1.0174
849.5000	  1.0157
849.0000	  1.0146
848.5000	  1.0141
848.0000	  1.0150
847.5000	  1.0163
847.0000	  1.0134
846.5000	  1.0120
846.0000	  1.0172
845.5000	  1.0142
845.0000	  1.0178
844.5000	  1.0162
844.0000	  1.0141
843.5000	  1.0170
843.0000	  1.0137
842.5000	  1.0184
842.0000	  1.0141
841.5000	  1.0177
841.0000	  1.0185
840.5000	  1.0164
840.0000	  1.0174
839.5000	  1.0156
839.0000	  1.0137
838.5000	  1.0197
838.0000	  1.0153
837.5000	  1.0170
837.0000	  1.0138
836.5000	  1.0136
836.0000	  1.0164
835.5000	  1.0151
835.0000	  1.0176
834.5000	  1.0174
834.0000	  1.0154
833.5000	  1.0150
833.0000	  1.0163
832.5000	  1.0142
832.0000	  1.0123
831.5000	  1.0128
831.0000	  1.0125
830.5000	  1.0140
830.0000	  1.0149
829.5000	  1.0130
829.0000	  1.0134
828.5000	  1.0136
828.0000	  1.0144
827.5000	  1.0123
827.0000	  1.0118
826.5000	  1.0118
826.0000	  1.0132
825.5000	  1.0123
825.0000	  1.0155
824.5000	  1.0132
824.0000	  1.0133
823.5000	  1.0107
823.0000	  1.0134
822.5000	  1.0092
822.0000	  1.0116
821.5000	  1.0116
821.0000	  1.0116
820.5000	  1.0114
820.0000	  1.0112
819.5000	  1.0116
819.0000	  1.0130
818.5000	  1.0127
818.0000	  1.0121
817.5000	  1.0094
817.0000	  1.0104
816.5000	  1.0108
816.0000	  1.0100
815.5000	  1.0128
815.0000	  1.0081
814.5000	  1.0103
814.0000	  1.0121
813.5000	  1.0096
813.0000	  1.0104
812.5000	  1.0111
812.0000	  1.0116
811.5000	  1.0104
811.0000	  1.0096
810.5000	  1.0115
810.0000	  1.0123
809.5000	  1.0103
809.0000	  1.0110
808.5000	  1.0122
808.0000	  1.0101
807.5000	  1.0107
807.0000	  1.0131
806.5000	  1.0130
806.0000	  1.0134
805.5000	  1.0116
805.0000	  1.0108
804.5000	  1.0110
804.0000	  1.0122
803.5000	  1.0138
803.0000	  1.0107
802.5000	  1.0136
802.0000	  1.0131
801.5000	  1.0130
801.0000	  1.0148
800.5000	  1.0109
800.0000	  1.0131
799.5000	  1.0129
799.0000	  1.0118
798.5000	  1.0134
798.0000	  1.0134
797.5000	  1.0130
797.0000	  1.0130
796.5000	  1.0137
796.0000	  1.0128
795.5000	  1.0129
795.0000	  1.0137
794.5000	  1.0139
794.0000	  1.0142
793.5000	  1.0128
793.0000	  1.0140
792.5000	  1.0150
792.0000	  1.0130
791.5000	  1.0141
791.0000	  1.0150
790.5000	  1.0137
790.0000	  1.0163
789.5000	  1.0142
789.0000	  1.0170
788.5000	  1.0147
788.0000	  1.0159
787.5000	  1.0169
787.0000	  1.0160
786.5000	  1.0174
786.0000	  1.0143
785.5000	  1.0157
785.0000	  1.0166
784.5000	  1.0172
784.0000	  1.0158
783.5000	  1.0147
783.0000	  1.0182
782.5000	  1.0159
782.0000	  1.0180
781.5000	  1.0174
781.0000	  1.0163
780.5000	  1.0170
780.0000	  1.0166
779.5000	  1.0173
779.0000	  1.0156
778.5000	  1.0180
778.0000	  1.0182
777.5000	  1.0171
777.0000	  1.0184
776.5000	  1.0177
776.0000	  1.0176
775.5000	  1.0190
775.0000	  1.0168
774.5000	  1.0199
774.0000	  1.0165
773.5000	  1.0180
773.0000	  1.0189
772.5000	  1.0178
772.0000	  1.0209
771.5000	  1.0178
771.0000	  1.0197
770.5000	  1.0191
770.0000	  1.0190
769.5000	  1.0190
769.0000	  1.0185
768.5000	  1.0188
768.0000	  1.0187
767.5000	  1.0195
767.0000	  1.0193
766.5000	  1.0208
766.0000	  1.0214
765.5000	  1.0194
765.0000	  1.0209
764.5000	  1.0198
764.0000	  1.0195
763.5000	  1.0216
763.0000	  1.0202
762.5000	  1.0224
762.0000	  1.0189
761.5000	  1.0210
761.0000	  1.0199
760.5000	  1.0209
760.0000	  1.0206
759.5000	  1.0218
759.0000	  1.0213
758.5000	  1.0217
758.0000	  1.0205
757.5000	  1.0224
757.0000	  1.0209
756.5000	  1.0218
756.0000	  1.0215
755.5000	  1.0208
755.0000	  1.0223
754.5000	  1.0217
754.0000	  1.0230
753.5000	  1.0230
753.0000	  1.0225
752.5000	  1.0207
752.0000	  1.0217
751.5000	  1.0239
751.0000	  1.0209
750.5000	  1.0232
750.0000	  1.0230
749.5000	  1.0229
749.0000	  1.0232
748.5000	  1.0226
748.0000	  1.0244
747.5000	  1.0239
747.0000	  1.0237
746.5000	  1.0242
746.0000	  1.0228
745.5000	  1.0253
745.0000	  1.0235
744.5000	  1.0255
744.0000	  1.0242
743.5000	  1.0243
743.0000	  1.0252
742.5000	  1.0250
742.0000	  1.0267
741.5000	  1.0267
741.0000	  1.0250
740.5000	  1.0269
740.0000	  1.0262
739.5000	  1.0281
739.0000	  1.0268
738.5000	  1.0292
738.0000	  1.0288
737.5000	  1.0272
737.0000	  1.0293
736.5000	  1.0285
736.0000	  1.0299
735.5000	  1.0305
735.0000	  1.0300
734.5000	  1.0297
734.0000	  1.0326
733.5000	  1.0350
733.0000	  1.0332
732.5000	  1.0346
732.0000	  1.0338
731.5000	  1.0350
731.0000	  1.0366
730.5000	  1.0367
730.0000	  1.0365
729.5000	  1.0377
729.0000	  1.0392
728.5000	  1.0399
728.0000	  1.0404
727.5000	  1.0440
727.0000	  1.0462
726.5000	  1.0450
726.0000	  1.0491
725.5000	  1.0481
725.0000	  1.0508
724.5000	  1.0546
724.0000	  1.0557
723.5000	  1.0599
723.0000	  1.0616
722.5000	  1.0647
722.0000	  1.0667
721.5000	  1.0708
721.0000	  1.0728
720.5000	  1.0748
720.0000	  1.0795
719.5000	  1.0813
719.0000	  1.0843
718.5000	  1.0859
718.0000	  1.0855
717.5000	  1.0889
717.0000	  1.0873
716.5000	  1.0868
716.0000	  1.0842
715.5000	  1.0808
715.0000	  1.0775
714.5000	  1.0719
714.0000	  1.0717
713.5000	  1.0646
713.0000	  1.0611
712.5000	  1.0578
712.0000	  1.0535
711.5000	  1.0534
711.0000	  1.0476
710.5000	  1.0448
710.0000	  1.0428
709.5000	  1.0403
709.0000	  1.0407
708.5000	  1.0386
708.0000	  1.0359
707.5000	  1.0351
707.0000	  1.0322
706.5000	  1.0343
706.0000	  1.0333
705.5000	  1.0344
705.0000	  1.0323
704.5000	  1.0345
704.0000	  1.0352
703.5000	  1.0331
703.0000	  1.0343
702.5000	  1.0341
702.0000	  1.0335
701.5000	  1.0325
701.0000	  1.0326
700.5000	  1.0329
700.0000	  1.0330
699.5000	  1.0341
699.0000	  1.0324
698.5000	  1.0328
698.0000	  1.0322
697.5000	  1.0321
697.0000	  1.0343
696.5000	  1.0318
696.0000	  1.0327
695.5000	  1.0332
695.0000	  1.0344
694.5000	  1.0338
694.0000	  1.0321
693.5000	  1.0332
693.0000	  1.0329
692.5000	  1.0337
692.0000	  1.0345
691.5000	  1.0322
691.0000	  1.0319
690.5000	  1.0336
690.0000	  1.0332
689.5000	  1.0336
689.0000	  1.0313
688.5000	  1.0318
688.0000	  1.0326
687.5000	  1.0320
687.0000	  1.0326
686.5000	  1.0322
686.0000	  1.0325
685.5000	  1.0329
685.0000	  1.0318
684.5000	  1.0308
684.0000	  1.0323
683.5000	  1.0329
683.0000	  1.0311
682.5000	  1.0329
682.0000	  1.0311
681.5000	  1.0304
681.0000	  1.0323
680.5000	  1.0317
680.0000	  1.0327
679.5000	  1.0298
679.0000	  1.0318
678.5000	  1.0309
678.0000	  1.0302
677.5000	  1.0321
677.0000	  1.0318
676.5000	  1.0306
676.0000	  1.0312
675.5000	  1.0315
675.0000	  1.0324
674.5000	  1.0305
674.0000	  1.0315
673.5000	  1.0309
673.0000	  1.0319
672.5000	  1.0314
672.0000	  1.0308
671.5000	  1.0313
671.0000	  1.0305
670.5000	  1.0312
670.0000	  1.0302
669.5000	  1.0304
669.0000	  1.0318
668.5000	  1.0324
668.0000	  1.0325
667.5000	  1.0298
667.0000	  1.0297
666.5000	  1.0318
666.0000	  1.0299
665.5000	  1.0317
665.0000	  1.0303
664.5000	  1.0297
664.0000	  1.0305
663.5000	  1.0305
663.0000	  1.0304
662.5000	  1.0285
662.0000	  1.0287
661.5000	  1.0306
661.0000	  1.0301
660.5000	  1.0315
660.0000	  1.0297
659.5000	  1.0300
659.0000	  1.0298
658.5000	  1.0293
658.0000	  1.0294
657.5000	  1.0281
657.0000	  1.0296
656.5000	  1.0288
656.0000	  1.0278
655.5000	  1.0280
655.0000	  1.0280
654.5000	  1.0287
654.0000	  1.0294
653.5000	  1.0290
653.0000	  1.0276
652.5000	  1.0269
652.0000	  1.0281
651.5000	  1.0281
651.0000	  1.0275
650.5000	  1.0265
650.0000	  1.0282
649.5000	  1.0280
649.0000	  1.0263
648.5000	  1.0264
648.0000	  1.0261
647.5000	  1.0260
647.0000	  1.0264
646.5000	  1.0258
646.0000	  1.0266
645.5000	  1.0240
645.0000	  1.0244
644.5000	  1.0250
644.0000	  1.0251
643.5000	  1.0248
643.0000	  1.0235
642.5000	  1.0231
642.0000	  1.0227
641.5000	  1.0234
641.0000	  1.0217
640.5000	  1.0222
640.0000	  1.0219
639.5000	  1.0212
639.0000	  1.0217
638.5000	  1.0198
638.0000	  1.0191
637.5000	  1.0192
637.0000	  1.0179
636.5000	  1.0188
636.0000	  1.0174
635.5000	  1.0168
635.0000	  1.0163
634.5000	  1.0166
634.0000	  1.0168
633.5000	  1.0141
633.0000	  1.0154
632.5000	  1.0152
632.0000	  1.0160
631.5000	  1.0161
631.0000	  1.0156
630.5000	  1.0170
630.0000	  1.0192
629.5000	  1.0189
629.0000	  1.0199
628.5000	  1.0208
628.0000	  1.0236
627.5000	  1.0255
627.0000	  1.0262
626.5000	  1.0291
626.0000	  1.0307
625.5000	  1.0321
625.0000	  1.0347
624.5000	  1.0375
624.0000	  1.0384
623.5000	  1.0405
623.0000	  1.0433
622.5000	  1.0436
622.0000	  1.0469
621.5000	  1.0463
621.0000	  1.0483
620.5000	  1.0497
620.0000	  1.0494
619.5000	  1.0518
619.0000	  1.0504
618.5000	  1.0511
618.0000	  1.0519
617.5000	  1.0511
617.0000	  1.0519
616.5000	  1.0488
616.0000	  1.0498
615.5000	  1.0496
615.0000	  1.0490
614.5000	  1.0499
614.0000	  1.0494
613.5000	  1.0486
613.0000	  1.0497
612.5000	  1.0504
612.0000	  1.0501
611.5000	  1.0495
611.0000	  1.0481
610.5000	  1.0499
610.0000	  1.0485
609.5000	  1.0480
609.0000	  1.0487
608.5000	  1.0497
608.0000	  1.0493
607.5000	  1.0517
607.0000	  1.0490
606.5000	  1.0496
606.0000	  1.0491
605.5000	  1.0494
605.0000	  1.0509
604.5000	  1.0501
604.0000	  1.0503
603.5000	  1.0511
603.0000	  1.0512
602.5000	  1.0501
602.0000	  1.0507
601.5000	  1.0514
601.0000	  1.0505
600.5000	  1.0522
600.0000	  1.0506
599.5000	  1.0512
599.0000	  1.0528
598.5000	  1.0520
598.0000	  1.0534
597.5000	  1.0493
597.0000	  1.0528
596.5000	  1.0537
596.0000	  1.0520
595.5000	  1.0533
595.0000	  1.0531
594.5000	  1.0531
594.0000	  1.0523
593.5000	  1.0541
593.0000	  1.0519
592.5000	  1.0538
592.0000	  1.0525
591.5000	  1.0544
591.0000	  1.0535
590.5000	  1.0524
590.0000	  1.0554
589.5000	  1.0550
589.0000	  1.0544
588.5000	  1.0552
588.0000	  1.0545
587.5000	  1.0548
587.0000	  1.0547
586.5000	  1.0556
586.0000	  1.0555
585.5000	  1.0553
585.0000	  1.0565
584.5000	  1.0547
584.0000	  1.0567
583.5000	  1.0549
583.0000	  1.0567
582.5000	  1.0559
582.0000	  1.0567
581.5000	  1.0567
581.0000	  1.0571
580.5000	  1.0570
580.0000	  1.0562
579.5000	  1.0580
579.0000	  1.0561
578.5000	  1.0580
578.0000	  1.0578
577.5000	  1.0575
577.0000	  1.0590
576.5000	  1.0578
576.0000	  1.0582
575.5000	  1.0583
575.0000	  1.0590
574.5000	  1.0583
574.0000	  1.0576
573.5000	  1.0596
573.0000	  1.0589
572.5000	  1.0608
572.0000	  1.0581
571.5000	  1.0601
571.0000	  1.0601
570.5000	  1.0590
570.0000	  1.0606
569.5000	  1.0595
569.0000	  1.0607
568.5000	  1.0596
568.0000	  1.0617
567.5000	  1.0587
567.0000	  1.0608
566.5000	  1.0608
566.0000	  1.0607
565.5000	  1.0622
565.0000	  1.0605
564.5000	  1.0619
564.0000	  1.0612
563.5000	  1.0624
563.0000	  1.0633
562.5000	  1.0614
562.0000	  1.0634
561.5000	  1.0629
561.0000	  1.0632
560.5000	  1.0624
560.0000	  1.0622
559.5000	  1.0631
559.0000	  1.0625
558.5000	  1.0646
558.0000	  1.0628
557.5000	  1.0640
557.0000	  1.0638
556.5000	  1.0639
556.0000	  1.0646
555.5000	  1.0650
555.0000	  1.0651
554.5000	  1.0633
554.0000	  1.0653
553.5000	  1.0662
553.0000	  1.0647
552.5000	  1.0662
552.0000	  1.0641
551.5000	  1.0665
551.0000	  1.0645
550.5000	  1.0657
550.0000	  1.0661
549.5000	  1.0659
549.0000	  1.0670
548.5000	  1.0652
548.0000	  1.0669
547.5000	  1.0666
547.0000	  1.0669
546.5000	  1.0662
546.0000	  1.0677
545.5000	  1.0674
545.0000	  1.0668
544.5000	  1.0684
544.0000	  1.0669
543.5000	  1.0678
543.0000	  1.0688
542.5000	  1.0679
542.0000	  1.0681
541.5000	  1.0676
541.0000	  1.0689
540.5000	  1.0685
540.0000	  1.0694
539.5000	  1.0684
539.0000	  1.0680
538.5000	  1.0691
538.0000	  1.0686
537.5000	  1.0701
537.0000	  1.0688
536.5000	  1.0697
536.0000	  1.0700
535.5000	  1.0699
535.0000	  1.0701
534.5000	  1.0697
534.0000	  1.0697
533.5000	  1.0696
533.0000	  1.0705
532.5000	  1.0700
532.0000	  1.0712
531.5000	  1.0712
531.0000	  1.0701
530.5000	  1.0722
530.0000	  1.0700
529.5000	  1.0708
529.0000	  1.0709
528.5000	  1.0723
528.0000	  1.0717
527.5000	  1.0706
527.0000	  1.0710
526.5000	  1.0706
526.0000	  1.0718
525.5000	  1.0711
525.0000	  1.0694
524.5000	  1.0717
524.0000	  1.0714
523.5000	  1.0727
523.0000	  1.0715
522.5000	  1.0724
522.0000	  1.0720
521.5000	  1.0710
521.0000	  1.0723
520.5000	  1.0709
520.0000	  1.0725
519.5000	  1.0717
519.0000	  1.0722
518.5000	  1.0703
518.0000	  1.0712
517.5000	  1.0703
517.0000	  1.0699
516.5000	  1.0715
516.0000	  1.0700
515.5000	  1.0711
515.0000	  1.0709
514.5000	  1.0711
514.0000	  1.0709
513.5000	  1.0707
513.0000	  1.0713
512.5000	  1.0704
512.0000	  1.0710
511.5000	  1.0697
511.0000	  1.0702
510.5000	  1.0723
510.0000	  1.0711
509.5000	  1.0735
509.0000	  1.0708
508.5000	  1.0736
508.0000	  1.0739
507.5000	  1.0744
507.0000	  1.0753
506.5000	  1.0761
506.0000	  1.0777
505.5000	  1.0777
505.0000	  1.0806
504.5000	  1.0801
504.0000	  1.0826
503.5000	  1.0838
503.0000	  1.0850
502.5000	  1.0873
502.0000	  1.0866
501.5000	  1.0894
501.0000	  1.0905
500.5000	  1.0922
500.0000	  1.0933
499.5000	  1.0937
499.0000	  1.0963
498.5000	  1.0969
498.0000	  1.0993
497.5000	  1.0991
497.0000	  1.0997
496.5000	  1.1014
496.0000	  1.1017
495.5000	  1.1028
495.0000	  1.1044
494.5000	  1.1061
494.0000	  1.1057
493.5000	  1.1078
493.0000	  1.1079
492.5000	  1.1079
492.0000	  1.1093
491.5000	  1.1089
491.0000	  1.1117
490.5000	  1.1096
490.0000	  1.1115
489.5000	  1.1102
489.0000	  1.1128
488.5000	  1.1109
488.0000	  1.1115
487.5000	  1.1116
487.0000	  1.1120
486.5000	  1.1131
486.0000	  1.1124
485.5000	  1.1142
485.0000	  1.1136
484.5000	  1.1150
484.0000	  1.1149
483.5000	  1.1148
483.0000	  1.1160
482.5000	  1.1156
482.0000	  1.1185
481.5000	  1.1162
481.0000	  1.1174
480.5000	  1.1177
480.0000	  1.1207
479.5000	  1.1208
479.0000	  1.1210
478.5000	  1.1220
478.0000	  1.1223
477.5000	  1.1231
477.0000	  1.1229
476.5000	  1.1254
476.0000	  1.1262
475.5000	  1.1268
475.0000	  1.1309
474.5000	  1.1289
474.0000	  1.1301
473.5000	  1.1311
473.0000	  1.1334
472.5000	  1.1345
472.0000	  1.1341
471.5000	  1.1369
471.0000	  1.1373
470.5000	  1.1403
470.0000	  1.1396
469.5000	  1.1425
469.0000	  1.1430
468.5000	  1.1432
468.0000	  1.1455
467.5000	  1.1473
467.0000	  1.1511
466.5000	  1.1508
466.0000	  1.1536
465.5000	  1.1541
465.0000	  1.1567
464.5000	  1.1583
464.0000	  1.1588
463.5000	  1.1620
463.0000	  1.1622
462.5000	  1.1638
462.0000	  1.1674
461.5000	  1.1679
461.0000	  1.1700
460.5000	  1.1691
460.0000	  1.1710
459.5000	  1.1703
459.0000	  1.1744
458.5000	  1.1750
458.0000	  1.1763
457.5000	  1.1786
457.0000	  1.1752
456.5000	  1.1787
456.0000	  1.1770
455.5000	  1.1795
455.0000	  1.1762
454.5000	  1.1767
454.0000	  1.1748
453.5000	  1.1726
453.0000	  1.1726
452.5000	  1.1710
452.0000	  1.1689
451.5000	  1.1673
451.0000	  1.1654
450.5000	  1.1646
450.0000	  1.1609
449.5000	  1.1616
449.0000	  1.1595
448.5000	  1.1576
448.0000	  1.1550
447.5000	  1.1523
447.0000	  1.1527
446.5000	  1.1501
446.0000	  1.1494
445.5000	  1.1460
445.0000	  1.1477
444.5000	  1.1449
444.0000	  1.1456
443.5000	  1.1431
443.0000	  1.1434
442.5000	  1.1428
442.0000	  1.1410
441.5000	  1.1419
441.0000	  1.1406
440.5000	  1.1414
440.0000	  1.1385
439.5000	  1.1398
439.0000	  1.1385
438.5000	  1.1382
438.0000	  1.1380
437.5000	  1.1381
437.0000	  1.1396
436.5000	  1.1372
436.0000	  1.1381
435.5000	  1.1386
435.0000	  1.1381
434.5000	  1.1380
434.0000	  1.1383
433.5000	  1.1392
433.0000	  1.1385
432.5000	  1.1382
432.0000	  1.1374
431.5000	  1.1396
431.0000	  1.1409
430.5000	  1.1395
430.0000	  1.1415
429.5000	  1.1407
429.0000	  1.1425
428.5000	  1.1420
428.0000	  1.1411
427.5000	  1.1420
427.0000	  1.1432
426.5000	  1.1430
426.0000	  1.1423
425.5000	  1.1436
425.0000	  1.1461
424.5000	  1.1462
424.0000	  1.1466
423.5000	  1.1456
423.0000	  1.1471
422.5000	  1.1485
422.0000	  1.1498
421.5000	  1.1477
421.0000	  1.1519
420.5000	  1.1495
420.0000	  1.1499
419.5000	  1.1524
419.0000	  1.1514
418.5000	  1.1519
418.0000	  1.1515
417.5000	  1.1545
417.0000	  1.1530
416.5000	  1.1531
416.0000	  1.1548
415.5000	  1.1546
415.0000	  1.1553
414.5000	  1.1538
414.0000	  1.1569
413.5000	  1.1561
413.0000	  1.1575
412.5000	  1.1585
412.0000	  1.1582
411.5000	  1.1572
411.0000	  1.1578
410.5000	  1.1601
410.0000	  1.1578
409.5000	  1.1606
409.0000	  1.1614
408.5000	  1.1591
408.0000	  1.1625
407.5000	  1.1633
407.0000	  1.1614
406.5000	  1.1631
406.0000	  1.1627
405.5000	  1.1619
405.0000	  1.1635
404.5000	  1.1639
404.0000	  1.1637
403.5000	  1.1659
403.0000	  1.1646
402.5000	  1.1650
402.0000	  1.1660
401.5000	  1.1686
401.0000	  1.1650
400.5000	  1.1679
400.0000	  1.1656
399.5000	  1.1669
399.0000	  1.1692
398.5000	  1.1692
398.0000	  1.1686
397.5000	  1.1695
397.0000	  1.1731
396.5000	  1.1700
396.0000	  1.1713
395.5000	  1.1716
395.0000	  1.1711
394.5000	  1.1753
394.0000	  1.1709
393.5000	  1.1735
393.0000	  1.1739
392.5000	  1.1745
392.0000	  1.1732
391.5000	  1.1747
391.0000	  1.1759
390.5000	  1.1773
390.0000	  1.1798
389.5000	  1.1779
389.0000	  1.1790
388.5000	  1.1802
388.0000	  1.1848
387.5000	  1.1836
387.0000	  1.1870
386.5000	  1.1868
386.0000	  1.1879
385.5000	  1.1887
385.0000	  1.1911
384.5000	  1.1908
384.0000	  1.1933
383.5000	  1.1965
383.0000	  1.1940
382.5000	  1.1968
382.0000	  1.1966
381.5000	  1.1974
381.0000	  1.1980
380.5000	  1.1996
380.0000	  1.2035
379.5000	  1.2023
379.0000	  1.2033
378.5000	  1.2039
378.0000	  1.2044
377.5000	  1.2033
377.0000	  1.2044
376.5000	  1.2051
376.0000	  1.2090
375.5000	  1.2088
375.0000	  1.2081
374.5000	  1.2110
374.0000	  1.2059
373.5000	  1.2097
373.0000	  1.2114
372.5000	  1.2135
372.0000	  1.2145
371.5000	  1.2118
371.0000	  1.2122
370.5000	  1.2145
370.0000	  1.2149
369.5000	  1.2146
369.0000	  1.2176
368.5000	  1.2186
368.0000	  1.2179
367.5000	  1.2182
367.0000	  1.2176
366.5000	  1.2186
366.0000	  1.2212
365.5000	  1.2213
365.0000	  1.2211
364.5000	  1.2204
364.0000	  1.2241
363.5000	  1.2273
363.0000	  1.2240
362.5000	  1.2234
362.0000	  1.2249
361.5000	  1.2271
361.0000	  1.2309
360.5000	  1.2276
360.0000	  1.2286
359.5000	  1.2331
359.0000	  1.2323
358.5000	  1.2307
358.0000	  1.2301
357.5000	  1.2362
357.0000	  1.2353
356.5000	  1.2352
356.0000	  1.2314
355.5000	  1.2389
355.0000	  1.2388
354.5000	  1.2371
354.0000	  1.2431
353.5000	  1.2407
353.0000	  1.2403
352.5000	  1.2437
352.0000	  1.2438
351.5000	  1.2431
351.0000	  1.2452
350.5000	  1.2472
350.0000	  1.2449
349.5000	  1.2458
349.0000	  1.2485
348.5000	  1.2503
348.0000	  1.2529
347.5000	  1.2517
347.0000	  1.2502
346.5000	  1.2497
346.0000	  1.2534
345.5000	  1.2548
345.0000	  1.2526
344.5000	  1.2560
344.0000	  1.2545
343.5000	  1.2542
343.0000	  1.2609
342.5000	  1.2632
342.0000	  1.2649
341.5000	  1.2628
341.0000	  1.2617
340.5000	  1.2647
340.0000	  1.2735
339.5000	  1.2663
339.0000	  1.2747
338.5000	  1.2801
338.0000	  1.2745
337.5000	  1.2805
337.0000	  1.2745
336.5000	  1.2819
336.0000	  1.2847
335.5000	  1.2888
335.0000	  1.2868
334.5000	  1.2835
334.0000	  1.2829
333.5000	  1.2905
333.0000	  1.2926
332.5000	  1.2937
332.0000	  1.2908
331.5000	  1.2884
331.0000	  1.2910
330.5000	  1.2943
330.0000	  1.2977
329.5000	  1.2953
329.0000	  1.3035
328.5000	  1.3037
328.0000	  1.2998
327.5000	  1.3001
327.0000	  1.3135
326.5000	  1.3023
326.0000	  1.3049
325.5000	  1.3082
325.0000	  1.3059
324.5000	  1.3122
324.0000	  1.3146
323.5000	  1.3123
323.0000	  1.3129
322.5000	  1.3160
322.0000	  1.3176
321.5000	  1.3238
321.0000	  1.3192
320.5000	  1.3242
320.0000	  1.3267
319.5000	  1.3248
319.0000	  1.3346
318.5000	  1.3271
318.0000	  1.3292
317.5000	  1.3304
317.0000	  1.3303
316.5000	  1.3365
316.0000	  1.3308
315.5000	  1.3302
315.0000	  1.3399
314.5000	  1.3324
314.0000	  1.3465
313.5000	  1.3479
313.0000	  1.3456
312.5000	  1.3431
312.0000	  1.3430
311.5000	  1.3494
311.0000	  1.3490
310.5000	  1.3503
310.0000	  1.3490
309.5000	  1.3494
309.0000	  1.3479
308.5000	  1.3564
308.0000	  1.3545
307.5000	  1.3601
307.0000	  1.3569
306.5000	  1.3616
306.0000	  1.3678
305.5000	  1.3566
305.0000	  1.3623
304.5000	  1.3589
304.0000	  1.3636
303.5000	  1.3649
303.0000	  1.3611
302.5000	  1.3618
302.0000	  1.3661
301.5000	  1.3679
301.0000	  1.3612
300.5000	  1.3636
300.0000	  1.3677
299.5000	  1.3738
299.0000	  1.3692
298.5000	  1.3742
298.0000	  1.3718
297.5000	  1.3783
297.0000	  1.3797
296.5000	  1.3826
296.0000	  1.3792
295.5000	  1.3797
295.0000	  1.3784
294.5000	  1.3824
294.0000	  1.3848
293.5000	  1.3870
293.0000	  1.3856
292.5000	  1.3919
292.0000	  1.3921
291.5000	  1.3977
291.0000	  1.4017
290.5000	  1.4025
290.0000	  1.3972
289.5000	  1.4080
289.0000	  1.4094
288.5000	  1.4113
288.0000	  1.4069
287.5000	  1.4155
287.0000	  1.4108
286.5000	  1.4178
286.0000	  1.4163
285.5000	  1.4221
285.0000	  1.4299
284.5000	  1.4266
284.0000	  1.4333
283.5000	  1.4391
283.0000	  1.4416
282.5000	  1.4419
282.0000	  1.4493
281.5000	  1.4495
281.0000	  1.4499
280.5000	  1.4531
280.0000	  1.4619
279.5000	  1.4602
279.0000	  1.4661
278.5000	  1.4616
278.0000	  1.4614
277.5000	  1.4696
277.0000	  1.4737
276.5000	  1.4719
276.0000	  1.4821
275.5000	  1.4821
275.0000	  1.4835
274.5000	  1.4819
274.0000	  1.4894
273.5000	  1.4903
273.0000	  1.4895
272.5000	  1.5000
272.0000	  1.5067
271.5000	  1.5155
271.0000	  1.5138
270.5000	  1.5051
270.0000	  1.5201
269.5000	  1.5217
269.0000	  1.5332
268.5000	  1.5399
268.0000	  1.5229
267.5000	  1.5432
267.0000	  1.5407
266.5000	  1.5432
266.0000	  1.5443
265.5000	  1.5446
265.0000	  1.5511
264.5000	  1.5575
264.0000	  1.5539
263.5000	  1.5620
263.0000	  1.5622
262.5000	  1.5674
262.0000	  1.5785
261.5000	  1.5759
261.0000	  1.5736
260.5000	  1.5733
260.0000	  1.5805
259.5000	  1.5867
259.0000	  1.5833
258.5000	  1.5912
258.0000	  1.5988
257.5000	  1.5947
257.0000	  1.5993
256.5000	  1.5985
256.0000	  1.6040
255.5000	  1.6177
255.0000	  1.6196
254.5000	  1.6189
254.0000	  1.6202
253.5000	  1.6057
253.0000	  1.6235
252.5000	  1.6080
252.0000	  1.6225
251.5000	  1.6247
251.0000	  1.6439
250.5000	  1.6408
250.0000	  1.6333
249.5000	  1.6292
249.0000	  1.6472
248.5000	  1.6363
248.0000	  1.6401
247.5000	  1.6446
247.0000	  1.6462
246.5000	  1.6576
246.0000	  1.6477
245.5000	  1.6652
245.0000	  1.6749
244.5000	  1.6747
244.0000	  1.6549
243.5000	  1.6883
243.0000	  1.6882
242.5000	  1.6896
242.0000	  1.7171
241.5000	  1.7238
241.0000	  1.7181
240.5000	  1.7283
240.0000	  1.7427
239.5000	  1.7467
239.0000	  1.7678
238.5000	  1.7684
238.0000	  1.7812
237.5000	  1.7893
237.0000	  1.8018
236.5000	  1.8236
236.0000	  1.8323
235.5000	  1.8137
235.0000	  1.8381
234.5000	  1.8460
234.0000	  1.8574
233.5000	  1.8968
233.0000	  1.8868
232.5000	  1.8935
232.0000	  1.9107
231.5000	  1.9023
231.0000	  1.9211
230.5000	  1.9530
230.0000	  1.9499
229.5000	  1.9606
229.0000	  1.9542
228.5000	  1.9743
228.0000	  1.9991
227.5000	  1.9916
227.0000	  2.0007
226.5000	  2.0122
226.0000	  2.0306
225.5000	  2.0534
225.0000	  2.0502
224.5000	  2.0458
224.0000	  2.0661
223.5000	  2.0919
223.0000	  2.0888
222.5000	  2.1102
222.0000	  2.0873
221.5000	  2.0975
221.0000	  2.1102
220.5000	  2.1397
220.0000	  2.1267
219.5000	  2.1149
219.0000	  2.1358
218.5000	  2.2250
218.0000	  2.1830
217.5000	  2.1588
217.0000	  2.1600
216.5000	  2.1973
216.0000	  2.2256
215.5000	  2.1791
215.0000	  2.2250
214.5000	  2.2396
214.0000	  2.2225
213.5000	  2.2201
213.0000	  2.2507
212.5000	  2.2356
212.0000	  2.1617
211.5000	  2.1392
211.0000	  2.2501
210.5000	  2.2363
210.0000	  2.1999
209.5000	  2.2947
209.0000	  2.2599
208.5000	  2.2752
208.0000	  2.2477
207.5000	  2.2791
207.0000	  2.2122
206.5000	  2.3121
206.0000	  2.3209
205.5000	  2.4072
205.0000	  2.2451
204.5000	  2.3377
204.0000	  2.2762
203.5000	  2.3705
203.0000	  2.1561
202.5000	  2.5035
202.0000	  2.5084
201.5000	  2.5780
201.0000	  2.1757
200.5000	  2.4688
200.0000	  2.6101
