27/03/2024 15.51.32
27/03/2024 16.00.36

900.0000	 97.5900

900.0000	 97.5900

900.0000	101.5800



  1.0000
900.0000
  3.0000
340.0000
  1.0000
1401.0000
  5.0000
  6.0000
  1.0000
  1.0000
  0.0000
  0.0000
100.0000
  0.0000
  1.0000
  0.0000
500.0000
900.0000
200.0000
  4.0000
  1.0000
 18.0000
  2.0000
  1.0000
255.0000
  0.7440
  1.0000
 30.0000
  4.0000
500.0000
  0.0000
  0.0000
  4.0000
900.0000
200.0000
  0.0000
100.0000
  0.0000
  1.0000
  0.0000
500.0000
  1.0000
  1.0000
  1.0000
  1.0000
  4.0000
  0.0000
  1.0000
  1.0000
  1.0000
  1.0000
  1.0000
  2.0000
  1.0000
  1.0000
  1.0000
  3.0000
  1.0000
  1.0000
  1.0000
  4.0000
  5.0000
543.838
0.000
#
900.0000	  0.9756
899.5000	  1.0396
899.0000	  1.0013
898.5000	  0.9922
898.0000	  0.9872
897.5000	  1.0032
897.0000	  0.9902
896.5000	  0.9950
896.0000	  1.0036
895.5000	  0.9934
895.0000	  0.9854
894.5000	  0.9799
894.0000	  0.9939
893.5000	  1.0042
893.0000	  0.9768
892.5000	  0.9936
892.0000	  0.9862
891.5000	  1.0157
891.0000	  1.0018
890.5000	  1.0047
890.0000	  1.0010
889.5000	  1.0025
889.0000	  0.9825
888.5000	  1.0030
888.0000	  0.9948
887.5000	  0.9763
887.0000	  1.0048
886.5000	  0.9825
886.0000	  0.9906
885.5000	  1.0138
885.0000	  1.0183
884.5000	  0.9985
884.0000	  1.0063
883.5000	  0.9773
883.0000	  1.0078
882.5000	  1.0299
882.0000	  1.0020
881.5000	  0.9938
881.0000	  0.9916
880.5000	  0.9999
880.0000	  1.0004
879.5000	  0.9900
879.0000	  1.0076
878.5000	  0.9884
878.0000	  0.9948
877.5000	  0.9985
877.0000	  0.9904
876.5000	  1.0082
876.0000	  0.9952
875.5000	  1.0012
875.0000	  1.0088
874.5000	  0.9948
874.0000	  0.9935
873.5000	  1.0120
873.0000	  0.9975
872.5000	  1.0070
872.0000	  0.9984
871.5000	  0.9900
871.0000	  0.9948
870.5000	  0.9979
870.0000	  1.0144
869.5000	  1.0038
869.0000	  0.9981
868.5000	  0.9975
868.0000	  1.0099
867.5000	  1.0049
867.0000	  0.9983
866.5000	  0.9961
866.0000	  1.0043
865.5000	  1.0034
865.0000	  1.0026
864.5000	  0.9945
864.0000	  0.9992
863.5000	  1.0104
863.0000	  0.9994
862.5000	  1.0097
862.0000	  1.0018
861.5000	  1.0037
861.0000	  0.9970
860.5000	  1.0102
860.0000	  1.0056
859.5000	  1.0099
859.0000	  1.0105
858.5000	  1.0094
858.0000	  1.0120
857.5000	  1.0050
857.0000	  1.0078
856.5000	  1.0107
856.0000	  1.0126
855.5000	  1.0147
855.0000	  1.0115
854.5000	  1.0058
854.0000	  1.0152
853.5000	  1.0128
853.0000	  1.0143
852.5000	  1.0119
852.0000	  1.0145
851.5000	  1.0114
851.0000	  1.0160
850.5000	  1.0135
850.0000	  1.0155
849.5000	  1.0164
849.0000	  1.0189
848.5000	  1.0154
848.0000	  1.0147
847.5000	  1.0216
847.0000	  1.0189
846.5000	  1.0202
846.0000	  1.0210
845.5000	  1.0190
845.0000	  1.0214
844.5000	  1.0164
844.0000	  1.0210
843.5000	  1.0204
843.0000	  1.0190
842.5000	  1.0192
842.0000	  1.0186
841.5000	  1.0197
841.0000	  1.0193
840.5000	  1.0207
840.0000	  1.0207
839.5000	  1.0206
839.0000	  1.0209
838.5000	  1.0204
838.0000	  1.0180
837.5000	  1.0215
837.0000	  1.0231
836.5000	  1.0203
836.0000	  1.0173
835.5000	  1.0190
835.0000	  1.0207
834.5000	  1.0171
834.0000	  1.0192
833.5000	  1.0177
833.0000	  1.0194
832.5000	  1.0183
832.0000	  1.0174
831.5000	  1.0175
831.0000	  1.0192
830.5000	  1.0186
830.0000	  1.0154
829.5000	  1.0154
829.0000	  1.0159
828.5000	  1.0168
828.0000	  1.0157
827.5000	  1.0152
827.0000	  1.0170
826.5000	  1.0131
826.0000	  1.0138
825.5000	  1.0160
825.0000	  1.0147
824.5000	  1.0150
824.0000	  1.0160
823.5000	  1.0138
823.0000	  1.0135
822.5000	  1.0146
822.0000	  1.0132
821.5000	  1.0145
821.0000	  1.0159
820.5000	  1.0141
820.0000	  1.0130
819.5000	  1.0148
819.0000	  1.0140
818.5000	  1.0149
818.0000	  1.0127
817.5000	  1.0130
817.0000	  1.0161
816.5000	  1.0149
816.0000	  1.0133
815.5000	  1.0130
815.0000	  1.0132
814.5000	  1.0126
814.0000	  1.0141
813.5000	  1.0118
813.0000	  1.0116
812.5000	  1.0143
812.0000	  1.0110
811.5000	  1.0140
811.0000	  1.0148
810.5000	  1.0132
810.0000	  1.0138
809.5000	  1.0138
809.0000	  1.0126
808.5000	  1.0146
808.0000	  1.0111
807.5000	  1.0127
807.0000	  1.0141
806.5000	  1.0136
806.0000	  1.0130
805.5000	  1.0152
805.0000	  1.0154
804.5000	  1.0136
804.0000	  1.0134
803.5000	  1.0117
803.0000	  1.0145
802.5000	  1.0136
802.0000	  1.0127
801.5000	  1.0153
801.0000	  1.0138
800.5000	  1.0153
800.0000	  1.0132
799.5000	  1.0119
799.0000	  1.0142
798.5000	  1.0132
798.0000	  1.0126
797.5000	  1.0165
797.0000	  1.0141
796.5000	  1.0148
796.0000	  1.0156
795.5000	  1.0141
795.0000	  1.0148
794.5000	  1.0146
794.0000	  1.0153
793.5000	  1.0140
793.0000	  1.0150
792.5000	  1.0150
792.0000	  1.0143
791.5000	  1.0150
791.0000	  1.0149
790.5000	  1.0136
790.0000	  1.0132
789.5000	  1.0141
789.0000	  1.0146
788.5000	  1.0163
788.0000	  1.0168
787.5000	  1.0147
787.0000	  1.0154
786.5000	  1.0160
786.0000	  1.0187
785.5000	  1.0166
785.0000	  1.0137
784.5000	  1.0163
784.0000	  1.0180
783.5000	  1.0161
783.0000	  1.0174
782.5000	  1.0159
782.0000	  1.0174
781.5000	  1.0161
781.0000	  1.0169
780.5000	  1.0184
780.0000	  1.0165
779.5000	  1.0182
779.0000	  1.0173
778.5000	  1.0166
778.0000	  1.0164
777.5000	  1.0172
777.0000	  1.0167
776.5000	  1.0187
776.0000	  1.0174
775.5000	  1.0164
775.0000	  1.0173
774.5000	  1.0171
774.0000	  1.0165
773.5000	  1.0175
773.0000	  1.0185
772.5000	  1.0172
772.0000	  1.0184
771.5000	  1.0182
771.0000	  1.0171
770.5000	  1.0186
770.0000	  1.0188
769.5000	  1.0179
769.0000	  1.0171
768.5000	  1.0187
768.0000	  1.0166
767.5000	  1.0194
767.0000	  1.0181
766.5000	  1.0171
766.0000	  1.0191
765.5000	  1.0195
765.0000	  1.0183
764.5000	  1.0177
764.0000	  1.0164
763.5000	  1.0194
763.0000	  1.0191
762.5000	  1.0185
762.0000	  1.0183
761.5000	  1.0179
761.0000	  1.0179
760.5000	  1.0187
760.0000	  1.0176
759.5000	  1.0192
759.0000	  1.0206
758.5000	  1.0188
758.0000	  1.0188
757.5000	  1.0191
757.0000	  1.0181
756.5000	  1.0209
756.0000	  1.0181
755.5000	  1.0210
755.0000	  1.0191
754.5000	  1.0197
754.0000	  1.0210
753.5000	  1.0198
753.0000	  1.0187
752.5000	  1.0196
752.0000	  1.0203
751.5000	  1.0207
751.0000	  1.0201
750.5000	  1.0201
750.0000	  1.0212
749.5000	  1.0202
749.0000	  1.0202
748.5000	  1.0217
748.0000	  1.0204
747.5000	  1.0221
747.0000	  1.0223
746.5000	  1.0218
746.0000	  1.0209
745.5000	  1.0216
745.0000	  1.0204
744.5000	  1.0216
744.0000	  1.0215
743.5000	  1.0204
743.0000	  1.0235
742.5000	  1.0223
742.0000	  1.0238
741.5000	  1.0232
741.0000	  1.0226
740.5000	  1.0233
740.0000	  1.0242
739.5000	  1.0228
739.0000	  1.0230
738.5000	  1.0258
738.0000	  1.0249
737.5000	  1.0257
737.0000	  1.0249
736.5000	  1.0243
736.0000	  1.0263
735.5000	  1.0243
735.0000	  1.0254
734.5000	  1.0273
734.0000	  1.0276
733.5000	  1.0262
733.0000	  1.0280
732.5000	  1.0286
732.0000	  1.0289
731.5000	  1.0307
731.0000	  1.0321
730.5000	  1.0322
730.0000	  1.0330
729.5000	  1.0322
729.0000	  1.0349
728.5000	  1.0357
728.0000	  1.0358
727.5000	  1.0363
727.0000	  1.0396
726.5000	  1.0386
726.0000	  1.0417
725.5000	  1.0413
725.0000	  1.0432
724.5000	  1.0479
724.0000	  1.0491
723.5000	  1.0494
723.0000	  1.0522
722.5000	  1.0554
722.0000	  1.0566
721.5000	  1.0594
721.0000	  1.0617
720.5000	  1.0642
720.0000	  1.0675
719.5000	  1.0694
719.0000	  1.0685
718.5000	  1.0698
718.0000	  1.0693
717.5000	  1.0727
717.0000	  1.0718
716.5000	  1.0698
716.0000	  1.0656
715.5000	  1.0672
715.0000	  1.0648
714.5000	  1.0604
714.0000	  1.0537
713.5000	  1.0540
713.0000	  1.0505
712.5000	  1.0462
712.0000	  1.0435
711.5000	  1.0402
711.0000	  1.0389
710.5000	  1.0361
710.0000	  1.0343
709.5000	  1.0317
709.0000	  1.0301
708.5000	  1.0273
708.0000	  1.0268
707.5000	  1.0281
707.0000	  1.0265
706.5000	  1.0264
706.0000	  1.0256
705.5000	  1.0250
705.0000	  1.0245
704.5000	  1.0261
704.0000	  1.0273
703.5000	  1.0266
703.0000	  1.0257
702.5000	  1.0272
702.0000	  1.0272
701.5000	  1.0259
701.0000	  1.0268
700.5000	  1.0261
700.0000	  1.0259
699.5000	  1.0252
699.0000	  1.0266
698.5000	  1.0248
698.0000	  1.0253
697.5000	  1.0267
697.0000	  1.0265
696.5000	  1.0269
696.0000	  1.0243
695.5000	  1.0266
695.0000	  1.0239
694.5000	  1.0247
694.0000	  1.0248
693.5000	  1.0253
693.0000	  1.0252
692.5000	  1.0250
692.0000	  1.0250
691.5000	  1.0249
691.0000	  1.0250
690.5000	  1.0252
690.0000	  1.0242
689.5000	  1.0253
689.0000	  1.0244
688.5000	  1.0239
688.0000	  1.0251
687.5000	  1.0241
687.0000	  1.0244
686.5000	  1.0235
686.0000	  1.0247
685.5000	  1.0241
685.0000	  1.0244
684.5000	  1.0228
684.0000	  1.0231
683.5000	  1.0245
683.0000	  1.0238
682.5000	  1.0248
682.0000	  1.0239
681.5000	  1.0236
681.0000	  1.0228
680.5000	  1.0245
680.0000	  1.0227
679.5000	  1.0228
679.0000	  1.0230
678.5000	  1.0230
678.0000	  1.0245
677.5000	  1.0231
677.0000	  1.0247
676.5000	  1.0238
676.0000	  1.0222
675.5000	  1.0236
675.0000	  1.0217
674.5000	  1.0233
674.0000	  1.0231
673.5000	  1.0236
673.0000	  1.0222
672.5000	  1.0242
672.0000	  1.0219
671.5000	  1.0222
671.0000	  1.0229
670.5000	  1.0218
670.0000	  1.0231
669.5000	  1.0232
669.0000	  1.0216
668.5000	  1.0225
668.0000	  1.0213
667.5000	  1.0236
667.0000	  1.0218
666.5000	  1.0226
666.0000	  1.0231
665.5000	  1.0222
665.0000	  1.0227
664.5000	  1.0212
664.0000	  1.0225
663.5000	  1.0211
663.0000	  1.0214
662.5000	  1.0220
662.0000	  1.0219
661.5000	  1.0229
661.0000	  1.0213
660.5000	  1.0218
660.0000	  1.0216
659.5000	  1.0214
659.0000	  1.0210
658.5000	  1.0201
658.0000	  1.0208
657.5000	  1.0216
657.0000	  1.0217
656.5000	  1.0203
656.0000	  1.0203
655.5000	  1.0203
655.0000	  1.0204
654.5000	  1.0211
654.0000	  1.0202
653.5000	  1.0200
653.0000	  1.0209
652.5000	  1.0191
652.0000	  1.0206
651.5000	  1.0188
651.0000	  1.0194
650.5000	  1.0193
650.0000	  1.0197
649.5000	  1.0184
649.0000	  1.0196
648.5000	  1.0188
648.0000	  1.0182
647.5000	  1.0201
647.0000	  1.0169
646.5000	  1.0173
646.0000	  1.0185
645.5000	  1.0178
645.0000	  1.0173
644.5000	  1.0163
644.0000	  1.0157
643.5000	  1.0167
643.0000	  1.0170
642.5000	  1.0146
642.0000	  1.0144
641.5000	  1.0145
641.0000	  1.0142
640.5000	  1.0153
640.0000	  1.0131
639.5000	  1.0136
639.0000	  1.0131
638.5000	  1.0116
638.0000	  1.0123
637.5000	  1.0107
637.0000	  1.0101
636.5000	  1.0108
636.0000	  1.0097
635.5000	  1.0098
635.0000	  1.0079
634.5000	  1.0085
634.0000	  1.0079
633.5000	  1.0085
633.0000	  1.0072
632.5000	  1.0069
632.0000	  1.0080
631.5000	  1.0068
631.0000	  1.0070
630.5000	  1.0067
630.0000	  1.0078
629.5000	  1.0094
629.0000	  1.0083
628.5000	  1.0117
628.0000	  1.0114
627.5000	  1.0137
627.0000	  1.0166
626.5000	  1.0172
626.0000	  1.0192
625.5000	  1.0216
625.0000	  1.0229
624.5000	  1.0252
624.0000	  1.0269
623.5000	  1.0274
623.0000	  1.0303
622.5000	  1.0308
622.0000	  1.0326
621.5000	  1.0343
621.0000	  1.0345
620.5000	  1.0356
620.0000	  1.0361
619.5000	  1.0362
619.0000	  1.0373
618.5000	  1.0384
618.0000	  1.0374
617.5000	  1.0371
617.0000	  1.0380
616.5000	  1.0364
616.0000	  1.0351
615.5000	  1.0364
615.0000	  1.0359
614.5000	  1.0350
614.0000	  1.0352
613.5000	  1.0358
613.0000	  1.0357
612.5000	  1.0362
612.0000	  1.0345
611.5000	  1.0358
611.0000	  1.0345
610.5000	  1.0352
610.0000	  1.0367
609.5000	  1.0355
609.0000	  1.0361
608.5000	  1.0353
608.0000	  1.0360
607.5000	  1.0338
607.0000	  1.0364
606.5000	  1.0353
606.0000	  1.0355
605.5000	  1.0368
605.0000	  1.0358
604.5000	  1.0364
604.0000	  1.0372
603.5000	  1.0365
603.0000	  1.0372
602.5000	  1.0363
602.0000	  1.0365
601.5000	  1.0372
601.0000	  1.0376
600.5000	  1.0356
600.0000	  1.0373
599.5000	  1.0383
599.0000	  1.0375
598.5000	  1.0383
598.0000	  1.0373
597.5000	  1.0382
597.0000	  1.0380
596.5000	  1.0394
596.0000	  1.0381
595.5000	  1.0373
595.0000	  1.0391
594.5000	  1.0388
594.0000	  1.0395
593.5000	  1.0390
593.0000	  1.0388
592.5000	  1.0390
592.0000	  1.0388
591.5000	  1.0398
591.0000	  1.0389
590.5000	  1.0382
590.0000	  1.0388
589.5000	  1.0413
589.0000	  1.0389
588.5000	  1.0393
588.0000	  1.0397
587.5000	  1.0399
587.0000	  1.0421
586.5000	  1.0388
586.0000	  1.0404
585.5000	  1.0396
585.0000	  1.0408
584.5000	  1.0397
584.0000	  1.0417
583.5000	  1.0414
583.0000	  1.0406
582.5000	  1.0428
582.0000	  1.0404
581.5000	  1.0413
581.0000	  1.0419
580.5000	  1.0418
580.0000	  1.0421
579.5000	  1.0418
579.0000	  1.0425
578.5000	  1.0424
578.0000	  1.0437
577.5000	  1.0414
577.0000	  1.0429
576.5000	  1.0429
576.0000	  1.0433
575.5000	  1.0438
575.0000	  1.0424
574.5000	  1.0433
574.0000	  1.0437
573.5000	  1.0445
573.0000	  1.0420
572.5000	  1.0438
572.0000	  1.0442
571.5000	  1.0439
571.0000	  1.0455
570.5000	  1.0434
570.0000	  1.0447
569.5000	  1.0444
569.0000	  1.0446
568.5000	  1.0443
568.0000	  1.0444
567.5000	  1.0446
567.0000	  1.0445
566.5000	  1.0446
566.0000	  1.0439
565.5000	  1.0457
565.0000	  1.0461
564.5000	  1.0449
564.0000	  1.0459
563.5000	  1.0453
563.0000	  1.0467
562.5000	  1.0454
562.0000	  1.0462
561.5000	  1.0465
561.0000	  1.0469
560.5000	  1.0466
560.0000	  1.0464
559.5000	  1.0459
559.0000	  1.0459
558.5000	  1.0468
558.0000	  1.0469
557.5000	  1.0463
557.0000	  1.0474
556.5000	  1.0459
556.0000	  1.0467
555.5000	  1.0471
555.0000	  1.0476
554.5000	  1.0468
554.0000	  1.0476
553.5000	  1.0480
553.0000	  1.0474
552.5000	  1.0487
552.0000	  1.0484
551.5000	  1.0473
551.0000	  1.0482
550.5000	  1.0481
550.0000	  1.0482
549.5000	  1.0483
549.0000	  1.0485
548.5000	  1.0478
548.0000	  1.0497
547.5000	  1.0490
547.0000	  1.0491
546.5000	  1.0493
546.0000	  1.0493
545.5000	  1.0496
545.0000	  1.0499
544.5000	  1.0500
544.0000	  1.0497
543.5000	  1.0511
543.0000	  1.0502
542.5000	  1.0501
542.0000	  1.0508
541.5000	  1.0500
541.0000	  1.0519
540.5000	  1.0502
540.0000	  1.0504
539.5000	  1.0517
539.0000	  1.0506
538.5000	  1.0513
538.0000	  1.0499
537.5000	  1.0516
537.0000	  1.0519
536.5000	  1.0530
536.0000	  1.0515
535.5000	  1.0519
535.0000	  1.0531
534.5000	  1.0514
534.0000	  1.0525
533.5000	  1.0515
533.0000	  1.0527
532.5000	  1.0536
532.0000	  1.0523
531.5000	  1.0539
531.0000	  1.0536
530.5000	  1.0527
530.0000	  1.0526
529.5000	  1.0554
529.0000	  1.0518
528.5000	  1.0529
528.0000	  1.0538
527.5000	  1.0526
527.0000	  1.0547
526.5000	  1.0537
526.0000	  1.0534
525.5000	  1.0543
525.0000	  1.0534
524.5000	  1.0545
524.0000	  1.0533
523.5000	  1.0538
523.0000	  1.0538
522.5000	  1.0550
522.0000	  1.0532
521.5000	  1.0540
521.0000	  1.0550
520.5000	  1.0534
520.0000	  1.0544
519.5000	  1.0524
519.0000	  1.0535
518.5000	  1.0531
518.0000	  1.0525
517.5000	  1.0526
517.0000	  1.0526
516.5000	  1.0524
516.0000	  1.0527
515.5000	  1.0533
515.0000	  1.0525
514.5000	  1.0520
514.0000	  1.0531
513.5000	  1.0518
513.0000	  1.0528
512.5000	  1.0508
512.0000	  1.0512
511.5000	  1.0518
511.0000	  1.0518
510.5000	  1.0512
510.0000	  1.0518
509.5000	  1.0530
509.0000	  1.0530
508.5000	  1.0526
508.0000	  1.0529
507.5000	  1.0529
507.0000	  1.0551
506.5000	  1.0547
506.0000	  1.0555
505.5000	  1.0560
505.0000	  1.0579
504.5000	  1.0585
504.0000	  1.0601
503.5000	  1.0599
503.0000	  1.0612
502.5000	  1.0644
502.0000	  1.0639
501.5000	  1.0660
501.0000	  1.0662
500.5000	  1.0674
500.0000	  1.0693
499.5000	  1.0707
499.0000	  1.0699
498.5000	  1.0717
498.0000	  1.0724
497.5000	  1.0724
497.0000	  1.0755
496.5000	  1.0750
496.0000	  1.0753
495.5000	  1.0779
495.0000	  1.0767
494.5000	  1.0785
494.0000	  1.0778
493.5000	  1.0787
493.0000	  1.0804
492.5000	  1.0798
492.0000	  1.0803
491.5000	  1.0810
491.0000	  1.0832
490.5000	  1.0819
490.0000	  1.0843
489.5000	  1.0825
489.0000	  1.0838
488.5000	  1.0835
488.0000	  1.0838
487.5000	  1.0839
487.0000	  1.0849
486.5000	  1.0834
486.0000	  1.0860
485.5000	  1.0860
485.0000	  1.0851
484.5000	  1.0858
484.0000	  1.0865
483.5000	  1.0860
483.0000	  1.0867
482.5000	  1.0862
482.0000	  1.0884
481.5000	  1.0896
481.0000	  1.0891
480.5000	  1.0900
480.0000	  1.0898
479.5000	  1.0905
479.0000	  1.0932
478.5000	  1.0932
478.0000	  1.0936
477.5000	  1.0933
477.0000	  1.0935
476.5000	  1.0951
476.0000	  1.0944
475.5000	  1.0960
475.0000	  1.0973
474.5000	  1.0970
474.0000	  1.0985
473.5000	  1.1001
473.0000	  1.1002
472.5000	  1.1007
472.0000	  1.1017
471.5000	  1.1039
471.0000	  1.1032
470.5000	  1.1042
470.0000	  1.1050
469.5000	  1.1082
469.0000	  1.1068
468.5000	  1.1092
468.0000	  1.1086
467.5000	  1.1105
467.0000	  1.1118
466.5000	  1.1125
466.0000	  1.1154
465.5000	  1.1146
465.0000	  1.1177
464.5000	  1.1174
464.0000	  1.1184
463.5000	  1.1195
463.0000	  1.1199
462.5000	  1.1207
462.0000	  1.1239
461.5000	  1.1242
461.0000	  1.1239
460.5000	  1.1246
460.0000	  1.1252
459.5000	  1.1272
459.0000	  1.1285
458.5000	  1.1279
458.0000	  1.1266
457.5000	  1.1270
457.0000	  1.1261
456.5000	  1.1276
456.0000	  1.1285
455.5000	  1.1261
455.0000	  1.1242
454.5000	  1.1242
454.0000	  1.1245
453.5000	  1.1232
453.0000	  1.1212
452.5000	  1.1207
452.0000	  1.1193
451.5000	  1.1186
451.0000	  1.1163
450.5000	  1.1149
450.0000	  1.1163
449.5000	  1.1135
449.0000	  1.1114
448.5000	  1.1101
448.0000	  1.1096
447.5000	  1.1078
447.0000	  1.1092
446.5000	  1.1077
446.0000	  1.1070
445.5000	  1.1057
445.0000	  1.1052
444.5000	  1.1040
444.0000	  1.1035
443.5000	  1.1021
443.0000	  1.1044
442.5000	  1.1023
442.0000	  1.1027
441.5000	  1.1032
441.0000	  1.1018
440.5000	  1.1023
440.0000	  1.1024
439.5000	  1.1005
439.0000	  1.1010
438.5000	  1.1014
438.0000	  1.1014
437.5000	  1.1022
437.0000	  1.1012
436.5000	  1.0996
436.0000	  1.1010
435.5000	  1.1024
435.0000	  1.1018
434.5000	  1.1025
434.0000	  1.1006
433.5000	  1.1017
433.0000	  1.1005
432.5000	  1.1029
432.0000	  1.1021
431.5000	  1.1023
431.0000	  1.1037
430.5000	  1.1045
430.0000	  1.1043
429.5000	  1.1031
429.0000	  1.1037
428.5000	  1.1032
428.0000	  1.1028
427.5000	  1.1051
427.0000	  1.1044
426.5000	  1.1056
426.0000	  1.1056
425.5000	  1.1075
425.0000	  1.1060
424.5000	  1.1056
424.0000	  1.1090
423.5000	  1.1078
423.0000	  1.1086
422.5000	  1.1089
422.0000	  1.1107
421.5000	  1.1126
421.0000	  1.1097
420.5000	  1.1108
420.0000	  1.1099
419.5000	  1.1119
419.0000	  1.1130
418.5000	  1.1124
418.0000	  1.1136
417.5000	  1.1113
417.0000	  1.1155
416.5000	  1.1133
416.0000	  1.1134
415.5000	  1.1129
415.0000	  1.1153
414.5000	  1.1152
414.0000	  1.1156
413.5000	  1.1164
413.0000	  1.1159
412.5000	  1.1166
412.0000	  1.1164
411.5000	  1.1170
411.0000	  1.1156
410.5000	  1.1163
410.0000	  1.1190
409.5000	  1.1172
409.0000	  1.1173
408.5000	  1.1177
408.0000	  1.1191
407.5000	  1.1203
407.0000	  1.1188
406.5000	  1.1208
406.0000	  1.1215
405.5000	  1.1187
405.0000	  1.1199
404.5000	  1.1215
404.0000	  1.1195
403.5000	  1.1216
403.0000	  1.1226
402.5000	  1.1222
402.0000	  1.1213
401.5000	  1.1206
401.0000	  1.1219
400.5000	  1.1243
400.0000	  1.1213
399.5000	  1.1243
399.0000	  1.1230
398.5000	  1.1242
398.0000	  1.1261
397.5000	  1.1243
397.0000	  1.1270
396.5000	  1.1244
396.0000	  1.1262
395.5000	  1.1244
395.0000	  1.1252
394.5000	  1.1239
394.0000	  1.1248
393.5000	  1.1245
393.0000	  1.1283
392.5000	  1.1276
392.0000	  1.1268
391.5000	  1.1271
391.0000	  1.1277
390.5000	  1.1280
390.0000	  1.1292
389.5000	  1.1299
389.0000	  1.1299
388.5000	  1.1341
388.0000	  1.1331
387.5000	  1.1343
387.0000	  1.1336
386.5000	  1.1339
386.0000	  1.1371
385.5000	  1.1396
385.0000	  1.1373
384.5000	  1.1393
384.0000	  1.1406
383.5000	  1.1421
383.0000	  1.1403
382.5000	  1.1432
382.0000	  1.1434
381.5000	  1.1412
381.0000	  1.1458
380.5000	  1.1467
380.0000	  1.1463
379.5000	  1.1485
379.0000	  1.1462
378.5000	  1.1498
378.0000	  1.1491
377.5000	  1.1528
377.0000	  1.1505
376.5000	  1.1501
376.0000	  1.1522
375.5000	  1.1470
375.0000	  1.1513
374.5000	  1.1533
374.0000	  1.1498
373.5000	  1.1548
373.0000	  1.1512
372.5000	  1.1547
372.0000	  1.1526
371.5000	  1.1541
371.0000	  1.1581
370.5000	  1.1572
370.0000	  1.1546
369.5000	  1.1547
369.0000	  1.1529
368.5000	  1.1575
368.0000	  1.1540
367.5000	  1.1588
367.0000	  1.1574
366.5000	  1.1576
366.0000	  1.1606
365.5000	  1.1598
365.0000	  1.1595
364.5000	  1.1586
364.0000	  1.1612
363.5000	  1.1647
363.0000	  1.1626
362.5000	  1.1650
362.0000	  1.1647
361.5000	  1.1664
361.0000	  1.1624
360.5000	  1.1636
360.0000	  1.1628
359.5000	  1.1671
359.0000	  1.1670
358.5000	  1.1690
358.0000	  1.1683
357.5000	  1.1654
357.0000	  1.1677
356.5000	  1.1686
356.0000	  1.1693
355.5000	  1.1708
355.0000	  1.1617
354.5000	  1.1733
354.0000	  1.1730
353.5000	  1.1732
353.0000	  1.1694
352.5000	  1.1721
352.0000	  1.1739
351.5000	  1.1714
351.0000	  1.1741
350.5000	  1.1744
350.0000	  1.1755
349.5000	  1.1773
349.0000	  1.1811
348.5000	  1.1734
348.0000	  1.1754
347.5000	  1.1777
347.0000	  1.1751
346.5000	  1.1844
346.0000	  1.1775
345.5000	  1.1845
345.0000	  1.1798
344.5000	  1.1873
344.0000	  1.1873
343.5000	  1.1855
343.0000	  1.1840
342.5000	  1.1821
342.0000	  1.1828
341.5000	  1.1843
341.0000	  1.1883
340.5000	  1.1868
340.0000	  1.1917
339.5000	  1.1891
339.0000	  1.1909
338.5000	  1.2009
338.0000	  1.1963
337.5000	  1.1917
337.0000	  1.1979
336.5000	  1.1999
336.0000	  1.1967
335.5000	  1.1985
335.0000	  1.1997
334.5000	  1.2053
334.0000	  1.2054
333.5000	  1.2067
333.0000	  1.1984
332.5000	  1.2007
332.0000	  1.1997
331.5000	  1.2080
331.0000	  1.2061
330.5000	  1.2032
330.0000	  1.2034
329.5000	  1.2038
329.0000	  1.2104
328.5000	  1.2113
328.0000	  1.2055
327.5000	  1.2081
327.0000	  1.2177
326.5000	  1.2185
326.0000	  1.2082
325.5000	  1.2149
325.0000	  1.2103
324.5000	  1.2145
324.0000	  1.2166
323.5000	  1.2077
323.0000	  1.2124
322.5000	  1.2189
322.0000	  1.2173
321.5000	  1.2196
321.0000	  1.2187
320.5000	  1.2188
320.0000	  1.2167
319.5000	  1.2231
319.0000	  1.2142
318.5000	  1.2196
318.0000	  1.2182
317.5000	  1.2110
317.0000	  1.2240
316.5000	  1.2203
316.0000	  1.2277
315.5000	  1.2273
315.0000	  1.2271
314.5000	  1.2298
314.0000	  1.2301
313.5000	  1.2238
313.0000	  1.2271
312.5000	  1.2235
312.0000	  1.2276
311.5000	  1.2312
311.0000	  1.2185
310.5000	  1.2266
310.0000	  1.2264
309.5000	  1.2289
309.0000	  1.2275
308.5000	  1.2226
308.0000	  1.2326
307.5000	  1.2310
307.0000	  1.2242
306.5000	  1.2294
306.0000	  1.2243
305.5000	  1.2254
305.0000	  1.2248
304.5000	  1.2243
304.0000	  1.2271
303.5000	  1.2220
303.0000	  1.2220
302.5000	  1.2282
302.0000	  1.2185
301.5000	  1.2217
301.0000	  1.2194
300.5000	  1.2244
300.0000	  1.2201
299.5000	  1.2183
299.0000	  1.2161
298.5000	  1.2151
298.0000	  1.2200
297.5000	  1.2160
297.0000	  1.2117
296.5000	  1.2200
296.0000	  1.2140
295.5000	  1.2257
295.0000	  1.2181
294.5000	  1.2160
294.0000	  1.2220
293.5000	  1.2162
293.0000	  1.2170
292.5000	  1.2126
292.0000	  1.2110
291.5000	  1.2103
291.0000	  1.2108
290.5000	  1.2121
290.0000	  1.2038
289.5000	  1.2004
289.0000	  1.2024
288.5000	  1.2054
288.0000	  1.1970
287.5000	  1.1971
287.0000	  1.1914
286.5000	  1.1815
286.0000	  1.1896
285.5000	  1.1769
285.0000	  1.1791
284.5000	  1.1768
284.0000	  1.1701
283.5000	  1.1666
283.0000	  1.1695
282.5000	  1.1565
282.0000	  1.1576
281.5000	  1.1572
281.0000	  1.1540
280.5000	  1.1604
280.0000	  1.1562
279.5000	  1.1559
279.0000	  1.1469
278.5000	  1.1541
278.0000	  1.1505
277.5000	  1.1491
277.0000	  1.1480
276.5000	  1.1565
276.0000	  1.1447
275.5000	  1.1365
275.0000	  1.1318
274.5000	  1.1328
274.0000	  1.1278
273.5000	  1.1222
273.0000	  1.1283
272.5000	  1.1148
272.0000	  1.1129
271.5000	  1.1163
271.0000	  1.1131
270.5000	  1.1158
270.0000	  1.1124
269.5000	  1.1070
269.0000	  1.0939
268.5000	  1.0874
268.0000	  1.0845
267.5000	  1.0759
267.0000	  1.0798
266.5000	  1.0690
266.0000	  1.0784
265.5000	  1.0795
265.0000	  1.0740
264.5000	  1.0704
264.0000	  1.0691
263.5000	  1.0672
263.0000	  1.0737
262.5000	  1.0766
262.0000	  1.0695
261.5000	  1.0613
261.0000	  1.0647
260.5000	  1.0701
260.0000	  1.0667
259.5000	  1.0554
259.0000	  1.0634
258.5000	  1.0593
258.0000	  1.0649
257.5000	  1.0667
257.0000	  1.0771
256.5000	  1.0805
256.0000	  1.0746
255.5000	  1.0781
255.0000	  1.0862
254.5000	  1.0732
254.0000	  1.0906
253.5000	  1.0792
253.0000	  1.0755
252.5000	  1.0736
252.0000	  1.0686
251.5000	  1.0792
251.0000	  1.0713
250.5000	  1.0727
250.0000	  1.0688
249.5000	  1.0696
249.0000	  1.0643
248.5000	  1.0600
248.0000	  1.0618
247.5000	  1.0410
247.0000	  1.0346
246.5000	  1.0287
246.0000	  1.0154
245.5000	  1.0041
245.0000	  0.9922
244.5000	  0.9679
244.0000	  0.9585
243.5000	  0.9364
243.0000	  0.9196
242.5000	  0.9046
242.0000	  0.8706
241.5000	  0.8474
241.0000	  0.8189
240.5000	  0.7917
240.0000	  0.7767
239.5000	  0.7463
239.0000	  0.7135
238.5000	  0.6851
238.0000	  0.6419
237.5000	  0.6125
237.0000	  0.5777
236.5000	  0.5471
236.0000	  0.5049
235.5000	  0.4720
235.0000	  0.4263
234.5000	  0.3831
234.0000	  0.3491
233.5000	  0.3033
233.0000	  0.2655
232.5000	  0.2262
232.0000	  0.1891
231.5000	  0.1601
231.0000	  0.1325
230.5000	  0.1126
230.0000	  0.0979
229.5000	  0.0840
229.0000	  0.0686
228.5000	  0.0630
228.0000	  0.0546
227.5000	  0.0467
227.0000	  0.0431
226.5000	  0.0352
226.0000	  0.0296
225.5000	  0.0221
225.0000	  0.0213
224.5000	  0.0197
224.0000	  0.0168
223.5000	  0.0126
223.0000	  0.0143
222.5000	  0.0125
222.0000	  0.0097
221.5000	  0.0088
221.0000	  0.0086
220.5000	  0.0066
220.0000	  0.0072
219.5000	  0.0046
219.0000	  0.0051
218.5000	  0.0014
218.0000	  0.0021
217.5000	  0.0064
217.0000	  0.0069
216.5000	  0.0014
216.0000	  0.0014
215.5000	  0.0046
215.0000	  0.0018
214.5000	  0.0018
214.0000	  0.0004
213.5000	 -0.0009
213.0000	  0.0044
212.5000	  0.0034
212.0000	 -0.0022
211.5000	 -0.0009
211.0000	  0.0088
210.5000	  0.0043
210.0000	  0.0076
209.5000	  0.0021
209.0000	 -0.0033
208.5000	 -0.0072
208.0000	 -0.0031
207.5000	  0.0054
207.0000	  0.0133
206.5000	  0.0134
206.0000	  0.0020
205.5000	  0.0048
205.0000	 -0.0093
204.5000	  0.0165
204.0000	 -0.0004
203.5000	 -0.0166
203.0000	  0.0047
202.5000	  0.0098
202.0000	 -0.0098
201.5000	 -0.0260
201.0000	  0.0244
200.5000	  0.0478
200.0000	  0.0497
