27/03/2024 17.26.06
27/03/2024 17.35.10

900.0000	 95.9400

900.0000	 95.9400

900.0000	 97.9600



  1.0000
900.0000
  3.0000
340.0000
  1.0000
1401.0000
  5.0000
  6.0000
  1.0000
  1.0000
  0.0000
  0.0000
100.0000
  0.0000
  1.0000
  0.0000
500.0000
900.0000
200.0000
  4.0000
  1.0000
 18.0000
  2.0000
  1.0000
255.0000
  0.1951
  1.0000
 30.0000
  4.0000
500.0000
  0.0000
  0.0000
  4.0000
900.0000
200.0000
  0.0000
100.0000
  0.0000
  1.0000
  0.0000
500.0000
  1.0000
  1.0000
  1.0000
  1.0000
  4.0000
  0.0000
  1.0000
  1.0000
  1.0000
  1.0000
  1.0000
  2.0000
  1.0000
  1.0000
  1.0000
  3.0000
  1.0000
  1.0000
  1.0000
  4.0000
  5.0000
543.721
0.000
#
900.0000	  0.9406
899.5000	  1.0238
899.0000	  1.0127
898.5000	  1.0307
898.0000	  0.9705
897.5000	  1.0440
897.0000	  0.9893
896.5000	  0.9886
896.0000	  0.9741
895.5000	  1.0248
895.0000	  1.0104
894.5000	  1.0033
894.0000	  0.9548
893.5000	  1.0187
893.0000	  0.9874
892.5000	  0.9896
892.0000	  0.9890
891.5000	  1.0191
891.0000	  0.9959
890.5000	  0.9795
890.0000	  0.9937
889.5000	  1.0057
889.0000	  0.9859
888.5000	  0.9842
888.0000	  0.9989
887.5000	  1.0122
887.0000	  1.0207
886.5000	  0.9903
886.0000	  1.0064
885.5000	  0.9952
885.0000	  0.9697
884.5000	  0.9953
884.0000	  0.9877
883.5000	  1.0133
883.0000	  1.0066
882.5000	  0.9733
882.0000	  0.9812
881.5000	  0.9893
881.0000	  1.0068
880.5000	  0.9983
880.0000	  1.0015
879.5000	  1.0000
879.0000	  0.9985
878.5000	  0.9906
878.0000	  0.9961
877.5000	  0.9822
877.0000	  0.9924
876.5000	  0.9940
876.0000	  0.9868
875.5000	  1.0248
875.0000	  0.9998
874.5000	  0.9805
874.0000	  0.9976
873.5000	  0.9860
873.0000	  1.0109
872.5000	  1.0075
872.0000	  0.9983
871.5000	  1.0036
871.0000	  1.0095
870.5000	  1.0125
870.0000	  1.0046
869.5000	  0.9973
869.0000	  1.0059
868.5000	  0.9950
868.0000	  1.0121
867.5000	  0.9862
867.0000	  0.9993
866.5000	  1.0025
866.0000	  1.0066
865.5000	  1.0093
865.0000	  1.0032
864.5000	  1.0007
864.0000	  1.0060
863.5000	  1.0057
863.0000	  1.0200
862.5000	  1.0079
862.0000	  1.0155
861.5000	  1.0009
861.0000	  1.0029
860.5000	  1.0170
860.0000	  0.9960
859.5000	  1.0183
859.0000	  1.0164
858.5000	  1.0174
858.0000	  1.0256
857.5000	  1.0186
857.0000	  1.0138
856.5000	  1.0203
856.0000	  1.0156
855.5000	  1.0189
855.0000	  1.0174
854.5000	  1.0169
854.0000	  1.0195
853.5000	  1.0209
853.0000	  1.0122
852.5000	  1.0236
852.0000	  1.0202
851.5000	  1.0280
851.0000	  1.0230
850.5000	  1.0221
850.0000	  1.0281
849.5000	  1.0268
849.0000	  1.0256
848.5000	  1.0260
848.0000	  1.0294
847.5000	  1.0258
847.0000	  1.0174
846.5000	  1.0279
846.0000	  1.0222
845.5000	  1.0331
845.0000	  1.0291
844.5000	  1.0281
844.0000	  1.0293
843.5000	  1.0296
843.0000	  1.0274
842.5000	  1.0306
842.0000	  1.0321
841.5000	  1.0307
841.0000	  1.0324
840.5000	  1.0335
840.0000	  1.0286
839.5000	  1.0329
839.0000	  1.0334
838.5000	  1.0307
838.0000	  1.0350
837.5000	  1.0302
837.0000	  1.0331
836.5000	  1.0343
836.0000	  1.0372
835.5000	  1.0344
835.0000	  1.0361
834.5000	  1.0336
834.0000	  1.0358
833.5000	  1.0342
833.0000	  1.0407
832.5000	  1.0318
832.0000	  1.0367
831.5000	  1.0363
831.0000	  1.0334
830.5000	  1.0367
830.0000	  1.0400
829.5000	  1.0325
829.0000	  1.0362
828.5000	  1.0353
828.0000	  1.0389
827.5000	  1.0374
827.0000	  1.0353
826.5000	  1.0367
826.0000	  1.0389
825.5000	  1.0375
825.0000	  1.0412
824.5000	  1.0375
824.0000	  1.0375
823.5000	  1.0412
823.0000	  1.0435
822.5000	  1.0386
822.0000	  1.0416
821.5000	  1.0400
821.0000	  1.0433
820.5000	  1.0395
820.0000	  1.0431
819.5000	  1.0404
819.0000	  1.0433
818.5000	  1.0454
818.0000	  1.0436
817.5000	  1.0419
817.0000	  1.0481
816.5000	  1.0438
816.0000	  1.0492
815.5000	  1.0454
815.0000	  1.0480
814.5000	  1.0460
814.0000	  1.0489
813.5000	  1.0497
813.0000	  1.0514
812.5000	  1.0496
812.0000	  1.0521
811.5000	  1.0530
811.0000	  1.0523
810.5000	  1.0532
810.0000	  1.0549
809.5000	  1.0575
809.0000	  1.0563
808.5000	  1.0570
808.0000	  1.0574
807.5000	  1.0598
807.0000	  1.0602
806.5000	  1.0569
806.0000	  1.0575
805.5000	  1.0585
805.0000	  1.0591
804.5000	  1.0608
804.0000	  1.0587
803.5000	  1.0623
803.0000	  1.0649
802.5000	  1.0644
802.0000	  1.0643
801.5000	  1.0675
801.0000	  1.0650
800.5000	  1.0689
800.0000	  1.0692
799.5000	  1.0705
799.0000	  1.0673
798.5000	  1.0727
798.0000	  1.0716
797.5000	  1.0732
797.0000	  1.0736
796.5000	  1.0721
796.0000	  1.0746
795.5000	  1.0757
795.0000	  1.0734
794.5000	  1.0793
794.0000	  1.0788
793.5000	  1.0813
793.0000	  1.0821
792.5000	  1.0811
792.0000	  1.0814
791.5000	  1.0844
791.0000	  1.0852
790.5000	  1.0860
790.0000	  1.0855
789.5000	  1.0873
789.0000	  1.0861
788.5000	  1.0907
788.0000	  1.0892
787.5000	  1.0899
787.0000	  1.0903
786.5000	  1.0915
786.0000	  1.0972
785.5000	  1.0942
785.0000	  1.0928
784.5000	  1.0959
784.0000	  1.0958
783.5000	  1.0948
783.0000	  1.1008
782.5000	  1.1006
782.0000	  1.1024
781.5000	  1.1010
781.0000	  1.1020
780.5000	  1.1076
780.0000	  1.1072
779.5000	  1.1052
779.0000	  1.1085
778.5000	  1.1070
778.0000	  1.1093
777.5000	  1.1097
777.0000	  1.1113
776.5000	  1.1125
776.0000	  1.1151
775.5000	  1.1137
775.0000	  1.1124
774.5000	  1.1166
774.0000	  1.1169
773.5000	  1.1190
773.0000	  1.1202
772.5000	  1.1212
772.0000	  1.1212
771.5000	  1.1242
771.0000	  1.1235
770.5000	  1.1248
770.0000	  1.1248
769.5000	  1.1305
769.0000	  1.1275
768.5000	  1.1280
768.0000	  1.1309
767.5000	  1.1331
767.0000	  1.1318
766.5000	  1.1330
766.0000	  1.1371
765.5000	  1.1398
765.0000	  1.1378
764.5000	  1.1394
764.0000	  1.1411
763.5000	  1.1420
763.0000	  1.1413
762.5000	  1.1425
762.0000	  1.1480
761.5000	  1.1460
761.0000	  1.1497
760.5000	  1.1507
760.0000	  1.1514
759.5000	  1.1528
759.0000	  1.1525
758.5000	  1.1560
758.0000	  1.1539
757.5000	  1.1585
757.0000	  1.1608
756.5000	  1.1607
756.0000	  1.1624
755.5000	  1.1638
755.0000	  1.1642
754.5000	  1.1672
754.0000	  1.1697
753.5000	  1.1666
753.0000	  1.1699
752.5000	  1.1732
752.0000	  1.1728
751.5000	  1.1713
751.0000	  1.1753
750.5000	  1.1767
750.0000	  1.1785
749.5000	  1.1809
749.0000	  1.1831
748.5000	  1.1844
748.0000	  1.1833
747.5000	  1.1889
747.0000	  1.1869
746.5000	  1.1896
746.0000	  1.1901
745.5000	  1.1920
745.0000	  1.1952
744.5000	  1.1958
744.0000	  1.1964
743.5000	  1.2000
743.0000	  1.2021
742.5000	  1.2011
742.0000	  1.2059
741.5000	  1.2063
741.0000	  1.2069
740.5000	  1.2100
740.0000	  1.2106
739.5000	  1.2145
739.0000	  1.2126
738.5000	  1.2171
738.0000	  1.2161
737.5000	  1.2203
737.0000	  1.2207
736.5000	  1.2232
736.0000	  1.2254
735.5000	  1.2277
735.0000	  1.2279
734.5000	  1.2341
734.0000	  1.2372
733.5000	  1.2359
733.0000	  1.2402
732.5000	  1.2423
732.0000	  1.2448
731.5000	  1.2461
731.0000	  1.2484
730.5000	  1.2505
730.0000	  1.2557
729.5000	  1.2588
729.0000	  1.2595
728.5000	  1.2631
728.0000	  1.2672
727.5000	  1.2693
727.0000	  1.2742
726.5000	  1.2779
726.0000	  1.2828
725.5000	  1.2840
725.0000	  1.2912
724.5000	  1.2904
724.0000	  1.2956
723.5000	  1.2996
723.0000	  1.3065
722.5000	  1.3145
722.0000	  1.3168
721.5000	  1.3220
721.0000	  1.3266
720.5000	  1.3323
720.0000	  1.3395
719.5000	  1.3433
719.0000	  1.3469
718.5000	  1.3542
718.0000	  1.3560
717.5000	  1.3578
717.0000	  1.3621
716.5000	  1.3620
716.0000	  1.3639
715.5000	  1.3633
715.0000	  1.3579
714.5000	  1.3575
714.0000	  1.3550
713.5000	  1.3540
713.0000	  1.3504
712.5000	  1.3461
712.0000	  1.3463
711.5000	  1.3456
711.0000	  1.3442
710.5000	  1.3422
710.0000	  1.3412
709.5000	  1.3407
709.0000	  1.3392
708.5000	  1.3383
708.0000	  1.3392
707.5000	  1.3392
707.0000	  1.3402
706.5000	  1.3411
706.0000	  1.3425
705.5000	  1.3470
705.0000	  1.3486
704.5000	  1.3495
704.0000	  1.3505
703.5000	  1.3568
703.0000	  1.3567
702.5000	  1.3567
702.0000	  1.3622
701.5000	  1.3623
701.0000	  1.3648
700.5000	  1.3675
700.0000	  1.3683
699.5000	  1.3730
699.0000	  1.3753
698.5000	  1.3774
698.0000	  1.3800
697.5000	  1.3852
697.0000	  1.3808
696.5000	  1.3834
696.0000	  1.3860
695.5000	  1.3879
695.0000	  1.3915
694.5000	  1.3932
694.0000	  1.3983
693.5000	  1.4004
693.0000	  1.4036
692.5000	  1.4039
692.0000	  1.4068
691.5000	  1.4098
691.0000	  1.4137
690.5000	  1.4153
690.0000	  1.4140
689.5000	  1.4182
689.0000	  1.4217
688.5000	  1.4249
688.0000	  1.4250
687.5000	  1.4268
687.0000	  1.4312
686.5000	  1.4328
686.0000	  1.4370
685.5000	  1.4384
685.0000	  1.4427
684.5000	  1.4438
684.0000	  1.4472
683.5000	  1.4489
683.0000	  1.4508
682.5000	  1.4546
682.0000	  1.4583
681.5000	  1.4599
681.0000	  1.4621
680.5000	  1.4650
680.0000	  1.4690
679.5000	  1.4717
679.0000	  1.4743
678.5000	  1.4761
678.0000	  1.4793
677.5000	  1.4819
677.0000	  1.4848
676.5000	  1.4848
676.0000	  1.4871
675.5000	  1.4927
675.0000	  1.4960
674.5000	  1.4963
674.0000	  1.5007
673.5000	  1.5038
673.0000	  1.5053
672.5000	  1.5113
672.0000	  1.5100
671.5000	  1.5133
671.0000	  1.5170
670.5000	  1.5187
670.0000	  1.5235
669.5000	  1.5244
669.0000	  1.5291
668.5000	  1.5300
668.0000	  1.5357
667.5000	  1.5341
667.0000	  1.5397
666.5000	  1.5431
666.0000	  1.5447
665.5000	  1.5477
665.0000	  1.5474
664.5000	  1.5532
664.0000	  1.5560
663.5000	  1.5605
663.0000	  1.5617
662.5000	  1.5652
662.0000	  1.5668
661.5000	  1.5723
661.0000	  1.5725
660.5000	  1.5767
660.0000	  1.5795
659.5000	  1.5833
659.0000	  1.5839
658.5000	  1.5875
658.0000	  1.5901
657.5000	  1.5928
657.0000	  1.5967
656.5000	  1.6003
656.0000	  1.6029
655.5000	  1.6057
655.0000	  1.6082
654.5000	  1.6117
654.0000	  1.6121
653.5000	  1.6164
653.0000	  1.6214
652.5000	  1.6228
652.0000	  1.6232
651.5000	  1.6287
651.0000	  1.6316
650.5000	  1.6344
650.0000	  1.6379
649.5000	  1.6380
649.0000	  1.6408
648.5000	  1.6453
648.0000	  1.6487
647.5000	  1.6495
647.0000	  1.6548
646.5000	  1.6579
646.0000	  1.6594
645.5000	  1.6647
645.0000	  1.6656
644.5000	  1.6702
644.0000	  1.6717
643.5000	  1.6758
643.0000	  1.6757
642.5000	  1.6806
642.0000	  1.6823
641.5000	  1.6853
641.0000	  1.6889
640.5000	  1.6916
640.0000	  1.6943
639.5000	  1.6943
639.0000	  1.6997
638.5000	  1.7016
638.0000	  1.7050
637.5000	  1.7052
637.0000	  1.7093
636.5000	  1.7122
636.0000	  1.7154
635.5000	  1.7175
635.0000	  1.7186
634.5000	  1.7237
634.0000	  1.7248
633.5000	  1.7288
633.0000	  1.7311
632.5000	  1.7367
632.0000	  1.7394
631.5000	  1.7422
631.0000	  1.7448
630.5000	  1.7470
630.0000	  1.7547
629.5000	  1.7585
629.0000	  1.7639
628.5000	  1.7706
628.0000	  1.7753
627.5000	  1.7783
627.0000	  1.7890
626.5000	  1.7947
626.0000	  1.8007
625.5000	  1.8066
625.0000	  1.8119
624.5000	  1.8206
624.0000	  1.8283
623.5000	  1.8357
623.0000	  1.8407
622.5000	  1.8437
622.0000	  1.8498
621.5000	  1.8578
621.0000	  1.8638
620.5000	  1.8667
620.0000	  1.8726
619.5000	  1.8771
619.0000	  1.8849
618.5000	  1.8849
618.0000	  1.8912
617.5000	  1.8943
617.0000	  1.8950
616.5000	  1.9018
616.0000	  1.9002
615.5000	  1.9027
615.0000	  1.9054
614.5000	  1.9088
614.0000	  1.9144
613.5000	  1.9181
613.0000	  1.9194
612.5000	  1.9231
612.0000	  1.9269
611.5000	  1.9284
611.0000	  1.9336
610.5000	  1.9376
610.0000	  1.9410
609.5000	  1.9451
609.0000	  1.9478
608.5000	  1.9537
608.0000	  1.9568
607.5000	  1.9617
607.0000	  1.9621
606.5000	  1.9682
606.0000	  1.9714
605.5000	  1.9745
605.0000	  1.9822
604.5000	  1.9812
604.0000	  1.9887
603.5000	  1.9915
603.0000	  1.9954
602.5000	  1.9966
602.0000	  1.9998
601.5000	  2.0033
601.0000	  2.0094
600.5000	  2.0148
600.0000	  2.0147
599.5000	  2.0222
599.0000	  2.0238
598.5000	  2.0283
598.0000	  2.0310
597.5000	  2.0354
597.0000	  2.0401
596.5000	  2.0424
596.0000	  2.0504
595.5000	  2.0495
595.0000	  2.0556
594.5000	  2.0576
594.0000	  2.0605
593.5000	  2.0661
593.0000	  2.0682
592.5000	  2.0745
592.0000	  2.0770
591.5000	  2.0828
591.0000	  2.0847
590.5000	  2.0891
590.0000	  2.0918
589.5000	  2.0961
589.0000	  2.1003
588.5000	  2.1042
588.0000	  2.1072
587.5000	  2.1091
587.0000	  2.1166
586.5000	  2.1198
586.0000	  2.1209
585.5000	  2.1246
585.0000	  2.1289
584.5000	  2.1335
584.0000	  2.1345
583.5000	  2.1398
583.0000	  2.1428
582.5000	  2.1492
582.0000	  2.1511
581.5000	  2.1527
581.0000	  2.1603
580.5000	  2.1615
580.0000	  2.1678
579.5000	  2.1661
579.0000	  2.1724
578.5000	  2.1766
578.0000	  2.1783
577.5000	  2.1827
577.0000	  2.1853
576.5000	  2.1898
576.0000	  2.1919
575.5000	  2.1981
575.0000	  2.1987
574.5000	  2.2076
574.0000	  2.2088
573.5000	  2.2104
573.0000	  2.2167
572.5000	  2.2147
572.0000	  2.2223
571.5000	  2.2248
571.0000	  2.2292
570.5000	  2.2342
570.0000	  2.2389
569.5000	  2.2385
569.0000	  2.2422
568.5000	  2.2471
568.0000	  2.2471
567.5000	  2.2515
567.0000	  2.2581
566.5000	  2.2594
566.0000	  2.2658
565.5000	  2.2665
565.0000	  2.2728
564.5000	  2.2752
564.0000	  2.2795
563.5000	  2.2780
563.0000	  2.2847
562.5000	  2.2896
562.0000	  2.2896
561.5000	  2.2951
561.0000	  2.2936
560.5000	  2.3014
560.0000	  2.3113
559.5000	  2.3119
559.0000	  2.3139
558.5000	  2.3161
558.0000	  2.3232
557.5000	  2.3233
557.0000	  2.3279
556.5000	  2.3294
556.0000	  2.3326
555.5000	  2.3362
555.0000	  2.3400
554.5000	  2.3443
554.0000	  2.3443
553.5000	  2.3513
553.0000	  2.3512
552.5000	  2.3576
552.0000	  2.3588
551.5000	  2.3624
551.0000	  2.3671
550.5000	  2.3656
550.0000	  2.3736
549.5000	  2.3753
549.0000	  2.3769
548.5000	  2.3796
548.0000	  2.3840
547.5000	  2.3849
547.0000	  2.3872
546.5000	  2.3896
546.0000	  2.3924
545.5000	  2.3986
545.0000	  2.3949
544.5000	  2.4038
544.0000	  2.4044
543.5000	  2.4034
543.0000	  2.4099
542.5000	  2.4102
542.0000	  2.4126
541.5000	  2.4140
541.0000	  2.4211
540.5000	  2.4218
540.0000	  2.4252
539.5000	  2.4275
539.0000	  2.4266
538.5000	  2.4329
538.0000	  2.4292
537.5000	  2.4341
537.0000	  2.4376
536.5000	  2.4416
536.0000	  2.4404
535.5000	  2.4421
535.0000	  2.4463
534.5000	  2.4475
534.0000	  2.4526
533.5000	  2.4501
533.0000	  2.4527
532.5000	  2.4541
532.0000	  2.4598
531.5000	  2.4617
531.0000	  2.4599
530.5000	  2.4649
530.0000	  2.4663
529.5000	  2.4713
529.0000	  2.4681
528.5000	  2.4708
528.0000	  2.4718
527.5000	  2.4762
527.0000	  2.4727
526.5000	  2.4739
526.0000	  2.4783
525.5000	  2.4819
525.0000	  2.4827
524.5000	  2.4816
524.0000	  2.4810
523.5000	  2.4843
523.0000	  2.4843
522.5000	  2.4871
522.0000	  2.4846
521.5000	  2.4883
521.0000	  2.4892
520.5000	  2.4878
520.0000	  2.4884
519.5000	  2.4891
519.0000	  2.4912
518.5000	  2.4936
518.0000	  2.4941
517.5000	  2.4890
517.0000	  2.4942
516.5000	  2.4909
516.0000	  2.4917
515.5000	  2.4949
515.0000	  2.4912
514.5000	  2.4910
514.0000	  2.4949
513.5000	  2.4941
513.0000	  2.4931
512.5000	  2.4918
512.0000	  2.4923
511.5000	  2.4936
511.0000	  2.4959
510.5000	  2.4888
510.0000	  2.4941
509.5000	  2.4913
509.0000	  2.4922
508.5000	  2.4933
508.0000	  2.4932
507.5000	  2.4939
507.0000	  2.4941
506.5000	  2.4955
506.0000	  2.4969
505.5000	  2.4979
505.0000	  2.4979
504.5000	  2.4979
504.0000	  2.5044
503.5000	  2.5002
503.0000	  2.5030
502.5000	  2.5046
502.0000	  2.5066
501.5000	  2.5079
501.0000	  2.5071
500.5000	  2.5084
500.0000	  2.5109
499.5000	  2.5093
499.0000	  2.5086
498.5000	  2.5103
498.0000	  2.5104
497.5000	  2.5133
497.0000	  2.5108
496.5000	  2.5049
496.0000	  2.5081
495.5000	  2.5065
495.0000	  2.5042
494.5000	  2.5029
494.0000	  2.5009
493.5000	  2.4970
493.0000	  2.4966
492.5000	  2.4953
492.0000	  2.4876
491.5000	  2.4906
491.0000	  2.4856
490.5000	  2.4811
490.0000	  2.4827
489.5000	  2.4741
489.0000	  2.4723
488.5000	  2.4696
488.0000	  2.4657
487.5000	  2.4612
487.0000	  2.4539
486.5000	  2.4532
486.0000	  2.4476
485.5000	  2.4456
485.0000	  2.4375
484.5000	  2.4382
484.0000	  2.4382
483.5000	  2.4337
483.0000	  2.4279
482.5000	  2.4213
482.0000	  2.4201
481.5000	  2.4131
481.0000	  2.4166
480.5000	  2.4095
480.0000	  2.4040
479.5000	  2.4026
479.0000	  2.3998
478.5000	  2.3963
478.0000	  2.3921
477.5000	  2.3917
477.0000	  2.3837
476.5000	  2.3841
476.0000	  2.3783
475.5000	  2.3737
475.0000	  2.3756
474.5000	  2.3695
474.0000	  2.3682
473.5000	  2.3617
473.0000	  2.3651
472.5000	  2.3597
472.0000	  2.3576
471.5000	  2.3590
471.0000	  2.3503
470.5000	  2.3495
470.0000	  2.3502
469.5000	  2.3485
469.0000	  2.3486
468.5000	  2.3422
468.0000	  2.3416
467.5000	  2.3416
467.0000	  2.3388
466.5000	  2.3360
466.0000	  2.3359
465.5000	  2.3351
465.0000	  2.3336
464.5000	  2.3298
464.0000	  2.3288
463.5000	  2.3286
463.0000	  2.3302
462.5000	  2.3283
462.0000	  2.3261
461.5000	  2.3278
461.0000	  2.3202
460.5000	  2.3184
460.0000	  2.3211
459.5000	  2.3169
459.0000	  2.3165
458.5000	  2.3140
458.0000	  2.3099
457.5000	  2.3130
457.0000	  2.3014
456.5000	  2.3049
456.0000	  2.2977
455.5000	  2.2970
455.0000	  2.2924
454.5000	  2.2868
454.0000	  2.2820
453.5000	  2.2823
453.0000	  2.2743
452.5000	  2.2648
452.0000	  2.2613
451.5000	  2.2556
451.0000	  2.2444
450.5000	  2.2401
450.0000	  2.2339
449.5000	  2.2288
449.0000	  2.2201
448.5000	  2.2167
448.0000	  2.2021
447.5000	  2.1989
447.0000	  2.1903
446.5000	  2.1852
446.0000	  2.1801
445.5000	  2.1771
445.0000	  2.1743
444.5000	  2.1647
444.0000	  2.1636
443.5000	  2.1566
443.0000	  2.1501
442.5000	  2.1492
442.0000	  2.1418
441.5000	  2.1402
441.0000	  2.1314
440.5000	  2.1300
440.0000	  2.1272
439.5000	  2.1239
439.0000	  2.1215
438.5000	  2.1155
438.0000	  2.1154
437.5000	  2.1077
437.0000	  2.1106
436.5000	  2.1022
436.0000	  2.0989
435.5000	  2.0982
435.0000	  2.0963
434.5000	  2.0884
434.0000	  2.0871
433.5000	  2.0821
433.0000	  2.0819
432.5000	  2.0833
432.0000	  2.0757
431.5000	  2.0768
431.0000	  2.0744
430.5000	  2.0703
430.0000	  2.0693
429.5000	  2.0654
429.0000	  2.0630
428.5000	  2.0641
428.0000	  2.0629
427.5000	  2.0544
427.0000	  2.0538
426.5000	  2.0511
426.0000	  2.0517
425.5000	  2.0512
425.0000	  2.0507
424.5000	  2.0456
424.0000	  2.0478
423.5000	  2.0474
423.0000	  2.0446
422.5000	  2.0441
422.0000	  2.0418
421.5000	  2.0412
421.0000	  2.0415
420.5000	  2.0341
420.0000	  2.0374
419.5000	  2.0370
419.0000	  2.0377
418.5000	  2.0291
418.0000	  2.0283
417.5000	  2.0264
417.0000	  2.0295
416.5000	  2.0301
416.0000	  2.0223
415.5000	  2.0224
415.0000	  2.0233
414.5000	  2.0190
414.0000	  2.0190
413.5000	  2.0183
413.0000	  2.0182
412.5000	  2.0155
412.0000	  2.0156
411.5000	  2.0083
411.0000	  2.0080
410.5000	  2.0100
410.0000	  2.0042
409.5000	  2.0089
409.0000	  2.0027
408.5000	  2.0039
408.0000	  2.0042
407.5000	  2.0053
407.0000	  1.9974
406.5000	  1.9977
406.0000	  1.9955
405.5000	  1.9974
405.0000	  1.9970
404.5000	  1.9934
404.0000	  1.9910
403.5000	  1.9894
403.0000	  1.9878
402.5000	  1.9878
402.0000	  1.9887
401.5000	  1.9826
401.0000	  1.9887
400.5000	  1.9818
400.0000	  1.9812
399.5000	  1.9833
399.0000	  1.9786
398.5000	  1.9795
398.0000	  1.9811
397.5000	  1.9817
397.0000	  1.9741
396.5000	  1.9708
396.0000	  1.9737
395.5000	  1.9739
395.0000	  1.9736
394.5000	  1.9717
394.0000	  1.9701
393.5000	  1.9757
393.0000	  1.9660
392.5000	  1.9679
392.0000	  1.9710
391.5000	  1.9669
391.0000	  1.9634
390.5000	  1.9713
390.0000	  1.9696
389.5000	  1.9705
389.0000	  1.9674
388.5000	  1.9700
388.0000	  1.9674
387.5000	  1.9706
387.0000	  1.9733
386.5000	  1.9758
386.0000	  1.9664
385.5000	  1.9706
385.0000	  1.9774
384.5000	  1.9783
384.0000	  1.9733
383.5000	  1.9797
383.0000	  1.9767
382.5000	  1.9779
382.0000	  1.9819
381.5000	  1.9708
381.0000	  1.9734
380.5000	  1.9752
380.0000	  1.9775
379.5000	  1.9757
379.0000	  1.9678
378.5000	  1.9791
378.0000	  1.9752
377.5000	  1.9802
377.0000	  1.9789
376.5000	  1.9778
376.0000	  1.9791
375.5000	  1.9737
375.0000	  1.9822
374.5000	  1.9701
374.0000	  1.9825
373.5000	  1.9761
373.0000	  1.9775
372.5000	  1.9781
372.0000	  1.9706
371.5000	  1.9781
371.0000	  1.9717
370.5000	  1.9770
370.0000	  1.9754
369.5000	  1.9777
369.0000	  1.9790
368.5000	  1.9794
368.0000	  1.9790
367.5000	  1.9798
367.0000	  1.9706
366.5000	  1.9756
366.0000	  1.9820
365.5000	  1.9869
365.0000	  1.9764
364.5000	  1.9774
364.0000	  1.9733
363.5000	  1.9817
363.0000	  1.9690
362.5000	  1.9866
362.0000	  1.9780
361.5000	  1.9804
361.0000	  1.9747
360.5000	  1.9793
360.0000	  1.9774
359.5000	  1.9786
359.0000	  1.9760
358.5000	  1.9733
358.0000	  1.9689
357.5000	  1.9806
357.0000	  1.9727
356.5000	  1.9718
356.0000	  1.9767
355.5000	  1.9693
355.0000	  1.9754
354.5000	  1.9744
354.0000	  1.9732
353.5000	  1.9703
353.0000	  1.9764
352.5000	  1.9710
352.0000	  1.9772
351.5000	  1.9691
351.0000	  1.9732
350.5000	  1.9670
350.0000	  1.9707
349.5000	  1.9730
349.0000	  1.9650
348.5000	  1.9674
348.0000	  1.9649
347.5000	  1.9636
347.0000	  1.9622
346.5000	  1.9532
346.0000	  1.9581
345.5000	  1.9668
345.0000	  1.9549
344.5000	  1.9469
344.0000	  1.9513
343.5000	  1.9533
343.0000	  1.9533
342.5000	  1.9393
342.0000	  1.9461
341.5000	  1.9354
341.0000	  1.9397
340.5000	  1.9496
340.0000	  1.9604
339.5000	  1.9596
339.0000	  1.9409
338.5000	  1.9513
338.0000	  1.9484
337.5000	  1.9506
337.0000	  1.9384
336.5000	  1.9245
336.0000	  1.9288
335.5000	  1.9227
335.0000	  1.9172
334.5000	  1.9148
334.0000	  1.9132
333.5000	  1.9141
333.0000	  1.9060
332.5000	  1.9140
332.0000	  1.8994
331.5000	  1.9029
331.0000	  1.9123
330.5000	  1.8911
330.0000	  1.8936
329.5000	  1.8970
329.0000	  1.8845
328.5000	  1.8771
328.0000	  1.8677
327.5000	  1.8733
327.0000	  1.8652
326.5000	  1.8707
326.0000	  1.8619
325.5000	  1.8578
325.0000	  1.8511
324.5000	  1.8496
324.0000	  1.8398
323.5000	  1.8369
323.0000	  1.8246
322.5000	  1.8271
322.0000	  1.8217
321.5000	  1.8062
321.0000	  1.8057
320.5000	  1.8005
320.0000	  1.7990
319.5000	  1.7955
319.0000	  1.7723
318.5000	  1.7657
318.0000	  1.7632
317.5000	  1.7610
317.0000	  1.7590
316.5000	  1.7360
316.0000	  1.7289
315.5000	  1.7283
315.0000	  1.7126
314.5000	  1.6942
314.0000	  1.6948
313.5000	  1.6835
313.0000	  1.6794
312.5000	  1.6752
312.0000	  1.6536
311.5000	  1.6474
311.0000	  1.6192
310.5000	  1.6240
310.0000	  1.6023
309.5000	  1.6008
309.0000	  1.5955
308.5000	  1.5828
308.0000	  1.5640
307.5000	  1.5464
307.0000	  1.5357
306.5000	  1.5267
306.0000	  1.5077
305.5000	  1.4911
305.0000	  1.4769
304.5000	  1.4626
304.0000	  1.4464
303.5000	  1.4216
303.0000	  1.4117
302.5000	  1.4036
302.0000	  1.3765
301.5000	  1.3779
301.0000	  1.3496
300.5000	  1.3289
300.0000	  1.3112
299.5000	  1.3069
299.0000	  1.2791
298.5000	  1.2624
298.0000	  1.2466
297.5000	  1.2266
297.0000	  1.2031
296.5000	  1.1911
296.0000	  1.1641
295.5000	  1.1478
295.0000	  1.1249
294.5000	  1.1085
294.0000	  1.0878
293.5000	  1.0726
293.0000	  1.0595
292.5000	  1.0340
292.0000	  1.0100
291.5000	  0.9934
291.0000	  0.9681
290.5000	  0.9508
290.0000	  0.9298
289.5000	  0.9022
289.0000	  0.8907
288.5000	  0.8702
288.0000	  0.8450
287.5000	  0.8218
287.0000	  0.7998
286.5000	  0.7767
286.0000	  0.7641
285.5000	  0.7436
285.0000	  0.7197
284.5000	  0.7001
284.0000	  0.6863
283.5000	  0.6596
283.0000	  0.6414
282.5000	  0.6217
282.0000	  0.6001
281.5000	  0.5794
281.0000	  0.5554
280.5000	  0.5417
280.0000	  0.5261
279.5000	  0.5070
279.0000	  0.4903
278.5000	  0.4658
278.0000	  0.4561
277.5000	  0.4317
277.0000	  0.4274
276.5000	  0.4089
276.0000	  0.3914
275.5000	  0.3765
275.0000	  0.3662
274.5000	  0.3522
274.0000	  0.3303
273.5000	  0.3212
273.0000	  0.3075
272.5000	  0.2977
272.0000	  0.2858
271.5000	  0.2704
271.0000	  0.2599
270.5000	  0.2493
270.0000	  0.2424
269.5000	  0.2277
269.0000	  0.2214
268.5000	  0.2087
268.0000	  0.2011
267.5000	  0.1949
267.0000	  0.1816
266.5000	  0.1744
266.0000	  0.1680
265.5000	  0.1614
265.0000	  0.1502
264.5000	  0.1488
264.0000	  0.1397
263.5000	  0.1307
263.0000	  0.1277
262.5000	  0.1221
262.0000	  0.1156
261.5000	  0.1088
261.0000	  0.1063
260.5000	  0.1014
260.0000	  0.0966
259.5000	  0.0948
259.0000	  0.0884
258.5000	  0.0836
258.0000	  0.0805
257.5000	  0.0779
257.0000	  0.0742
256.5000	  0.0684
256.0000	  0.0666
255.5000	  0.0657
255.0000	  0.0614
254.5000	  0.0573
254.0000	  0.0585
253.5000	  0.0515
253.0000	  0.0509
252.5000	  0.0503
252.0000	  0.0466
251.5000	  0.0443
251.0000	  0.0424
250.5000	  0.0378
250.0000	  0.0390
249.5000	  0.0354
249.0000	  0.0343
248.5000	  0.0344
248.0000	  0.0314
247.5000	  0.0304
247.0000	  0.0307
246.5000	  0.0289
246.0000	  0.0269
245.5000	  0.0273
245.0000	  0.0249
244.5000	  0.0239
244.0000	  0.0226
243.5000	  0.0208
243.0000	  0.0208
242.5000	  0.0208
242.0000	  0.0188
241.5000	  0.0182
241.0000	  0.0183
240.5000	  0.0195
240.0000	  0.0176
239.5000	  0.0157
239.0000	  0.0151
238.5000	  0.0147
238.0000	  0.0146
237.5000	  0.0131
237.0000	  0.0105
236.5000	  0.0109
236.0000	  0.0137
235.5000	  0.0108
235.0000	  0.0110
234.5000	  0.0083
234.0000	  0.0119
233.5000	  0.0094
233.0000	  0.0057
232.5000	  0.0069
232.0000	  0.0079
231.5000	  0.0080
231.0000	  0.0068
230.5000	  0.0090
230.0000	  0.0079
229.5000	  0.0066
229.0000	  0.0059
228.5000	  0.0062
228.0000	  0.0034
227.5000	  0.0070
227.0000	  0.0066
226.5000	  0.0030
226.0000	  0.0065
225.5000	  0.0054
225.0000	  0.0044
224.5000	  0.0055
224.0000	  0.0023
223.5000	  0.0071
223.0000	  0.0062
222.5000	  0.0060
222.0000	  0.0046
221.5000	  0.0015
221.0000	  0.0049
220.5000	  0.0031
220.0000	  0.0030
219.5000	 -0.0009
219.0000	  0.0038
218.5000	  0.0035
218.0000	  0.0046
217.5000	  0.0045
217.0000	  0.0044
216.5000	  0.0011
216.0000	  0.0057
215.5000	  0.0018
215.0000	  0.0094
214.5000	  0.0075
214.0000	  0.0096
213.5000	  0.0100
213.0000	  0.0075
212.5000	  0.0098
212.0000	  0.0214
211.5000	 -0.0022
211.0000	 -0.0095
210.5000	 -0.0095
210.0000	  0.0040
209.5000	  0.0004
209.0000	  0.0094
208.5000	  0.0010
208.0000	  0.0033
207.5000	  0.0037
207.0000	  0.0304
206.5000	  0.0349
206.0000	  0.0210
205.5000	 -0.0063
205.0000	 -0.0114
204.5000	  0.0083
204.0000	  0.0295
203.5000	  0.0359
203.0000	 -0.0610
202.5000	  0.0889
202.0000	  0.0376
201.5000	 -0.0112
201.0000	  0.0022
200.5000	  0.0363
200.0000	  0.0891
