lambda		value

Calibration:
lambda:	900
Abs:	0

Data:
#
900		0.9535
899.5		0.997738
899		0.980228
898.5		0.953156
898		0.978547
897.5		0.996254
897		1.02889
896.5		1.01995
896		0.994017
895.5		0.968182
895		0.998717
894.5		1.03254
894		1.01259
893.5		1.03575
893		1.03944
892.5		0.931729
892		1.01435
891.5		0.980261
891		1.01295
890.5		1.003
890		0.949361
889.5		0.973676
889		0.993679
888.5		1.01773
888		0.975911
887.5		1.00765
887		0.982331
886.5		0.989083
886		1.00713
885.5		0.977648
885		0.996854
884.5		0.993011
884		1.02967
883.5		0.98322
883		1.00278
882.5		1.01212
882		0.986513
881.5		0.968657
881		0.991136
880.5		0.994062
880		1.00264
879.5		1.00101
879		1.00284
878.5		1.00401
878		0.99719
877.5		1.01199
877		1.00591
876.5		1.0001
876		1.00977
875.5		1.01938
875		1.00173
874.5		1.01144
874		1.00111
873.5		0.975555
873		0.999293
872.5		1.01283
872		0.978999
871.5		0.992178
871		0.995246
870.5		0.993245
870		0.993697
869.5		0.996907
869		0.9975
868.5		1.0035
868		0.981942
867.5		0.987309
867		0.999301
866.5		0.993089
866		0.981579
865.5		0.978517
865		0.992958
864.5		0.978231
864		0.993219
863.5		0.988019
863		0.98469
862.5		0.998902
862		0.999604
861.5		0.995318
861		1.00543
860.5		0.997092
860		0.989591
859.5		0.996415
859		0.983343
858.5		1.00079
858		1.00308
857.5		1.00259
857		1.00824
856.5		1.00396
856		0.995145
855.5		1.00238
855		1.00476
854.5		0.999604
854		1.00188
853.5		1.01031
853		1.00387
852.5		0.993104
852		1.00059
851.5		1.00437
851		1.00267
850.5		1.00791
850		0.998218
849.5		1.00385
849		1
848.5		1.00482
848		1.0072
847.5		1.00889
847		1.00365
846.5		1.00089
846		1.00543
845.5		1.00317
845		1.00622
844.5		1.01194
844		1.0076
843.5		1.00531
843		1.01106
842.5		1.01008
842		1.0072
841.5		1.01247
841		1.01086
840.5		1.01493
840		1.0082
839.5		1.01362
839		1.01256
838.5		1.01126
838		1.01802
837.5		1.01721
837		1.01891
836.5		1.01716
836		1.01365
835.5		1.01574
835		1.01964
834.5		1.02095
834		1.01886
833.5		1.01805
833		1.02045
832.5		1.02435
832		1.01819
831.5		1.02385
831		1.02178
830.5		1.02521
830		1.02357
829.5		1.0254
829		1.01976
828.5		1.02421
828		1.02011
827.5		1.02462
827		1.0281
826.5		1.02539
826		1.02773
825.5		1.02481
825		1.02744
824.5		1.02903
824		1.03025
823.5		1.03237
823		1.02774
822.5		1.03291
822		1.03181
821.5		1.03385
821		1.03195
820.5		1.03239
820		1.03054
819.5		1.03539
819		1.0341
818.5		1.03134
818		1.03772
817.5		1.04029
817		1.03608
816.5		1.03606
816		1.03551
815.5		1.03678
815		1.03974
814.5		1.04138
814		1.0411
813.5		1.04481
813		1.04419
812.5		1.04086
812		1.04248
811.5		1.04722
811		1.04707
810.5		1.04181
810		1.04497
809.5		1.04387
809		1.04721
808.5		1.0483
808		1.0494
807.5		1.04782
807		1.04958
806.5		1.05143
806		1.05104
805.5		1.04985
805		1.05735
804.5		1.05426
804		1.05374
803.5		1.05603
803		1.05432
802.5		1.05658
802		1.05357
801.5		1.05775
801		1.0614
800.5		1.05651
800		1.06148
799.5		1.06218
799		1.05786
798.5		1.06114
798		1.06214
797.5		1.06609
797		1.06523
796.5		1.065
796		1.06455
795.5		1.06718
795		1.06947
794.5		1.07054
794		1.06888
793.5		1.07242
793		1.07288
792.5		1.07403
792		1.07636
791.5		1.07539
791		1.07024
790.5		1.07667
790		1.07441
789.5		1.07814
789		1.07893
788.5		1.08126
788		1.07502
787.5		1.07853
787		1.08162
786.5		1.07948
786		1.08143
785.5		1.0847
785		1.07871
784.5		1.0869
784		1.08808
783.5		1.08642
783		1.09194
782.5		1.08878
782		1.09027
781.5		1.0906
781		1.09051
780.5		1.09092
780		1.09338
779.5		1.09557
779		1.09696
778.5		1.09761
778		1.09862
777.5		1.09566
777		1.1035
776.5		1.10077
776		1.10113
775.5		1.10058
775		1.10604
774.5		1.10312
774		1.10905
773.5		1.10705
773		1.10601
772.5		1.11149
772		1.10878
771.5		1.11314
771		1.11198
770.5		1.11312
770		1.1171
769.5		1.11485
769		1.11722
768.5		1.11842
768		1.11591
767.5		1.12069
767		1.11841
766.5		1.1223
766		1.12383
765.5		1.12749
765		1.12236
764.5		1.12947
764		1.12611
763.5		1.13062
763		1.13009
762.5		1.13105
762		1.13436
761.5		1.13087
761		1.13529
760.5		1.13956
760		1.13877
759.5		1.13848
759		1.13972
758.5		1.14263
758		1.14267
757.5		1.14534
757		1.14682
756.5		1.14683
756		1.15045
755.5		1.14658
755		1.14952
754.5		1.15278
754		1.15001
753.5		1.15631
753		1.15683
752.5		1.15697
752		1.15723
751.5		1.15593
751		1.16127
750.5		1.16465
750		1.16296
749.5		1.16632
749		1.16553
748.5		1.16556
748		1.16946
747.5		1.17178
747		1.17212
746.5		1.17147
746		1.17644
745.5		1.17591
745		1.17657
744.5		1.17835
744		1.17723
743.5		1.18111
743		1.18304
742.5		1.18241
742		1.1848
741.5		1.18571
741		1.18838
740.5		1.19105
740		1.19066
739.5		1.1953
739		1.1928
738.5		1.19436
738		1.1967
737.5		1.19881
737		1.20194
736.5		1.20113
736		1.20415
735.5		1.20515
735		1.20851
734.5		1.20835
734		1.21166
733.5		1.21091
733		1.21483
732.5		1.21625
732		1.21534
731.5		1.21611
731		1.21898
730.5		1.22025
730		1.2229
729.5		1.22607
729		1.22306
728.5		1.22423
728		1.23
727.5		1.22764
727		1.23438
726.5		1.23634
726		1.23191
725.5		1.23848
725		1.23721
724.5		1.23951
724		1.24105
723.5		1.24344
723		1.244
722.5		1.24696
722		1.24771
721.5		1.24765
721		1.24775
720.5		1.25052
720		1.25621
719.5		1.25599
719		1.26171
718.5		1.25972
718		1.26118
717.5		1.26575
717		1.26863
716.5		1.26787
716		1.26921
715.5		1.27264
715		1.27828
714.5		1.27941
714		1.28457
713.5		1.28424
713		1.28664
712.5		1.29086
712		1.29087
711.5		1.29294
711		1.29218
710.5		1.29467
710		1.3021
709.5		1.3016
709		1.30118
708.5		1.3054
708		1.30575
707.5		1.30948
707		1.3114
706.5		1.31245
706		1.31764
705.5		1.32013
705		1.31944
704.5		1.32267
704		1.32508
703.5		1.32598
703		1.32936
702.5		1.33189
702		1.33435
701.5		1.33501
701		1.3403
700.5		1.33938
700		1.34022
699.5		1.34567
699		1.34259
698.5		1.34979
698		1.3504
697.5		1.35279
697		1.35355
696.5		1.36078
696		1.36044
695.5		1.36134
695		1.36152
694.5		1.3692
694		1.36788
693.5		1.37124
693		1.37605
692.5		1.37475
692		1.37899
691.5		1.38304
691		1.3847
690.5		1.38763
690		1.38843
689.5		1.39267
689		1.39569
688.5		1.39763
688		1.40251
687.5		1.40053
687		1.40586
686.5		1.40731
686		1.41115
685.5		1.41193
685		1.4137
684.5		1.41672
684		1.42088
683.5		1.42251
683		1.42483
682.5		1.42794
682		1.42852
681.5		1.43297
681		1.43435
680.5		1.4376
680		1.44301
679.5		1.4426
679		1.44961
678.5		1.44766
678		1.45343
677.5		1.45428
677		1.45696
676.5		1.46494
676		1.46636
675.5		1.46637
675		1.47258
674.5		1.47187
674		1.47407
673.5		1.47774
673		1.48101
672.5		1.48146
672		1.4861
671.5		1.48917
671		1.49021
670.5		1.49342
670		1.49886
669.5		1.49822
669		1.50643
668.5		1.50579
668		1.50806
667.5		1.51103
667		1.51262
666.5		1.51631
666		1.52265
665.5		1.5217
665		1.52693
664.5		1.53053
664		1.52995
663.5		1.53522
663		1.53852
662.5		1.53983
662		1.54312
661.5		1.5445
661		1.54752
660.5		1.5499
660		1.55468
659.5		1.55782
659		1.56072
658.5		1.56339
658		1.56634
657.5		1.56781
657		1.57066
656.5		1.57351
656		1.578
655.5		1.5837
655		1.58345
654.5		1.58615
654		1.59175
653.5		1.59213
653		1.59627
652.5		1.60079
652		1.59958
651.5		1.60656
651		1.60618
650.5		1.61381
650		1.61413
649.5		1.61967
649		1.62279
648.5		1.6244
648		1.62929
647.5		1.62924
647		1.6364
646.5		1.63724
646		1.63888
645.5		1.64189
645		1.64739
644.5		1.64995
644		1.65541
643.5		1.65455
643		1.66208
642.5		1.66637
642		1.66733
641.5		1.67006
641		1.67325
640.5		1.67631
640		1.68341
639.5		1.68596
639		1.68553
638.5		1.69306
638		1.6957
637.5		1.70196
637		1.70543
636.5		1.70547
636		1.71367
635.5		1.71462
635		1.71981
634.5		1.72176
634		1.72797
633.5		1.73263
633		1.73781
632.5		1.74283
632		1.74442
631.5		1.7472
631		1.75109
630.5		1.75758
630		1.75741
629.5		1.76288
629		1.7658
628.5		1.76936
628		1.77191
627.5		1.76927
627		1.77987
626.5		1.77915
626		1.78311
625.5		1.78549
625		1.7821
624.5		1.79134
624		1.79135
623.5		1.79333
623		1.79701
622.5		1.79599
622		1.805
621.5		1.80534
621		1.80699
620.5		1.80768
620		1.81045
619.5		1.81479
619		1.8184
618.5		1.81954
618		1.82105
617.5		1.82395
617		1.82938
616.5		1.83304
616		1.83623
615.5		1.84049
615		1.84484
614.5		1.84591
614		1.85027
613.5		1.85001
613		1.85859
612.5		1.86126
612		1.86353
611.5		1.86678
611		1.86794
610.5		1.87785
610		1.87729
609.5		1.87759
609		1.88294
608.5		1.88742
608		1.89091
607.5		1.89498
607		1.89735
606.5		1.8977
606		1.90776
605.5		1.91011
605		1.90901
604.5		1.91369
604		1.91988
603.5		1.91991
603		1.92845
602.5		1.92772
602		1.93219
601.5		1.93516
601		1.94377
600.5		1.94024
600		1.94379
599.5		1.94882
599		1.94607
598.5		1.95808
598		1.95871
597.5		1.96338
597		1.9729
596.5		1.96869
596		1.97225
595.5		1.97327
595		1.97734
594.5		1.9841
594		1.98344
593.5		1.98972
593		1.99118
592.5		1.99632
592		2.00039
591.5		2.00145
591		2.00106
590.5		2.00968
590		2.01268
589.5		2.01694
589		2.01944
588.5		2.02205
588		2.02894
587.5		2.03109
587		2.03143
586.5		2.03187
586		2.03476
585.5		2.04188
585		2.04206
584.5		2.04472
584		2.04898
583.5		2.05248
583		2.05978
582.5		2.06037
582		2.06237
581.5		2.06855
581		2.06653
580.5		2.07088
580		2.07496
579.5		2.07991
579		2.08335
578.5		2.08381
578		2.09006
577.5		2.09041
577		2.09354
576.5		2.10113
576		2.10112
575.5		2.10926
575		2.10738
574.5		2.10997
574		2.11348
573.5		2.11678
573		2.12194
572.5		2.1228
572		2.12506
571.5		2.12707
571		2.13488
570.5		2.13177
570		2.13803
569.5		2.14357
569		2.14404
568.5		2.14485
568		2.14725
567.5		2.15545
567		2.1578
566.5		2.15704
566		2.16122
565.5		2.15824
565		2.17224
564.5		2.17203
564		2.17261
563.5		2.17676
563		2.1748
562.5		2.18687
562		2.18522
561.5		2.18689
561		2.19237
560.5		2.19323
560		2.20079
559.5		2.2097
559		2.20555
558.5		2.21175
558		2.21366
557.5		2.21354
557		2.21725
556.5		2.21988
556		2.22011
555.5		2.2259
555		2.22387
554.5		2.23281
554		2.23402
553.5		2.23939
553		2.23974
552.5		2.24203
552		2.24423
551.5		2.24432
551		2.25012
550.5		2.25177
550		2.24642
549.5		2.25738
549		2.25621
548.5		2.26259
548		2.26238
547.5		2.2621
547		2.27163
546.5		2.27092
546		2.27128
545.5		2.28201
545		2.27606
544.5		2.2797
544		2.28167
543.5		2.28249
543		2.29126
542.5		2.28353
542		2.29087
541.5		2.28888
541		2.29298
540.5		2.29209
540		2.29166
539.5		2.30111
539		2.30122
538.5		2.30285
538		2.30325
537.5		2.30393
537		2.3115
536.5		2.30829
536		2.31423
535.5		2.31119
535		2.30862
534.5		2.31639
534		2.31853
533.5		2.31685
533		2.32225
532.5		2.32479
532		2.32658
531.5		2.32708
531		2.32718
530.5		2.3313
530		2.33108
529.5		2.32985
529		2.33638
528.5		2.33587
528		2.3352
527.5		2.34032
527		2.33631
526.5		2.34114
526		2.34215
525.5		2.34031
525		2.3461
524.5		2.34472
524		2.34757
523.5		2.34981
523		2.35053
522.5		2.34963
522		2.3501
521.5		2.35146
521		2.35407
520.5		2.35441
520		2.35252
519.5		2.34988
519		2.35557
518.5		2.35848
518		2.35572
517.5		2.35662
517		2.35506
516.5		2.35223
516		2.36301
515.5		2.35806
515		2.35594
514.5		2.36064
514		2.35812
513.5		2.36123
513		2.36062
512.5		2.36167
512		2.36014
511.5		2.35822
511		2.3652
510.5		2.36147
510		2.35579
509.5		2.36005
509		2.35869
508.5		2.35994
508		2.35799
507.5		2.3584
507		2.36017
506.5		2.35128
506		2.35129
505.5		2.34886
505		2.34634
504.5		2.3479
504		2.34463
503.5		2.34075
503		2.3415
502.5		2.33621
502		2.33543
501.5		2.33193
501		2.32966
500.5		2.33049
500		2.32687
499.5		2.32345
499		2.32055
498.5		2.31551
498		2.31657
497.5		2.31347
497		2.31012
496.5		2.30673
496		2.30283
495.5		2.30553
495		2.2947
494.5		2.29407
494		2.28911
493.5		2.28514
493		2.28441
492.5		2.2787
492		2.27845
491.5		2.26776
491		2.26849
490.5		2.26182
490		2.26513
489.5		2.25651
489		2.25117
488.5		2.24689
488		2.24135
487.5		2.24117
487		2.23116
486.5		2.23069
486		2.22638
485.5		2.21923
485		2.21812
484.5		2.21346
484		2.20996
483.5		2.20243
483		2.19889
482.5		2.1921
482		2.18999
481.5		2.18443
481		2.18152
480.5		2.17153
480		2.17372
479.5		2.17421
479		2.16212
478.5		2.16142
478		2.15171
477.5		2.14717
477		2.1488
476.5		2.13993
476		2.13849
475.5		2.12806
475		2.12637
474.5		2.12243
474		2.11377
473.5		2.11302
473		2.10726
472.5		2.10386
472		2.09838
471.5		2.09634
471		2.08929
470.5		2.08768
470		2.07914
469.5		2.08197
469		2.07248
468.5		2.06966
468		2.06583
467.5		2.05536
467		2.05724
466.5		2.04831
466		2.04951
465.5		2.03913
465		2.04021
464.5		2.03589
464		2.02974
463.5		2.03159
463		2.02431
462.5		2.02132
462		2.01614
461.5		2.01598
461		2.01299
460.5		2.008
460		2.00504
459.5		1.99635
459		1.99887
458.5		1.98971
458		1.98797
457.5		1.98367
457		1.97749
456.5		1.98003
456		1.97464
455.5		1.97389
455		1.96844
454.5		1.96472
454		1.96193
453.5		1.95797
453		1.95258
452.5		1.95365
452		1.95135
451.5		1.94863
451		1.94563
450.5		1.94197
450		1.9317
449.5		1.93425
449		1.92419
448.5		1.92899
448		1.9211
447.5		1.91866
447		1.91791
446.5		1.91275
446		1.91129
445.5		1.90616
445		1.90224
444.5		1.90418
444		1.89539
443.5		1.89312
443		1.89684
442.5		1.88836
442		1.8891
441.5		1.88036
441		1.87837
440.5		1.88137
440		1.87856
439.5		1.8743
439		1.86766
438.5		1.86841
438		1.86232
437.5		1.86413
437		1.86426
436.5		1.85788
436		1.85649
435.5		1.8549
435		1.84609
434.5		1.84949
434		1.84285
433.5		1.84036
433		1.84266
432.5		1.84175
432		1.83165
431.5		1.83489
431		1.8292
430.5		1.83053
430		1.82652
429.5		1.82018
429		1.82372
428.5		1.81778
428		1.82082
427.5		1.81573
427		1.81282
426.5		1.80925
426		1.80712
425.5		1.80553
425		1.8011
424.5		1.80131
424		1.79963
423.5		1.79627
423		1.7955
422.5		1.79846
422		1.78922
421.5		1.79201
421		1.78772
420.5		1.78002
420		1.78255
419.5		1.78292
419		1.77956
418.5		1.77649
418		1.77328
417.5		1.77321
417		1.76426
416.5		1.76517
416		1.76823
415.5		1.76223
415		1.76223
414.5		1.76029
414		1.76111
413.5		1.75692
413		1.75333
412.5		1.75653
412		1.75061
411.5		1.7495
411		1.74845
410.5		1.74352
410		1.74972
409.5		1.73718
409		1.73786
408.5		1.73456
408		1.73379
407.5		1.73692
407		1.73014
406.5		1.73078
406		1.73035
405.5		1.72201
405		1.72777
404.5		1.7233
404		1.72254
403.5		1.72382
403		1.71629
402.5		1.71474
402		1.71316
401.5		1.7154
401		1.70954
400.5		1.70903
400		1.70741
399.5		1.70531
399		1.70081
398.5		1.70099
398		1.7019
397.5		1.70081
397		1.69945
396.5		1.70113
396		1.69922
395.5		1.69748
395		1.69212
394.5		1.69553
394		1.68747
393.5		1.69698
393		1.68718
392.5		1.68152
392		1.68723
391.5		1.68664
391		1.68607
390.5		1.68196
390		1.6812
389.5		1.67318
389		1.67707
388.5		1.67431
388		1.6726
387.5		1.66954
387		1.66988
386.5		1.67613
386		1.6674
385.5		1.66738
385		1.6622
384.5		1.66139
384		1.66415
383.5		1.65595
383		1.66086
382.5		1.65019
382		1.6592
381.5		1.65602
381		1.65314
380.5		1.65002
380		1.65543
379.5		1.63782
379		1.64726
378.5		1.64724
378		1.64761
377.5		1.6417
377		1.63906
376.5		1.63786
376		1.64086
375.5		1.6407
375		1.63646
374.5		1.64048
374		1.63843
373.5		1.64016
373		1.63521
372.5		1.63467
372		1.63994
371.5		1.63542
371		1.63035
370.5		1.63181
370		1.63341
369.5		1.63672
369		1.62782
368.5		1.62842
368		1.62671
367.5		1.62375
367		1.62631
366.5		1.62825
366		1.6211
365.5		1.62314
365		1.6123
364.5		1.61901
364		1.61694
363.5		1.61536
363		1.61422
362.5		1.61312
362		1.6106
361.5		1.61113
361		1.61495
360.5		1.61166
360		1.60442
359.5		1.60768
359		1.61031
358.5		1.58697
358		1.60726
357.5		1.60241
357		1.60166
356.5		1.60464
356		1.59896
355.5		1.60094
355		1.5971
354.5		1.59267
354		1.58366
353.5		1.59058
353		1.5946
352.5		1.59713
352		1.58058
351.5		1.58432
351		1.58548
350.5		1.58345
350		1.5867
349.5		1.5782
349		1.57466
348.5		1.56714
348		1.56536
347.5		1.57572
347		1.57404
346.5		1.56643
346		1.55903
345.5		1.54664
345		1.54762
344.5		1.55588
344		1.54736
343.5		1.54934
343		1.53937
342.5		1.54763
342		1.53704
341.5		1.54412
341		1.53172
340.5		1.52998
340		1.5406
339.5		1.51906
339		1.51593
338.5		1.53136
338		1.5242
337.5		1.51247
337		1.51182
336.5		1.49501
336		1.51469
335.5		1.50625
335		1.49206
334.5		1.48875
334		1.49227
333.5		1.47984
333		1.47508
332.5		1.47199
332		1.46552
331.5		1.4687
331		1.46705
330.5		1.45495
330		1.45931
329.5		1.44062
329		1.44047
328.5		1.43469
328		1.42229
327.5		1.43411
327		1.42366
326.5		1.42031
326		1.41386
325.5		1.40725
325		1.40192
324.5		1.41442
324		1.39473
323.5		1.38858
323		1.39401
322.5		1.37678
322		1.3719
321.5		1.36228
321		1.3591
320.5		1.36022
320		1.34777
319.5		1.33414
319		1.32614
318.5		1.33633
318		1.32352
317.5		1.31259
317		1.29557
316.5		1.29449
316		1.28733
315.5		1.28591
315		1.27363
314.5		1.27264
314		1.25938
313.5		1.24426
313		1.2432
312.5		1.22952
312		1.21402
311.5		1.22615
311		1.19668
310.5		1.19398
310		1.18976
309.5		1.16131
309		1.15909
308.5		1.15439
308		1.14924
307.5		1.12419
307		1.12589
306.5		1.11372
306		1.09359
305.5		1.07872
305		1.07803
304.5		1.05874
304		1.0534
303.5		1.04547
303		1.03075
302.5		1.02377
302		0.996445
301.5		0.996719
301		0.974147
300.5		0.969617
300		0.955796
299.5		0.938136
299		0.932629
298.5		0.910643
298		0.894259
297.5		0.880098
297		0.866647
296.5		0.85845
296		0.84206
295.5		0.825094
295		0.810864
294.5		0.79822
294		0.779514
293.5		0.762273
293		0.747085
292.5		0.73248
292		0.718826
291.5		0.70133
291		0.681792
290.5		0.677954
290		0.65828
289.5		0.644478
289		0.625826
288.5		0.608242
288		0.591627
287.5		0.574266
287		0.55789
286.5		0.539745
286		0.526937
285.5		0.513407
285		0.491373
284.5		0.481512
284		0.471618
283.5		0.451242
283		0.441097
282.5		0.423637
282		0.411169
281.5		0.399202
281		0.385346
280.5		0.365648
280		0.358279
279.5		0.340502
279		0.328356
278.5		0.318913
278		0.306385
277.5		0.295072
277		0.284892
276.5		0.272176
276		0.26071
275.5		0.250602
275		0.240114
274.5		0.230391
274		0.221544
273.5		0.212155
273		0.20112
272.5		0.194424
272		0.185958
271.5		0.178426
271		0.1709
270.5		0.161915
270		0.153806
269.5		0.148657
269		0.140486
268.5		0.133432
268		0.128056
267.5		0.121185
267		0.114786
266.5		0.111601
266		0.104437
265.5		0.101912
265		0.095175
264.5		0.0902664
264		0.0886933
263.5		0.0818532
263		0.0806704
262.5		0.0751664
262		0.0714598
261.5		0.0690151
261		0.065702
260.5		0.0621472
260		0.0587689
259.5		0.057099
259		0.0550755
258.5		0.0502439
258		0.0490274
257.5		0.046623
257		0.0444824
256.5		0.0440141
256		0.0392416
255.5		0.0385959
255		0.0366276
254.5		0.0343527
254		0.0318915
253.5		0.0313628
253		0.0303066
252.5		0.0282469
252		0.0274815
251.5		0.0253441
251		0.0249287
250.5		0.0235649
250		0.0224987
249.5		0.0217366
249		0.0202722
248.5		0.0192664
248		0.0175358
247.5		0.0165746
247		0.0163449
246.5		0.0164757
246		0.0153968
245.5		0.0139449
245		0.0140948
244.5		0.0124572
244		0.0120388
243.5		0.0117569
243		0.0104218
242.5		0.00988099
242		0.0113212
241.5		0.00911607
241		0.00946509
240.5		0.00910942
240		0.00899558
239.5		0.00798477
239		0.00636507
238.5		0.00877564
238		0.00655669
237.5		0.00646136
237		0.00614104
236.5		0.00706533
236		0.00594746
235.5		0.00679066
235		0.00551731
234.5		0.00528267
234		0.00433577
233.5		0.00478903
233		0.00497315
232.5		0.00512387
232		0.00241189
231.5		0.00377022
231		0.00389105
230.5		0.00307602
230		0.00302855
229.5		0.00203705
229		0.00364508
228.5		0.00369861
228		0.00297662
227.5		0.00207714
227		0.0040332
226.5		0.00258095
226		0.000976426
225.5		0.00228972
225		0.00410687
224.5		0.00206593
224		0.00257895
223.5		0.00101339
223		0.00209289
222.5		0.00169265
222		0.00301336
221.5		0.00158186
221		0.00183615
220.5		0.000831947
220		0.000218122
219.5		0.00123609
219		0.00164282
218.5		0.00189737
218		0.00141293
217.5		0.00430767
217		0.00053857
216.5		0.000505391
216		0.000202675
215.5		0.00534582
215		0.00249799
214.5		0.000702576
214		0.00493505
213.5		0.00184516
213		0.00173437
212.5		0.00118666
212		0.000311976
211.5		7.83883e-05
211		-0.00173738
210.5		0.00583936
210		0.00100999
209.5		-0.00222597
209		0.0100879
208.5		0.00563715
208		0.00256207
207.5		-0.00602344
207		-0.0063863
206.5		-0.00112303
206		0.00963685
205.5		0.000873729
205		-0.0159198
204.5		-0.00148463
204		-0.0262602
203.5		0.00292377
203		0.00670545
202.5		-0.0183946
202		0.0113527
201.5		0.0200421
201		-0.0194529
200.5		0.00839727
200		-0.00987848
