Thick: 4.1


wl	n
0.3	1.469
0.31	1.621
0.32	1.739
0.33	1.823
0.34	1.823
0.35	1.872
0.36	1.791
0.37	1.685
0.38	1.645
0.39	1.602
0.4	1.534
0.41	1.474
0.42	1.403
0.43	1.318
0.44	1.242
0.45	1.176
0.46	1.109
0.47	1.034
0.48	0.934
0.49	0.890
0.5	0.850
0.51	0.821
0.52	0.799
0.53	0.768
0.54	0.740
0.55	0.735
0.56	0.687
0.57	0.653
0.58	0.631
0.59	0.610
0.6	0.581
0.61	0.553
0.62	0.534
0.63	0.523
0.64	0.514
0.65	0.510
0.66	0.507
0.67	0.510
0.68	0.523
0.69	0.544
0.7	0.529
0.71	0.556
0.72	0.575
0.73	0.588
0.74	0.603
0.75	0.628
0.76	0.657
0.77	0.678
0.78	0.696
0.79	0.716
0.8	0.738
0.81	0.764
0.82	0.798
0.83	0.835
0.84	0.874
0.85	0.924
0.86	0.934
0.87	0.943
0.88	0.952
0.89	0.962
0.9	0.970
0.91	0.976
0.92	0.981
0.93	0.986
0.94	0.988
0.95	0.989
0.96	0.987
0.97	0.979
0.98	0.968
0.99	0.953
1	0.927
1.01	0.943
1.02	0.957
1.03	0.970
1.04	0.981
1.05	0.992
1.06	1.000
1.07	1.009
1.08	1.016
1.09	1.023
1.1	1.029
1.11	1.034
1.12	1.038
1.13	1.042
1.14	1.045
1.15	1.046
1.16	1.049
1.17	1.050
1.18	1.051
1.19	1.052
1.2	1.052
1.21	1.052
1.22	1.055
1.23	1.055
1.24	1.054
1.25	1.055
1.26	1.058
1.27	1.063
1.28	1.066
1.29	1.070
1.3	1.075
1.31	1.078
1.32	1.083
1.33	1.090
1.34	1.097
1.35	1.105
1.36	1.114
1.37	1.121
1.38	1.131
1.39	1.141
1.4	1.152
1.41	1.160
1.42	1.167
1.43	1.177
1.44	1.186
1.45	1.197
1.46	1.208
1.47	1.218
1.48	1.227
1.49	1.237
1.5	1.247
1.51	1.257
1.52	1.267
1.53	1.277
1.54	1.286
1.55	1.296
1.56	1.305
1.57	1.314
1.58	1.324
1.59	1.333
1.6	1.342
1.61	1.351
1.62	1.359
1.63	1.367
1.64	1.376
1.65	1.384
1.66	1.391
1.67	1.398
1.68	1.406
1.69	1.412
1.7	1.419
1.71	1.426
1.72	1.433
1.73	1.439
1.74	1.445
1.75	1.450
1.76	1.456
1.77	1.462
1.78	1.468
1.79	1.474
1.8	1.479
1.81	1.484
1.82	1.490
1.83	1.496
1.84	1.502
1.85	1.508
1.86	1.515
1.87	1.520
1.88	1.525
1.89	1.531
1.9	1.537
1.91	1.543
1.92	1.549
1.93	1.555
1.94	1.563
1.95	1.558
1.96	1.569
1.97	1.581
1.98	1.587
1.99	1.596
2	1.594
2.01	1.600
2.02	1.601
2.03	1.600
2.04	1.608
2.05	1.612
2.06	1.621
2.07	1.629
2.08	1.630
2.09	1.635
2.1	1.637
2.11	1.650
2.12	1.659
2.13	1.674
2.14	1.678
2.15	1.679
2.16	1.680
2.17	1.691
2.18	1.695
2.19	1.694
2.2	1.694
2.21	1.700
2.22	1.715
2.23	1.725
2.24	1.734
2.25	1.743
2.26	1.744
2.27	1.749
2.28	1.761
2.29	1.769
2.3	1.781
2.31	1.786
2.32	1.786
2.33	1.791
2.34	1.801
2.35	1.808
2.36	1.817
2.37	1.819
2.38	1.834
2.39	1.836
2.4	1.850
2.41	1.897
2.42	1.910
2.43	1.923
2.44	1.935
2.45	1.943
2.46	1.948
2.47	1.960
2.48	1.967
2.49	1.966
2.5	1.980
2.51	1.987
2.52	2.006
2.53	2.013
2.54	2.037
2.55	2.033
2.56	2.053
2.57	2.061
2.58	2.073
2.59	2.084
2.6	2.093
2.61	2.104
2.62	2.116
2.63	2.126
2.64	2.132
2.65	2.139
2.66	2.146
2.67	2.169
2.68	2.189
2.69	2.184
2.7	2.204
2.71	2.206
2.72	2.256
2.73	2.263
2.74	2.281
2.75	2.298
2.76	2.305
2.77	2.323
2.78	2.328
2.79	2.339
2.8	2.356
2.81	2.361
2.82	2.369
2.83	2.389
2.84	2.417
2.85	2.427
2.86	2.446
2.87	2.457
2.88	2.461
2.89	2.463
2.9	2.474
2.91	2.493
2.92	2.506
2.93	2.525
2.94	2.536
2.95	2.567
2.96	2.566
2.97	2.577
2.98	2.587
2.99	2.621
3	2.633
3.01	2.657
3.02	2.669
3.03	2.685
3.04	2.700
3.05	2.721
3.06	2.734
3.07	2.758
3.08	2.767
3.09	2.784
3.1	2.791
3.11	2.802
3.12	2.830
3.13	2.842
3.14	2.857
3.15	2.893
3.16	2.898
3.17	2.909
3.18	2.920
3.19	2.942
3.2	2.963
3.21	2.976
3.22	2.995
3.23	2.982
3.24	3.002
3.25	3.007
3.26	3.033
3.27	3.056
3.28	3.075
3.29	3.131
3.3	3.141

wl	k
0.3	1.596
0.31	1.537
0.32	1.499
0.33	1.396
0.34	1.313
0.35	1.216
0.36	1.175
0.37	1.139
0.38	1.126
0.39	1.168
0.4	1.187
0.41	1.209
0.42	1.222
0.43	1.259
0.44	1.309
0.45	1.371
0.46	1.436
0.47	1.514
0.48	1.614
0.49	1.692
0.5	1.781
0.51	1.881
0.52	1.977
0.53	2.064
0.54	2.146
0.55	2.162
0.56	2.208
0.57	2.268
0.58	2.333
0.59	2.397
0.6	2.459
0.61	2.531
0.62	2.608
0.63	2.686
0.64	2.763
0.65	2.840
0.66	2.915
0.67	2.984
0.68	3.043
0.69	3.049
0.7	3.175
0.71	3.270
0.72	3.353
0.73	3.432
0.74	3.510
0.75	3.586
0.76	3.649
0.77	3.705
0.78	3.756
0.79	3.806
0.8	3.852
0.81	3.890
0.82	3.915
0.83	3.929
0.84	3.932
0.85	3.916
0.86	4.007
0.87	4.094
0.88	4.179
0.89	4.262
0.9	4.344
0.91	4.425
0.92	4.509
0.93	4.591
0.94	4.677
0.95	4.767
0.96	4.863
0.97	4.968
0.98	5.083
0.99	5.205
1	5.345
1.01	5.375
1.02	5.406
1.03	5.439
1.04	5.474
1.05	5.508
1.06	5.546
1.07	5.582
1.08	5.621
1.09	5.656
1.1	5.695
1.11	5.734
1.12	5.775
1.13	5.812
1.14	5.853
1.15	5.898
1.16	5.937
1.17	5.982
1.18	6.028
1.19	6.079
1.2	6.128
1.21	6.182
1.22	6.228
1.23	6.285
1.24	6.348
1.25	6.410
1.26	6.451
1.27	6.491
1.28	6.545
1.29	6.601
1.3	6.655
1.31	6.714
1.32	6.768
1.33	6.812
1.34	6.862
1.35	6.915
1.36	6.961
1.37	7.015
1.38	7.059
1.39	7.097
1.4	7.137
1.41	7.196
1.42	7.256
1.43	7.305
1.44	7.346
1.45	7.389
1.46	7.432
1.47	7.478
1.48	7.527
1.49	7.570
1.5	7.607
1.51	7.650
1.52	7.693
1.53	7.734
1.54	7.778
1.55	7.820
1.56	7.863
1.57	7.903
1.58	7.942
1.59	7.989
1.6	8.033
1.61	8.075
1.62	8.119
1.63	8.165
1.64	8.207
1.65	8.256
1.66	8.300
1.67	8.344
1.68	8.384
1.69	8.426
1.7	8.467
1.71	8.507
1.72	8.554
1.73	8.597
1.74	8.640
1.75	8.683
1.76	8.725
1.77	8.765
1.78	8.809
1.79	8.855
1.8	8.894
1.81	8.937
1.82	8.982
1.83	9.032
1.84	9.078
1.85	9.125
1.86	9.173
1.87	9.219
1.88	9.265
1.89	9.308
1.9	9.355
1.91	9.407
1.92	9.457
1.93	9.505
1.94	9.553
1.95	9.566
1.96	9.601
1.97	9.721
1.98	9.767
1.99	9.818
2	9.852
2.01	9.896
2.02	9.947
2.03	9.972
2.04	10.035
2.05	10.079
2.06	10.127
2.07	10.184
2.08	10.235
2.09	10.271
2.1	10.310
2.11	10.385
2.12	10.442
2.13	10.507
2.14	10.551
2.15	10.596
2.16	10.639
2.17	10.689
2.18	10.739
2.19	10.777
2.2	10.820
2.21	10.875
2.22	10.942
2.23	10.990
2.24	11.042
2.25	11.094
2.26	11.138
2.27	11.192
2.28	11.251
2.29	11.305
2.3	11.359
2.31	11.394
2.32	11.431
2.33	11.470
2.34	11.524
2.35	11.574
2.36	11.619
2.37	11.662
2.38	11.716
2.39	11.774
2.4	11.834
2.41	11.874
2.42	11.924
2.43	11.990
2.44	12.057
2.45	12.107
2.46	12.149
2.47	12.200
2.48	12.250
2.49	12.293
2.5	12.346
2.51	12.403
2.52	12.463
2.53	12.530
2.54	12.595
2.55	12.664
2.56	12.691
2.57	12.719
2.58	12.769
2.59	12.833
2.6	12.880
2.61	12.935
2.62	12.976
2.63	13.006
2.64	13.073
2.65	13.138
2.66	13.160
2.67	13.214
2.68	13.282
2.69	13.331
2.7	13.369
2.71	13.442
2.72	13.533
2.73	13.538
2.74	13.579
2.75	13.666
2.76	13.726
2.77	13.783
2.78	13.827
2.79	13.850
2.8	13.919
2.81	13.960
2.82	14.007
2.83	14.050
2.84	14.125
2.85	14.192
2.86	14.254
2.87	14.284
2.88	14.289
2.89	14.342
2.9	14.366
2.91	14.464
2.92	14.517
2.93	14.542
2.94	14.588
2.95	14.653
2.96	14.720
2.97	14.771
2.98	14.804
2.99	14.826
3	14.860
3.01	14.927
3.02	15.012
3.03	15.090
3.04	15.142
3.05	15.196
3.06	15.242
3.07	15.280
3.08	15.317
3.09	15.381
3.1	15.445
3.11	15.486
3.12	15.526
3.13	15.550
3.14	15.590
3.15	15.685
3.16	15.759
3.17	15.797
3.18	15.815
3.19	15.884
3.2	15.932
3.21	16.028
3.22	16.067
3.23	16.119
3.24	16.128
3.25	16.186
3.26	16.234
3.27	16.318
3.28	16.394
3.29	16.346
3.3	16.498