16/04/2024 17.19.17
16/04/2024 17.28.16

800.0000	 31.6200

800.0000	 31.6200

900.0000	 26.7900



  1.0000
900.0000
  3.0000
340.0000
  1.0000
1401.0000
  5.0000
  6.0000
  1.0000
  1.0000
  0.0000
  0.0000
100.0000
  0.0000
  1.0000
  0.0000
500.0000
900.0000
200.0000
  4.0000
  1.0000
 18.0000
  2.0000
  1.0000
255.0000
  0.8413
  1.0000
 30.0000
  4.0000
500.0000
  0.0000
  0.0000
  4.0000
900.0000
200.0000
  0.0000
100.0000
  0.0000
  1.0000
  0.0000
500.0000
  1.0000
  1.0000
  1.0000
  1.0000
  4.0000
  0.0000
  1.0000
  1.0000
  1.0000
  1.0000
  1.0000
  2.0000
  1.0000
  1.0000
  1.0000
  3.0000
  1.0000
  1.0000
  1.0000
  4.0000
  5.0000
538.884
0.000

Lambda:	800
Abs:		0
ID:			C
Run:		2
#

900.0000	  0.2652
899.5000	  0.2520
899.0000	  0.2581
898.5000	  0.2462
898.0000	  0.2614
897.5000	  0.2518
897.0000	  0.2410
896.5000	  0.2476
896.0000	  0.2596
895.5000	  0.2568
895.0000	  0.2555
894.5000	  0.2545
894.0000	  0.2609
893.5000	  0.2553
893.0000	  0.2622
892.5000	  0.2602
892.0000	  0.2529
891.5000	  0.2610
891.0000	  0.2635
890.5000	  0.2588
890.0000	  0.2579
889.5000	  0.2541
889.0000	  0.2609
888.5000	  0.2550
888.0000	  0.2580
887.5000	  0.2621
887.0000	  0.2590
886.5000	  0.2638
886.0000	  0.2616
885.5000	  0.2529
885.0000	  0.2579
884.5000	  0.2591
884.0000	  0.2571
883.5000	  0.2584
883.0000	  0.2597
882.5000	  0.2607
882.0000	  0.2597
881.5000	  0.2653
881.0000	  0.2625
880.5000	  0.2659
880.0000	  0.2588
879.5000	  0.2640
879.0000	  0.2609
878.5000	  0.2641
878.0000	  0.2652
877.5000	  0.2670
877.0000	  0.2595
876.5000	  0.2620
876.0000	  0.2664
875.5000	  0.2656
875.0000	  0.2662
874.5000	  0.2666
874.0000	  0.2680
873.5000	  0.2702
873.0000	  0.2675
872.5000	  0.2673
872.0000	  0.2718
871.5000	  0.2663
871.0000	  0.2680
870.5000	  0.2675
870.0000	  0.2702
869.5000	  0.2705
869.0000	  0.2728
868.5000	  0.2718
868.0000	  0.2697
867.5000	  0.2739
867.0000	  0.2709
866.5000	  0.2707
866.0000	  0.2744
865.5000	  0.2716
865.0000	  0.2723
864.5000	  0.2719
864.0000	  0.2737
863.5000	  0.2736
863.0000	  0.2752
862.5000	  0.2751
862.0000	  0.2775
861.5000	  0.2755
861.0000	  0.2778
860.5000	  0.2774
860.0000	  0.2776
859.5000	  0.2782
859.0000	  0.2772
858.5000	  0.2775
858.0000	  0.2789
857.5000	  0.2785
857.0000	  0.2788
856.5000	  0.2812
856.0000	  0.2823
855.5000	  0.2814
855.0000	  0.2825
854.5000	  0.2833
854.0000	  0.2824
853.5000	  0.2838
853.0000	  0.2834
852.5000	  0.2826
852.0000	  0.2836
851.5000	  0.2838
851.0000	  0.2854
850.5000	  0.2845
850.0000	  0.2850
849.5000	  0.2867
849.0000	  0.2863
848.5000	  0.2854
848.0000	  0.2873
847.5000	  0.2879
847.0000	  0.2878
846.5000	  0.2876
846.0000	  0.2877
845.5000	  0.2889
845.0000	  0.2888
844.5000	  0.2875
844.0000	  0.2895
843.5000	  0.2899
843.0000	  0.2896
842.5000	  0.2896
842.0000	  0.2904
841.5000	  0.2907
841.0000	  0.2911
840.5000	  0.2912
840.0000	  0.2920
839.5000	  0.2909
839.0000	  0.2919
838.5000	  0.2923
838.0000	  0.2916
837.5000	  0.2925
837.0000	  0.2937
836.5000	  0.2934
836.0000	  0.2939
835.5000	  0.2933
835.0000	  0.2940
834.5000	  0.2942
834.0000	  0.2945
833.5000	  0.2944
833.0000	  0.2954
832.5000	  0.2952
832.0000	  0.2951
831.5000	  0.2956
831.0000	  0.2960
830.5000	  0.2960
830.0000	  0.2965
829.5000	  0.2967
829.0000	  0.2977
828.5000	  0.2972
828.0000	  0.2978
827.5000	  0.2977
827.0000	  0.2986
826.5000	  0.2985
826.0000	  0.2980
825.5000	  0.2985
825.0000	  0.2995
824.5000	  0.3004
824.0000	  0.3002
823.5000	  0.3001
823.0000	  0.3009
822.5000	  0.3002
822.0000	  0.3010
821.5000	  0.3009
821.0000	  0.3011
820.5000	  0.3023
820.0000	  0.3021
819.5000	  0.3035
819.0000	  0.3022
818.5000	  0.3030
818.0000	  0.3031
817.5000	  0.3039
817.0000	  0.3045
816.5000	  0.3038
816.0000	  0.3050
815.5000	  0.3052
815.0000	  0.3058
814.5000	  0.3053
814.0000	  0.3059
813.5000	  0.3067
813.0000	  0.3071
812.5000	  0.3074
812.0000	  0.3072
811.5000	  0.3073
811.0000	  0.3080
810.5000	  0.3084
810.0000	  0.3089
809.5000	  0.3089
809.0000	  0.3097
808.5000	  0.3106
808.0000	  0.3102
807.5000	  0.3096
807.0000	  0.3110
806.5000	  0.3119
806.0000	  0.3121
805.5000	  0.3124
805.0000	  0.3122
804.5000	  0.3137
804.0000	  0.3137
803.5000	  0.3136
803.0000	  0.3146
802.5000	  0.3145
802.0000	  0.3148
801.5000	  0.3155
801.0000	  0.3162
800.5000	  0.3157
800.0000	  0.3154
799.5000	  0.3164
799.0000	  0.3165
798.5000	  0.3185
798.0000	  0.3181
797.5000	  0.3189
797.0000	  0.3194
796.5000	  0.3192
796.0000	  0.3192
795.5000	  0.3202
795.0000	  0.3195
794.5000	  0.3203
794.0000	  0.3205
793.5000	  0.3207
793.0000	  0.3216
792.5000	  0.3224
792.0000	  0.3219
791.5000	  0.3225
791.0000	  0.3229
790.5000	  0.3235
790.0000	  0.3242
789.5000	  0.3243
789.0000	  0.3243
788.5000	  0.3246
788.0000	  0.3250
787.5000	  0.3255
787.0000	  0.3265
786.5000	  0.3264
786.0000	  0.3269
785.5000	  0.3275
785.0000	  0.3276
784.5000	  0.3281
784.0000	  0.3280
783.5000	  0.3285
783.0000	  0.3290
782.5000	  0.3294
782.0000	  0.3298
781.5000	  0.3304
781.0000	  0.3309
780.5000	  0.3307
780.0000	  0.3313
779.5000	  0.3323
779.0000	  0.3327
778.5000	  0.3324
778.0000	  0.3330
777.5000	  0.3332
777.0000	  0.3328
776.5000	  0.3340
776.0000	  0.3340
775.5000	  0.3350
775.0000	  0.3351
774.5000	  0.3356
774.0000	  0.3358
773.5000	  0.3362
773.0000	  0.3367
772.5000	  0.3363
772.0000	  0.3369
771.5000	  0.3374
771.0000	  0.3385
770.5000	  0.3392
770.0000	  0.3389
769.5000	  0.3396
769.0000	  0.3391
768.5000	  0.3407
768.0000	  0.3402
767.5000	  0.3407
767.0000	  0.3404
766.5000	  0.3411
766.0000	  0.3420
765.5000	  0.3418
765.0000	  0.3426
764.5000	  0.3434
764.0000	  0.3432
763.5000	  0.3442
763.0000	  0.3441
762.5000	  0.3446
762.0000	  0.3453
761.5000	  0.3445
761.0000	  0.3457
760.5000	  0.3458
760.0000	  0.3457
759.5000	  0.3469
759.0000	  0.3476
758.5000	  0.3474
758.0000	  0.3478
757.5000	  0.3476
757.0000	  0.3479
756.5000	  0.3490
756.0000	  0.3483
755.5000	  0.3497
755.0000	  0.3497
754.5000	  0.3500
754.0000	  0.3508
753.5000	  0.3509
753.0000	  0.3521
752.5000	  0.3512
752.0000	  0.3522
751.5000	  0.3518
751.0000	  0.3519
750.5000	  0.3529
750.0000	  0.3535
749.5000	  0.3543
749.0000	  0.3541
748.5000	  0.3550
748.0000	  0.3548
747.5000	  0.3553
747.0000	  0.3560
746.5000	  0.3556
746.0000	  0.3560
745.5000	  0.3569
745.0000	  0.3579
744.5000	  0.3575
744.0000	  0.3575
743.5000	  0.3581
743.0000	  0.3585
742.5000	  0.3590
742.0000	  0.3588
741.5000	  0.3597
741.0000	  0.3604
740.5000	  0.3605
740.0000	  0.3614
739.5000	  0.3612
739.0000	  0.3611
738.5000	  0.3623
738.0000	  0.3630
737.5000	  0.3628
737.0000	  0.3627
736.5000	  0.3639
736.0000	  0.3640
735.5000	  0.3650
735.0000	  0.3646
734.5000	  0.3654
734.0000	  0.3663
733.5000	  0.3665
733.0000	  0.3678
732.5000	  0.3679
732.0000	  0.3683
731.5000	  0.3685
731.0000	  0.3691
730.5000	  0.3699
730.0000	  0.3699
729.5000	  0.3709
729.0000	  0.3711
728.5000	  0.3726
728.0000	  0.3728
727.5000	  0.3729
727.0000	  0.3743
726.5000	  0.3753
726.0000	  0.3760
725.5000	  0.3759
725.0000	  0.3777
724.5000	  0.3782
724.0000	  0.3794
723.5000	  0.3808
723.0000	  0.3818
722.5000	  0.3836
722.0000	  0.3834
721.5000	  0.3855
721.0000	  0.3862
720.5000	  0.3878
720.0000	  0.3892
719.5000	  0.3897
719.0000	  0.3920
718.5000	  0.3932
718.0000	  0.3939
717.5000	  0.3949
717.0000	  0.3954
716.5000	  0.3943
716.0000	  0.3947
715.5000	  0.3941
715.0000	  0.3929
714.5000	  0.3932
714.0000	  0.3914
713.5000	  0.3909
713.0000	  0.3896
712.5000	  0.3882
712.0000	  0.3874
711.5000	  0.3860
711.0000	  0.3855
710.5000	  0.3845
710.0000	  0.3841
709.5000	  0.3837
709.0000	  0.3831
708.5000	  0.3826
708.0000	  0.3824
707.5000	  0.3832
707.0000	  0.3823
706.5000	  0.3830
706.0000	  0.3829
705.5000	  0.3829
705.0000	  0.3836
704.5000	  0.3834
704.0000	  0.3838
703.5000	  0.3839
703.0000	  0.3844
702.5000	  0.3837
702.0000	  0.3841
701.5000	  0.3851
701.0000	  0.3851
700.5000	  0.3856
700.0000	  0.3851
699.5000	  0.3858
699.0000	  0.3865
698.5000	  0.3859
698.0000	  0.3860
697.5000	  0.3865
697.0000	  0.3864
696.5000	  0.3863
696.0000	  0.3872
695.5000	  0.3874
695.0000	  0.3874
694.5000	  0.3878
694.0000	  0.3879
693.5000	  0.3888
693.0000	  0.3878
692.5000	  0.3881
692.0000	  0.3886
691.5000	  0.3883
691.0000	  0.3890
690.5000	  0.3891
690.0000	  0.3898
689.5000	  0.3900
689.0000	  0.3896
688.5000	  0.3906
688.0000	  0.3901
687.5000	  0.3901
687.0000	  0.3901
686.5000	  0.3906
686.0000	  0.3901
685.5000	  0.3911
685.0000	  0.3913
684.5000	  0.3907
684.0000	  0.3915
683.5000	  0.3912
683.0000	  0.3910
682.5000	  0.3920
682.0000	  0.3921
681.5000	  0.3928
681.0000	  0.3922
680.5000	  0.3928
680.0000	  0.3917
679.5000	  0.3928
679.0000	  0.3928
678.5000	  0.3929
678.0000	  0.3935
677.5000	  0.3930
677.0000	  0.3943
676.5000	  0.3935
676.0000	  0.3939
675.5000	  0.3939
675.0000	  0.3938
674.5000	  0.3940
674.0000	  0.3940
673.5000	  0.3948
673.0000	  0.3949
672.5000	  0.3941
672.0000	  0.3949
671.5000	  0.3948
671.0000	  0.3951
670.5000	  0.3955
670.0000	  0.3955
669.5000	  0.3947
669.0000	  0.3951
668.5000	  0.3956
668.0000	  0.3953
667.5000	  0.3959
667.0000	  0.3959
666.5000	  0.3957
666.0000	  0.3958
665.5000	  0.3963
665.0000	  0.3957
664.5000	  0.3963
664.0000	  0.3967
663.5000	  0.3962
663.0000	  0.3967
662.5000	  0.3960
662.0000	  0.3969
661.5000	  0.3966
661.0000	  0.3965
660.5000	  0.3969
660.0000	  0.3967
659.5000	  0.3977
659.0000	  0.3972
658.5000	  0.3972
658.0000	  0.3964
657.5000	  0.3970
657.0000	  0.3978
656.5000	  0.3973
656.0000	  0.3978
655.5000	  0.3967
655.0000	  0.3971
654.5000	  0.3978
654.0000	  0.3982
653.5000	  0.3973
653.0000	  0.3975
652.5000	  0.3976
652.0000	  0.3978
651.5000	  0.3982
651.0000	  0.3976
650.5000	  0.3974
650.0000	  0.3976
649.5000	  0.3982
649.0000	  0.3976
648.5000	  0.3978
648.0000	  0.3978
647.5000	  0.3973
647.0000	  0.3984
646.5000	  0.3977
646.0000	  0.3980
645.5000	  0.3980
645.0000	  0.3983
644.5000	  0.3979
644.0000	  0.3973
643.5000	  0.3986
643.0000	  0.3981
642.5000	  0.3986
642.0000	  0.3975
641.5000	  0.3978
641.0000	  0.3978
640.5000	  0.3983
640.0000	  0.3975
639.5000	  0.3976
639.0000	  0.3981
638.5000	  0.3978
638.0000	  0.3981
637.5000	  0.3976
637.0000	  0.3980
636.5000	  0.3981
636.0000	  0.3976
635.5000	  0.3978
635.0000	  0.3971
634.5000	  0.3974
634.0000	  0.3973
633.5000	  0.3981
633.0000	  0.3971
632.5000	  0.3980
632.0000	  0.3980
631.5000	  0.3977
631.0000	  0.3987
630.5000	  0.3986
630.0000	  0.3991
629.5000	  0.3994
629.0000	  0.4004
628.5000	  0.4002
628.0000	  0.4010
627.5000	  0.4016
627.0000	  0.4021
626.5000	  0.4037
626.0000	  0.4034
625.5000	  0.4051
625.0000	  0.4052
624.5000	  0.4064
624.0000	  0.4069
623.5000	  0.4075
623.0000	  0.4079
622.5000	  0.4088
622.0000	  0.4095
621.5000	  0.4097
621.0000	  0.4103
620.5000	  0.4112
620.0000	  0.4109
619.5000	  0.4117
619.0000	  0.4118
618.5000	  0.4123
618.0000	  0.4130
617.5000	  0.4125
617.0000	  0.4125
616.5000	  0.4126
616.0000	  0.4125
615.5000	  0.4132
615.0000	  0.4129
614.5000	  0.4118
614.0000	  0.4131
613.5000	  0.4130
613.0000	  0.4135
612.5000	  0.4131
612.0000	  0.4133
611.5000	  0.4136
611.0000	  0.4134
610.5000	  0.4145
610.0000	  0.4135
609.5000	  0.4148
609.0000	  0.4148
608.5000	  0.4145
608.0000	  0.4150
607.5000	  0.4155
607.0000	  0.4158
606.5000	  0.4163
606.0000	  0.4167
605.5000	  0.4165
605.0000	  0.4165
604.5000	  0.4175
604.0000	  0.4173
603.5000	  0.4178
603.0000	  0.4172
602.5000	  0.4177
602.0000	  0.4182
601.5000	  0.4189
601.0000	  0.4185
600.5000	  0.4191
600.0000	  0.4193
599.5000	  0.4199
599.0000	  0.4209
598.5000	  0.4206
598.0000	  0.4209
597.5000	  0.4211
597.0000	  0.4219
596.5000	  0.4223
596.0000	  0.4218
595.5000	  0.4224
595.0000	  0.4227
594.5000	  0.4234
594.0000	  0.4236
593.5000	  0.4237
593.0000	  0.4242
592.5000	  0.4248
592.0000	  0.4250
591.5000	  0.4250
591.0000	  0.4257
590.5000	  0.4257
590.0000	  0.4268
589.5000	  0.4270
589.0000	  0.4270
588.5000	  0.4277
588.0000	  0.4285
587.5000	  0.4280
587.0000	  0.4289
586.5000	  0.4295
586.0000	  0.4297
585.5000	  0.4305
585.0000	  0.4304
584.5000	  0.4310
584.0000	  0.4315
583.5000	  0.4324
583.0000	  0.4321
582.5000	  0.4323
582.0000	  0.4334
581.5000	  0.4337
581.0000	  0.4340
580.5000	  0.4343
580.0000	  0.4344
579.5000	  0.4350
579.0000	  0.4364
578.5000	  0.4363
578.0000	  0.4367
577.5000	  0.4379
577.0000	  0.4375
576.5000	  0.4387
576.0000	  0.4382
575.5000	  0.4394
575.0000	  0.4395
574.5000	  0.4400
574.0000	  0.4408
573.5000	  0.4406
573.0000	  0.4415
572.5000	  0.4421
572.0000	  0.4430
571.5000	  0.4430
571.0000	  0.4442
570.5000	  0.4440
570.0000	  0.4443
569.5000	  0.4456
569.0000	  0.4451
568.5000	  0.4460
568.0000	  0.4473
567.5000	  0.4475
567.0000	  0.4479
566.5000	  0.4486
566.0000	  0.4491
565.5000	  0.4497
565.0000	  0.4506
564.5000	  0.4506
564.0000	  0.4509
563.5000	  0.4518
563.0000	  0.4524
562.5000	  0.4532
562.0000	  0.4532
561.5000	  0.4538
561.0000	  0.4547
560.5000	  0.4559
560.0000	  0.4567
559.5000	  0.4573
559.0000	  0.4583
558.5000	  0.4586
558.0000	  0.4598
557.5000	  0.4601
557.0000	  0.4609
556.5000	  0.4615
556.0000	  0.4613
555.5000	  0.4629
555.0000	  0.4624
554.5000	  0.4642
554.0000	  0.4641
553.5000	  0.4650
553.0000	  0.4650
552.5000	  0.4659
552.0000	  0.4670
551.5000	  0.4667
551.0000	  0.4676
550.5000	  0.4679
550.0000	  0.4689
549.5000	  0.4696
549.0000	  0.4703
548.5000	  0.4704
548.0000	  0.4714
547.5000	  0.4715
547.0000	  0.4725
546.5000	  0.4737
546.0000	  0.4724
545.5000	  0.4739
545.0000	  0.4750
544.5000	  0.4758
544.0000	  0.4760
543.5000	  0.4762
543.0000	  0.4777
542.5000	  0.4773
542.0000	  0.4788
541.5000	  0.4782
541.0000	  0.4792
540.5000	  0.4802
540.0000	  0.4807
539.5000	  0.4810
539.0000	  0.4811
538.5000	  0.4820
538.0000	  0.4830
537.5000	  0.4832
537.0000	  0.4833
536.5000	  0.4841
536.0000	  0.4853
535.5000	  0.4849
535.0000	  0.4864
534.5000	  0.4863
534.0000	  0.4865
533.5000	  0.4874
533.0000	  0.4881
532.5000	  0.4880
532.0000	  0.4888
531.5000	  0.4895
531.0000	  0.4898
530.5000	  0.4903
530.0000	  0.4907
529.5000	  0.4915
529.0000	  0.4924
528.5000	  0.4923
528.0000	  0.4929
527.5000	  0.4933
527.0000	  0.4936
526.5000	  0.4945
526.0000	  0.4949
525.5000	  0.4949
525.0000	  0.4953
524.5000	  0.4961
524.0000	  0.4960
523.5000	  0.4970
523.0000	  0.4966
522.5000	  0.4977
522.0000	  0.4978
521.5000	  0.4983
521.0000	  0.4980
520.5000	  0.4989
520.0000	  0.4996
519.5000	  0.4997
519.0000	  0.5000
518.5000	  0.4993
518.0000	  0.5006
517.5000	  0.5001
517.0000	  0.5009
516.5000	  0.5002
516.0000	  0.5006
515.5000	  0.5011
515.0000	  0.5011
514.5000	  0.5022
514.0000	  0.5019
513.5000	  0.5021
513.0000	  0.5018
512.5000	  0.5024
512.0000	  0.5025
511.5000	  0.5024
511.0000	  0.5021
510.5000	  0.5023
510.0000	  0.5028
509.5000	  0.5022
509.0000	  0.5033
508.5000	  0.5036
508.0000	  0.5037
507.5000	  0.5039
507.0000	  0.5029
506.5000	  0.5044
506.0000	  0.5036
505.5000	  0.5047
505.0000	  0.5044
504.5000	  0.5056
504.0000	  0.5057
503.5000	  0.5060
503.0000	  0.5059
502.5000	  0.5062
502.0000	  0.5066
501.5000	  0.5060
501.0000	  0.5071
500.5000	  0.5067
500.0000	  0.5071
499.5000	  0.5071
499.0000	  0.5072
498.5000	  0.5076
498.0000	  0.5067
497.5000	  0.5067
497.0000	  0.5070
496.5000	  0.5060
496.0000	  0.5054
495.5000	  0.5057
495.0000	  0.5059
494.5000	  0.5043
494.0000	  0.5045
493.5000	  0.5042
493.0000	  0.5030
492.5000	  0.5025
492.0000	  0.5027
491.5000	  0.5011
491.0000	  0.5011
490.5000	  0.5003
490.0000	  0.4983
489.5000	  0.4983
489.0000	  0.4969
488.5000	  0.4960
488.0000	  0.4955
487.5000	  0.4941
487.0000	  0.4933
486.5000	  0.4923
486.0000	  0.4920
485.5000	  0.4902
485.0000	  0.4904
484.5000	  0.4877
484.0000	  0.4878
483.5000	  0.4867
483.0000	  0.4857
482.5000	  0.4845
482.0000	  0.4840
481.5000	  0.4829
481.0000	  0.4817
480.5000	  0.4814
480.0000	  0.4793
479.5000	  0.4790
479.0000	  0.4785
478.5000	  0.4775
478.0000	  0.4771
477.5000	  0.4745
477.0000	  0.4742
476.5000	  0.4736
476.0000	  0.4731
475.5000	  0.4709
475.0000	  0.4704
474.5000	  0.4700
474.0000	  0.4693
473.5000	  0.4691
473.0000	  0.4672
472.5000	  0.4664
472.0000	  0.4656
471.5000	  0.4656
471.0000	  0.4637
470.5000	  0.4636
470.0000	  0.4631
469.5000	  0.4620
469.0000	  0.4613
468.5000	  0.4606
468.0000	  0.4605
467.5000	  0.4602
467.0000	  0.4592
466.5000	  0.4582
466.0000	  0.4576
465.5000	  0.4577
465.0000	  0.4562
464.5000	  0.4566
464.0000	  0.4556
463.5000	  0.4551
463.0000	  0.4550
462.5000	  0.4543
462.0000	  0.4542
461.5000	  0.4531
461.0000	  0.4536
460.5000	  0.4520
460.0000	  0.4523
459.5000	  0.4512
459.0000	  0.4515
458.5000	  0.4504
458.0000	  0.4498
457.5000	  0.4495
457.0000	  0.4475
456.5000	  0.4475
456.0000	  0.4457
455.5000	  0.4459
455.0000	  0.4451
454.5000	  0.4438
454.0000	  0.4420
453.5000	  0.4412
453.0000	  0.4400
452.5000	  0.4391
452.0000	  0.4374
451.5000	  0.4357
451.0000	  0.4349
450.5000	  0.4328
450.0000	  0.4319
449.5000	  0.4313
449.0000	  0.4284
448.5000	  0.4277
448.0000	  0.4258
447.5000	  0.4254
447.0000	  0.4233
446.5000	  0.4218
446.0000	  0.4200
445.5000	  0.4195
445.0000	  0.4179
444.5000	  0.4172
444.0000	  0.4156
443.5000	  0.4140
443.0000	  0.4139
442.5000	  0.4120
442.0000	  0.4122
441.5000	  0.4106
441.0000	  0.4096
440.5000	  0.4088
440.0000	  0.4072
439.5000	  0.4070
439.0000	  0.4059
438.5000	  0.4050
438.0000	  0.4042
437.5000	  0.4040
437.0000	  0.4020
436.5000	  0.4015
436.0000	  0.4013
435.5000	  0.4004
435.0000	  0.3996
434.5000	  0.3987
434.0000	  0.3985
433.5000	  0.3970
433.0000	  0.3969
432.5000	  0.3961
432.0000	  0.3956
431.5000	  0.3948
431.0000	  0.3944
430.5000	  0.3943
430.0000	  0.3928
429.5000	  0.3918
429.0000	  0.3924
428.5000	  0.3913
428.0000	  0.3912
427.5000	  0.3904
427.0000	  0.3900
426.5000	  0.3895
426.0000	  0.3885
425.5000	  0.3876
425.0000	  0.3877
424.5000	  0.3871
424.0000	  0.3869
423.5000	  0.3858
423.0000	  0.3857
422.5000	  0.3859
422.0000	  0.3859
421.5000	  0.3852
421.0000	  0.3839
420.5000	  0.3838
420.0000	  0.3839
419.5000	  0.3835
419.0000	  0.3829
418.5000	  0.3819
418.0000	  0.3819
417.5000	  0.3818
417.0000	  0.3807
416.5000	  0.3809
416.0000	  0.3807
415.5000	  0.3798
415.0000	  0.3793
414.5000	  0.3790
414.0000	  0.3788
413.5000	  0.3781
413.0000	  0.3783
412.5000	  0.3772
412.0000	  0.3770
411.5000	  0.3762
411.0000	  0.3771
410.5000	  0.3747
410.0000	  0.3756
409.5000	  0.3749
409.0000	  0.3752
408.5000	  0.3748
408.0000	  0.3738
407.5000	  0.3741
407.0000	  0.3734
406.5000	  0.3735
406.0000	  0.3719
405.5000	  0.3718
405.0000	  0.3713
404.5000	  0.3715
404.0000	  0.3721
403.5000	  0.3714
403.0000	  0.3705
402.5000	  0.3688
402.0000	  0.3693
401.5000	  0.3687
401.0000	  0.3688
400.5000	  0.3698
400.0000	  0.3678
399.5000	  0.3682
399.0000	  0.3677
398.5000	  0.3672
398.0000	  0.3666
397.5000	  0.3671
397.0000	  0.3663
396.5000	  0.3656
396.0000	  0.3662
395.5000	  0.3659
395.0000	  0.3653
394.5000	  0.3656
394.0000	  0.3653
393.5000	  0.3640
393.0000	  0.3637
392.5000	  0.3642
392.0000	  0.3647
391.5000	  0.3645
391.0000	  0.3638
390.5000	  0.3632
390.0000	  0.3635
389.5000	  0.3645
389.0000	  0.3637
388.5000	  0.3632
388.0000	  0.3630
387.5000	  0.3636
387.0000	  0.3628
386.5000	  0.3628
386.0000	  0.3630
385.5000	  0.3640
385.0000	  0.3640
384.5000	  0.3623
384.0000	  0.3632
383.5000	  0.3625
383.0000	  0.3635
382.5000	  0.3629
382.0000	  0.3633
381.5000	  0.3623
381.0000	  0.3629
380.5000	  0.3651
380.0000	  0.3626
379.5000	  0.3631
379.0000	  0.3627
378.5000	  0.3625
378.0000	  0.3627
377.5000	  0.3628
377.0000	  0.3619
376.5000	  0.3640
376.0000	  0.3629
375.5000	  0.3625
375.0000	  0.3619
374.5000	  0.3612
374.0000	  0.3626
373.5000	  0.3622
373.0000	  0.3616
372.5000	  0.3615
372.0000	  0.3606
371.5000	  0.3615
371.0000	  0.3613
370.5000	  0.3610
370.0000	  0.3602
369.5000	  0.3607
369.0000	  0.3592
368.5000	  0.3610
368.0000	  0.3609
367.5000	  0.3619
367.0000	  0.3607
366.5000	  0.3606
366.0000	  0.3600
365.5000	  0.3614
365.0000	  0.3594
364.5000	  0.3610
364.0000	  0.3601
363.5000	  0.3576
363.0000	  0.3610
362.5000	  0.3611
362.0000	  0.3603
361.5000	  0.3590
361.0000	  0.3577
360.5000	  0.3586
360.0000	  0.3601
359.5000	  0.3616
359.0000	  0.3585
358.5000	  0.3604
358.0000	  0.3594
357.5000	  0.3608
357.0000	  0.3578
356.5000	  0.3604
356.0000	  0.3591
355.5000	  0.3594
355.0000	  0.3596
354.5000	  0.3587
354.0000	  0.3589
353.5000	  0.3596
353.0000	  0.3597
352.5000	  0.3585
352.0000	  0.3575
351.5000	  0.3570
351.0000	  0.3572
350.5000	  0.3565
350.0000	  0.3557
349.5000	  0.3570
349.0000	  0.3532
348.5000	  0.3566
348.0000	  0.3559
347.5000	  0.3556
347.0000	  0.3547
346.5000	  0.3553
346.0000	  0.3552
345.5000	  0.3544
345.0000	  0.3543
344.5000	  0.3509
344.0000	  0.3529
343.5000	  0.3543
343.0000	  0.3504
342.5000	  0.3504
342.0000	  0.3527
341.5000	  0.3509
341.0000	  0.3505
340.5000	  0.3482
340.0000	  0.3527
339.5000	  0.3518
339.0000	  0.3544
338.5000	  0.3476
338.0000	  0.3501
337.5000	  0.3499
337.0000	  0.3499
336.5000	  0.3486
336.0000	  0.3493
335.5000	  0.3478
335.0000	  0.3486
334.5000	  0.3476
334.0000	  0.3478
333.5000	  0.3458
333.0000	  0.3488
332.5000	  0.3468
332.0000	  0.3473
331.5000	  0.3437
331.0000	  0.3462
330.5000	  0.3407
330.0000	  0.3449
329.5000	  0.3463
329.0000	  0.3437
328.5000	  0.3422
328.0000	  0.3440
327.5000	  0.3411
327.0000	  0.3419
326.5000	  0.3417
326.0000	  0.3388
325.5000	  0.3371
325.0000	  0.3405
324.5000	  0.3390
324.0000	  0.3368
323.5000	  0.3374
323.0000	  0.3397
322.5000	  0.3419
322.0000	  0.3362
321.5000	  0.3388
321.0000	  0.3388
320.5000	  0.3343
320.0000	  0.3341
319.5000	  0.3358
319.0000	  0.3372
318.5000	  0.3307
318.0000	  0.3353
317.5000	  0.3336
317.0000	  0.3325
316.5000	  0.3357
316.0000	  0.3311
315.5000	  0.3370
315.0000	  0.3346
314.5000	  0.3300
314.0000	  0.3370
313.5000	  0.3326
313.0000	  0.3306
312.5000	  0.3322
312.0000	  0.3335
311.5000	  0.3355
311.0000	  0.3268
310.5000	  0.3269
310.0000	  0.3355
309.5000	  0.3250
309.0000	  0.3230
308.5000	  0.3334
308.0000	  0.3332
307.5000	  0.3282
307.0000	  0.3308
306.5000	  0.3337
306.0000	  0.3248
305.5000	  0.3119
305.0000	  0.3161
304.5000	  0.3313
304.0000	  0.3120
303.5000	  0.3261
303.0000	  0.3350
302.5000	  0.3184
302.0000	  0.3214
301.5000	  0.3345
301.0000	  0.3255
300.5000	  0.3402
300.0000	  0.3263
299.5000	  0.3098
299.0000	  0.3319
298.5000	  0.3131
298.0000	  0.2848
297.5000	  0.3341
297.0000	  0.2482
296.5000	  0.2075
296.0000	  0.3246
295.5000	  0.1883
295.0000	 -0.2106
294.5000	  0.7768
294.0000	  0.0020
293.5000	  0.3510
293.0000	 -0.1412
292.5000	  0.9415
292.0000	 -0.9873
291.5000	  1.3624
291.0000	  0.8985
290.5000	  5.8129
290.0000	  0.6834
289.5000	  0.8042
289.0000	-11.7170
288.5000	  0.5921
288.0000	 -1.5469
287.5000	 -0.7307
287.0000	  0.3345
286.5000	  0.9087
286.0000	  0.0276
285.5000	  1.7743
285.0000	  0.7811
284.5000	  1.2901
284.0000	 -0.6612
283.5000	  1.9142
283.0000	  3.6464
282.5000	  0.7495
282.0000	  1.4858
281.5000	  7.4246
281.0000	  1.6422
280.5000	  1.2841
280.0000	  0.7947
279.5000	  0.4090
279.0000	  0.3134
278.5000	  0.2625
278.0000	  1.0844
277.5000	  0.4997
277.0000	  0.2141
276.5000	  0.9342
276.0000	  1.0470
275.5000	  4.2144
275.0000	  5.3985
274.5000	 -6.9923
274.0000	  0.5526
273.5000	  0.5557
273.0000	-32.9262
272.5000	  0.6281
272.0000	  0.3837
271.5000	 -0.0851
271.0000	 24.3676
270.5000	 -1.2170
270.0000	  3.6295
269.5000	 -0.9642
269.0000	 -2.2386
268.5000	  0.7627
268.0000	  0.4597
267.5000	  0.7132
267.0000	  2.0982
266.5000	  0.1725
266.0000	  1.2478
265.5000	  2.1990
265.0000	  1.4275
264.5000	 -0.5945
264.0000	  0.7312
263.5000	  0.0460
263.0000	 -0.1864
262.5000	 -2.8336
262.0000	  1.8757
261.5000	  9.3326
261.0000	 -0.5662
260.5000	  4.8706
260.0000	 -0.7245
259.5000	  4.2151
259.0000	 -0.0183
258.5000	  0.4958
258.0000	  0.5012
257.5000	 19.3844
257.0000	  0.9963
256.5000	 -1.3678
256.0000	  3.7210
255.5000	 -0.1665
255.0000	  0.8863
254.5000	  1.4909
254.0000	  0.6443
253.5000	  0.4970
253.0000	  0.9041
252.5000	 -0.9517
252.0000	 -2.8530
251.5000	 -0.6338
251.0000	  1.0476
250.5000	  1.2215
250.0000	  0.4193
249.5000	  1.4491
249.0000	  0.4600
248.5000	  0.3632
248.0000	  1.1221
247.5000	  0.6992
247.0000	  0.3962
246.5000	  0.4050
246.0000	  1.7855
245.5000	 -1.0278
245.0000	-13.4470
244.5000	 -1.3587
244.0000	-36.3919
243.5000	 16.4315
243.0000	 -0.5662
242.5000	 -0.7156
242.0000	  0.9574
241.5000	 43.5483
241.0000	 -0.9908
240.5000	  5.5664
240.0000	  0.3005
239.5000	 -0.1444
239.0000	  0.6934
238.5000	  0.6705
238.0000	  2.8490
237.5000	  1.0848
237.0000	  3.8876
236.5000	  0.9347
236.0000	  0.7274
235.5000	 -0.0965
235.0000	  0.2699
234.5000	 -0.5417
234.0000	 14.0262
233.5000	 -0.2931
233.0000	  1.3506
232.5000	  1.1132
232.0000	  0.0924
231.5000	 -1.5264
231.0000	  2.2299
230.5000	  0.8420
230.0000	 19.7997
229.5000	  0.2294
229.0000	 -2.0521
228.5000	  1.1526
228.0000	  0.0811
227.5000	  5.7336
227.0000	  0.4520
226.5000	  0.0437
226.0000	  1.6603
225.5000	  0.5223
225.0000	  0.2653
224.5000	 -0.1804
224.0000	 -1.9467
223.5000	 -9.4945
223.0000	 -2.4672
222.5000	 -0.2727
222.0000	 -0.4153
221.5000	-10.2524
221.0000	  0.0767
220.5000	  2.8792
220.0000	  2.0373
219.5000	 -2.1415
219.0000	  1.8605
218.5000	 17.8299
218.0000	  0.7525
217.5000	  6.9339
217.0000	  0.5461
216.5000	  0.0782
216.0000	 -1.1889
215.5000	  2.8841
215.0000	  0.7822
214.5000	 10.8300
214.0000	 -0.1199
213.5000	  0.6390
213.0000	 -0.1425
212.5000	  0.4823
212.0000	  0.2777
211.5000	  0.6232
211.0000	  2.1762
210.5000	  0.4903
210.0000	 -0.3986
209.5000	  2.7459
209.0000	  1.9882
208.5000	  0.8999
208.0000	 -0.7363
207.5000	  2.1792
207.0000	  3.5779
206.5000	  0.2145
206.0000	  0.0138
205.5000	  1.5359
205.0000	  0.5375
204.5000	 -3.5662
204.0000	  0.4024
203.5000	  1.7060
203.0000	 -0.1530
202.5000	  0.9301
202.0000	 -0.0202
201.5000	  4.1764
201.0000	  2.7991
200.5000	 -2.0845
200.0000	 -0.9349

