20/03/2024 17.18.46
20/03/2024 17.27.54

500.0000	 99.9400

500.0000	 99.9400

900.0000	 92.7100



  1.0000
900.0000
  3.0000
340.0000
  1.0000
1401.0000
  5.0000
  6.0000
  1.0000
  1.0000
  0.0000
  0.0000
100.0000
  0.0000
  1.0000
  0.0000
500.0000
900.0000
200.0000
  4.0000
  1.0000
 18.0000
  2.0000
  1.0000
255.0000
  0.8622
  1.0000
 30.0000
  4.0000
500.0000
  0.0000
  0.0000
  4.0000
900.0000
200.0000
  0.0000
100.0000
  0.0000
  1.0000
  0.0000
500.0000
  1.0000
  1.0000
  1.0000
  1.0000
  4.0000
  0.0000
  1.0000
  1.0000
  1.0000
  1.0000
  1.0000
  2.0000
  1.0000
  1.0000
  1.0000
  3.0000
  1.0000
  1.0000
  1.0000
  4.0000
  5.0000
548.053
0.000

lambda: 900
Abs:    0.0446

#
900.0000	  0.9554
899.5000	  0.9128
899.0000	  0.9395
898.5000	  0.9607
898.0000	  0.9162
897.5000	  0.9615
897.0000	  0.9516
896.5000	  0.9465
896.0000	  0.9534
895.5000	  0.9234
895.0000	  0.9073
894.5000	  0.9420
894.0000	  0.9093
893.5000	  0.9257
893.0000	  0.9183
892.5000	  0.9224
892.0000	  0.9424
891.5000	  0.9284
891.0000	  0.9150
890.5000	  0.9357
890.0000	  0.9312
889.5000	  0.9070
889.0000	  0.9268
888.5000	  0.9174
888.0000	  0.9418
887.5000	  0.9429
887.0000	  0.9561
886.5000	  0.9317
886.0000	  0.9291
885.5000	  0.9380
885.0000	  0.9167
884.5000	  0.9270
884.0000	  0.9382
883.5000	  0.9424
883.0000	  0.9379
882.5000	  0.9269
882.0000	  0.9284
881.5000	  0.9188
881.0000	  0.9344
880.5000	  0.9142
880.0000	  0.9331
879.5000	  0.9286
879.0000	  0.9310
878.5000	  0.9374
878.0000	  0.9298
877.5000	  0.9325
877.0000	  0.9412
876.5000	  0.9229
876.0000	  0.9361
875.5000	  0.9328
875.0000	  0.9245
874.5000	  0.9321
874.0000	  0.9303
873.5000	  0.9318
873.0000	  0.9304
872.5000	  0.9328
872.0000	  0.9293
871.5000	  0.9314
871.0000	  0.9400
870.5000	  0.9269
870.0000	  0.9345
869.5000	  0.9289
869.0000	  0.9312
868.5000	  0.9337
868.0000	  0.9359
867.5000	  0.9363
867.0000	  0.9346
866.5000	  0.9383
866.0000	  0.9299
865.5000	  0.9363
865.0000	  0.9407
864.5000	  0.9363
864.0000	  0.9370
863.5000	  0.9352
863.0000	  0.9393
862.5000	  0.9398
862.0000	  0.9408
861.5000	  0.9342
861.0000	  0.9418
860.5000	  0.9364
860.0000	  0.9379
859.5000	  0.9444
859.0000	  0.9362
858.5000	  0.9436
858.0000	  0.9451
857.5000	  0.9455
857.0000	  0.9374
856.5000	  0.9469
856.0000	  0.9385
855.5000	  0.9475
855.0000	  0.9464
854.5000	  0.9417
854.0000	  0.9393
853.5000	  0.9426
853.0000	  0.9443
852.5000	  0.9482
852.0000	  0.9423
851.5000	  0.9436
851.0000	  0.9499
850.5000	  0.9471
850.0000	  0.9480
849.5000	  0.9461
849.0000	  0.9451
848.5000	  0.9456
848.0000	  0.9486
847.5000	  0.9478
847.0000	  0.9462
846.5000	  0.9453
846.0000	  0.9466
845.5000	  0.9491
845.0000	  0.9492
844.5000	  0.9453
844.0000	  0.9460
843.5000	  0.9447
843.0000	  0.9462
842.5000	  0.9448
842.0000	  0.9495
841.5000	  0.9452
841.0000	  0.9440
840.5000	  0.9446
840.0000	  0.9448
839.5000	  0.9454
839.0000	  0.9472
838.5000	  0.9457
838.0000	  0.9445
837.5000	  0.9421
837.0000	  0.9424
836.5000	  0.9394
836.0000	  0.9415
835.5000	  0.9424
835.0000	  0.9433
834.5000	  0.9419
834.0000	  0.9411
833.5000	  0.9417
833.0000	  0.9378
832.5000	  0.9370
832.0000	  0.9385
831.5000	  0.9405
831.0000	  0.9384
830.5000	  0.9390
830.0000	  0.9385
829.5000	  0.9392
829.0000	  0.9379
828.5000	  0.9369
828.0000	  0.9367
827.5000	  0.9403
827.0000	  0.9369
826.5000	  0.9368
826.0000	  0.9358
825.5000	  0.9358
825.0000	  0.9361
824.5000	  0.9337
824.0000	  0.9352
823.5000	  0.9353
823.0000	  0.9362
822.5000	  0.9355
822.0000	  0.9374
821.5000	  0.9350
821.0000	  0.9348
820.5000	  0.9343
820.0000	  0.9332
819.5000	  0.9331
819.0000	  0.9361
818.5000	  0.9344
818.0000	  0.9336
817.5000	  0.9335
817.0000	  0.9338
816.5000	  0.9329
816.0000	  0.9339
815.5000	  0.9345
815.0000	  0.9338
814.5000	  0.9352
814.0000	  0.9337
813.5000	  0.9343
813.0000	  0.9336
812.5000	  0.9335
812.0000	  0.9335
811.5000	  0.9331
811.0000	  0.9350
810.5000	  0.9339
810.0000	  0.9346
809.5000	  0.9328
809.0000	  0.9329
808.5000	  0.9343
808.0000	  0.9340
807.5000	  0.9316
807.0000	  0.9337
806.5000	  0.9321
806.0000	  0.9338
805.5000	  0.9354
805.0000	  0.9342
804.5000	  0.9343
804.0000	  0.9331
803.5000	  0.9353
803.0000	  0.9350
802.5000	  0.9349
802.0000	  0.9358
801.5000	  0.9344
801.0000	  0.9335
800.5000	  0.9358
800.0000	  0.9344
799.5000	  0.9344
799.0000	  0.9341
798.5000	  0.9355
798.0000	  0.9344
797.5000	  0.9354
797.0000	  0.9364
796.5000	  0.9351
796.0000	  0.9364
795.5000	  0.9342
795.0000	  0.9344
794.5000	  0.9363
794.0000	  0.9357
793.5000	  0.9347
793.0000	  0.9357
792.5000	  0.9337
792.0000	  0.9369
791.5000	  0.9353
791.0000	  0.9343
790.5000	  0.9366
790.0000	  0.9345
789.5000	  0.9329
789.0000	  0.9372
788.5000	  0.9361
788.0000	  0.9359
787.5000	  0.9358
787.0000	  0.9367
786.5000	  0.9363
786.0000	  0.9364
785.5000	  0.9362
785.0000	  0.9372
784.5000	  0.9364
784.0000	  0.9350
783.5000	  0.9360
783.0000	  0.9382
782.5000	  0.9375
782.0000	  0.9378
781.5000	  0.9370
781.0000	  0.9362
780.5000	  0.9375
780.0000	  0.9366
779.5000	  0.9363
779.0000	  0.9353
778.5000	  0.9375
778.0000	  0.9367
777.5000	  0.9389
777.0000	  0.9365
776.5000	  0.9364
776.0000	  0.9378
775.5000	  0.9347
775.0000	  0.9364
774.5000	  0.9368
774.0000	  0.9380
773.5000	  0.9378
773.0000	  0.9379
772.5000	  0.9359
772.0000	  0.9361
771.5000	  0.9391
771.0000	  0.9396
770.5000	  0.9375
770.0000	  0.9372
769.5000	  0.9376
769.0000	  0.9387
768.5000	  0.9382
768.0000	  0.9390
767.5000	  0.9385
767.0000	  0.9385
766.5000	  0.9381
766.0000	  0.9372
765.5000	  0.9387
765.0000	  0.9376
764.5000	  0.9386
764.0000	  0.9383
763.5000	  0.9374
763.0000	  0.9403
762.5000	  0.9383
762.0000	  0.9375
761.5000	  0.9399
761.0000	  0.9372
760.5000	  0.9373
760.0000	  0.9383
759.5000	  0.9394
759.0000	  0.9390
758.5000	  0.9402
758.0000	  0.9382
757.5000	  0.9394
757.0000	  0.9365
756.5000	  0.9385
756.0000	  0.9405
755.5000	  0.9404
755.0000	  0.9386
754.5000	  0.9379
754.0000	  0.9399
753.5000	  0.9407
753.0000	  0.9395
752.5000	  0.9391
752.0000	  0.9398
751.5000	  0.9408
751.0000	  0.9412
750.5000	  0.9407
750.0000	  0.9419
749.5000	  0.9403
749.0000	  0.9407
748.5000	  0.9408
748.0000	  0.9409
747.5000	  0.9410
747.0000	  0.9420
746.5000	  0.9399
746.0000	  0.9413
745.5000	  0.9419
745.0000	  0.9426
744.5000	  0.9421
744.0000	  0.9434
743.5000	  0.9424
743.0000	  0.9420
742.5000	  0.9423
742.0000	  0.9399
741.5000	  0.9425
741.0000	  0.9425
740.5000	  0.9420
740.0000	  0.9427
739.5000	  0.9455
739.0000	  0.9423
738.5000	  0.9454
738.0000	  0.9443
737.5000	  0.9460
737.0000	  0.9441
736.5000	  0.9454
736.0000	  0.9463
735.5000	  0.9465
735.0000	  0.9467
734.5000	  0.9468
734.0000	  0.9481
733.5000	  0.9460
733.0000	  0.9478
732.5000	  0.9473
732.0000	  0.9482
731.5000	  0.9500
731.0000	  0.9500
730.5000	  0.9504
730.0000	  0.9529
729.5000	  0.9539
729.0000	  0.9549
728.5000	  0.9538
728.0000	  0.9561
727.5000	  0.9568
727.0000	  0.9612
726.5000	  0.9602
726.0000	  0.9625
725.5000	  0.9646
725.0000	  0.9649
724.5000	  0.9666
724.0000	  0.9690
723.5000	  0.9699
723.0000	  0.9720
722.5000	  0.9744
722.0000	  0.9787
721.5000	  0.9809
721.0000	  0.9839
720.5000	  0.9846
720.0000	  0.9892
719.5000	  0.9902
719.0000	  0.9931
718.5000	  0.9976
718.0000	  0.9941
717.5000	  0.9959
717.0000	  0.9964
716.5000	  0.9961
716.0000	  0.9932
715.5000	  0.9947
715.0000	  0.9879
714.5000	  0.9860
714.0000	  0.9796
713.5000	  0.9784
713.0000	  0.9743
712.5000	  0.9710
712.0000	  0.9670
711.5000	  0.9670
711.0000	  0.9618
710.5000	  0.9608
710.0000	  0.9581
709.5000	  0.9549
709.0000	  0.9539
708.5000	  0.9514
708.0000	  0.9508
707.5000	  0.9488
707.0000	  0.9486
706.5000	  0.9462
706.0000	  0.9474
705.5000	  0.9479
705.0000	  0.9473
704.5000	  0.9485
704.0000	  0.9475
703.5000	  0.9464
703.0000	  0.9481
702.5000	  0.9483
702.0000	  0.9457
701.5000	  0.9466
701.0000	  0.9467
700.5000	  0.9458
700.0000	  0.9474
699.5000	  0.9482
699.0000	  0.9471
698.5000	  0.9472
698.0000	  0.9466
697.5000	  0.9455
697.0000	  0.9457
696.5000	  0.9460
696.0000	  0.9451
695.5000	  0.9460
695.0000	  0.9451
694.5000	  0.9465
694.0000	  0.9467
693.5000	  0.9459
693.0000	  0.9463
692.5000	  0.9467
692.0000	  0.9457
691.5000	  0.9472
691.0000	  0.9463
690.5000	  0.9455
690.0000	  0.9472
689.5000	  0.9450
689.0000	  0.9449
688.5000	  0.9458
688.0000	  0.9465
687.5000	  0.9453
687.0000	  0.9457
686.5000	  0.9443
686.0000	  0.9461
685.5000	  0.9463
685.0000	  0.9445
684.5000	  0.9467
684.0000	  0.9447
683.5000	  0.9447
683.0000	  0.9459
682.5000	  0.9445
682.0000	  0.9447
681.5000	  0.9446
681.0000	  0.9428
680.5000	  0.9446
680.0000	  0.9443
679.5000	  0.9440
679.0000	  0.9451
678.5000	  0.9444
678.0000	  0.9426
677.5000	  0.9460
677.0000	  0.9447
676.5000	  0.9434
676.0000	  0.9446
675.5000	  0.9445
675.0000	  0.9429
674.5000	  0.9442
674.0000	  0.9449
673.5000	  0.9433
673.0000	  0.9442
672.5000	  0.9441
672.0000	  0.9432
671.5000	  0.9442
671.0000	  0.9428
670.5000	  0.9422
670.0000	  0.9443
669.5000	  0.9424
669.0000	  0.9439
668.5000	  0.9446
668.0000	  0.9437
667.5000	  0.9446
667.0000	  0.9422
666.5000	  0.9427
666.0000	  0.9427
665.5000	  0.9430
665.0000	  0.9423
664.5000	  0.9444
664.0000	  0.9426
663.5000	  0.9429
663.0000	  0.9437
662.5000	  0.9427
662.0000	  0.9444
661.5000	  0.9426
661.0000	  0.9416
660.5000	  0.9432
660.0000	  0.9422
659.5000	  0.9424
659.0000	  0.9430
658.5000	  0.9412
658.0000	  0.9418
657.5000	  0.9419
657.0000	  0.9408
656.5000	  0.9413
656.0000	  0.9410
655.5000	  0.9416
655.0000	  0.9420
654.5000	  0.9415
654.0000	  0.9418
653.5000	  0.9416
653.0000	  0.9405
652.5000	  0.9405
652.0000	  0.9406
651.5000	  0.9408
651.0000	  0.9413
650.5000	  0.9415
650.0000	  0.9391
649.5000	  0.9407
649.0000	  0.9409
648.5000	  0.9395
648.0000	  0.9403
647.5000	  0.9386
647.0000	  0.9387
646.5000	  0.9392
646.0000	  0.9382
645.5000	  0.9383
645.0000	  0.9387
644.5000	  0.9363
644.0000	  0.9374
643.5000	  0.9378
643.0000	  0.9367
642.5000	  0.9381
642.0000	  0.9374
641.5000	  0.9349
641.0000	  0.9351
640.5000	  0.9351
640.0000	  0.9345
639.5000	  0.9352
639.0000	  0.9326
638.5000	  0.9333
638.0000	  0.9323
637.5000	  0.9316
637.0000	  0.9310
636.5000	  0.9304
636.0000	  0.9288
635.5000	  0.9297
635.0000	  0.9288
634.5000	  0.9270
634.0000	  0.9276
633.5000	  0.9258
633.0000	  0.9258
632.5000	  0.9263
632.0000	  0.9249
631.5000	  0.9252
631.0000	  0.9250
630.5000	  0.9244
630.0000	  0.9258
629.5000	  0.9271
629.0000	  0.9274
628.5000	  0.9295
628.0000	  0.9304
627.5000	  0.9324
627.0000	  0.9344
626.5000	  0.9366
626.0000	  0.9382
625.5000	  0.9421
625.0000	  0.9430
624.5000	  0.9456
624.0000	  0.9489
623.5000	  0.9511
623.0000	  0.9524
622.5000	  0.9523
622.0000	  0.9548
621.5000	  0.9558
621.0000	  0.9575
620.5000	  0.9586
620.0000	  0.9599
619.5000	  0.9595
619.0000	  0.9620
618.5000	  0.9625
618.0000	  0.9633
617.5000	  0.9614
617.0000	  0.9619
616.5000	  0.9614
616.0000	  0.9609
615.5000	  0.9608
615.0000	  0.9607
614.5000	  0.9591
614.0000	  0.9593
613.5000	  0.9591
613.0000	  0.9599
612.5000	  0.9602
612.0000	  0.9589
611.5000	  0.9621
611.0000	  0.9596
610.5000	  0.9611
610.0000	  0.9608
609.5000	  0.9607
609.0000	  0.9607
608.5000	  0.9607
608.0000	  0.9602
607.5000	  0.9610
607.0000	  0.9606
606.5000	  0.9611
606.0000	  0.9607
605.5000	  0.9596
605.0000	  0.9612
604.5000	  0.9598
604.0000	  0.9621
603.5000	  0.9614
603.0000	  0.9625
602.5000	  0.9612
602.0000	  0.9612
601.5000	  0.9618
601.0000	  0.9622
600.5000	  0.9624
600.0000	  0.9615
599.5000	  0.9619
599.0000	  0.9610
598.5000	  0.9630
598.0000	  0.9622
597.5000	  0.9627
597.0000	  0.9633
596.5000	  0.9636
596.0000	  0.9623
595.5000	  0.9635
595.0000	  0.9632
594.5000	  0.9640
594.0000	  0.9641
593.5000	  0.9639
593.0000	  0.9643
592.5000	  0.9652
592.0000	  0.9654
591.5000	  0.9644
591.0000	  0.9653
590.5000	  0.9644
590.0000	  0.9648
589.5000	  0.9652
589.0000	  0.9650
588.5000	  0.9648
588.0000	  0.9659
587.5000	  0.9650
587.0000	  0.9665
586.5000	  0.9656
586.0000	  0.9669
585.5000	  0.9669
585.0000	  0.9663
584.5000	  0.9676
584.0000	  0.9665
583.5000	  0.9679
583.0000	  0.9670
582.5000	  0.9673
582.0000	  0.9681
581.5000	  0.9681
581.0000	  0.9689
580.5000	  0.9681
580.0000	  0.9675
579.5000	  0.9673
579.0000	  0.9689
578.5000	  0.9685
578.0000	  0.9693
577.5000	  0.9688
577.0000	  0.9688
576.5000	  0.9699
576.0000	  0.9705
575.5000	  0.9689
575.0000	  0.9706
574.5000	  0.9698
574.0000	  0.9692
573.5000	  0.9695
573.0000	  0.9705
572.5000	  0.9702
572.0000	  0.9705
571.5000	  0.9702
571.0000	  0.9704
570.5000	  0.9705
570.0000	  0.9703
569.5000	  0.9710
569.0000	  0.9718
568.5000	  0.9713
568.0000	  0.9702
567.5000	  0.9721
567.0000	  0.9716
566.5000	  0.9721
566.0000	  0.9707
565.5000	  0.9726
565.0000	  0.9723
564.5000	  0.9720
564.0000	  0.9736
563.5000	  0.9730
563.0000	  0.9721
562.5000	  0.9726
562.0000	  0.9731
561.5000	  0.9733
561.0000	  0.9736
560.5000	  0.9740
560.0000	  0.9725
559.5000	  0.9734
559.0000	  0.9715
558.5000	  0.9741
558.0000	  0.9733
557.5000	  0.9733
557.0000	  0.9733
556.5000	  0.9724
556.0000	  0.9741
555.5000	  0.9756
555.0000	  0.9742
554.5000	  0.9742
554.0000	  0.9747
553.5000	  0.9744
553.0000	  0.9760
552.5000	  0.9750
552.0000	  0.9763
551.5000	  0.9748
551.0000	  0.9754
550.5000	  0.9763
550.0000	  0.9770
549.5000	  0.9764
549.0000	  0.9768
548.5000	  0.9757
548.0000	  0.9760
547.5000	  0.9772
547.0000	  0.9773
546.5000	  0.9772
546.0000	  0.9758
545.5000	  0.9775
545.0000	  0.9772
544.5000	  0.9785
544.0000	  0.9768
543.5000	  0.9782
543.0000	  0.9789
542.5000	  0.9784
542.0000	  0.9797
541.5000	  0.9796
541.0000	  0.9789
540.5000	  0.9784
540.0000	  0.9792
539.5000	  0.9789
539.0000	  0.9795
538.5000	  0.9787
538.0000	  0.9802
537.5000	  0.9808
537.0000	  0.9802
536.5000	  0.9797
536.0000	  0.9804
535.5000	  0.9804
535.0000	  0.9807
534.5000	  0.9808
534.0000	  0.9813
533.5000	  0.9811
533.0000	  0.9801
532.5000	  0.9808
532.0000	  0.9814
531.5000	  0.9812
531.0000	  0.9806
530.5000	  0.9822
530.0000	  0.9810
529.5000	  0.9809
529.0000	  0.9810
528.5000	  0.9805
528.0000	  0.9816
527.5000	  0.9836
527.0000	  0.9819
526.5000	  0.9822
526.0000	  0.9814
525.5000	  0.9822
525.0000	  0.9829
524.5000	  0.9810
524.0000	  0.9825
523.5000	  0.9822
523.0000	  0.9820
522.5000	  0.9819
522.0000	  0.9829
521.5000	  0.9822
521.0000	  0.9823
520.5000	  0.9823
520.0000	  0.9834
519.5000	  0.9824
519.0000	  0.9826
518.5000	  0.9822
518.0000	  0.9816
517.5000	  0.9817
517.0000	  0.9820
516.5000	  0.9824
516.0000	  0.9806
515.5000	  0.9813
515.0000	  0.9801
514.5000	  0.9806
514.0000	  0.9804
513.5000	  0.9807
513.0000	  0.9805
512.5000	  0.9809
512.0000	  0.9800
511.5000	  0.9810
511.0000	  0.9823
510.5000	  0.9809
510.0000	  0.9800
509.5000	  0.9794
509.0000	  0.9813
508.5000	  0.9815
508.0000	  0.9813
507.5000	  0.9825
507.0000	  0.9837
506.5000	  0.9834
506.0000	  0.9850
505.5000	  0.9860
505.0000	  0.9870
504.5000	  0.9881
504.0000	  0.9896
503.5000	  0.9895
503.0000	  0.9921
502.5000	  0.9935
502.0000	  0.9945
501.5000	  0.9981
501.0000	  0.9969
500.5000	  0.9990
500.0000	  1.0016
499.5000	  1.0031
499.0000	  1.0040
498.5000	  1.0050
498.0000	  1.0065
497.5000	  1.0077
497.0000	  1.0091
496.5000	  1.0088
496.0000	  1.0115
495.5000	  1.0108
495.0000	  1.0123
494.5000	  1.0135
494.0000	  1.0141
493.5000	  1.0148
493.0000	  1.0167
492.5000	  1.0149
492.0000	  1.0159
491.5000	  1.0171
491.0000	  1.0181
490.5000	  1.0190
490.0000	  1.0179
489.5000	  1.0192
489.0000	  1.0187
488.5000	  1.0200
488.0000	  1.0191
487.5000	  1.0203
487.0000	  1.0202
486.5000	  1.0197
486.0000	  1.0219
485.5000	  1.0219
485.0000	  1.0209
484.5000	  1.0220
484.0000	  1.0222
483.5000	  1.0231
483.0000	  1.0230
482.5000	  1.0240
482.0000	  1.0254
481.5000	  1.0260
481.0000	  1.0274
480.5000	  1.0260
480.0000	  1.0284
479.5000	  1.0286
479.0000	  1.0295
478.5000	  1.0311
478.0000	  1.0299
477.5000	  1.0310
477.0000	  1.0324
476.5000	  1.0324
476.0000	  1.0334
475.5000	  1.0346
475.0000	  1.0365
474.5000	  1.0366
474.0000	  1.0383
473.5000	  1.0392
473.0000	  1.0388
472.5000	  1.0411
472.0000	  1.0420
471.5000	  1.0424
471.0000	  1.0444
470.5000	  1.0451
470.0000	  1.0464
469.5000	  1.0482
469.0000	  1.0490
468.5000	  1.0490
468.0000	  1.0534
467.5000	  1.0516
467.0000	  1.0539
466.5000	  1.0560
466.0000	  1.0557
465.5000	  1.0595
465.0000	  1.0594
464.5000	  1.0593
464.0000	  1.0619
463.5000	  1.0638
463.0000	  1.0659
462.5000	  1.0679
462.0000	  1.0686
461.5000	  1.0709
461.0000	  1.0733
460.5000	  1.0719
460.0000	  1.0752
459.5000	  1.0762
459.0000	  1.0764
458.5000	  1.0799
458.0000	  1.0794
457.5000	  1.0792
457.0000	  1.0793
456.5000	  1.0790
456.0000	  1.0803
455.5000	  1.0821
455.0000	  1.0801
454.5000	  1.0793
454.0000	  1.0788
453.5000	  1.0790
453.0000	  1.0789
452.5000	  1.0749
452.0000	  1.0756
451.5000	  1.0728
451.0000	  1.0736
450.5000	  1.0705
450.0000	  1.0699
449.5000	  1.0668
449.0000	  1.0670
448.5000	  1.0647
448.0000	  1.0640
447.5000	  1.0640
447.0000	  1.0607
446.5000	  1.0599
446.0000	  1.0588
445.5000	  1.0578
445.0000	  1.0561
444.5000	  1.0560
444.0000	  1.0531
443.5000	  1.0541
443.0000	  1.0524
442.5000	  1.0505
442.0000	  1.0518
441.5000	  1.0522
441.0000	  1.0517
440.5000	  1.0508
440.0000	  1.0511
439.5000	  1.0512
439.0000	  1.0505
438.5000	  1.0496
438.0000	  1.0503
437.5000	  1.0496
437.0000	  1.0492
436.5000	  1.0511
436.0000	  1.0491
435.5000	  1.0483
435.0000	  1.0496
434.5000	  1.0488
434.0000	  1.0506
433.5000	  1.0478
433.0000	  1.0491
432.5000	  1.0493
432.0000	  1.0496
431.5000	  1.0484
431.0000	  1.0495
430.5000	  1.0507
430.0000	  1.0498
429.5000	  1.0497
429.0000	  1.0495
428.5000	  1.0494
428.0000	  1.0503
427.5000	  1.0507
427.0000	  1.0520
426.5000	  1.0509
426.0000	  1.0514
425.5000	  1.0532
425.0000	  1.0529
424.5000	  1.0525
424.0000	  1.0541
423.5000	  1.0556
423.0000	  1.0546
422.5000	  1.0557
422.0000	  1.0560
421.5000	  1.0588
421.0000	  1.0564
420.5000	  1.0578
420.0000	  1.0594
419.5000	  1.0611
419.0000	  1.0616
418.5000	  1.0624
418.0000	  1.0598
417.5000	  1.0595
417.0000	  1.0620
416.5000	  1.0631
416.0000	  1.0646
415.5000	  1.0626
415.0000	  1.0640
414.5000	  1.0646
414.0000	  1.0652
413.5000	  1.0672
413.0000	  1.0666
412.5000	  1.0664
412.0000	  1.0669
411.5000	  1.0669
411.0000	  1.0674
410.5000	  1.0684
410.0000	  1.0696
409.5000	  1.0691
409.0000	  1.0679
408.5000	  1.0703
408.0000	  1.0703
407.5000	  1.0704
407.0000	  1.0704
406.5000	  1.0716
406.0000	  1.0734
405.5000	  1.0723
405.0000	  1.0726
404.5000	  1.0718
404.0000	  1.0712
403.5000	  1.0757
403.0000	  1.0735
402.5000	  1.0729
402.0000	  1.0740
401.5000	  1.0755
401.0000	  1.0738
400.5000	  1.0746
400.0000	  1.0749
399.5000	  1.0739
399.0000	  1.0763
398.5000	  1.0765
398.0000	  1.0770
397.5000	  1.0755
397.0000	  1.0778
396.5000	  1.0791
396.0000	  1.0777
395.5000	  1.0804
395.0000	  1.0766
394.5000	  1.0808
394.0000	  1.0801
393.5000	  1.0804
393.0000	  1.0802
392.5000	  1.0834
392.0000	  1.0837
391.5000	  1.0851
391.0000	  1.0830
390.5000	  1.0852
390.0000	  1.0863
389.5000	  1.0883
389.0000	  1.0885
388.5000	  1.0912
388.0000	  1.0909
387.5000	  1.0924
387.0000	  1.0940
386.5000	  1.0975
386.0000	  1.0953
385.5000	  1.0984
385.0000	  1.0991
384.5000	  1.1013
384.0000	  1.0994
383.5000	  1.1013
383.0000	  1.1055
382.5000	  1.1042
382.0000	  1.1065
381.5000	  1.1058
381.0000	  1.1093
380.5000	  1.1089
380.0000	  1.1081
379.5000	  1.1064
379.0000	  1.1114
378.5000	  1.1137
378.0000	  1.1161
377.5000	  1.1119
377.0000	  1.1122
376.5000	  1.1163
376.0000	  1.1148
375.5000	  1.1146
375.0000	  1.1147
374.5000	  1.1189
374.0000	  1.1202
373.5000	  1.1191
373.0000	  1.1216
372.5000	  1.1207
372.0000	  1.1219
371.5000	  1.1223
371.0000	  1.1209
370.5000	  1.1221
370.0000	  1.1274
369.5000	  1.1238
369.0000	  1.1208
368.5000	  1.1243
368.0000	  1.1238
367.5000	  1.1231
367.0000	  1.1273
366.5000	  1.1274
366.0000	  1.1284
365.5000	  1.1307
365.0000	  1.1278
364.5000	  1.1338
364.0000	  1.1330
363.5000	  1.1295
363.0000	  1.1319
362.5000	  1.1360
362.0000	  1.1380
361.5000	  1.1362
361.0000	  1.1347
360.5000	  1.1376
360.0000	  1.1342
359.5000	  1.1408
359.0000	  1.1365
358.5000	  1.1384
358.0000	  1.1392
357.5000	  1.1397
357.0000	  1.1382
356.5000	  1.1422
356.0000	  1.1411
355.5000	  1.1435
355.0000	  1.1482
354.5000	  1.1473
354.0000	  1.1505
353.5000	  1.1482
353.0000	  1.1516
352.5000	  1.1510
352.0000	  1.1512
351.5000	  1.1543
351.0000	  1.1516
350.5000	  1.1534
350.0000	  1.1555
349.5000	  1.1527
349.0000	  1.1541
348.5000	  1.1571
348.0000	  1.1626
347.5000	  1.1549
347.0000	  1.1599
346.5000	  1.1673
346.0000	  1.1609
345.5000	  1.1632
345.0000	  1.1668
344.5000	  1.1644
344.0000	  1.1682
343.5000	  1.1650
343.0000	  1.1661
342.5000	  1.1689
342.0000	  1.1700
341.5000	  1.1719
341.0000	  1.1719
340.5000	  1.1701
340.0000	  1.1745
339.5000	  1.1765
339.0000	  1.1894
338.5000	  1.1825
338.0000	  1.1911
337.5000	  1.1916
337.0000	  1.1981
336.5000	  1.1942
336.0000	  1.1997
335.5000	  1.1990
335.0000	  1.1971
334.5000	  1.1965
334.0000	  1.1974
333.5000	  1.2011
333.0000	  1.1943
332.5000	  1.2031
332.0000	  1.2018
331.5000	  1.2067
331.0000	  1.2011
330.5000	  1.2023
330.0000	  1.2077
329.5000	  1.2113
329.0000	  1.2115
328.5000	  1.2097
328.0000	  1.2102
327.5000	  1.2059
327.0000	  1.2111
326.5000	  1.2170
326.0000	  1.2188
325.5000	  1.2179
325.0000	  1.2141
324.5000	  1.2238
324.0000	  1.2209
323.5000	  1.2227
323.0000	  1.2278
322.5000	  1.2258
322.0000	  1.2300
321.5000	  1.2300
321.0000	  1.2312
320.5000	  1.2298
320.0000	  1.2428
319.5000	  1.2363
319.0000	  1.2378
318.5000	  1.2389
318.0000	  1.2418
317.5000	  1.2374
317.0000	  1.2466
316.5000	  1.2503
316.0000	  1.2472
315.5000	  1.2531
315.0000	  1.2571
314.5000	  1.2502
314.0000	  1.2521
313.5000	  1.2533
313.0000	  1.2614
312.5000	  1.2579
312.0000	  1.2632
311.5000	  1.2782
311.0000	  1.2588
310.5000	  1.2596
310.0000	  1.2578
309.5000	  1.2634
309.0000	  1.2684
308.5000	  1.2733
308.0000	  1.2688
307.5000	  1.2705
307.0000	  1.2738
306.5000	  1.2690
306.0000	  1.2660
305.5000	  1.2768
305.0000	  1.2755
304.5000	  1.2773
304.0000	  1.2812
303.5000	  1.2806
303.0000	  1.2723
302.5000	  1.2773
302.0000	  1.2787
301.5000	  1.2816
301.0000	  1.2869
300.5000	  1.2827
300.0000	  1.2826
299.5000	  1.2764
299.0000	  1.2872
298.5000	  1.2858
298.0000	  1.2827
297.5000	  1.2930
297.0000	  1.2858
296.5000	  1.2924
296.0000	  1.2855
295.5000	  1.2896
295.0000	  1.2950
294.5000	  1.3036
294.0000	  1.3023
293.5000	  1.3000
293.0000	  1.2983
292.5000	  1.3046
292.0000	  1.3026
291.5000	  1.2983
291.0000	  1.3152
290.5000	  1.3131
290.0000	  1.3099
289.5000	  1.3149
289.0000	  1.3210
288.5000	  1.3155
288.0000	  1.3256
287.5000	  1.3246
287.0000	  1.3284
286.5000	  1.3282
286.0000	  1.3332
285.5000	  1.3368
285.0000	  1.3416
284.5000	  1.3488
284.0000	  1.3426
283.5000	  1.3511
283.0000	  1.3547
282.5000	  1.3597
282.0000	  1.3573
281.5000	  1.3498
281.0000	  1.3559
280.5000	  1.3578
280.0000	  1.3712
279.5000	  1.3713
279.0000	  1.3731
278.5000	  1.3693
278.0000	  1.3679
277.5000	  1.3851
277.0000	  1.3895
276.5000	  1.3886
276.0000	  1.3977
275.5000	  1.3904
275.0000	  1.3964
274.5000	  1.4094
274.0000	  1.4014
273.5000	  1.4064
273.0000	  1.4056
272.5000	  1.4092
272.0000	  1.4201
271.5000	  1.4299
271.0000	  1.4244
270.5000	  1.4271
270.0000	  1.4359
269.5000	  1.4371
269.0000	  1.4489
268.5000	  1.4469
268.0000	  1.4491
267.5000	  1.4505
267.0000	  1.4609
266.5000	  1.4479
266.0000	  1.4657
265.5000	  1.4655
265.0000	  1.4748
264.5000	  1.4788
264.0000	  1.4688
263.5000	  1.4841
263.0000	  1.4848
262.5000	  1.4812
262.0000	  1.4908
261.5000	  1.4979
261.0000	  1.4967
260.5000	  1.5053
260.0000	  1.5130
259.5000	  1.5108
259.0000	  1.5095
258.5000	  1.5295
258.0000	  1.5280
257.5000	  1.5391
257.0000	  1.5400
256.5000	  1.5499
256.0000	  1.5444
255.5000	  1.5518
255.0000	  1.5464
254.5000	  1.5649
254.0000	  1.5704
253.5000	  1.5670
253.0000	  1.5940
252.5000	  1.5868
252.0000	  1.5908
251.5000	  1.5963
251.0000	  1.5807
250.5000	  1.5959
250.0000	  1.6110
249.5000	  1.6066
249.0000	  1.6014
248.5000	  1.6223
248.0000	  1.6103
247.5000	  1.6468
247.0000	  1.6365
246.5000	  1.6486
246.0000	  1.6603
245.5000	  1.6660
245.0000	  1.6576
244.5000	  1.6675
244.0000	  1.6842
243.5000	  1.6866
243.0000	  1.6865
242.5000	  1.6943
242.0000	  1.6970
241.5000	  1.7111
241.0000	  1.7182
240.5000	  1.7359
240.0000	  1.7362
239.5000	  1.7503
239.0000	  1.7460
238.5000	  1.7603
238.0000	  1.7633
237.5000	  1.7773
237.0000	  1.7804
236.5000	  1.8226
236.0000	  1.7963
235.5000	  1.8204
235.0000	  1.8316
234.5000	  1.8141
234.0000	  1.8527
233.5000	  1.8576
233.0000	  1.8873
232.5000	  1.8630
232.0000	  1.8933
231.5000	  1.8985
231.0000	  1.8913
230.5000	  1.9229
230.0000	  1.9418
229.5000	  1.9314
229.0000	  1.9531
228.5000	  1.9519
228.0000	  1.9536
227.5000	  1.9382
227.0000	  1.9721
226.5000	  2.0228
226.0000	  2.0111
225.5000	  2.0252
225.0000	  2.0214
224.5000	  2.0458
224.0000	  2.0214
223.5000	  2.0657
223.0000	  2.0618
222.5000	  2.1152
222.0000	  2.0704
221.5000	  2.0889
221.0000	  2.1329
220.5000	  2.1416
220.0000	  2.1355
219.5000	  2.1631
219.0000	  2.1793
218.5000	  2.1558
218.0000	  2.2150
217.5000	  2.1740
217.0000	  2.1988
216.5000	  2.2222
216.0000	  2.2580
215.5000	  2.2729
215.0000	  2.2780
214.5000	  2.3365
214.0000	  2.2958
213.5000	  2.3590
213.0000	  2.3537
212.5000	  2.3100
212.0000	  2.3970
211.5000	  2.3965
211.0000	  2.4427
210.5000	  2.3925
210.0000	  2.4073
209.5000	  2.4472
209.0000	  2.5163
208.5000	  2.4517
208.0000	  2.4912
207.5000	  2.6145
207.0000	  2.5153
206.5000	  2.5493
206.0000	  2.5520
205.5000	  2.6507
205.0000	  2.5120
204.5000	  2.7298
204.0000	  2.5186
203.5000	  2.7070
203.0000	  2.8311
202.5000	  2.8294
202.0000	  2.7694
201.5000	  2.7502
201.0000	  2.9166
200.5000	  3.0383
200.0000	  2.6977
