03/06/2024 11.51.26
03/06/2024 12.00.25

800.0000	  5.9600

800.0000	  5.9600

900.0000	  4.7100



  1.0000
900.0000
  3.0000
340.0000
  1.0000
1401.0000
  5.0000
  6.0000
  1.0000
  1.0000
  0.0000
  0.0000
100.0000
  0.0000
  1.0000
  0.0000
500.0000
900.0000
200.0000
  4.0000
  1.0000
 18.0000
  2.0000
  1.0000
255.0000
  0.8192
  1.0000
 30.0000
  4.0000
500.0000
  0.0000
  0.0000
  4.0000
900.0000
200.0000
  0.0000
100.0000
  0.0000
  1.0000
  0.0000
500.0000
  1.0000
  1.0000
  1.0000
  1.0000
  4.0000
  0.0000
  1.0000
  1.0000
  1.0000
  1.0000
  1.0000
  2.0000
  1.0000
  1.0000
  1.0000
  3.0000
  1.0000
  1.0000
  1.0000
  4.0000
  5.0000
539.793
0.000

Lambda:	800
Abs:		-0.0002
ID:			15
Run:		3
Temp:		500
#

900.0000	  0.0487
899.5000	  0.0491
899.0000	  0.0472
898.5000	  0.0423
898.0000	  0.0488
897.5000	  0.0468
897.0000	  0.0424
896.5000	  0.0455
896.0000	  0.0503
895.5000	  0.0454
895.0000	  0.0455
894.5000	  0.0469
894.0000	  0.0490
893.5000	  0.0472
893.0000	  0.0454
892.5000	  0.0485
892.0000	  0.0548
891.5000	  0.0477
891.0000	  0.0467
890.5000	  0.0482
890.0000	  0.0506
889.5000	  0.0508
889.0000	  0.0526
888.5000	  0.0481
888.0000	  0.0495
887.5000	  0.0475
887.0000	  0.0482
886.5000	  0.0476
886.0000	  0.0494
885.5000	  0.0468
885.0000	  0.0505
884.5000	  0.0452
884.0000	  0.0497
883.5000	  0.0490
883.0000	  0.0484
882.5000	  0.0488
882.0000	  0.0478
881.5000	  0.0515
881.0000	  0.0476
880.5000	  0.0490
880.0000	  0.0506
879.5000	  0.0497
879.0000	  0.0455
878.5000	  0.0499
878.0000	  0.0499
877.5000	  0.0478
877.0000	  0.0490
876.5000	  0.0500
876.0000	  0.0498
875.5000	  0.0486
875.0000	  0.0479
874.5000	  0.0494
874.0000	  0.0496
873.5000	  0.0486
873.0000	  0.0499
872.5000	  0.0495
872.0000	  0.0499
871.5000	  0.0494
871.0000	  0.0490
870.5000	  0.0498
870.0000	  0.0514
869.5000	  0.0497
869.0000	  0.0494
868.5000	  0.0504
868.0000	  0.0494
867.5000	  0.0495
867.0000	  0.0515
866.5000	  0.0507
866.0000	  0.0496
865.5000	  0.0494
865.0000	  0.0496
864.5000	  0.0514
864.0000	  0.0503
863.5000	  0.0502
863.0000	  0.0514
862.5000	  0.0511
862.0000	  0.0504
861.5000	  0.0508
861.0000	  0.0518
860.5000	  0.0515
860.0000	  0.0517
859.5000	  0.0517
859.0000	  0.0503
858.5000	  0.0521
858.0000	  0.0510
857.5000	  0.0523
857.0000	  0.0518
856.5000	  0.0526
856.0000	  0.0521
855.5000	  0.0522
855.0000	  0.0519
854.5000	  0.0523
854.0000	  0.0524
853.5000	  0.0521
853.0000	  0.0530
852.5000	  0.0523
852.0000	  0.0530
851.5000	  0.0524
851.0000	  0.0533
850.5000	  0.0532
850.0000	  0.0529
849.5000	  0.0531
849.0000	  0.0532
848.5000	  0.0531
848.0000	  0.0535
847.5000	  0.0537
847.0000	  0.0531
846.5000	  0.0534
846.0000	  0.0532
845.5000	  0.0538
845.0000	  0.0540
844.5000	  0.0534
844.0000	  0.0534
843.5000	  0.0538
843.0000	  0.0537
842.5000	  0.0541
842.0000	  0.0535
841.5000	  0.0540
841.0000	  0.0542
840.5000	  0.0540
840.0000	  0.0544
839.5000	  0.0538
839.0000	  0.0543
838.5000	  0.0540
838.0000	  0.0542
837.5000	  0.0544
837.0000	  0.0541
836.5000	  0.0546
836.0000	  0.0544
835.5000	  0.0546
835.0000	  0.0546
834.5000	  0.0548
834.0000	  0.0550
833.5000	  0.0547
833.0000	  0.0549
832.5000	  0.0546
832.0000	  0.0550
831.5000	  0.0549
831.0000	  0.0550
830.5000	  0.0550
830.0000	  0.0553
829.5000	  0.0547
829.0000	  0.0552
828.5000	  0.0557
828.0000	  0.0551
827.5000	  0.0555
827.0000	  0.0552
826.5000	  0.0553
826.0000	  0.0556
825.5000	  0.0557
825.0000	  0.0556
824.5000	  0.0559
824.0000	  0.0556
823.5000	  0.0555
823.0000	  0.0559
822.5000	  0.0559
822.0000	  0.0561
821.5000	  0.0562
821.0000	  0.0563
820.5000	  0.0563
820.0000	  0.0565
819.5000	  0.0562
819.0000	  0.0565
818.5000	  0.0568
818.0000	  0.0564
817.5000	  0.0566
817.0000	  0.0570
816.5000	  0.0570
816.0000	  0.0565
815.5000	  0.0570
815.0000	  0.0571
814.5000	  0.0569
814.0000	  0.0575
813.5000	  0.0570
813.0000	  0.0573
812.5000	  0.0573
812.0000	  0.0574
811.5000	  0.0574
811.0000	  0.0580
810.5000	  0.0577
810.0000	  0.0580
809.5000	  0.0578
809.0000	  0.0578
808.5000	  0.0581
808.0000	  0.0580
807.5000	  0.0582
807.0000	  0.0584
806.5000	  0.0584
806.0000	  0.0585
805.5000	  0.0587
805.0000	  0.0584
804.5000	  0.0587
804.0000	  0.0587
803.5000	  0.0588
803.0000	  0.0588
802.5000	  0.0592
802.0000	  0.0592
801.5000	  0.0594
801.0000	  0.0594
800.5000	  0.0595
800.0000	  0.0594
799.5000	  0.0595
799.0000	  0.0595
798.5000	  0.0598
798.0000	  0.0597
797.5000	  0.0600
797.0000	  0.0598
796.5000	  0.0602
796.0000	  0.0604
795.5000	  0.0602
795.0000	  0.0604
794.5000	  0.0605
794.0000	  0.0607
793.5000	  0.0608
793.0000	  0.0607
792.5000	  0.0608
792.0000	  0.0610
791.5000	  0.0609
791.0000	  0.0613
790.5000	  0.0615
790.0000	  0.0614
789.5000	  0.0614
789.0000	  0.0614
788.5000	  0.0619
788.0000	  0.0617
787.5000	  0.0620
787.0000	  0.0621
786.5000	  0.0622
786.0000	  0.0620
785.5000	  0.0622
785.0000	  0.0623
784.5000	  0.0626
784.0000	  0.0623
783.5000	  0.0625
783.0000	  0.0628
782.5000	  0.0629
782.0000	  0.0631
781.5000	  0.0631
781.0000	  0.0632
780.5000	  0.0634
780.0000	  0.0634
779.5000	  0.0635
779.0000	  0.0636
778.5000	  0.0636
778.0000	  0.0636
777.5000	  0.0638
777.0000	  0.0640
776.5000	  0.0643
776.0000	  0.0641
775.5000	  0.0644
775.0000	  0.0644
774.5000	  0.0645
774.0000	  0.0646
773.5000	  0.0652
773.0000	  0.0648
772.5000	  0.0650
772.0000	  0.0653
771.5000	  0.0649
771.0000	  0.0656
770.5000	  0.0655
770.0000	  0.0655
769.5000	  0.0659
769.0000	  0.0657
768.5000	  0.0659
768.0000	  0.0663
767.5000	  0.0659
767.0000	  0.0663
766.5000	  0.0661
766.0000	  0.0665
765.5000	  0.0666
765.0000	  0.0668
764.5000	  0.0669
764.0000	  0.0666
763.5000	  0.0674
763.0000	  0.0674
762.5000	  0.0673
762.0000	  0.0676
761.5000	  0.0676
761.0000	  0.0677
760.5000	  0.0682
760.0000	  0.0680
759.5000	  0.0681
759.0000	  0.0684
758.5000	  0.0683
758.0000	  0.0686
757.5000	  0.0686
757.0000	  0.0690
756.5000	  0.0689
756.0000	  0.0692
755.5000	  0.0692
755.0000	  0.0694
754.5000	  0.0693
754.0000	  0.0697
753.5000	  0.0697
753.0000	  0.0700
752.5000	  0.0699
752.0000	  0.0701
751.5000	  0.0701
751.0000	  0.0703
750.5000	  0.0703
750.0000	  0.0709
749.5000	  0.0709
749.0000	  0.0712
748.5000	  0.0713
748.0000	  0.0712
747.5000	  0.0712
747.0000	  0.0718
746.5000	  0.0716
746.0000	  0.0717
745.5000	  0.0719
745.0000	  0.0722
744.5000	  0.0723
744.0000	  0.0724
743.5000	  0.0725
743.0000	  0.0728
742.5000	  0.0731
742.0000	  0.0730
741.5000	  0.0731
741.0000	  0.0735
740.5000	  0.0736
740.0000	  0.0738
739.5000	  0.0739
739.0000	  0.0741
738.5000	  0.0743
738.0000	  0.0742
737.5000	  0.0742
737.0000	  0.0745
736.5000	  0.0749
736.0000	  0.0750
735.5000	  0.0750
735.0000	  0.0756
734.5000	  0.0755
734.0000	  0.0756
733.5000	  0.0758
733.0000	  0.0759
732.5000	  0.0763
732.0000	  0.0765
731.5000	  0.0768
731.0000	  0.0767
730.5000	  0.0771
730.0000	  0.0775
729.5000	  0.0773
729.0000	  0.0780
728.5000	  0.0782
728.0000	  0.0784
727.5000	  0.0785
727.0000	  0.0791
726.5000	  0.0792
726.0000	  0.0794
725.5000	  0.0798
725.0000	  0.0803
724.5000	  0.0807
724.0000	  0.0811
723.5000	  0.0813
723.0000	  0.0818
722.5000	  0.0819
722.0000	  0.0825
721.5000	  0.0829
721.0000	  0.0835
720.5000	  0.0836
720.0000	  0.0841
719.5000	  0.0843
719.0000	  0.0848
718.5000	  0.0854
718.0000	  0.0852
717.5000	  0.0857
717.0000	  0.0862
716.5000	  0.0861
716.0000	  0.0859
715.5000	  0.0862
715.0000	  0.0854
714.5000	  0.0859
714.0000	  0.0858
713.5000	  0.0857
713.0000	  0.0854
712.5000	  0.0853
712.0000	  0.0853
711.5000	  0.0854
711.0000	  0.0852
710.5000	  0.0851
710.0000	  0.0851
709.5000	  0.0851
709.0000	  0.0851
708.5000	  0.0852
708.0000	  0.0854
707.5000	  0.0855
707.0000	  0.0855
706.5000	  0.0856
706.0000	  0.0860
705.5000	  0.0860
705.0000	  0.0864
704.5000	  0.0863
704.0000	  0.0868
703.5000	  0.0870
703.0000	  0.0869
702.5000	  0.0874
702.0000	  0.0876
701.5000	  0.0877
701.0000	  0.0881
700.5000	  0.0881
700.0000	  0.0884
699.5000	  0.0884
699.0000	  0.0887
698.5000	  0.0890
698.0000	  0.0892
697.5000	  0.0895
697.0000	  0.0895
696.5000	  0.0900
696.0000	  0.0900
695.5000	  0.0905
695.0000	  0.0908
694.5000	  0.0907
694.0000	  0.0911
693.5000	  0.0914
693.0000	  0.0914
692.5000	  0.0920
692.0000	  0.0919
691.5000	  0.0922
691.0000	  0.0925
690.5000	  0.0926
690.0000	  0.0928
689.5000	  0.0932
689.0000	  0.0933
688.5000	  0.0938
688.0000	  0.0939
687.5000	  0.0939
687.0000	  0.0944
686.5000	  0.0947
686.0000	  0.0946
685.5000	  0.0953
685.0000	  0.0955
684.5000	  0.0959
684.0000	  0.0959
683.5000	  0.0963
683.0000	  0.0964
682.5000	  0.0968
682.0000	  0.0968
681.5000	  0.0974
681.0000	  0.0975
680.5000	  0.0978
680.0000	  0.0982
679.5000	  0.0983
679.0000	  0.0985
678.5000	  0.0990
678.0000	  0.0992
677.5000	  0.0996
677.0000	  0.0998
676.5000	  0.1001
676.0000	  0.1001
675.5000	  0.1007
675.0000	  0.1008
674.5000	  0.1013
674.0000	  0.1014
673.5000	  0.1018
673.0000	  0.1021
672.5000	  0.1023
672.0000	  0.1025
671.5000	  0.1030
671.0000	  0.1033
670.5000	  0.1036
670.0000	  0.1037
669.5000	  0.1039
669.0000	  0.1043
668.5000	  0.1046
668.0000	  0.1048
667.5000	  0.1051
667.0000	  0.1053
666.5000	  0.1058
666.0000	  0.1064
665.5000	  0.1065
665.0000	  0.1069
664.5000	  0.1071
664.0000	  0.1076
663.5000	  0.1075
663.0000	  0.1082
662.5000	  0.1083
662.0000	  0.1084
661.5000	  0.1089
661.0000	  0.1095
660.5000	  0.1095
660.0000	  0.1100
659.5000	  0.1102
659.0000	  0.1104
658.5000	  0.1107
658.0000	  0.1110
657.5000	  0.1116
657.0000	  0.1120
656.5000	  0.1121
656.0000	  0.1123
655.5000	  0.1128
655.0000	  0.1129
654.5000	  0.1132
654.0000	  0.1136
653.5000	  0.1140
653.0000	  0.1142
652.5000	  0.1145
652.0000	  0.1148
651.5000	  0.1153
651.0000	  0.1158
650.5000	  0.1162
650.0000	  0.1164
649.5000	  0.1168
649.0000	  0.1172
648.5000	  0.1176
648.0000	  0.1177
647.5000	  0.1182
647.0000	  0.1185
646.5000	  0.1188
646.0000	  0.1193
645.5000	  0.1198
645.0000	  0.1199
644.5000	  0.1203
644.0000	  0.1209
643.5000	  0.1209
643.0000	  0.1214
642.5000	  0.1219
642.0000	  0.1220
641.5000	  0.1224
641.0000	  0.1230
640.5000	  0.1230
640.0000	  0.1234
639.5000	  0.1237
639.0000	  0.1243
638.5000	  0.1246
638.0000	  0.1250
637.5000	  0.1253
637.0000	  0.1259
636.5000	  0.1261
636.0000	  0.1263
635.5000	  0.1269
635.0000	  0.1272
634.5000	  0.1275
634.0000	  0.1282
633.5000	  0.1281
633.0000	  0.1287
632.5000	  0.1291
632.0000	  0.1297
631.5000	  0.1299
631.0000	  0.1305
630.5000	  0.1310
630.0000	  0.1315
629.5000	  0.1321
629.0000	  0.1327
628.5000	  0.1335
628.0000	  0.1339
627.5000	  0.1344
627.0000	  0.1353
626.5000	  0.1360
626.0000	  0.1367
625.5000	  0.1376
625.0000	  0.1381
624.5000	  0.1385
624.0000	  0.1395
623.5000	  0.1403
623.0000	  0.1411
622.5000	  0.1417
622.0000	  0.1423
621.5000	  0.1430
621.0000	  0.1438
620.5000	  0.1445
620.0000	  0.1448
619.5000	  0.1457
619.0000	  0.1461
618.5000	  0.1465
618.0000	  0.1474
617.5000	  0.1475
617.0000	  0.1480
616.5000	  0.1492
616.0000	  0.1491
615.5000	  0.1495
615.0000	  0.1501
614.5000	  0.1507
614.0000	  0.1510
613.5000	  0.1518
613.0000	  0.1520
612.5000	  0.1529
612.0000	  0.1535
611.5000	  0.1540
611.0000	  0.1546
610.5000	  0.1550
610.0000	  0.1554
609.5000	  0.1561
609.0000	  0.1567
608.5000	  0.1574
608.0000	  0.1580
607.5000	  0.1587
607.0000	  0.1591
606.5000	  0.1596
606.0000	  0.1605
605.5000	  0.1605
605.0000	  0.1614
604.5000	  0.1624
604.0000	  0.1626
603.5000	  0.1636
603.0000	  0.1642
602.5000	  0.1647
602.0000	  0.1655
601.5000	  0.1661
601.0000	  0.1665
600.5000	  0.1674
600.0000	  0.1679
599.5000	  0.1685
599.0000	  0.1696
598.5000	  0.1702
598.0000	  0.1704
597.5000	  0.1715
597.0000	  0.1725
596.5000	  0.1725
596.0000	  0.1736
595.5000	  0.1742
595.0000	  0.1749
594.5000	  0.1755
594.0000	  0.1765
593.5000	  0.1770
593.0000	  0.1780
592.5000	  0.1786
592.0000	  0.1791
591.5000	  0.1800
591.0000	  0.1810
590.5000	  0.1817
590.0000	  0.1823
589.5000	  0.1828
589.0000	  0.1836
588.5000	  0.1846
588.0000	  0.1849
587.5000	  0.1859
587.0000	  0.1868
586.5000	  0.1871
586.0000	  0.1883
585.5000	  0.1891
585.0000	  0.1897
584.5000	  0.1903
584.0000	  0.1914
583.5000	  0.1919
583.0000	  0.1926
582.5000	  0.1935
582.0000	  0.1944
581.5000	  0.1950
581.0000	  0.1958
580.5000	  0.1965
580.0000	  0.1971
579.5000	  0.1982
579.0000	  0.1992
578.5000	  0.2003
578.0000	  0.2010
577.5000	  0.2013
577.0000	  0.2026
576.5000	  0.2035
576.0000	  0.2042
575.5000	  0.2051
575.0000	  0.2059
574.5000	  0.2067
574.0000	  0.2078
573.5000	  0.2087
573.0000	  0.2093
572.5000	  0.2102
572.0000	  0.2114
571.5000	  0.2123
571.0000	  0.2129
570.5000	  0.2138
570.0000	  0.2152
569.5000	  0.2161
569.0000	  0.2162
568.5000	  0.2176
568.0000	  0.2187
567.5000	  0.2196
567.0000	  0.2202
566.5000	  0.2217
566.0000	  0.2221
565.5000	  0.2235
565.0000	  0.2243
564.5000	  0.2253
564.0000	  0.2266
563.5000	  0.2275
563.0000	  0.2283
562.5000	  0.2295
562.0000	  0.2308
561.5000	  0.2313
561.0000	  0.2325
560.5000	  0.2329
560.0000	  0.2344
559.5000	  0.2359
559.0000	  0.2366
558.5000	  0.2379
558.0000	  0.2387
557.5000	  0.2401
557.0000	  0.2407
556.5000	  0.2418
556.0000	  0.2431
555.5000	  0.2439
555.0000	  0.2453
554.5000	  0.2462
554.0000	  0.2469
553.5000	  0.2484
553.0000	  0.2496
552.5000	  0.2500
552.0000	  0.2517
551.5000	  0.2521
551.0000	  0.2539
550.5000	  0.2551
550.0000	  0.2561
549.5000	  0.2571
549.0000	  0.2587
548.5000	  0.2593
548.0000	  0.2604
547.5000	  0.2618
547.0000	  0.2631
546.5000	  0.2640
546.0000	  0.2651
545.5000	  0.2658
545.0000	  0.2673
544.5000	  0.2685
544.0000	  0.2694
543.5000	  0.2707
543.0000	  0.2719
542.5000	  0.2727
542.0000	  0.2740
541.5000	  0.2752
541.0000	  0.2762
540.5000	  0.2776
540.0000	  0.2785
539.5000	  0.2796
539.0000	  0.2808
538.5000	  0.2819
538.0000	  0.2825
537.5000	  0.2842
537.0000	  0.2851
536.5000	  0.2862
536.0000	  0.2874
535.5000	  0.2888
535.0000	  0.2897
534.5000	  0.2911
534.0000	  0.2926
533.5000	  0.2930
533.0000	  0.2944
532.5000	  0.2958
532.0000	  0.2964
531.5000	  0.2983
531.0000	  0.2989
530.5000	  0.3004
530.0000	  0.3017
529.5000	  0.3028
529.0000	  0.3040
528.5000	  0.3047
528.0000	  0.3059
527.5000	  0.3071
527.0000	  0.3085
526.5000	  0.3096
526.0000	  0.3104
525.5000	  0.3117
525.0000	  0.3125
524.5000	  0.3137
524.0000	  0.3149
523.5000	  0.3158
523.0000	  0.3171
522.5000	  0.3182
522.0000	  0.3189
521.5000	  0.3203
521.0000	  0.3212
520.5000	  0.3220
520.0000	  0.3235
519.5000	  0.3242
519.0000	  0.3246
518.5000	  0.3262
518.0000	  0.3267
517.5000	  0.3279
517.0000	  0.3292
516.5000	  0.3291
516.0000	  0.3299
515.5000	  0.3311
515.0000	  0.3316
514.5000	  0.3325
514.0000	  0.3335
513.5000	  0.3337
513.0000	  0.3345
512.5000	  0.3353
512.0000	  0.3357
511.5000	  0.3370
511.0000	  0.3368
510.5000	  0.3371
510.0000	  0.3379
509.5000	  0.3387
509.0000	  0.3387
508.5000	  0.3399
508.0000	  0.3400
507.5000	  0.3405
507.0000	  0.3411
506.5000	  0.3417
506.0000	  0.3419
505.5000	  0.3427
505.0000	  0.3428
504.5000	  0.3433
504.0000	  0.3440
503.5000	  0.3438
503.0000	  0.3444
502.5000	  0.3447
502.0000	  0.3449
501.5000	  0.3452
501.0000	  0.3452
500.5000	  0.3451
500.0000	  0.3455
499.5000	  0.3454
499.0000	  0.3449
498.5000	  0.3452
498.0000	  0.3451
497.5000	  0.3440
497.0000	  0.3442
496.5000	  0.3439
496.0000	  0.3428
495.5000	  0.3429
495.0000	  0.3415
494.5000	  0.3413
494.0000	  0.3413
493.5000	  0.3398
493.0000	  0.3392
492.5000	  0.3387
492.0000	  0.3373
491.5000	  0.3362
491.0000	  0.3353
490.5000	  0.3337
490.0000	  0.3328
489.5000	  0.3315
489.0000	  0.3296
488.5000	  0.3293
488.0000	  0.3276
487.5000	  0.3263
487.0000	  0.3249
486.5000	  0.3233
486.0000	  0.3218
485.5000	  0.3218
485.0000	  0.3191
484.5000	  0.3178
484.0000	  0.3160
483.5000	  0.3153
483.0000	  0.3137
482.5000	  0.3127
482.0000	  0.3111
481.5000	  0.3098
481.0000	  0.3082
480.5000	  0.3067
480.0000	  0.3055
479.5000	  0.3039
479.0000	  0.3026
478.5000	  0.3012
478.0000	  0.3003
477.5000	  0.2992
477.0000	  0.2982
476.5000	  0.2965
476.0000	  0.2949
475.5000	  0.2941
475.0000	  0.2929
474.5000	  0.2915
474.0000	  0.2904
473.5000	  0.2890
473.0000	  0.2885
472.5000	  0.2873
472.0000	  0.2865
471.5000	  0.2851
471.0000	  0.2843
470.5000	  0.2825
470.0000	  0.2821
469.5000	  0.2811
469.0000	  0.2799
468.5000	  0.2799
468.0000	  0.2781
467.5000	  0.2776
467.0000	  0.2764
466.5000	  0.2758
466.0000	  0.2757
465.5000	  0.2743
465.0000	  0.2731
464.5000	  0.2734
464.0000	  0.2722
463.5000	  0.2712
463.0000	  0.2711
462.5000	  0.2699
462.0000	  0.2691
461.5000	  0.2687
461.0000	  0.2680
460.5000	  0.2665
460.0000	  0.2664
459.5000	  0.2652
459.0000	  0.2651
458.5000	  0.2641
458.0000	  0.2632
457.5000	  0.2620
457.0000	  0.2615
456.5000	  0.2604
456.0000	  0.2595
455.5000	  0.2594
455.0000	  0.2576
454.5000	  0.2565
454.0000	  0.2559
453.5000	  0.2535
453.0000	  0.2533
452.5000	  0.2520
452.0000	  0.2509
451.5000	  0.2493
451.0000	  0.2482
450.5000	  0.2474
450.0000	  0.2463
449.5000	  0.2447
449.0000	  0.2437
448.5000	  0.2428
448.0000	  0.2408
447.5000	  0.2403
447.0000	  0.2393
446.5000	  0.2378
446.0000	  0.2374
445.5000	  0.2350
445.0000	  0.2348
444.5000	  0.2341
444.0000	  0.2324
443.5000	  0.2321
443.0000	  0.2311
442.5000	  0.2296
442.0000	  0.2294
441.5000	  0.2283
441.0000	  0.2279
440.5000	  0.2277
440.0000	  0.2265
439.5000	  0.2255
439.0000	  0.2251
438.5000	  0.2243
438.0000	  0.2235
437.5000	  0.2234
437.0000	  0.2219
436.5000	  0.2213
436.0000	  0.2208
435.5000	  0.2202
435.0000	  0.2198
434.5000	  0.2194
434.0000	  0.2184
433.5000	  0.2178
433.0000	  0.2179
432.5000	  0.2169
432.0000	  0.2163
431.5000	  0.2158
431.0000	  0.2154
430.5000	  0.2153
430.0000	  0.2144
429.5000	  0.2138
429.0000	  0.2138
428.5000	  0.2134
428.0000	  0.2128
427.5000	  0.2126
427.0000	  0.2116
426.5000	  0.2120
426.0000	  0.2110
425.5000	  0.2106
425.0000	  0.2104
424.5000	  0.2101
424.0000	  0.2097
423.5000	  0.2095
423.0000	  0.2086
422.5000	  0.2083
422.0000	  0.2086
421.5000	  0.2084
421.0000	  0.2071
420.5000	  0.2075
420.0000	  0.2068
419.5000	  0.2067
419.0000	  0.2067
418.5000	  0.2062
418.0000	  0.2059
417.5000	  0.2058
417.0000	  0.2046
416.5000	  0.2044
416.0000	  0.2044
415.5000	  0.2038
415.0000	  0.2036
414.5000	  0.2033
414.0000	  0.2032
413.5000	  0.2032
413.0000	  0.2023
412.5000	  0.2028
412.0000	  0.2012
411.5000	  0.2011
411.0000	  0.2011
410.5000	  0.2013
410.0000	  0.2007
409.5000	  0.2005
409.0000	  0.1997
408.5000	  0.1996
408.0000	  0.1996
407.5000	  0.1991
407.0000	  0.1988
406.5000	  0.1990
406.0000	  0.1988
405.5000	  0.1979
405.0000	  0.1983
404.5000	  0.1975
404.0000	  0.1968
403.5000	  0.1976
403.0000	  0.1962
402.5000	  0.1964
402.0000	  0.1964
401.5000	  0.1959
401.0000	  0.1962
400.5000	  0.1958
400.0000	  0.1953
399.5000	  0.1951
399.0000	  0.1946
398.5000	  0.1949
398.0000	  0.1943
397.5000	  0.1938
397.0000	  0.1943
396.5000	  0.1943
396.0000	  0.1937
395.5000	  0.1937
395.0000	  0.1933
394.5000	  0.1926
394.0000	  0.1930
393.5000	  0.1927
393.0000	  0.1924
392.5000	  0.1923
392.0000	  0.1931
391.5000	  0.1920
391.0000	  0.1923
390.5000	  0.1922
390.0000	  0.1916
389.5000	  0.1920
389.0000	  0.1920
388.5000	  0.1921
388.0000	  0.1921
387.5000	  0.1920
387.0000	  0.1921
386.5000	  0.1919
386.0000	  0.1916
385.5000	  0.1921
385.0000	  0.1928
384.5000	  0.1922
384.0000	  0.1924
383.5000	  0.1916
383.0000	  0.1923
382.5000	  0.1920
382.0000	  0.1913
381.5000	  0.1930
381.0000	  0.1920
380.5000	  0.1921
380.0000	  0.1922
379.5000	  0.1926
379.0000	  0.1913
378.5000	  0.1918
378.0000	  0.1917
377.5000	  0.1922
377.0000	  0.1924
376.5000	  0.1921
376.0000	  0.1916
375.5000	  0.1927
375.0000	  0.1918
374.5000	  0.1915
374.0000	  0.1919
373.5000	  0.1921
373.0000	  0.1920
372.5000	  0.1915
372.0000	  0.1920
371.5000	  0.1917
371.0000	  0.1916
370.5000	  0.1919
370.0000	  0.1925
369.5000	  0.1921
369.0000	  0.1912
368.5000	  0.1915
368.0000	  0.1923
367.5000	  0.1918
367.0000	  0.1911
366.5000	  0.1922
366.0000	  0.1921
365.5000	  0.1920
365.0000	  0.1911
364.5000	  0.1921
364.0000	  0.1923
363.5000	  0.1921
363.0000	  0.1922
362.5000	  0.1917
362.0000	  0.1918
361.5000	  0.1922
361.0000	  0.1910
360.5000	  0.1925
360.0000	  0.1916
359.5000	  0.1916
359.0000	  0.1904
358.5000	  0.1913
358.0000	  0.1914
357.5000	  0.1906
357.0000	  0.1919
356.5000	  0.1909
356.0000	  0.1910
355.5000	  0.1904
355.0000	  0.1908
354.5000	  0.1893
354.0000	  0.1911
353.5000	  0.1888
353.0000	  0.1903
352.5000	  0.1897
352.0000	  0.1890
351.5000	  0.1876
351.0000	  0.1888
350.5000	  0.1885
350.0000	  0.1875
349.5000	  0.1870
349.0000	  0.1880
348.5000	  0.1865
348.0000	  0.1859
347.5000	  0.1848
347.0000	  0.1855
346.5000	  0.1842
346.0000	  0.1829
345.5000	  0.1852
345.0000	  0.1822
344.5000	  0.1821
344.0000	  0.1819
343.5000	  0.1803
343.0000	  0.1808
342.5000	  0.1803
342.0000	  0.1814
341.5000	  0.1792
341.0000	  0.1780
340.5000	  0.1774
340.0000	  0.1786
339.5000	  0.1775
339.0000	  0.1775
338.5000	  0.1768
338.0000	  0.1747
337.5000	  0.1784
337.0000	  0.1751
336.5000	  0.1763
336.0000	  0.1718
335.5000	  0.1745
335.0000	  0.1729
334.5000	  0.1738
334.0000	  0.1723
333.5000	  0.1719
333.0000	  0.1729
332.5000	  0.1713
332.0000	  0.1715
331.5000	  0.1688
331.0000	  0.1696
330.5000	  0.1697
330.0000	  0.1690
329.5000	  0.1680
329.0000	  0.1682
328.5000	  0.1654
328.0000	  0.1648
327.5000	  0.1657
327.0000	  0.1653
326.5000	  0.1644
326.0000	  0.1644
325.5000	  0.1623
325.0000	  0.1631
324.5000	  0.1617
324.0000	  0.1636
323.5000	  0.1606
323.0000	  0.1600
322.5000	  0.1595
322.0000	  0.1612
321.5000	  0.1576
321.0000	  0.1603
320.5000	  0.1578
320.0000	  0.1568
319.5000	  0.1572
319.0000	  0.1567
318.5000	  0.1542
318.0000	  0.1550
317.5000	  0.1540
317.0000	  0.1522
316.5000	  0.1530
316.0000	  0.1508
315.5000	  0.1526
315.0000	  0.1505
314.5000	  0.1472
314.0000	  0.1492
313.5000	  0.1459
313.0000	  0.1464
312.5000	  0.1420
312.0000	  0.1448
311.5000	  0.1446
311.0000	  0.1403
310.5000	  0.1377
310.0000	  0.1370
309.5000	  0.1375
309.0000	  0.1364
308.5000	  0.1361
308.0000	  0.1344
307.5000	  0.1319
307.0000	  0.1298
306.5000	  0.1309
306.0000	  0.1274
305.5000	  0.1283
305.0000	  0.1229
304.5000	  0.1240
304.0000	  0.1227
303.5000	  0.1161
303.0000	  0.1293
302.5000	  0.0991
302.0000	  0.1084
301.5000	  0.1150
301.0000	  0.1104
300.5000	  0.1162
300.0000	  0.1085
299.5000	  0.0968
299.0000	  0.1065
298.5000	  0.1131
298.0000	  0.0922
297.5000	  0.1194
297.0000	  0.1229
296.5000	  0.1270
296.0000	  0.0862
295.5000	  0.1757
295.0000	  0.2814
294.5000	  0.1279
294.0000	 -0.3080
293.5000	  0.3005
293.0000	 -0.2164
292.5000	  0.0606
292.0000	  0.4823
291.5000	  0.5606
291.0000	 -0.7416
290.5000	 -0.2036
290.0000	  0.4970
289.5000	 -0.6278
289.0000	  0.1667
288.5000	  0.2893
288.0000	  1.3585
287.5000	  0.1440
287.0000	  0.4180
286.5000	  1.5448
286.0000	 -0.0272
285.5000	  0.1397
285.0000	  2.2124
284.5000	  0.2165
284.0000	  0.8806
283.5000	  0.9795
283.0000	  0.7232
282.5000	  0.5425
282.0000	 -0.1000
281.5000	  1.4743
281.0000	 -4.7852
280.5000	 -3.4563
280.0000	  1.0948
279.5000	  4.3401
279.0000	  0.2224
278.5000	 -0.1709
278.0000	  0.1039
277.5000	  0.9784
277.0000	  0.6478
276.5000	  0.7204
276.0000	 -0.6874
275.5000	 -1.2209
275.0000	  1.4166
274.5000	 -4.5040
274.0000	  0.6351
273.5000	 -0.5309
273.0000	  0.3076
272.5000	  0.4436
272.0000	  1.7675
271.5000	  1.2041
271.0000	  0.4586
270.5000	  2.1574
270.0000	  0.1428
269.5000	  0.6721
269.0000	 39.1482
268.5000	 -3.6622
268.0000	  0.4565
267.5000	  1.4241
267.0000	 -1.0689
266.5000	  0.1173
266.0000	 -0.9341
265.5000	  0.2145
265.0000	  0.9913
264.5000	  1.9779
264.0000	  0.4979
263.5000	  0.8125
263.0000	 -0.2895
262.5000	 -0.0559
262.0000	  0.9137
261.5000	 -0.2256
261.0000	  0.0348
260.5000	  1.1817
260.0000	  1.2828
259.5000	  0.4883
259.0000	  1.8498
258.5000	  9.3694
258.0000	  5.5040
257.5000	  0.8606
257.0000	-57.0223
256.5000	 -0.0329
256.0000	  0.7182
255.5000	 -0.3459
255.0000	  0.4774
254.5000	  0.7252
254.0000	  1.0998
253.5000	  3.3568
253.0000	  0.5899
252.5000	  0.6658
252.0000	 -0.1638
251.5000	  1.9211
251.0000	  5.7929
250.5000	  1.4529
250.0000	  0.1320
249.5000	  0.3668
249.0000	  0.2539
248.5000	  0.7164
248.0000	-43.4556
247.5000	  0.2817
247.0000	  3.5277
246.5000	  2.8729
246.0000	  1.5165
245.5000	  1.6820
245.0000	 -1.7956
244.5000	 -2.1736
244.0000	 -0.7090
243.5000	  0.3260
243.0000	 -0.9514
242.5000	  0.7381
242.0000	  2.9941
241.5000	  1.4508
241.0000	 -0.5574
240.5000	 -0.7304
240.0000	  0.3758
239.5000	  0.5472
239.0000	  2.0105
238.5000	 -1.4321
238.0000	  3.6620
237.5000	  0.0577
237.0000	  0.9138
236.5000	  0.5473
236.0000	 -0.2338
235.5000	  0.2209
235.0000	 -5.7462
234.5000	  0.9257
234.0000	  0.9682
233.5000	  1.5299
233.0000	  0.7976
232.5000	 -0.4416
232.0000	  1.7690
231.5000	 -0.3734
231.0000	  4.9437
230.5000	  4.9357
230.0000	 -0.4579
229.5000	  0.2492
229.0000	  0.1958
228.5000	  2.3057
228.0000	 -0.7385
227.5000	 -0.8880
227.0000	  2.9754
226.5000	-29.4836
226.0000	  0.4375
225.5000	 -5.3822
225.0000	 -0.4306
224.5000	  3.2925
224.0000	 -0.4889
223.5000	  1.8448
223.0000	  0.0061
222.5000	  0.2627
222.0000	 -0.3917
221.5000	 -0.4149
221.0000	 -1.2948
220.5000	-31.0252
220.0000	 -0.7082
219.5000	  1.9497
219.0000	-13.5212
218.5000	  0.4805
218.0000	 -0.9273
217.5000	  4.0746
217.0000	  0.4829
216.5000	  8.3638
216.0000	 -1.0570
215.5000	 -1.6826
215.0000	  1.3167
214.5000	 -0.3519
214.0000	 -4.2864
213.5000	  0.5495
213.0000	  1.7799
212.5000	  0.7103
212.0000	 -0.0561
211.5000	  1.4109
211.0000	  0.4260
210.5000	  1.0819
210.0000	 -2.6538
209.5000	  0.1477
209.0000	  2.0244
208.5000	  0.2018
208.0000	 -0.4266
207.5000	  2.2729
207.0000	  0.3608
206.5000	 10.7890
206.0000	 -2.5990
205.5000	  0.5987
205.0000	  1.0899
204.5000	 -0.0117
204.0000	  1.2680
203.5000	 -6.4364
203.0000	  0.9162
202.5000	  0.8444
202.0000	  0.7710
201.5000	  0.3172
201.0000	  1.8787
200.5000	 -0.3054
200.0000	  0.4202

