21/05/2024 17.41.18
21/05/2024 17.50.17

800.0000	 50.3400

800.0000	 50.3400

900.0000	 45.0500



  1.0000
900.0000
  3.0000
340.0000
  1.0000
1401.0000
  5.0000
  6.0000
  1.0000
  1.0000
  0.0000
  0.0000
100.0000
  0.0000
  1.0000
  0.0000
500.0000
900.0000
200.0000
  4.0000
  1.0000
 18.0000
  2.0000
  1.0000
255.0000
  0.8433
  1.0000
 30.0000
  4.0000
500.0000
  0.0000
  0.0000
  4.0000
900.0000
200.0000
  0.0000
100.0000
  0.0000
  1.0000
  0.0000
500.0000
  1.0000
  1.0000
  1.0000
  1.0000
  4.0000
  0.0000
  1.0000
  1.0000
  1.0000
  1.0000
  1.0000
  2.0000
  1.0000
  1.0000
  1.0000
  3.0000
  1.0000
  1.0000
  1.0000
  4.0000
  5.0000
539.272
0.000

Lambda:	800
Abs:		-0.0002
ID:			7
Run:		4
Temp:		200
#

900.0000	  0.4346
899.5000	  0.4400
899.0000	  0.4437
898.5000	  0.4516
898.0000	  0.4641
897.5000	  0.4544
897.0000	  0.4445
896.5000	  0.4510
896.0000	  0.4585
895.5000	  0.4623
895.0000	  0.4355
894.5000	  0.4418
894.0000	  0.4643
893.5000	  0.4510
893.0000	  0.4460
892.5000	  0.4590
892.0000	  0.4501
891.5000	  0.4512
891.0000	  0.4513
890.5000	  0.4521
890.0000	  0.4417
889.5000	  0.4594
889.0000	  0.4566
888.5000	  0.4470
888.0000	  0.4467
887.5000	  0.4517
887.0000	  0.4460
886.5000	  0.4544
886.0000	  0.4507
885.5000	  0.4600
885.0000	  0.4536
884.5000	  0.4533
884.0000	  0.4577
883.5000	  0.4667
883.0000	  0.4521
882.5000	  0.4537
882.0000	  0.4510
881.5000	  0.4697
881.0000	  0.4565
880.5000	  0.4610
880.0000	  0.4647
879.5000	  0.4679
879.0000	  0.4606
878.5000	  0.4607
878.0000	  0.4614
877.5000	  0.4521
877.0000	  0.4639
876.5000	  0.4599
876.0000	  0.4637
875.5000	  0.4618
875.0000	  0.4630
874.5000	  0.4713
874.0000	  0.4613
873.5000	  0.4712
873.0000	  0.4654
872.5000	  0.4626
872.0000	  0.4655
871.5000	  0.4635
871.0000	  0.4625
870.5000	  0.4655
870.0000	  0.4630
869.5000	  0.4689
869.0000	  0.4657
868.5000	  0.4699
868.0000	  0.4697
867.5000	  0.4669
867.0000	  0.4632
866.5000	  0.4663
866.0000	  0.4680
865.5000	  0.4676
865.0000	  0.4715
864.5000	  0.4676
864.0000	  0.4723
863.5000	  0.4699
863.0000	  0.4707
862.5000	  0.4709
862.0000	  0.4699
861.5000	  0.4691
861.0000	  0.4732
860.5000	  0.4746
860.0000	  0.4767
859.5000	  0.4744
859.0000	  0.4729
858.5000	  0.4781
858.0000	  0.4749
857.5000	  0.4746
857.0000	  0.4790
856.5000	  0.4773
856.0000	  0.4755
855.5000	  0.4790
855.0000	  0.4776
854.5000	  0.4794
854.0000	  0.4787
853.5000	  0.4789
853.0000	  0.4793
852.5000	  0.4803
852.0000	  0.4815
851.5000	  0.4805
851.0000	  0.4832
850.5000	  0.4830
850.0000	  0.4806
849.5000	  0.4824
849.0000	  0.4836
848.5000	  0.4816
848.0000	  0.4822
847.5000	  0.4856
847.0000	  0.4827
846.5000	  0.4840
846.0000	  0.4834
845.5000	  0.4830
845.0000	  0.4844
844.5000	  0.4837
844.0000	  0.4843
843.5000	  0.4836
843.0000	  0.4842
842.5000	  0.4843
842.0000	  0.4842
841.5000	  0.4844
841.0000	  0.4845
840.5000	  0.4858
840.0000	  0.4848
839.5000	  0.4859
839.0000	  0.4866
838.5000	  0.4856
838.0000	  0.4851
837.5000	  0.4861
837.0000	  0.4864
836.5000	  0.4858
836.0000	  0.4847
835.5000	  0.4858
835.0000	  0.4864
834.5000	  0.4861
834.0000	  0.4868
833.5000	  0.4878
833.0000	  0.4875
832.5000	  0.4878
832.0000	  0.4879
831.5000	  0.4874
831.0000	  0.4883
830.5000	  0.4877
830.0000	  0.4886
829.5000	  0.4881
829.0000	  0.4882
828.5000	  0.4883
828.0000	  0.4897
827.5000	  0.4894
827.0000	  0.4883
826.5000	  0.4892
826.0000	  0.4884
825.5000	  0.4894
825.0000	  0.4909
824.5000	  0.4899
824.0000	  0.4897
823.5000	  0.4900
823.0000	  0.4919
822.5000	  0.4916
822.0000	  0.4909
821.5000	  0.4914
821.0000	  0.4913
820.5000	  0.4902
820.0000	  0.4914
819.5000	  0.4923
819.0000	  0.4919
818.5000	  0.4930
818.0000	  0.4933
817.5000	  0.4938
817.0000	  0.4936
816.5000	  0.4930
816.0000	  0.4936
815.5000	  0.4932
815.0000	  0.4951
814.5000	  0.4946
814.0000	  0.4955
813.5000	  0.4949
813.0000	  0.4943
812.5000	  0.4956
812.0000	  0.4959
811.5000	  0.4960
811.0000	  0.4954
810.5000	  0.4960
810.0000	  0.4974
809.5000	  0.4966
809.0000	  0.4969
808.5000	  0.4975
808.0000	  0.4975
807.5000	  0.4985
807.0000	  0.4981
806.5000	  0.4987
806.0000	  0.4992
805.5000	  0.4992
805.0000	  0.4991
804.5000	  0.5003
804.0000	  0.5002
803.5000	  0.5009
803.0000	  0.5004
802.5000	  0.5009
802.0000	  0.5012
801.5000	  0.5024
801.0000	  0.5025
800.5000	  0.5029
800.0000	  0.5034
799.5000	  0.5026
799.0000	  0.5026
798.5000	  0.5030
798.0000	  0.5043
797.5000	  0.5045
797.0000	  0.5050
796.5000	  0.5044
796.0000	  0.5060
795.5000	  0.5059
795.0000	  0.5061
794.5000	  0.5074
794.0000	  0.5065
793.5000	  0.5063
793.0000	  0.5067
792.5000	  0.5069
792.0000	  0.5076
791.5000	  0.5076
791.0000	  0.5077
790.5000	  0.5082
790.0000	  0.5077
789.5000	  0.5086
789.0000	  0.5091
788.5000	  0.5099
788.0000	  0.5104
787.5000	  0.5107
787.0000	  0.5106
786.5000	  0.5114
786.0000	  0.5108
785.5000	  0.5114
785.0000	  0.5114
784.5000	  0.5123
784.0000	  0.5127
783.5000	  0.5123
783.0000	  0.5123
782.5000	  0.5132
782.0000	  0.5139
781.5000	  0.5137
781.0000	  0.5141
780.5000	  0.5134
780.0000	  0.5144
779.5000	  0.5148
779.0000	  0.5141
778.5000	  0.5151
778.0000	  0.5162
777.5000	  0.5158
777.0000	  0.5172
776.5000	  0.5169
776.0000	  0.5172
775.5000	  0.5179
775.0000	  0.5181
774.5000	  0.5177
774.0000	  0.5190
773.5000	  0.5179
773.0000	  0.5187
772.5000	  0.5186
772.0000	  0.5192
771.5000	  0.5195
771.0000	  0.5186
770.5000	  0.5213
770.0000	  0.5212
769.5000	  0.5209
769.0000	  0.5226
768.5000	  0.5211
768.0000	  0.5217
767.5000	  0.5227
767.0000	  0.5224
766.5000	  0.5232
766.0000	  0.5233
765.5000	  0.5239
765.0000	  0.5236
764.5000	  0.5236
764.0000	  0.5252
763.5000	  0.5251
763.0000	  0.5245
762.5000	  0.5250
762.0000	  0.5264
761.5000	  0.5262
761.0000	  0.5263
760.5000	  0.5258
760.0000	  0.5267
759.5000	  0.5282
759.0000	  0.5282
758.5000	  0.5283
758.0000	  0.5275
757.5000	  0.5279
757.0000	  0.5295
756.5000	  0.5291
756.0000	  0.5296
755.5000	  0.5296
755.0000	  0.5306
754.5000	  0.5316
754.0000	  0.5310
753.5000	  0.5316
753.0000	  0.5313
752.5000	  0.5311
752.0000	  0.5309
751.5000	  0.5323
751.0000	  0.5328
750.5000	  0.5329
750.0000	  0.5331
749.5000	  0.5335
749.0000	  0.5338
748.5000	  0.5356
748.0000	  0.5345
747.5000	  0.5352
747.0000	  0.5357
746.5000	  0.5355
746.0000	  0.5367
745.5000	  0.5364
745.0000	  0.5370
744.5000	  0.5379
744.0000	  0.5372
743.5000	  0.5385
743.0000	  0.5379
742.5000	  0.5388
742.0000	  0.5398
741.5000	  0.5398
741.0000	  0.5394
740.5000	  0.5399
740.0000	  0.5401
739.5000	  0.5408
739.0000	  0.5414
738.5000	  0.5422
738.0000	  0.5422
737.5000	  0.5424
737.0000	  0.5423
736.5000	  0.5435
736.0000	  0.5445
735.5000	  0.5451
735.0000	  0.5430
734.5000	  0.5452
734.0000	  0.5457
733.5000	  0.5462
733.0000	  0.5472
732.5000	  0.5470
732.0000	  0.5477
731.5000	  0.5482
731.0000	  0.5498
730.5000	  0.5506
730.0000	  0.5509
729.5000	  0.5519
729.0000	  0.5531
728.5000	  0.5529
728.0000	  0.5546
727.5000	  0.5542
727.0000	  0.5560
726.5000	  0.5561
726.0000	  0.5579
725.5000	  0.5579
725.0000	  0.5591
724.5000	  0.5611
724.0000	  0.5626
723.5000	  0.5637
723.0000	  0.5653
722.5000	  0.5660
722.0000	  0.5688
721.5000	  0.5705
721.0000	  0.5722
720.5000	  0.5757
720.0000	  0.5756
719.5000	  0.5781
719.0000	  0.5789
718.5000	  0.5806
718.0000	  0.5822
717.5000	  0.5831
717.0000	  0.5820
716.5000	  0.5824
716.0000	  0.5823
715.5000	  0.5811
715.0000	  0.5812
714.5000	  0.5774
714.0000	  0.5769
713.5000	  0.5767
713.0000	  0.5740
712.5000	  0.5729
712.0000	  0.5713
711.5000	  0.5694
711.0000	  0.5689
710.5000	  0.5672
710.0000	  0.5672
709.5000	  0.5657
709.0000	  0.5643
708.5000	  0.5648
708.0000	  0.5637
707.5000	  0.5644
707.0000	  0.5629
706.5000	  0.5633
706.0000	  0.5640
705.5000	  0.5635
705.0000	  0.5644
704.5000	  0.5649
704.0000	  0.5652
703.5000	  0.5656
703.0000	  0.5648
702.5000	  0.5670
702.0000	  0.5660
701.5000	  0.5667
701.0000	  0.5673
700.5000	  0.5669
700.0000	  0.5681
699.5000	  0.5674
699.0000	  0.5674
698.5000	  0.5679
698.0000	  0.5684
697.5000	  0.5683
697.0000	  0.5687
696.5000	  0.5692
696.0000	  0.5688
695.5000	  0.5698
695.0000	  0.5700
694.5000	  0.5708
694.0000	  0.5703
693.5000	  0.5709
693.0000	  0.5713
692.5000	  0.5718
692.0000	  0.5724
691.5000	  0.5719
691.0000	  0.5716
690.5000	  0.5732
690.0000	  0.5730
689.5000	  0.5734
689.0000	  0.5730
688.5000	  0.5739
688.0000	  0.5744
687.5000	  0.5742
687.0000	  0.5747
686.5000	  0.5743
686.0000	  0.5758
685.5000	  0.5759
685.0000	  0.5752
684.5000	  0.5761
684.0000	  0.5758
683.5000	  0.5767
683.0000	  0.5775
682.5000	  0.5775
682.0000	  0.5783
681.5000	  0.5778
681.0000	  0.5783
680.5000	  0.5782
680.0000	  0.5785
679.5000	  0.5794
679.0000	  0.5789
678.5000	  0.5797
678.0000	  0.5799
677.5000	  0.5802
677.0000	  0.5809
676.5000	  0.5796
676.0000	  0.5811
675.5000	  0.5814
675.0000	  0.5819
674.5000	  0.5824
674.0000	  0.5814
673.5000	  0.5828
673.0000	  0.5832
672.5000	  0.5834
672.0000	  0.5840
671.5000	  0.5836
671.0000	  0.5838
670.5000	  0.5857
670.0000	  0.5838
669.5000	  0.5855
669.0000	  0.5844
668.5000	  0.5854
668.0000	  0.5857
667.5000	  0.5856
667.0000	  0.5868
666.5000	  0.5861
666.0000	  0.5866
665.5000	  0.5872
665.0000	  0.5877
664.5000	  0.5888
664.0000	  0.5874
663.5000	  0.5884
663.0000	  0.5882
662.5000	  0.5882
662.0000	  0.5888
661.5000	  0.5898
661.0000	  0.5888
660.5000	  0.5895
660.0000	  0.5907
659.5000	  0.5907
659.0000	  0.5911
658.5000	  0.5904
658.0000	  0.5920
657.5000	  0.5917
657.0000	  0.5913
656.5000	  0.5922
656.0000	  0.5915
655.5000	  0.5921
655.0000	  0.5927
654.5000	  0.5924
654.0000	  0.5934
653.5000	  0.5926
653.0000	  0.5939
652.5000	  0.5934
652.0000	  0.5937
651.5000	  0.5955
651.0000	  0.5939
650.5000	  0.5952
650.0000	  0.5952
649.5000	  0.5949
649.0000	  0.5960
648.5000	  0.5947
648.0000	  0.5954
647.5000	  0.5960
647.0000	  0.5961
646.5000	  0.5971
646.0000	  0.5963
645.5000	  0.5975
645.0000	  0.5977
644.5000	  0.5975
644.0000	  0.5986
643.5000	  0.5979
643.0000	  0.5974
642.5000	  0.5983
642.0000	  0.5976
641.5000	  0.5991
641.0000	  0.5981
640.5000	  0.5983
640.0000	  0.5983
639.5000	  0.5987
639.0000	  0.5995
638.5000	  0.5998
638.0000	  0.5991
637.5000	  0.5995
637.0000	  0.5992
636.5000	  0.5991
636.0000	  0.5996
635.5000	  0.5989
635.0000	  0.6007
634.5000	  0.6001
634.0000	  0.6005
633.5000	  0.6008
633.0000	  0.5999
632.5000	  0.6011
632.0000	  0.6012
631.5000	  0.6018
631.0000	  0.6022
630.5000	  0.6020
630.0000	  0.6038
629.5000	  0.6048
629.0000	  0.6045
628.5000	  0.6067
628.0000	  0.6062
627.5000	  0.6076
627.0000	  0.6091
626.5000	  0.6098
626.0000	  0.6125
625.5000	  0.6127
625.0000	  0.6149
624.5000	  0.6156
624.0000	  0.6164
623.5000	  0.6181
623.0000	  0.6184
622.5000	  0.6195
622.0000	  0.6214
621.5000	  0.6224
621.0000	  0.6226
620.5000	  0.6242
620.0000	  0.6254
619.5000	  0.6258
619.0000	  0.6268
618.5000	  0.6275
618.0000	  0.6280
617.5000	  0.6279
617.0000	  0.6282
616.5000	  0.6276
616.0000	  0.6283
615.5000	  0.6277
615.0000	  0.6276
614.5000	  0.6286
614.0000	  0.6284
613.5000	  0.6289
613.0000	  0.6295
612.5000	  0.6285
612.0000	  0.6310
611.5000	  0.6302
611.0000	  0.6301
610.5000	  0.6318
610.0000	  0.6305
609.5000	  0.6317
609.0000	  0.6321
608.5000	  0.6318
608.0000	  0.6333
607.5000	  0.6323
607.0000	  0.6329
606.5000	  0.6339
606.0000	  0.6339
605.5000	  0.6351
605.0000	  0.6347
604.5000	  0.6356
604.0000	  0.6349
603.5000	  0.6359
603.0000	  0.6365
602.5000	  0.6372
602.0000	  0.6371
601.5000	  0.6379
601.0000	  0.6387
600.5000	  0.6388
600.0000	  0.6397
599.5000	  0.6388
599.0000	  0.6399
598.5000	  0.6396
598.0000	  0.6398
597.5000	  0.6416
597.0000	  0.6414
596.5000	  0.6422
596.0000	  0.6424
595.5000	  0.6430
595.0000	  0.6430
594.5000	  0.6431
594.0000	  0.6441
593.5000	  0.6445
593.0000	  0.6443
592.5000	  0.6453
592.0000	  0.6454
591.5000	  0.6452
591.0000	  0.6466
590.5000	  0.6458
590.0000	  0.6477
589.5000	  0.6482
589.0000	  0.6482
588.5000	  0.6489
588.0000	  0.6488
587.5000	  0.6496
587.0000	  0.6502
586.5000	  0.6503
586.0000	  0.6512
585.5000	  0.6509
585.0000	  0.6522
584.5000	  0.6517
584.0000	  0.6516
583.5000	  0.6530
583.0000	  0.6539
582.5000	  0.6528
582.0000	  0.6540
581.5000	  0.6537
581.0000	  0.6551
580.5000	  0.6549
580.0000	  0.6561
579.5000	  0.6564
579.0000	  0.6569
578.5000	  0.6558
578.0000	  0.6577
577.5000	  0.6582
577.0000	  0.6590
576.5000	  0.6592
576.0000	  0.6582
575.5000	  0.6601
575.0000	  0.6599
574.5000	  0.6604
574.0000	  0.6622
573.5000	  0.6606
573.0000	  0.6620
572.5000	  0.6625
572.0000	  0.6622
571.5000	  0.6632
571.0000	  0.6626
570.5000	  0.6633
570.0000	  0.6642
569.5000	  0.6648
569.0000	  0.6657
568.5000	  0.6659
568.0000	  0.6653
567.5000	  0.6666
567.0000	  0.6667
566.5000	  0.6675
566.0000	  0.6682
565.5000	  0.6682
565.0000	  0.6687
564.5000	  0.6695
564.0000	  0.6706
563.5000	  0.6713
563.0000	  0.6701
562.5000	  0.6715
562.0000	  0.6722
561.5000	  0.6723
561.0000	  0.6733
560.5000	  0.6733
560.0000	  0.6749
559.5000	  0.6757
559.0000	  0.6758
558.5000	  0.6766
558.0000	  0.6771
557.5000	  0.6777
557.0000	  0.6778
556.5000	  0.6789
556.0000	  0.6789
555.5000	  0.6800
555.0000	  0.6805
554.5000	  0.6801
554.0000	  0.6811
553.5000	  0.6821
553.0000	  0.6816
552.5000	  0.6826
552.0000	  0.6828
551.5000	  0.6831
551.0000	  0.6837
550.5000	  0.6840
550.0000	  0.6849
549.5000	  0.6853
549.0000	  0.6851
548.5000	  0.6858
548.0000	  0.6870
547.5000	  0.6868
547.0000	  0.6875
546.5000	  0.6870
546.0000	  0.6886
545.5000	  0.6896
545.0000	  0.6890
544.5000	  0.6901
544.0000	  0.6902
543.5000	  0.6911
543.0000	  0.6915
542.5000	  0.6912
542.0000	  0.6926
541.5000	  0.6923
541.0000	  0.6924
540.5000	  0.6940
540.0000	  0.6936
539.5000	  0.6949
539.0000	  0.6941
538.5000	  0.6942
538.0000	  0.6960
537.5000	  0.6951
537.0000	  0.6963
536.5000	  0.6972
536.0000	  0.6959
535.5000	  0.6979
535.0000	  0.6979
534.5000	  0.6977
534.0000	  0.6985
533.5000	  0.6978
533.0000	  0.6992
532.5000	  0.6993
532.0000	  0.6989
531.5000	  0.7004
531.0000	  0.6994
530.5000	  0.7009
530.0000	  0.7010
529.5000	  0.7007
529.0000	  0.7013
528.5000	  0.7016
528.0000	  0.7010
527.5000	  0.7017
527.0000	  0.7022
526.5000	  0.7027
526.0000	  0.7038
525.5000	  0.7019
525.0000	  0.7033
524.5000	  0.7031
524.0000	  0.7033
523.5000	  0.7045
523.0000	  0.7033
522.5000	  0.7042
522.0000	  0.7044
521.5000	  0.7036
521.0000	  0.7042
520.5000	  0.7029
520.0000	  0.7034
519.5000	  0.7046
519.0000	  0.7037
518.5000	  0.7044
518.0000	  0.7041
517.5000	  0.7037
517.0000	  0.7031
516.5000	  0.7034
516.0000	  0.7035
515.5000	  0.7035
515.0000	  0.7021
514.5000	  0.7037
514.0000	  0.7031
513.5000	  0.7019
513.0000	  0.7023
512.5000	  0.7019
512.0000	  0.7018
511.5000	  0.7018
511.0000	  0.7018
510.5000	  0.7027
510.0000	  0.7009
509.5000	  0.7011
509.0000	  0.7011
508.5000	  0.7009
508.0000	  0.7010
507.5000	  0.7002
507.0000	  0.7008
506.5000	  0.7002
506.0000	  0.7012
505.5000	  0.7019
505.0000	  0.7017
504.5000	  0.7010
504.0000	  0.7016
503.5000	  0.7015
503.0000	  0.7027
502.5000	  0.7020
502.0000	  0.7013
501.5000	  0.7028
501.0000	  0.7022
500.5000	  0.7012
500.0000	  0.7029
499.5000	  0.7011
499.0000	  0.7021
498.5000	  0.7015
498.0000	  0.7015
497.5000	  0.7015
497.0000	  0.7003
496.5000	  0.7005
496.0000	  0.6996
495.5000	  0.6981
495.0000	  0.6992
494.5000	  0.6988
494.0000	  0.6970
493.5000	  0.6972
493.0000	  0.6960
492.5000	  0.6950
492.0000	  0.6944
491.5000	  0.6927
491.0000	  0.6927
490.5000	  0.6916
490.0000	  0.6895
489.5000	  0.6899
489.0000	  0.6881
488.5000	  0.6864
488.0000	  0.6857
487.5000	  0.6839
487.0000	  0.6838
486.5000	  0.6823
486.0000	  0.6802
485.5000	  0.6790
485.0000	  0.6780
484.5000	  0.6771
484.0000	  0.6765
483.5000	  0.6741
483.0000	  0.6741
482.5000	  0.6731
482.0000	  0.6713
481.5000	  0.6713
481.0000	  0.6688
480.5000	  0.6694
480.0000	  0.6672
479.5000	  0.6662
479.0000	  0.6656
478.5000	  0.6635
478.0000	  0.6636
477.5000	  0.6629
477.0000	  0.6612
476.5000	  0.6607
476.0000	  0.6587
475.5000	  0.6572
475.0000	  0.6568
474.5000	  0.6562
474.0000	  0.6566
473.5000	  0.6549
473.0000	  0.6536
472.5000	  0.6529
472.0000	  0.6521
471.5000	  0.6510
471.0000	  0.6508
470.5000	  0.6510
470.0000	  0.6499
469.5000	  0.6500
469.0000	  0.6497
468.5000	  0.6483
468.0000	  0.6467
467.5000	  0.6467
467.0000	  0.6471
466.5000	  0.6458
466.0000	  0.6456
465.5000	  0.6449
465.0000	  0.6460
464.5000	  0.6447
464.0000	  0.6437
463.5000	  0.6439
463.0000	  0.6430
462.5000	  0.6422
462.0000	  0.6429
461.5000	  0.6425
461.0000	  0.6428
460.5000	  0.6411
460.0000	  0.6414
459.5000	  0.6412
459.0000	  0.6416
458.5000	  0.6406
458.0000	  0.6393
457.5000	  0.6393
457.0000	  0.6380
456.5000	  0.6378
456.0000	  0.6361
455.5000	  0.6349
455.0000	  0.6346
454.5000	  0.6339
454.0000	  0.6319
453.5000	  0.6314
453.0000	  0.6299
452.5000	  0.6268
452.0000	  0.6257
451.5000	  0.6246
451.0000	  0.6235
450.5000	  0.6203
450.0000	  0.6181
449.5000	  0.6168
449.0000	  0.6154
448.5000	  0.6134
448.0000	  0.6122
447.5000	  0.6093
447.0000	  0.6089
446.5000	  0.6064
446.0000	  0.6049
445.5000	  0.6047
445.0000	  0.6012
444.5000	  0.6007
444.0000	  0.5999
443.5000	  0.5979
443.0000	  0.5973
442.5000	  0.5957
442.0000	  0.5946
441.5000	  0.5930
441.0000	  0.5921
440.5000	  0.5922
440.0000	  0.5901
439.5000	  0.5884
439.0000	  0.5878
438.5000	  0.5872
438.0000	  0.5854
437.5000	  0.5852
437.0000	  0.5839
436.5000	  0.5836
436.0000	  0.5839
435.5000	  0.5812
435.0000	  0.5814
434.5000	  0.5809
434.0000	  0.5796
433.5000	  0.5790
433.0000	  0.5772
432.5000	  0.5773
432.0000	  0.5768
431.5000	  0.5754
431.0000	  0.5755
430.5000	  0.5751
430.0000	  0.5752
429.5000	  0.5738
429.0000	  0.5726
428.5000	  0.5729
428.0000	  0.5720
427.5000	  0.5709
427.0000	  0.5711
426.5000	  0.5698
426.0000	  0.5702
425.5000	  0.5697
425.0000	  0.5688
424.5000	  0.5682
424.0000	  0.5679
423.5000	  0.5666
423.0000	  0.5683
422.5000	  0.5681
422.0000	  0.5656
421.5000	  0.5663
421.0000	  0.5654
420.5000	  0.5659
420.0000	  0.5644
419.5000	  0.5649
419.0000	  0.5651
418.5000	  0.5638
418.0000	  0.5626
417.5000	  0.5637
417.0000	  0.5619
416.5000	  0.5641
416.0000	  0.5621
415.5000	  0.5615
415.0000	  0.5607
414.5000	  0.5614
414.0000	  0.5603
413.5000	  0.5594
413.0000	  0.5598
412.5000	  0.5607
412.0000	  0.5599
411.5000	  0.5603
411.0000	  0.5587
410.5000	  0.5576
410.0000	  0.5563
409.5000	  0.5577
409.0000	  0.5575
408.5000	  0.5578
408.0000	  0.5565
407.5000	  0.5567
407.0000	  0.5558
406.5000	  0.5555
406.0000	  0.5565
405.5000	  0.5555
405.0000	  0.5560
404.5000	  0.5547
404.0000	  0.5547
403.5000	  0.5535
403.0000	  0.5532
402.5000	  0.5539
402.0000	  0.5531
401.5000	  0.5525
401.0000	  0.5519
400.5000	  0.5521
400.0000	  0.5519
399.5000	  0.5517
399.0000	  0.5511
398.5000	  0.5508
398.0000	  0.5502
397.5000	  0.5501
397.0000	  0.5504
396.5000	  0.5497
396.0000	  0.5499
395.5000	  0.5501
395.0000	  0.5493
394.5000	  0.5485
394.0000	  0.5485
393.5000	  0.5495
393.0000	  0.5481
392.5000	  0.5476
392.0000	  0.5476
391.5000	  0.5495
391.0000	  0.5479
390.5000	  0.5491
390.0000	  0.5482
389.5000	  0.5491
389.0000	  0.5491
388.5000	  0.5491
388.0000	  0.5500
387.5000	  0.5496
387.0000	  0.5496
386.5000	  0.5505
386.0000	  0.5499
385.5000	  0.5499
385.0000	  0.5517
384.5000	  0.5502
384.0000	  0.5523
383.5000	  0.5526
383.0000	  0.5512
382.5000	  0.5519
382.0000	  0.5493
381.5000	  0.5507
381.0000	  0.5526
380.5000	  0.5516
380.0000	  0.5536
379.5000	  0.5511
379.0000	  0.5513
378.5000	  0.5519
378.0000	  0.5530
377.5000	  0.5530
377.0000	  0.5529
376.5000	  0.5529
376.0000	  0.5526
375.5000	  0.5534
375.0000	  0.5516
374.5000	  0.5532
374.0000	  0.5515
373.5000	  0.5533
373.0000	  0.5537
372.5000	  0.5526
372.0000	  0.5522
371.5000	  0.5525
371.0000	  0.5514
370.5000	  0.5538
370.0000	  0.5525
369.5000	  0.5530
369.0000	  0.5534
368.5000	  0.5531
368.0000	  0.5518
367.5000	  0.5508
367.0000	  0.5549
366.5000	  0.5517
366.0000	  0.5527
365.5000	  0.5533
365.0000	  0.5521
364.5000	  0.5520
364.0000	  0.5515
363.5000	  0.5540
363.0000	  0.5533
362.5000	  0.5521
362.0000	  0.5513
361.5000	  0.5552
361.0000	  0.5555
360.5000	  0.5539
360.0000	  0.5548
359.5000	  0.5520
359.0000	  0.5530
358.5000	  0.5532
358.0000	  0.5529
357.5000	  0.5524
357.0000	  0.5535
356.5000	  0.5526
356.0000	  0.5542
355.5000	  0.5532
355.0000	  0.5512
354.5000	  0.5534
354.0000	  0.5517
353.5000	  0.5536
353.0000	  0.5510
352.5000	  0.5542
352.0000	  0.5512
351.5000	  0.5506
351.0000	  0.5513
350.5000	  0.5502
350.0000	  0.5509
349.5000	  0.5509
349.0000	  0.5489
348.5000	  0.5505
348.0000	  0.5495
347.5000	  0.5485
347.0000	  0.5500
346.5000	  0.5494
346.0000	  0.5482
345.5000	  0.5481
345.0000	  0.5450
344.5000	  0.5488
344.0000	  0.5450
343.5000	  0.5465
343.0000	  0.5465
342.5000	  0.5457
342.0000	  0.5448
341.5000	  0.5487
341.0000	  0.5446
340.5000	  0.5440
340.0000	  0.5517
339.5000	  0.5520
339.0000	  0.5514
338.5000	  0.5499
338.0000	  0.5503
337.5000	  0.5503
337.0000	  0.5492
336.5000	  0.5468
336.0000	  0.5460
335.5000	  0.5456
335.0000	  0.5450
334.5000	  0.5420
334.0000	  0.5496
333.5000	  0.5452
333.0000	  0.5476
332.5000	  0.5436
332.0000	  0.5416
331.5000	  0.5418
331.0000	  0.5439
330.5000	  0.5450
330.0000	  0.5407
329.5000	  0.5393
329.0000	  0.5421
328.5000	  0.5398
328.0000	  0.5410
327.5000	  0.5370
327.0000	  0.5383
326.5000	  0.5363
326.0000	  0.5363
325.5000	  0.5344
325.0000	  0.5348
324.5000	  0.5349
324.0000	  0.5342
323.5000	  0.5346
323.0000	  0.5347
322.5000	  0.5347
322.0000	  0.5328
321.5000	  0.5347
321.0000	  0.5323
320.5000	  0.5351
320.0000	  0.5281
319.5000	  0.5233
319.0000	  0.5274
318.5000	  0.5304
318.0000	  0.5265
317.5000	  0.5249
317.0000	  0.5249
316.5000	  0.5259
316.0000	  0.5236
315.5000	  0.5225
315.0000	  0.5194
314.5000	  0.5257
314.0000	  0.5117
313.5000	  0.5156
313.0000	  0.5257
312.5000	  0.5130
312.0000	  0.5098
311.5000	  0.5094
311.0000	  0.5054
310.5000	  0.4998
310.0000	  0.5027
309.5000	  0.5085
309.0000	  0.5034
308.5000	  0.5053
308.0000	  0.4967
307.5000	  0.5047
307.0000	  0.4991
306.5000	  0.4901
306.0000	  0.4964
305.5000	  0.4908
305.0000	  0.4749
304.5000	  0.4911
304.0000	  0.4705
303.5000	  0.4785
303.0000	  0.4616
302.5000	  0.4650
302.0000	  0.4549
301.5000	  0.4674
301.0000	  0.4137
300.5000	  0.4623
300.0000	  0.4237
299.5000	  0.3994
299.0000	  0.3649
298.5000	  0.4710
298.0000	  0.4017
297.5000	  0.4488
297.0000	  0.3957
296.5000	  0.5671
296.0000	  0.3723
295.5000	  0.5211
295.0000	  0.5404
294.5000	  0.4405
294.0000	  0.4680
293.5000	  0.6194
293.0000	 -0.1783
292.5000	 -0.0893
292.0000	  0.7454
291.5000	  1.8920
291.0000	 -1.2090
290.5000	  0.9439
290.0000	  1.1478
289.5000	  1.5507
289.0000	 -1.3312
288.5000	  1.3206
288.0000	  0.8712
287.5000	  2.2404
287.0000	  0.2943
286.5000	 -0.0445
286.0000	  3.3002
285.5000	  0.2997
285.0000	  2.5184
284.5000	  2.6750
284.0000	 -0.9072
283.5000	 -0.1347
283.0000	 -3.2343
282.5000	  1.9374
282.0000	  1.0232
281.5000	 -1.4495
281.0000	 -0.6405
280.5000	  1.7014
280.0000	  0.3832
279.5000	 -0.7634
279.0000	 -0.3575
278.5000	  5.5929
278.0000	  1.9089
277.5000	  2.5920
277.0000	  2.8134
276.5000	  1.1000
276.0000	  3.0069
275.5000	  2.0768
275.0000	  0.2897
274.5000	 -0.2238
274.0000	 -0.9744
273.5000	 -4.8917
273.0000	  1.6944
272.5000	  0.1677
272.0000	 -0.5307
271.5000	  0.9385
271.0000	  2.2314
270.5000	  1.5281
270.0000	  1.0860
269.5000	  1.9938
269.0000	  0.3795
268.5000	  0.3720
268.0000	 -1.3120
267.5000	-10.5358
267.0000	  1.1135
266.5000	  1.7101
266.0000	 -0.7002
265.5000	  1.6705
265.0000	 -0.7209
264.5000	  2.1540
264.0000	  0.5349
263.5000	  1.5307
263.0000	  4.1848
262.5000	  1.2158
262.0000	  0.9604
261.5000	 -2.2589
261.0000	  5.4793
260.5000	  1.0530
260.0000	 -2.3003
259.5000	  0.5791
259.0000	 -0.7939
258.5000	 -1.0509
258.0000	  0.8504
257.5000	  3.3025
257.0000	  1.6835
256.5000	  2.9270
256.0000	 -0.7011
255.5000	  2.6049
255.0000	 -0.3824
254.5000	  0.0572
254.0000	  1.1756
253.5000	  0.2385
253.0000	 -0.2900
252.5000	  3.4870
252.0000	-32.3564
251.5000	  1.5049
251.0000	  1.7073
250.5000	  0.5797
250.0000	  1.0067
249.5000	 -0.0897
249.0000	  6.4232
248.5000	  3.0905
248.0000	 -0.1203
247.5000	  0.5749
247.0000	  0.3467
246.5000	  1.3843
246.0000	  1.0187
245.5000	  0.5175
245.0000	  2.7417
244.5000	  1.2223
244.0000	  0.9266
243.5000	 -0.2672
243.0000	  0.4466
242.5000	  0.6536
242.0000	  2.0264
241.5000	-47.3345
241.0000	  0.4978
240.5000	  1.7475
240.0000	  0.5929
239.5000	  0.9851
239.0000	  0.5076
238.5000	 -0.7663
238.0000	 -0.3587
237.5000	  0.2792
237.0000	 -1.7250
236.5000	  5.5956
236.0000	  1.1039
235.5000	  0.4239
235.0000	 -8.2436
234.5000	 -0.1153
234.0000	 46.6523
233.5000	  6.9380
233.0000	 -6.5907
232.5000	 -3.7377
232.0000	 -0.6877
231.5000	 -0.2074
231.0000	  0.0705
230.5000	 -0.5203
230.0000	  0.6110
229.5000	 -1.1700
229.0000	  1.1786
228.5000	 -0.4875
228.0000	 -0.5205
227.5000	 -4.8188
227.0000	  0.9086
226.5000	 15.1463
226.0000	  0.6331
225.5000	 -1.3889
225.0000	 -0.1124
224.5000	  0.7779
224.0000	  3.6911
223.5000	 -0.4391
223.0000	  0.9846
222.5000	 31.6221
222.0000	 -0.1997
221.5000	  1.7464
221.0000	  0.3863
220.5000	  0.1690
220.0000	  1.2846
219.5000	  1.2410
219.0000	  0.2573
218.5000	 -0.0914
218.0000	  0.9460
217.5000	  1.3597
217.0000	 -3.3342
216.5000	  1.8379
216.0000	 36.0830
215.5000	 -0.3912
215.0000	 18.8200
214.5000	 52.6705
214.0000	  2.7702
213.5000	  6.7945
213.0000	  2.2500
212.5000	  1.4738
212.0000	  0.7802
211.5000	  4.0785
211.0000	  0.8276
210.5000	-58.2648
210.0000	  1.2590
209.5000	  1.7398
209.0000	  0.1253
208.5000	  1.1104
208.0000	  0.8500
207.5000	  1.8451
207.0000	 -2.3577
206.5000	  9.3062
206.0000	  1.2008
205.5000	 -0.0393
205.0000	 -0.1525
204.5000	  0.2247
204.0000	 -9.6845
203.5000	  0.9436
203.0000	 -3.8110
202.5000	 -0.1949
202.0000	 -0.1516
201.5000	  0.5640
201.0000	 -1.8092
200.5000	  0.4835
200.0000	  2.0229

