22/05/2024 15.21.40
22/05/2024 15.30.40

800.0000	  4.0800

800.0000	  4.0800

900.0000	  2.7500



  1.0000
900.0000
  3.0000
340.0000
  1.0000
1401.0000
  5.0000
  6.0000
  1.0000
  1.0000
  0.0000
  0.0000
100.0000
  0.0000
  1.0000
  0.0000
500.0000
900.0000
200.0000
  4.0000
  1.0000
 18.0000
  2.0000
  1.0000
255.0000
  0.8216
  1.0000
 30.0000
  4.0000
500.0000
  0.0000
  0.0000
  4.0000
900.0000
200.0000
  0.0000
100.0000
  0.0000
  1.0000
  0.0000
500.0000
  1.0000
  1.0000
  1.0000
  1.0000
  4.0000
  0.0000
  1.0000
  1.0000
  1.0000
  1.0000
  1.0000
  2.0000
  1.0000
  1.0000
  1.0000
  3.0000
  1.0000
  1.0000
  1.0000
  4.0000
  5.0000
539.459
0.000

Lambda:	800
Abs:		0
ID:			15
Run:		2
BisCuit
Temp:		200
#

900.0000	  0.0282
899.5000	  0.0296
899.0000	  0.0276
898.5000	  0.0294
898.0000	  0.0290
897.5000	  0.0281
897.0000	  0.0300
896.5000	  0.0267
896.0000	  0.0279
895.5000	  0.0287
895.0000	  0.0261
894.5000	  0.0253
894.0000	  0.0291
893.5000	  0.0283
893.0000	  0.0293
892.5000	  0.0245
892.0000	  0.0302
891.5000	  0.0292
891.0000	  0.0279
890.5000	  0.0272
890.0000	  0.0274
889.5000	  0.0260
889.0000	  0.0272
888.5000	  0.0265
888.0000	  0.0279
887.5000	  0.0279
887.0000	  0.0273
886.5000	  0.0281
886.0000	  0.0292
885.5000	  0.0284
885.0000	  0.0291
884.5000	  0.0266
884.0000	  0.0290
883.5000	  0.0276
883.0000	  0.0259
882.5000	  0.0298
882.0000	  0.0292
881.5000	  0.0290
881.0000	  0.0282
880.5000	  0.0283
880.0000	  0.0285
879.5000	  0.0299
879.0000	  0.0296
878.5000	  0.0304
878.0000	  0.0302
877.5000	  0.0304
877.0000	  0.0286
876.5000	  0.0311
876.0000	  0.0288
875.5000	  0.0300
875.0000	  0.0298
874.5000	  0.0304
874.0000	  0.0314
873.5000	  0.0305
873.0000	  0.0312
872.5000	  0.0301
872.0000	  0.0312
871.5000	  0.0311
871.0000	  0.0311
870.5000	  0.0299
870.0000	  0.0303
869.5000	  0.0313
869.0000	  0.0324
868.5000	  0.0313
868.0000	  0.0309
867.5000	  0.0295
867.0000	  0.0315
866.5000	  0.0303
866.0000	  0.0313
865.5000	  0.0301
865.0000	  0.0311
864.5000	  0.0312
864.0000	  0.0306
863.5000	  0.0309
863.0000	  0.0316
862.5000	  0.0316
862.0000	  0.0313
861.5000	  0.0324
861.0000	  0.0313
860.5000	  0.0316
860.0000	  0.0314
859.5000	  0.0316
859.0000	  0.0320
858.5000	  0.0325
858.0000	  0.0316
857.5000	  0.0321
857.0000	  0.0319
856.5000	  0.0325
856.0000	  0.0320
855.5000	  0.0336
855.0000	  0.0329
854.5000	  0.0324
854.0000	  0.0328
853.5000	  0.0326
853.0000	  0.0331
852.5000	  0.0330
852.0000	  0.0328
851.5000	  0.0329
851.0000	  0.0331
850.5000	  0.0333
850.0000	  0.0330
849.5000	  0.0334
849.0000	  0.0334
848.5000	  0.0340
848.0000	  0.0335
847.5000	  0.0333
847.0000	  0.0337
846.5000	  0.0337
846.0000	  0.0338
845.5000	  0.0338
845.0000	  0.0341
844.5000	  0.0341
844.0000	  0.0340
843.5000	  0.0342
843.0000	  0.0342
842.5000	  0.0344
842.0000	  0.0341
841.5000	  0.0343
841.0000	  0.0347
840.5000	  0.0349
840.0000	  0.0346
839.5000	  0.0346
839.0000	  0.0349
838.5000	  0.0352
838.0000	  0.0350
837.5000	  0.0351
837.0000	  0.0352
836.5000	  0.0350
836.0000	  0.0353
835.5000	  0.0354
835.0000	  0.0356
834.5000	  0.0354
834.0000	  0.0358
833.5000	  0.0355
833.0000	  0.0356
832.5000	  0.0358
832.0000	  0.0358
831.5000	  0.0360
831.0000	  0.0360
830.5000	  0.0358
830.0000	  0.0358
829.5000	  0.0361
829.0000	  0.0362
828.5000	  0.0361
828.0000	  0.0363
827.5000	  0.0366
827.0000	  0.0366
826.5000	  0.0367
826.0000	  0.0364
825.5000	  0.0365
825.0000	  0.0370
824.5000	  0.0369
824.0000	  0.0368
823.5000	  0.0368
823.0000	  0.0369
822.5000	  0.0369
822.0000	  0.0371
821.5000	  0.0370
821.0000	  0.0372
820.5000	  0.0373
820.0000	  0.0374
819.5000	  0.0376
819.0000	  0.0376
818.5000	  0.0373
818.0000	  0.0374
817.5000	  0.0378
817.0000	  0.0378
816.5000	  0.0381
816.0000	  0.0381
815.5000	  0.0382
815.0000	  0.0380
814.5000	  0.0383
814.0000	  0.0382
813.5000	  0.0383
813.0000	  0.0385
812.5000	  0.0386
812.0000	  0.0387
811.5000	  0.0388
811.0000	  0.0390
810.5000	  0.0391
810.0000	  0.0390
809.5000	  0.0391
809.0000	  0.0391
808.5000	  0.0393
808.0000	  0.0393
807.5000	  0.0396
807.0000	  0.0395
806.5000	  0.0395
806.0000	  0.0397
805.5000	  0.0399
805.0000	  0.0399
804.5000	  0.0400
804.0000	  0.0402
803.5000	  0.0403
803.0000	  0.0403
802.5000	  0.0404
802.0000	  0.0405
801.5000	  0.0405
801.0000	  0.0403
800.5000	  0.0409
800.0000	  0.0408
799.5000	  0.0411
799.0000	  0.0409
798.5000	  0.0412
798.0000	  0.0411
797.5000	  0.0413
797.0000	  0.0415
796.5000	  0.0416
796.0000	  0.0417
795.5000	  0.0416
795.0000	  0.0419
794.5000	  0.0420
794.0000	  0.0420
793.5000	  0.0422
793.0000	  0.0422
792.5000	  0.0424
792.0000	  0.0427
791.5000	  0.0425
791.0000	  0.0429
790.5000	  0.0429
790.0000	  0.0429
789.5000	  0.0429
789.0000	  0.0432
788.5000	  0.0432
788.0000	  0.0433
787.5000	  0.0435
787.0000	  0.0434
786.5000	  0.0435
786.0000	  0.0438
785.5000	  0.0437
785.0000	  0.0439
784.5000	  0.0439
784.0000	  0.0439
783.5000	  0.0441
783.0000	  0.0442
782.5000	  0.0444
782.0000	  0.0442
781.5000	  0.0446
781.0000	  0.0446
780.5000	  0.0447
780.0000	  0.0451
779.5000	  0.0451
779.0000	  0.0453
778.5000	  0.0452
778.0000	  0.0454
777.5000	  0.0453
777.0000	  0.0454
776.5000	  0.0458
776.0000	  0.0457
775.5000	  0.0456
775.0000	  0.0460
774.5000	  0.0460
774.0000	  0.0463
773.5000	  0.0464
773.0000	  0.0466
772.5000	  0.0467
772.0000	  0.0467
771.5000	  0.0467
771.0000	  0.0469
770.5000	  0.0471
770.0000	  0.0472
769.5000	  0.0471
769.0000	  0.0475
768.5000	  0.0477
768.0000	  0.0478
767.5000	  0.0478
767.0000	  0.0479
766.5000	  0.0480
766.0000	  0.0483
765.5000	  0.0485
765.0000	  0.0484
764.5000	  0.0486
764.0000	  0.0487
763.5000	  0.0487
763.0000	  0.0491
762.5000	  0.0489
762.0000	  0.0492
761.5000	  0.0491
761.0000	  0.0492
760.5000	  0.0496
760.0000	  0.0498
759.5000	  0.0498
759.0000	  0.0499
758.5000	  0.0500
758.0000	  0.0503
757.5000	  0.0504
757.0000	  0.0506
756.5000	  0.0505
756.0000	  0.0508
755.5000	  0.0508
755.0000	  0.0510
754.5000	  0.0510
754.0000	  0.0515
753.5000	  0.0516
753.0000	  0.0516
752.5000	  0.0518
752.0000	  0.0520
751.5000	  0.0522
751.0000	  0.0521
750.5000	  0.0521
750.0000	  0.0524
749.5000	  0.0525
749.0000	  0.0526
748.5000	  0.0529
748.0000	  0.0529
747.5000	  0.0532
747.0000	  0.0533
746.5000	  0.0534
746.0000	  0.0535
745.5000	  0.0537
745.0000	  0.0540
744.5000	  0.0541
744.0000	  0.0541
743.5000	  0.0543
743.0000	  0.0546
742.5000	  0.0548
742.0000	  0.0546
741.5000	  0.0549
741.0000	  0.0549
740.5000	  0.0551
740.0000	  0.0554
739.5000	  0.0555
739.0000	  0.0557
738.5000	  0.0560
738.0000	  0.0561
737.5000	  0.0563
737.0000	  0.0564
736.5000	  0.0564
736.0000	  0.0569
735.5000	  0.0568
735.0000	  0.0573
734.5000	  0.0575
734.0000	  0.0575
733.5000	  0.0576
733.0000	  0.0578
732.5000	  0.0579
732.0000	  0.0582
731.5000	  0.0585
731.0000	  0.0585
730.5000	  0.0588
730.0000	  0.0591
729.5000	  0.0593
729.0000	  0.0594
728.5000	  0.0595
728.0000	  0.0599
727.5000	  0.0602
727.0000	  0.0601
726.5000	  0.0607
726.0000	  0.0613
725.5000	  0.0614
725.0000	  0.0617
724.5000	  0.0618
724.0000	  0.0622
723.5000	  0.0624
723.0000	  0.0626
722.5000	  0.0632
722.0000	  0.0633
721.5000	  0.0637
721.0000	  0.0641
720.5000	  0.0644
720.0000	  0.0648
719.5000	  0.0652
719.0000	  0.0658
718.5000	  0.0661
718.0000	  0.0661
717.5000	  0.0664
717.0000	  0.0666
716.5000	  0.0667
716.0000	  0.0667
715.5000	  0.0667
715.0000	  0.0669
714.5000	  0.0668
714.0000	  0.0666
713.5000	  0.0666
713.0000	  0.0667
712.5000	  0.0667
712.0000	  0.0667
711.5000	  0.0665
711.0000	  0.0667
710.5000	  0.0667
710.0000	  0.0668
709.5000	  0.0666
709.0000	  0.0669
708.5000	  0.0667
708.0000	  0.0671
707.5000	  0.0674
707.0000	  0.0673
706.5000	  0.0676
706.0000	  0.0676
705.5000	  0.0675
705.0000	  0.0681
704.5000	  0.0682
704.0000	  0.0687
703.5000	  0.0688
703.0000	  0.0688
702.5000	  0.0692
702.0000	  0.0691
701.5000	  0.0698
701.0000	  0.0698
700.5000	  0.0699
700.0000	  0.0701
699.5000	  0.0704
699.0000	  0.0708
698.5000	  0.0705
698.0000	  0.0711
697.5000	  0.0711
697.0000	  0.0714
696.5000	  0.0718
696.0000	  0.0716
695.5000	  0.0720
695.0000	  0.0722
694.5000	  0.0723
694.0000	  0.0729
693.5000	  0.0730
693.0000	  0.0732
692.5000	  0.0733
692.0000	  0.0737
691.5000	  0.0739
691.0000	  0.0740
690.5000	  0.0743
690.0000	  0.0747
689.5000	  0.0749
689.0000	  0.0751
688.5000	  0.0752
688.0000	  0.0758
687.5000	  0.0758
687.0000	  0.0761
686.5000	  0.0763
686.0000	  0.0766
685.5000	  0.0767
685.0000	  0.0771
684.5000	  0.0773
684.0000	  0.0777
683.5000	  0.0778
683.0000	  0.0780
682.5000	  0.0783
682.0000	  0.0787
681.5000	  0.0788
681.0000	  0.0791
680.5000	  0.0793
680.0000	  0.0796
679.5000	  0.0799
679.0000	  0.0801
678.5000	  0.0803
678.0000	  0.0806
677.5000	  0.0809
677.0000	  0.0812
676.5000	  0.0817
676.0000	  0.0817
675.5000	  0.0821
675.0000	  0.0825
674.5000	  0.0825
674.0000	  0.0829
673.5000	  0.0830
673.0000	  0.0835
672.5000	  0.0834
672.0000	  0.0839
671.5000	  0.0843
671.0000	  0.0846
670.5000	  0.0847
670.0000	  0.0852
669.5000	  0.0854
669.0000	  0.0857
668.5000	  0.0860
668.0000	  0.0860
667.5000	  0.0864
667.0000	  0.0869
666.5000	  0.0869
666.0000	  0.0873
665.5000	  0.0874
665.0000	  0.0880
664.5000	  0.0882
664.0000	  0.0886
663.5000	  0.0887
663.0000	  0.0892
662.5000	  0.0895
662.0000	  0.0895
661.5000	  0.0898
661.0000	  0.0905
660.5000	  0.0906
660.0000	  0.0909
659.5000	  0.0913
659.0000	  0.0915
658.5000	  0.0918
658.0000	  0.0921
657.5000	  0.0923
657.0000	  0.0925
656.5000	  0.0930
656.0000	  0.0932
655.5000	  0.0935
655.0000	  0.0939
654.5000	  0.0941
654.0000	  0.0945
653.5000	  0.0948
653.0000	  0.0952
652.5000	  0.0954
652.0000	  0.0958
651.5000	  0.0961
651.0000	  0.0963
650.5000	  0.0968
650.0000	  0.0969
649.5000	  0.0974
649.0000	  0.0979
648.5000	  0.0980
648.0000	  0.0984
647.5000	  0.0987
647.0000	  0.0991
646.5000	  0.0995
646.0000	  0.0997
645.5000	  0.1000
645.0000	  0.1004
644.5000	  0.1005
644.0000	  0.1010
643.5000	  0.1015
643.0000	  0.1019
642.5000	  0.1021
642.0000	  0.1023
641.5000	  0.1027
641.0000	  0.1030
640.5000	  0.1032
640.0000	  0.1039
639.5000	  0.1039
639.0000	  0.1046
638.5000	  0.1047
638.0000	  0.1051
637.5000	  0.1055
637.0000	  0.1056
636.5000	  0.1061
636.0000	  0.1063
635.5000	  0.1066
635.0000	  0.1068
634.5000	  0.1071
634.0000	  0.1074
633.5000	  0.1078
633.0000	  0.1082
632.5000	  0.1086
632.0000	  0.1089
631.5000	  0.1095
631.0000	  0.1098
630.5000	  0.1103
630.0000	  0.1106
629.5000	  0.1112
629.0000	  0.1115
628.5000	  0.1121
628.0000	  0.1127
627.5000	  0.1132
627.0000	  0.1141
626.5000	  0.1145
626.0000	  0.1153
625.5000	  0.1157
625.0000	  0.1164
624.5000	  0.1171
624.0000	  0.1178
623.5000	  0.1185
623.0000	  0.1193
622.5000	  0.1194
622.0000	  0.1203
621.5000	  0.1205
621.0000	  0.1214
620.5000	  0.1220
620.0000	  0.1225
619.5000	  0.1229
619.0000	  0.1234
618.5000	  0.1240
618.0000	  0.1242
617.5000	  0.1247
617.0000	  0.1249
616.5000	  0.1255
616.0000	  0.1257
615.5000	  0.1265
615.0000	  0.1265
614.5000	  0.1271
614.0000	  0.1278
613.5000	  0.1278
613.0000	  0.1285
612.5000	  0.1290
612.0000	  0.1293
611.5000	  0.1299
611.0000	  0.1302
610.5000	  0.1306
610.0000	  0.1312
609.5000	  0.1316
609.0000	  0.1322
608.5000	  0.1324
608.0000	  0.1331
607.5000	  0.1338
607.0000	  0.1339
606.5000	  0.1346
606.0000	  0.1350
605.5000	  0.1354
605.0000	  0.1359
604.5000	  0.1366
604.0000	  0.1371
603.5000	  0.1376
603.0000	  0.1380
602.5000	  0.1386
602.0000	  0.1389
601.5000	  0.1393
601.0000	  0.1401
600.5000	  0.1404
600.0000	  0.1410
599.5000	  0.1415
599.0000	  0.1419
598.5000	  0.1427
598.0000	  0.1428
597.5000	  0.1437
597.0000	  0.1441
596.5000	  0.1443
596.0000	  0.1451
595.5000	  0.1455
595.0000	  0.1462
594.5000	  0.1465
594.0000	  0.1472
593.5000	  0.1479
593.0000	  0.1483
592.5000	  0.1486
592.0000	  0.1491
591.5000	  0.1497
591.0000	  0.1504
590.5000	  0.1505
590.0000	  0.1514
589.5000	  0.1518
589.0000	  0.1523
588.5000	  0.1529
588.0000	  0.1529
587.5000	  0.1537
587.0000	  0.1541
586.5000	  0.1550
586.0000	  0.1556
585.5000	  0.1558
585.0000	  0.1566
584.5000	  0.1567
584.0000	  0.1576
583.5000	  0.1582
583.0000	  0.1585
582.5000	  0.1591
582.0000	  0.1595
581.5000	  0.1600
581.0000	  0.1606
580.5000	  0.1610
580.0000	  0.1615
579.5000	  0.1622
579.0000	  0.1628
578.5000	  0.1629
578.0000	  0.1636
577.5000	  0.1640
577.0000	  0.1646
576.5000	  0.1653
576.0000	  0.1660
575.5000	  0.1662
575.0000	  0.1666
574.5000	  0.1676
574.0000	  0.1677
573.5000	  0.1683
573.0000	  0.1689
572.5000	  0.1694
572.0000	  0.1698
571.5000	  0.1704
571.0000	  0.1711
570.5000	  0.1716
570.0000	  0.1718
569.5000	  0.1725
569.0000	  0.1731
568.5000	  0.1734
568.0000	  0.1740
567.5000	  0.1746
567.0000	  0.1749
566.5000	  0.1757
566.0000	  0.1763
565.5000	  0.1767
565.0000	  0.1769
564.5000	  0.1774
564.0000	  0.1784
563.5000	  0.1786
563.0000	  0.1791
562.5000	  0.1798
562.0000	  0.1803
561.5000	  0.1807
561.0000	  0.1815
560.5000	  0.1817
560.0000	  0.1820
559.5000	  0.1827
559.0000	  0.1830
558.5000	  0.1836
558.0000	  0.1843
557.5000	  0.1845
557.0000	  0.1849
556.5000	  0.1854
556.0000	  0.1862
555.5000	  0.1868
555.0000	  0.1868
554.5000	  0.1874
554.0000	  0.1880
553.5000	  0.1884
553.0000	  0.1891
552.5000	  0.1891
552.0000	  0.1897
551.5000	  0.1900
551.0000	  0.1909
550.5000	  0.1914
550.0000	  0.1915
549.5000	  0.1920
549.0000	  0.1924
548.5000	  0.1930
548.0000	  0.1934
547.5000	  0.1936
547.0000	  0.1945
546.5000	  0.1945
546.0000	  0.1951
545.5000	  0.1955
545.0000	  0.1958
544.5000	  0.1964
544.0000	  0.1969
543.5000	  0.1973
543.0000	  0.1980
542.5000	  0.1980
542.0000	  0.1986
541.5000	  0.1988
541.0000	  0.1992
540.5000	  0.1997
540.0000	  0.1999
539.5000	  0.2002
539.0000	  0.2009
538.5000	  0.2010
538.0000	  0.2017
537.5000	  0.2020
537.0000	  0.2026
536.5000	  0.2027
536.0000	  0.2028
535.5000	  0.2037
535.0000	  0.2037
534.5000	  0.2042
534.0000	  0.2046
533.5000	  0.2051
533.0000	  0.2053
532.5000	  0.2056
532.0000	  0.2061
531.5000	  0.2064
531.0000	  0.2066
530.5000	  0.2076
530.0000	  0.2075
529.5000	  0.2082
529.0000	  0.2084
528.5000	  0.2085
528.0000	  0.2091
527.5000	  0.2090
527.0000	  0.2097
526.5000	  0.2100
526.0000	  0.2104
525.5000	  0.2108
525.0000	  0.2110
524.5000	  0.2113
524.0000	  0.2116
523.5000	  0.2119
523.0000	  0.2125
522.5000	  0.2127
522.0000	  0.2130
521.5000	  0.2132
521.0000	  0.2134
520.5000	  0.2139
520.0000	  0.2138
519.5000	  0.2145
519.0000	  0.2145
518.5000	  0.2149
518.0000	  0.2155
517.5000	  0.2151
517.0000	  0.2155
516.5000	  0.2158
516.0000	  0.2158
515.5000	  0.2165
515.0000	  0.2163
514.5000	  0.2168
514.0000	  0.2168
513.5000	  0.2171
513.0000	  0.2175
512.5000	  0.2172
512.0000	  0.2174
511.5000	  0.2180
511.0000	  0.2183
510.5000	  0.2183
510.0000	  0.2179
509.5000	  0.2184
509.0000	  0.2187
508.5000	  0.2188
508.0000	  0.2192
507.5000	  0.2191
507.0000	  0.2197
506.5000	  0.2199
506.0000	  0.2203
505.5000	  0.2203
505.0000	  0.2202
504.5000	  0.2206
504.0000	  0.2208
503.5000	  0.2210
503.0000	  0.2216
502.5000	  0.2215
502.0000	  0.2218
501.5000	  0.2217
501.0000	  0.2219
500.5000	  0.2221
500.0000	  0.2219
499.5000	  0.2219
499.0000	  0.2217
498.5000	  0.2218
498.0000	  0.2220
497.5000	  0.2220
497.0000	  0.2216
496.5000	  0.2217
496.0000	  0.2212
495.5000	  0.2210
495.0000	  0.2208
494.5000	  0.2206
494.0000	  0.2199
493.5000	  0.2198
493.0000	  0.2194
492.5000	  0.2190
492.0000	  0.2186
491.5000	  0.2179
491.0000	  0.2172
490.5000	  0.2167
490.0000	  0.2162
489.5000	  0.2153
489.0000	  0.2149
488.5000	  0.2138
488.0000	  0.2128
487.5000	  0.2125
487.0000	  0.2120
486.5000	  0.2108
486.0000	  0.2101
485.5000	  0.2093
485.0000	  0.2088
484.5000	  0.2080
484.0000	  0.2074
483.5000	  0.2062
483.0000	  0.2057
482.5000	  0.2047
482.0000	  0.2039
481.5000	  0.2029
481.0000	  0.2022
480.5000	  0.2010
480.0000	  0.2009
479.5000	  0.1996
479.0000	  0.1991
478.5000	  0.1981
478.0000	  0.1972
477.5000	  0.1964
477.0000	  0.1954
476.5000	  0.1945
476.0000	  0.1939
475.5000	  0.1930
475.0000	  0.1926
474.5000	  0.1913
474.0000	  0.1910
473.5000	  0.1901
473.0000	  0.1891
472.5000	  0.1884
472.0000	  0.1880
471.5000	  0.1866
471.0000	  0.1864
470.5000	  0.1853
470.0000	  0.1848
469.5000	  0.1838
469.0000	  0.1833
468.5000	  0.1828
468.0000	  0.1823
467.5000	  0.1813
467.0000	  0.1809
466.5000	  0.1801
466.0000	  0.1793
465.5000	  0.1788
465.0000	  0.1782
464.5000	  0.1778
464.0000	  0.1768
463.5000	  0.1763
463.0000	  0.1761
462.5000	  0.1751
462.0000	  0.1748
461.5000	  0.1741
461.0000	  0.1738
460.5000	  0.1729
460.0000	  0.1730
459.5000	  0.1717
459.0000	  0.1711
458.5000	  0.1703
458.0000	  0.1697
457.5000	  0.1689
457.0000	  0.1684
456.5000	  0.1681
456.0000	  0.1669
455.5000	  0.1663
455.0000	  0.1657
454.5000	  0.1646
454.0000	  0.1640
453.5000	  0.1625
453.0000	  0.1618
452.5000	  0.1617
452.0000	  0.1606
451.5000	  0.1596
451.0000	  0.1589
450.5000	  0.1577
450.0000	  0.1573
449.5000	  0.1561
449.0000	  0.1547
448.5000	  0.1541
448.0000	  0.1532
447.5000	  0.1527
447.0000	  0.1519
446.5000	  0.1509
446.0000	  0.1503
445.5000	  0.1496
445.0000	  0.1487
444.5000	  0.1480
444.0000	  0.1469
443.5000	  0.1465
443.0000	  0.1455
442.5000	  0.1451
442.0000	  0.1446
441.5000	  0.1436
441.0000	  0.1431
440.5000	  0.1426
440.0000	  0.1419
439.5000	  0.1414
439.0000	  0.1406
438.5000	  0.1402
438.0000	  0.1397
437.5000	  0.1390
437.0000	  0.1390
436.5000	  0.1381
436.0000	  0.1374
435.5000	  0.1368
435.0000	  0.1363
434.5000	  0.1362
434.0000	  0.1355
433.5000	  0.1352
433.0000	  0.1341
432.5000	  0.1342
432.0000	  0.1335
431.5000	  0.1331
431.0000	  0.1324
430.5000	  0.1323
430.0000	  0.1320
429.5000	  0.1315
429.0000	  0.1310
428.5000	  0.1304
428.0000	  0.1300
427.5000	  0.1296
427.0000	  0.1295
426.5000	  0.1291
426.0000	  0.1285
425.5000	  0.1281
425.0000	  0.1275
424.5000	  0.1273
424.0000	  0.1271
423.5000	  0.1264
423.0000	  0.1264
422.5000	  0.1259
422.0000	  0.1258
421.5000	  0.1252
421.0000	  0.1250
420.5000	  0.1245
420.0000	  0.1242
419.5000	  0.1239
419.0000	  0.1236
418.5000	  0.1225
418.0000	  0.1227
417.5000	  0.1225
417.0000	  0.1222
416.5000	  0.1217
416.0000	  0.1215
415.5000	  0.1211
415.0000	  0.1211
414.5000	  0.1200
414.0000	  0.1200
413.5000	  0.1196
413.0000	  0.1189
412.5000	  0.1192
412.0000	  0.1186
411.5000	  0.1185
411.0000	  0.1182
410.5000	  0.1178
410.0000	  0.1176
409.5000	  0.1170
409.0000	  0.1168
408.5000	  0.1164
408.0000	  0.1162
407.5000	  0.1158
407.0000	  0.1157
406.5000	  0.1152
406.0000	  0.1150
405.5000	  0.1149
405.0000	  0.1140
404.5000	  0.1143
404.0000	  0.1140
403.5000	  0.1133
403.0000	  0.1131
402.5000	  0.1130
402.0000	  0.1127
401.5000	  0.1126
401.0000	  0.1118
400.5000	  0.1119
400.0000	  0.1115
399.5000	  0.1113
399.0000	  0.1110
398.5000	  0.1108
398.0000	  0.1105
397.5000	  0.1101
397.0000	  0.1104
396.5000	  0.1094
396.0000	  0.1096
395.5000	  0.1089
395.0000	  0.1087
394.5000	  0.1087
394.0000	  0.1082
393.5000	  0.1084
393.0000	  0.1080
392.5000	  0.1078
392.0000	  0.1074
391.5000	  0.1069
391.0000	  0.1073
390.5000	  0.1067
390.0000	  0.1065
389.5000	  0.1064
389.0000	  0.1069
388.5000	  0.1059
388.0000	  0.1058
387.5000	  0.1062
387.0000	  0.1060
386.5000	  0.1054
386.0000	  0.1057
385.5000	  0.1055
385.0000	  0.1058
384.5000	  0.1053
384.0000	  0.1050
383.5000	  0.1049
383.0000	  0.1050
382.5000	  0.1053
382.0000	  0.1049
381.5000	  0.1049
381.0000	  0.1041
380.5000	  0.1042
380.0000	  0.1043
379.5000	  0.1041
379.0000	  0.1041
378.5000	  0.1036
378.0000	  0.1034
377.5000	  0.1036
377.0000	  0.1028
376.5000	  0.1033
376.0000	  0.1031
375.5000	  0.1032
375.0000	  0.1035
374.5000	  0.1031
374.0000	  0.1026
373.5000	  0.1026
373.0000	  0.1028
372.5000	  0.1021
372.0000	  0.1028
371.5000	  0.1019
371.0000	  0.1019
370.5000	  0.1015
370.0000	  0.1013
369.5000	  0.1016
369.0000	  0.1015
368.5000	  0.1017
368.0000	  0.1012
367.5000	  0.1012
367.0000	  0.1007
366.5000	  0.1005
366.0000	  0.1003
365.5000	  0.1002
365.0000	  0.0997
364.5000	  0.1007
364.0000	  0.1003
363.5000	  0.0995
363.0000	  0.0993
362.5000	  0.0998
362.0000	  0.0998
361.5000	  0.0997
361.0000	  0.0990
360.5000	  0.0992
360.0000	  0.0997
359.5000	  0.0992
359.0000	  0.0982
358.5000	  0.0986
358.0000	  0.0982
357.5000	  0.0989
357.0000	  0.0980
356.5000	  0.0982
356.0000	  0.0978
355.5000	  0.0976
355.0000	  0.0969
354.5000	  0.0971
354.0000	  0.0967
353.5000	  0.0975
353.0000	  0.0967
352.5000	  0.0973
352.0000	  0.0964
351.5000	  0.0962
351.0000	  0.0960
350.5000	  0.0946
350.0000	  0.0956
349.5000	  0.0954
349.0000	  0.0949
348.5000	  0.0940
348.0000	  0.0942
347.5000	  0.0939
347.0000	  0.0940
346.5000	  0.0927
346.0000	  0.0930
345.5000	  0.0929
345.0000	  0.0919
344.5000	  0.0916
344.0000	  0.0916
343.5000	  0.0913
343.0000	  0.0911
342.5000	  0.0904
342.0000	  0.0897
341.5000	  0.0892
341.0000	  0.0885
340.5000	  0.0890
340.0000	  0.0893
339.5000	  0.0870
339.0000	  0.0881
338.5000	  0.0879
338.0000	  0.0880
337.5000	  0.0865
337.0000	  0.0861
336.5000	  0.0863
336.0000	  0.0859
335.5000	  0.0857
335.0000	  0.0857
334.5000	  0.0846
334.0000	  0.0849
333.5000	  0.0830
333.0000	  0.0837
332.5000	  0.0845
332.0000	  0.0841
331.5000	  0.0816
331.0000	  0.0823
330.5000	  0.0814
330.0000	  0.0803
329.5000	  0.0803
329.0000	  0.0798
328.5000	  0.0797
328.0000	  0.0786
327.5000	  0.0789
327.0000	  0.0781
326.5000	  0.0780
326.0000	  0.0782
325.5000	  0.0780
325.0000	  0.0769
324.5000	  0.0763
324.0000	  0.0750
323.5000	  0.0756
323.0000	  0.0755
322.5000	  0.0753
322.0000	  0.0742
321.5000	  0.0740
321.0000	  0.0742
320.5000	  0.0720
320.0000	  0.0729
319.5000	  0.0728
319.0000	  0.0751
318.5000	  0.0714
318.0000	  0.0701
317.5000	  0.0708
317.0000	  0.0709
316.5000	  0.0697
316.0000	  0.0694
315.5000	  0.0676
315.0000	  0.0669
314.5000	  0.0694
314.0000	  0.0676
313.5000	  0.0687
313.0000	  0.0671
312.5000	  0.0668
312.0000	  0.0652
311.5000	  0.0645
311.0000	  0.0645
310.5000	  0.0650
310.0000	  0.0635
309.5000	  0.0614
309.0000	  0.0647
308.5000	  0.0633
308.0000	  0.0614
307.5000	  0.0592
307.0000	  0.0612
306.5000	  0.0557
306.0000	  0.0645
305.5000	  0.0630
305.0000	  0.0556
304.5000	  0.0594
304.0000	  0.0558
303.5000	  0.0531
303.0000	  0.0549
302.5000	  0.0575
302.0000	  0.0460
301.5000	  0.0517
301.0000	  0.0562
300.5000	  0.0345
300.0000	  0.0442
299.5000	  0.0542
299.0000	  0.0411
298.5000	  0.0498
298.0000	  0.0175
297.5000	  0.0034
297.0000	  0.0023
296.5000	  0.0815
296.0000	  0.0830
295.5000	  0.1170
295.0000	  0.1043
294.5000	  0.2471
294.0000	  0.2661
293.5000	  0.0405
293.0000	 -0.0634
292.5000	 -0.0163
292.0000	  0.2818
291.5000	  0.7418
291.0000	  1.9491
290.5000	  1.6560
290.0000	  0.3876
289.5000	  0.2738
289.0000	  0.0382
288.5000	  0.1671
288.0000	 -0.0829
287.5000	  1.2537
287.0000	  0.1075
286.5000	 -0.9364
286.0000	  0.4953
285.5000	 -0.8311
285.0000	  0.2189
284.5000	 -0.0364
284.0000	  1.0298
283.5000	 -0.5014
283.0000	 -0.0544
282.5000	  0.2733
282.0000	  0.7363
281.5000	  0.2976
281.0000	  0.1791
280.5000	  0.1464
280.0000	 -0.3155
279.5000	  1.2441
279.0000	  0.1540
278.5000	 -0.5027
278.0000	  0.6641
277.5000	  1.8371
277.0000	 -0.9754
276.5000	  0.4901
276.0000	  0.5066
275.5000	  0.3359
275.0000	  0.3765
274.5000	  6.9668
274.0000	  0.0205
273.5000	 -6.2209
273.0000	 -5.9920
272.5000	 -0.6750
272.0000	  0.5078
271.5000	  0.8693
271.0000	  0.2345
270.5000	 -1.6922
270.0000	  0.0379
269.5000	  0.1174
269.0000	 -0.2857
268.5000	  0.3501
268.0000	 29.6158
267.5000	  0.3178
267.0000	  0.9065
266.5000	 -0.1741
266.0000	  0.8935
265.5000	 -0.8695
265.0000	  0.1488
264.5000	  0.2543
264.0000	  1.7759
263.5000	  0.0768
263.0000	  4.0838
262.5000	  0.5831
262.0000	  0.8026
261.5000	  0.5713
261.0000	  0.2932
260.5000	  1.1600
260.0000	 -0.3932
259.5000	  0.8458
259.0000	  0.4597
258.5000	 -0.1952
258.0000	  0.1690
257.5000	  0.3351
257.0000	  1.3754
256.5000	  0.1605
256.0000	  0.2870
255.5000	 -1.2173
255.0000	  0.0000
254.5000	  0.3357
254.0000	  0.5970
253.5000	  0.5810
253.0000	 -0.5948
252.5000	  0.9820
252.0000	  0.0073
251.5000	  0.1658
251.0000	 -0.2707
250.5000	  1.2642
250.0000	 -5.6997
249.5000	  0.5507
249.0000	  0.3299
248.5000	  0.1352
248.0000	  0.0084
247.5000	  1.7822
247.0000	  2.0124
246.5000	 -0.4455
246.0000	  0.1268
245.5000	 -1.6709
245.0000	 -0.0806
244.5000	 -1.2523
244.0000	  0.1601
243.5000	 -1.4657
243.0000	  0.6567
242.5000	  0.4127
242.0000	  0.2515
241.5000	 -0.4059
241.0000	  0.7024
240.5000	 -0.1093
240.0000	  1.8504
239.5000	  0.2608
239.0000	  1.3514
238.5000	  0.0655
238.0000	  0.5125
237.5000	  0.5314
237.0000	  1.2536
236.5000	 -1.7099
236.0000	  0.3350
235.5000	 -0.4321
235.0000	  0.6221
234.5000	  0.2064
234.0000	  0.8002
233.5000	  3.3799
233.0000	  6.2135
232.5000	  0.6697
232.0000	 -1.9444
231.5000	 -0.0266
231.0000	 -0.5832
230.5000	 -1.2810
230.0000	 -0.5619
229.5000	 -0.5582
229.0000	 -0.6696
228.5000	  0.3436
228.0000	 -1.0920
227.5000	  0.9370
227.0000	-11.9972
226.5000	 -2.0921
226.0000	 -0.0296
225.5000	 -0.2500
225.0000	  0.3715
224.5000	  1.1246
224.0000	  0.3585
223.5000	  0.0979
223.0000	  1.8305
222.5000	  1.4876
222.0000	  0.6639
221.5000	  1.9821
221.0000	  0.3772
220.5000	  1.0523
220.0000	  4.8683
219.5000	  0.1628
219.0000	  0.4367
218.5000	  1.0624
218.0000	 -4.6345
217.5000	  0.8220
217.0000	  0.0541
216.5000	-18.4487
216.0000	 -3.0085
215.5000	 29.2101
215.0000	  0.0252
214.5000	  9.2941
214.0000	  0.0000
213.5000	  1.6735
213.0000	  0.3249
212.5000	 -1.4301
212.0000	  1.8601
211.5000	-20.2038
211.0000	 -0.1768
210.5000	  0.4835
210.0000	  0.5191
209.5000	  0.4939
209.0000	  0.0000
208.5000	 -0.9739
208.0000	  7.9354
207.5000	 -0.1760
207.0000	  1.0432
206.5000	  3.2038
206.0000	  0.6273
205.5000	  1.7266
205.0000	 -3.7732
204.5000	 -4.9497
204.0000	  3.8947
203.5000	 -0.1553
203.0000	  0.4996
202.5000	  0.1386
202.0000	  1.6952
201.5000	  0.6909
201.0000	  0.3595
200.5000	  0.9386
200.0000	  0.0334

