lambda		value

Calibration:
lambda:	800
Abs:	0.0006

Data:
#
800		0.0348209
799.5		0.0347208
799		0.0348477
798.5		0.0346965
798		0.0350965
797.5		0.0351809
797		0.035093
796.5		0.035079
796		0.0351508
795.5		0.0353682
795		0.0354142
794.5		0.0354035
794		0.0356715
793.5		0.0355431
793		0.0357214
792.5		0.0358
792		0.0361615
791.5		0.0358319
791		0.0357499
790.5		0.0361711
790		0.035992
789.5		0.0363036
789		0.0362565
788.5		0.0366146
788		0.0365452
787.5		0.0366524
787		0.0369963
786.5		0.0366304
786		0.0368636
785.5		0.0370889
785		0.0368526
784.5		0.0370481
784		0.0371406
783.5		0.0372144
783		0.0376113
782.5		0.0373403
782		0.0373953
781.5		0.0376511
781		0.0377133
780.5		0.0376172
780		0.0381047
779.5		0.0376435
779		0.0379393
778.5		0.0381816
778		0.0382656
777.5		0.0381588
777		0.0382851
776.5		0.0387071
776		0.0384577
775.5		0.0386339
775		0.0389766
774.5		0.038519
774		0.0387806
773.5		0.0390064
773		0.0392548
772.5		0.0393253
772		0.0390127
771.5		0.0395446
771		0.039454
770.5		0.0393348
770		0.0395012
769.5		0.0399801
769		0.039673
768.5		0.0400398
768		0.0399323
767.5		0.0402671
767		0.040203
766.5		0.0403708
766		0.0406147
765.5		0.0404745
765		0.0406238
764.5		0.0408021
764		0.0406455
763.5		0.041018
763		0.0409828
762.5		0.0411642
762		0.0413388
761.5		0.0412443
761		0.0414508
760.5		0.0416459
760		0.0418786
759.5		0.041621
759		0.0419733
758.5		0.0419114
758		0.0421639
757.5		0.04199
757		0.0422843
756.5		0.0423586
756		0.0425256
755.5		0.0425998
755		0.0426866
754.5		0.0428074
754		0.0429691
753.5		0.0434479
753		0.0432271
752.5		0.0430289
752		0.0434696
751.5		0.0434308
751		0.0436599
750.5		0.0437332
750		0.043932
749.5		0.0439801
749		0.0439484
748.5		0.0441352
748		0.0443428
747.5		0.0442988
747		0.0446855
746.5		0.0445437
746		0.0448444
745.5		0.0448858
745		0.0448769
744.5		0.0450486
744		0.0449906
743.5		0.0453418
743		0.0453553
742.5		0.0455448
742		0.0457205
741.5		0.0457743
741		0.0458734
740.5		0.0458961
740		0.0460487
739.5		0.0462393
739		0.0462147
738.5		0.046134
738		0.0464448
737.5		0.046606
737		0.0467715
736.5		0.0470635
736		0.0471763
735.5		0.0472332
735		0.0471577
734.5		0.0474032
734		0.0474827
733.5		0.047666
733		0.04776
732.5		0.0477597
732		0.0478624
731.5		0.0480779
731		0.0481383
730.5		0.0485934
730		0.0484646
729.5		0.0486465
729		0.0487423
728.5		0.0486138
728		0.0490906
727.5		0.0488993
727		0.0491611
726.5		0.049337
726		0.0494127
725.5		0.0496213
725		0.049574
724.5		0.0498358
724		0.0499085
723.5		0.0503466
723		0.0499376
722.5		0.0504121
722		0.0503673
721.5		0.0507329
721		0.0506917
720.5		0.0508651
720		0.0510397
719.5		0.0508459
719		0.0514076
718.5		0.0514623
718		0.0517727
717.5		0.051881
717		0.0521975
716.5		0.0520443
716		0.0522164
715.5		0.0526167
715		0.0530504
714.5		0.0532117
714		0.053153
713.5		0.0534366
713		0.0535646
712.5		0.0536642
712		0.053861
711.5		0.0540122
711		0.0542192
710.5		0.0543563
710		0.0547089
709.5		0.0546272
709		0.0549784
708.5		0.0552009
708		0.0551135
707.5		0.055468
707		0.0557089
706.5		0.0559992
706		0.0559012
705.5		0.0560978
705		0.0560158
704.5		0.0564699
704		0.0567453
703.5		0.0568585
703		0.056667
702.5		0.0570245
702		0.0573374
701.5		0.0573795
701		0.0577208
700.5		0.0579467
700		0.0578382
699.5		0.0582889
699		0.0582323
698.5		0.0585972
698		0.0586667
697.5		0.058719
697		0.0591255
696.5		0.0593932
696		0.0593864
695.5		0.0593571
695		0.0598147
694.5		0.0599743
694		0.0601993
693.5		0.0604146
693		0.0603278
692.5		0.0607555
692		0.0609804
691.5		0.0612769
691		0.0613775
690.5		0.0616967
690		0.0618333
689.5		0.0621603
689		0.0620178
688.5		0.0624444
688		0.0624752
687.5		0.062716
687		0.0628458
686.5		0.0632349
686		0.0636067
685.5		0.0636427
685		0.0637415
684.5		0.0640316
684		0.0644587
683.5		0.0643981
683		0.0650519
682.5		0.0648606
682		0.0649812
681.5		0.065355
681		0.0653633
680.5		0.0658623
680		0.0658428
679.5		0.0661925
679		0.0665808
678.5		0.0666799
678		0.0669965
677.5		0.0673857
677		0.067458
676.5		0.0677966
676		0.0681391
675.5		0.0681121
675		0.0684633
674.5		0.0685731
674		0.068945
673.5		0.0691294
673		0.0693001
672.5		0.0696754
672		0.0697882
671.5		0.07
671		0.070403
670.5		0.070509
670		0.0709613
669.5		0.0710539
669		0.0712234
668.5		0.0716267
668		0.0716264
667.5		0.0721496
667		0.0723059
666.5		0.0725383
666		0.0728319
665.5		0.0730404
665		0.0733327
664.5		0.0735192
664		0.0736967
663.5		0.0740631
663		0.0744375
662.5		0.074683
662		0.0747275
661.5		0.075109
661		0.0752006
660.5		0.0756119
660		0.0757411
659.5		0.0761754
659		0.0763359
658.5		0.0766865
658		0.0769231
657.5		0.0773349
657		0.0775717
656.5		0.0776401
656		0.0779685
655.5		0.0782073
655		0.0786628
654.5		0.0786394
654		0.0792217
653.5		0.079206
653		0.0797058
652.5		0.0798928
652		0.0802144
651.5		0.0807478
651		0.0805988
650.5		0.0811401
650		0.0814543
649.5		0.0819411
649		0.0822313
648.5		0.0822816
648		0.0828856
647.5		0.083151
647		0.0833084
646.5		0.0836816
646		0.0837478
645.5		0.0842367
645		0.084371
644.5		0.0849517
644		0.0851785
643.5		0.0856175
643		0.0860762
642.5		0.0861793
642		0.0866354
641.5		0.0870043
641		0.0872517
640.5		0.0875337
640		0.0880056
639.5		0.0881617
639		0.0886443
638.5		0.0888778
638		0.0891962
637.5		0.0897951
637		0.0902792
636.5		0.0903978
636		0.0909365
635.5		0.0910919
635		0.0918707
634.5		0.0920907
634		0.0925403
633.5		0.0927721
633		0.0931313
632.5		0.0934816
632		0.0939713
631.5		0.0941414
631		0.0947039
630.5		0.095137
630		0.0953054
629.5		0.0956996
629		0.0962023
628.5		0.0963455
628		0.096865
627.5		0.0969843
627		0.0972334
626.5		0.0976438
626		0.0979767
625.5		0.0982498
625		0.0984061
624.5		0.0988815
624		0.0990431
623.5		0.0995863
623		0.0997148
622.5		0.100137
622		0.100481
621.5		0.10094
621		0.101084
620.5		0.101511
620		0.101918
619.5		0.102217
619		0.102791
618.5		0.102933
618		0.103328
617.5		0.103726
617		0.104189
616.5		0.10472
616		0.104925
615.5		0.10536
615		0.105904
614.5		0.10599
614		0.106499
613.5		0.106893
613		0.107539
612.5		0.107971
612		0.108061
611.5		0.108967
611		0.109013
610.5		0.109876
610		0.109976
609.5		0.110366
609		0.110841
608.5		0.111317
608		0.111717
607.5		0.112117
607		0.112767
606.5		0.113088
606		0.113643
605.5		0.114191
605		0.114322
604.5		0.114992
604		0.115718
603.5		0.11577
603		0.116412
602.5		0.116881
602		0.117561
601.5		0.117738
601		0.1185
600.5		0.118652
600		0.119122
599.5		0.119946
599		0.119961
598.5		0.120521
598		0.120962
597.5		0.121804
597		0.122399
596.5		0.122841
596		0.12324
595.5		0.123195
595		0.123885
594.5		0.124479
594		0.124952
593.5		0.125801
593		0.126151
592.5		0.126199
592		0.127121
591.5		0.127736
591		0.128208
590.5		0.128804
590		0.128801
589.5		0.129504
589		0.130119
588.5		0.130468
588		0.131273
587.5		0.131724
587		0.132101
586.5		0.132347
586		0.132985
585.5		0.133992
585		0.134125
584.5		0.134848
584		0.13537
583.5		0.135657
583		0.136993
582.5		0.137084
582		0.137708
581.5		0.137791
581		0.138294
580.5		0.139184
580		0.139726
579.5		0.140153
579		0.140678
578.5		0.141342
578		0.142112
577.5		0.142485
577		0.143229
576.5		0.144056
576		0.144235
575.5		0.145136
575		0.145393
574.5		0.146137
574		0.146356
573.5		0.146626
573		0.147823
572.5		0.148659
572		0.148776
571.5		0.14934
571		0.150029
570.5		0.150482
570		0.151258
569.5		0.151883
569		0.15244
568.5		0.153151
568		0.153329
567.5		0.154432
567		0.155245
566.5		0.155733
566		0.156169
565.5		0.156742
565		0.157763
564.5		0.158138
564		0.159008
563.5		0.159427
563		0.159409
562.5		0.160766
562		0.161656
561.5		0.161823
561		0.162645
560.5		0.162989
560		0.164536
559.5		0.165479
559		0.165674
558.5		0.166282
558		0.167019
557.5		0.167466
557		0.168267
556.5		0.168987
556		0.169353
555.5		0.170315
555		0.170566
554.5		0.171851
554		0.172166
553.5		0.172453
553		0.173654
552.5		0.173726
552		0.174751
551.5		0.175297
551		0.176127
550.5		0.176815
550		0.176752
549.5		0.177999
549		0.178356
548.5		0.179266
548		0.179826
547.5		0.180237
547		0.181052
546.5		0.181853
546		0.182575
545.5		0.183535
545		0.183722
544.5		0.184394
544		0.184757
543.5		0.185529
543		0.186142
542.5		0.186861
542		0.187739
541.5		0.187816
541		0.188485
540.5		0.189135
540		0.18965
539.5		0.19084
539		0.191122
538.5		0.191735
538		0.192381
537.5		0.19281
537		0.193675
536.5		0.193779
536		0.194656
535.5		0.194931
535		0.195733
534.5		0.196628
534		0.196739
533.5		0.197639
533		0.198398
532.5		0.199008
532		0.199581
531.5		0.200229
531		0.200286
530.5		0.201106
530		0.201733
529.5		0.202132
529		0.203089
528.5		0.203256
528		0.203732
527.5		0.204517
527		0.204892
526.5		0.205773
526		0.206325
525.5		0.206568
525		0.207475
524.5		0.208016
524		0.208456
523.5		0.209001
523		0.209468
522.5		0.209484
522		0.210566
521.5		0.211188
521		0.211364
520.5		0.211668
520		0.212014
519.5		0.21258
519		0.213183
518.5		0.213577
518		0.213769
517.5		0.214231
517		0.214878
516.5		0.214714
516		0.215819
515.5		0.215307
515		0.216111
514.5		0.216516
514		0.216463
513.5		0.217341
513		0.216902
512.5		0.218085
512		0.218314
511.5		0.218017
511		0.218696
510.5		0.218595
510		0.218735
509.5		0.218816
509		0.218908
508.5		0.219645
508		0.219587
507.5		0.219417
507		0.219714
506.5		0.219213
506		0.218794
505.5		0.219195
505		0.21899
504.5		0.219004
504		0.218233
503.5		0.218334
503		0.218461
502.5		0.217657
502		0.217485
501.5		0.216976
501		0.216618
500.5		0.21733
500		0.215946
499.5		0.216032
499		0.21543
498.5		0.214664
498		0.214791
497.5		0.214266
497		0.213881
496.5		0.21275
496		0.212612
495.5		0.211846
495		0.211192
494.5		0.210478
494		0.20959
493.5		0.209009
493		0.208533
492.5		0.207544
492		0.207103
491.5		0.205896
491		0.204862
490.5		0.204537
490		0.203768
489.5		0.202771
489		0.202128
488.5		0.200807
488		0.19978
487.5		0.199669
487		0.197748
486.5		0.197271
486		0.196702
485.5		0.194919
485		0.194577
484.5		0.193684
484		0.192392
483.5		0.191185
483		0.190472
482.5		0.189429
482		0.188418
481.5		0.187136
481		0.185947
480.5		0.184761
480		0.184143
479.5		0.183365
479		0.182132
478.5		0.181166
478		0.17984
477.5		0.178798
477		0.178193
476.5		0.176657
476		0.176061
475.5		0.174439
475		0.173353
474.5		0.172787
474		0.171647
473.5		0.170791
473		0.169559
472.5		0.168746
472		0.168013
471.5		0.166921
471		0.165505
470.5		0.164775
470		0.163842
469.5		0.163453
469		0.162092
468.5		0.161138
468		0.160651
467.5		0.159574
467		0.15858
466.5		0.15743
466		0.156877
465.5		0.156214
465		0.154971
464.5		0.154415
464		0.153319
463.5		0.152455
463		0.151584
462.5		0.150953
462		0.150415
461.5		0.149685
461		0.148801
460.5		0.147965
460		0.14723
459.5		0.146704
459		0.146066
458.5		0.144997
458		0.144812
457.5		0.143759
457		0.142931
456.5		0.142771
456		0.141599
455.5		0.141634
455		0.140793
454.5		0.140038
454		0.139406
453.5		0.138913
453		0.138379
452.5		0.137856
452		0.137367
451.5		0.136221
451		0.135955
450.5		0.135796
450		0.134614
449.5		0.13422
449		0.133467
448.5		0.133181
448		0.132041
447.5		0.131944
447		0.131247
446.5		0.130622
446		0.130174
445.5		0.129479
445		0.128653
444.5		0.128221
444		0.127686
443.5		0.127134
443		0.126929
442.5		0.125565
442		0.125821
441.5		0.125233
441		0.124301
440.5		0.1237
440		0.123588
439.5		0.122952
439		0.122309
438.5		0.12191
438		0.121166
437.5		0.120762
437		0.120346
436.5		0.119804
436		0.119402
435.5		0.118842
435		0.118374
434.5		0.118256
434		0.117757
433.5		0.11667
433		0.116851
432.5		0.116488
432		0.115497
431.5		0.115412
431		0.114933
430.5		0.114829
430		0.113877
429.5		0.113275
429		0.113167
428.5		0.112315
428		0.112347
427.5		0.111486
427		0.110855
426.5		0.111013
426		0.110747
425.5		0.110303
425		0.109585
424.5		0.109437
424		0.109115
423.5		0.108632
423		0.108395
422.5		0.10807
422		0.107414
421.5		0.107532
421		0.107237
420.5		0.106415
420		0.106468
419.5		0.105848
419		0.105639
418.5		0.105235
418		0.104911
417.5		0.104374
417		0.103841
416.5		0.103445
416		0.103491
415.5		0.103134
415		0.10222
414.5		0.102288
414		0.101685
413.5		0.101692
413		0.100972
412.5		0.101167
412		0.100604
411.5		0.100333
411		0.099965
410.5		0.099738
410		0.0995967
409.5		0.0988742
409		0.0987267
408.5		0.0983092
408		0.0978868
407.5		0.0982174
407		0.0974229
406.5		0.0971653
406		0.0970781
405.5		0.096418
405		0.0963971
404.5		0.0959882
404		0.0954909
403.5		0.0954949
403		0.0950478
402.5		0.0948988
402		0.0948201
401.5		0.0945922
401		0.0942627
400.5		0.0940616
400		0.0936359
399.5		0.0934945
399		0.0933299
398.5		0.092333
398		0.0925156
397.5		0.0921851
397		0.0919411
396.5		0.091697
396		0.0914999
395.5		0.0915627
395		0.0909484
394.5		0.0915157
394		0.0906816
393.5		0.0910036
393		0.0903838
392.5		0.0898838
392		0.089779
391.5		0.0892796
391		0.0896165
390.5		0.0892673
390		0.0888011
389.5		0.0881571
389		0.0882403
388.5		0.0881446
388		0.0882252
387.5		0.0879515
387		0.0875245
386.5		0.0871939
386		0.0867899
385.5		0.0870935
385		0.0868309
384.5		0.0864302
384		0.086975
383.5		0.0860579
383		0.0860115
382.5		0.0854326
382		0.0858569
381.5		0.0856179
381		0.0858539
380.5		0.0850206
380		0.0850489
379.5		0.0838564
379		0.0847415
378.5		0.0843545
378		0.0842687
377.5		0.0839266
377		0.0836263
376.5		0.0836324
376		0.0833333
375.5		0.0835631
375		0.0829232
374.5		0.0831312
374		0.0829301
373.5		0.0831032
373		0.0825971
372.5		0.0824029
372		0.0824846
371.5		0.0819359
371		0.0822522
370.5		0.0816513
370		0.0815529
369.5		0.0819181
369		0.0812402
368.5		0.0809311
368		0.0813008
367.5		0.0809964
367		0.081157
366.5		0.0813405
366		0.0804626
365.5		0.0804493
365		0.0802998
364.5		0.080198
364		0.0803299
363.5		0.0801483
363		0.0797991
362.5		0.0795557
362		0.0790705
361.5		0.0788137
361		0.0799705
360.5		0.0793664
360		0.0785679
359.5		0.0788654
359		0.0793573
358.5		0.077692
358		0.0786066
357.5		0.0775693
357		0.0773751
356.5		0.0770551
356		0.0773494
355.5		0.0775743
355		0.0776066
354.5		0.0761557
354		0.0762175
353.5		0.0769043
353		0.0763055
352.5		0.0763799
352		0.075793
351.5		0.0759432
351		0.0758129
350.5		0.0752993
350		0.0747875
349.5		0.0742654
349		0.0745968
348.5		0.0736961
348		0.0721443
347.5		0.0726306
347		0.0732494
346.5		0.0714572
346		0.0711598
345.5		0.0712067
345		0.0715144
344.5		0.0712395
344		0.0703088
343.5		0.070174
343		0.0695889
342.5		0.0688611
342		0.0691141
341.5		0.0696633
341		0.0684202
340.5		0.0675343
340		0.0677912
339.5		0.0665152
339		0.0667607
338.5		0.0671765
338		0.0661144
337.5		0.0656252
337		0.0657812
336.5		0.0641156
336		0.0650688
335.5		0.0641657
335		0.0640436
334.5		0.0635131
334		0.062704
333.5		0.0629414
333		0.0627042
332.5		0.0612657
332		0.0607962
331.5		0.0611739
331		0.061364
330.5		0.0603116
330		0.060282
329.5		0.0594936
329		0.0590275
328.5		0.0582643
328		0.0586701
327.5		0.0581726
327		0.0575435
326.5		0.0575496
326		0.0563456
325.5		0.0569286
325		0.0559077
324.5		0.0561436
324		0.0553604
323.5		0.0549073
323		0.0567093
322.5		0.0553689
322		0.0539593
321.5		0.0534634
321		0.0523878
320.5		0.0530671
320		0.0527786
319.5		0.0519049
319		0.0533867
318.5		0.0513305
318		0.0509102
317.5		0.0513923
317		0.0500561
316.5		0.0501386
316		0.0496523
315.5		0.0500825
315		0.0485169
314.5		0.0484388
314		0.0476438
313.5		0.0467449
313		0.0470421
312.5		0.0456811
312		0.0465992
311.5		0.046211
311		0.0461902
310.5		0.0449771
310		0.0465806
309.5		0.0452518
309		0.0446099
308.5		0.0456853
308		0.0423012
307.5		0.0421784
307		0.0434686
306.5		0.0448727
306		0.0394766
305.5		0.0422648
305		0.039625
304.5		0.0376517
304		0.0391053
303.5		0.0422721
303		0.0371483
302.5		0.0445635
302		0.0357143
301.5		0.0384475
301		0.04
300.5		0.0552639
300		0.0418162
299.5		0.0446643
299		0.0298083
298.5		0.0474949
298		0.0302004
297.5		0.0497865
297		0.0257058
296.5		0.131689
296		0.0288336
295.5		0.107833
295		0.307303
294.5		0.13353
294		0.471877
293.5		0.241466
293		-0.549456
292.5		0.321932
292		0.257986
291.5		0.451122
291		0.171305
290.5		-0.145572
290		0.264064
289.5		-0.487763
289		0.230558
288.5		-0.510997
288		-0.0246697
287.5		0.0836553
287		1.02381
286.5		-0.349826
286		0.600895
285.5		0.555015
285		0.466266
284.5		1.09124
284		0.284977
283.5		-0.572648
283		3.69759
282.5		0.432007
282		0.220544
281.5		-0.42148
281		0.286418
280.5		1.53174
280		0.00754948
279.5		1.11537
279		-0.412115
278.5		-0.985526
278		0.923627
277.5		0.590704
277		0.622529
276.5		0.314732
276		1.37014
275.5		0.628692
275		0.123753
274.5		-0.143323
274		0.72171
273.5		1.03528
273		1.84755
272.5		-1.96808
272		0.489462
271.5		0.792979
271		0.0133307
270.5		1.12451
270		-10.2517
269.5		-0.493186
269		1.81245
268.5		-2.11712
268		0.135747
267.5		0.391861
267		1.08756
266.5		-0.422538
266		-0.0528575
265.5		0.180165
265		1.10167
264.5		0.32167
264		0.046494
263.5		0.73147
263		-0.165999
262.5		0.299651
262		1.06607
261.5		0.310211
261		27.7871
260.5		0.347089
260		-1.6664
259.5		0.268065
259		-0.199172
258.5		-0.397901
258		0.552349
257.5		-1.662
257		0.165955
256.5		5.50434
256		0.70872
255.5		0.342611
255		0.796018
254.5		1.32778
254		0.292832
253.5		-0.217052
253		-0.386082
252.5		-0.232454
252		0.60034
251.5		-0.13796
251		0.520513
250.5		0.15
250		0.113483
249.5		-0.0337787
249		36.1766
248.5		0.133025
248		0.571215
247.5		0.203452
247		0.40849
246.5		0.869724
246		1.25112
245.5		0.52754
245		-0.241137
244.5		-0.581237
244		0.179396
243.5		-0.294732
243		0.278619
242.5		0.856027
242		-0.518047
241.5		0.49734
241		0.0526515
240.5		0.604997
240		0.990042
239.5		0.0196805
239		1.30525
238.5		0.261385
238		-1.33491
237.5		-0.139558
237		0.924138
236.5		0.0985504
236		-11.3725
235.5		0.883543
235		0.0792525
234.5		0.0515296
234		0.65177
233.5		0.515534
233		-0.0444301
232.5		0.123725
232		0.0332398
231.5		-0.678594
231		0.637049
230.5		0.46864
230		0.730053
229.5		0.76218
229		-0.540041
228.5		-0.0927419
228		18.4649
227.5		-0.0355625
227		-0.009102
226.5		0.172715
226		1.37348
225.5		0.658735
225		0.231881
224.5		0.424976
224		-0.300502
223.5		0.411425
223		-0.12451
222.5		1.45132
222		-2.92682
221.5		-0.318915
221		0.330286
220.5		6.4807
220		-0.0322074
219.5		0.468702
219		-0.849105
218.5		0.284888
218		0.253456
217.5		-0.277327
217		-2.76186
216.5		0.15593
216		-0.822513
215.5		0.305447
215		0.305268
214.5		0.0330717
214		0.926817
213.5		0.176884
213		-0.120793
212.5		-37.0213
212		0.232738
211.5		0.413174
211		0.0363047
210.5		-7.26449
210		6.50075
209.5		1.01893
209		0.513519
208.5		-0.393471
208		0.870267
207.5		-0.716044
207		18.7152
206.5		-0.615148
206		0.714276
205.5		3.71497
205		-0.269142
204.5		0.0322668
204		0.177544
203.5		-0.562376
203		0.617479
202.5		-0.343797
202		0.929544
201.5		-0.0878625
201		0.819849
200.5		4.23842
200		1.07878
