lambda		value

Calibration:
lambda:	800
Abs:	0

Data:
#
800		0.509346
799.5		0.509346
799		0.507721
798.5		0.508208
798		0.506734
797.5		0.508242
797		0.506924
796.5		0.506495
796		0.506146
795.5		0.506102
795		0.50638
794.5		0.505844
794		0.505261
793.5		0.504573
793		0.504949
792.5		0.503824
792		0.50413
791.5		0.502994
791		0.501994
790.5		0.502487
790		0.501806
789.5		0.503435
789		0.502539
788.5		0.501616
788		0.50065
787.5		0.500608
787		0.500104
786.5		0.500167
786		0.4991
785.5		0.500145
785		0.498148
784.5		0.499412
784		0.498153
783.5		0.498781
783		0.497894
782.5		0.49753
782		0.496315
781.5		0.497553
781		0.496265
780.5		0.495198
780		0.495347
779.5		0.495473
779		0.495551
778.5		0.492963
778		0.493929
777.5		0.49329
777		0.492885
776.5		0.492473
776		0.492528
775.5		0.489726
775		0.491684
774.5		0.491364
774		0.491152
773.5		0.489647
773		0.490103
772.5		0.489763
772		0.48885
771.5		0.490162
771		0.488664
770.5		0.487957
770		0.488567
769.5		0.487153
769		0.486577
768.5		0.48529
768		0.48635
767.5		0.485979
767		0.485662
766.5		0.485137
766		0.48455
765.5		0.484071
765		0.483305
764.5		0.48377
764		0.483327
763.5		0.483791
763		0.482204
762.5		0.484059
762		0.482137
761.5		0.480104
761		0.481758
760.5		0.480596
760		0.480694
759.5		0.479777
759		0.479103
758.5		0.478894
758		0.477545
757.5		0.478897
757		0.477034
756.5		0.476359
756		0.477503
755.5		0.475869
755		0.477349
754.5		0.476244
754		0.474023
753.5		0.474936
753		0.474773
752.5		0.473352
752		0.472718
751.5		0.471661
751		0.472822
750.5		0.471616
750		0.471869
749.5		0.471097
749		0.470167
748.5		0.470411
748		0.46935
747.5		0.470128
747		0.469949
746.5		0.467894
746		0.468875
745.5		0.466469
745		0.466546
744.5		0.466948
744		0.465503
743.5		0.465849
743		0.464596
742.5		0.464815
742		0.464266
741.5		0.463619
741		0.462051
740.5		0.46271
740		0.462121
739.5		0.462457
739		0.460815
738.5		0.460182
738		0.459322
737.5		0.458575
737		0.459312
736.5		0.457662
736		0.457865
735.5		0.457034
735		0.45671
734.5		0.455276
734		0.454837
733.5		0.454887
733		0.453799
732.5		0.450981
732		0.45142
731.5		0.450235
731		0.449336
730.5		0.4488
730		0.446828
729.5		0.447211
729		0.446166
728.5		0.444543
728		0.444312
727.5		0.442138
727		0.441077
726.5		0.440362
726		0.438102
725.5		0.437584
725		0.436191
724.5		0.43356
724		0.432212
723.5		0.43127
723		0.429692
722.5		0.428576
722		0.425188
721.5		0.42332
721		0.42218
720.5		0.420043
720		0.419071
719.5		0.417426
719		0.416217
718.5		0.415146
718		0.414066
717.5		0.412912
717		0.413066
716.5		0.413626
716		0.41302
715.5		0.413968
715		0.41605
714.5		0.417979
714		0.418386
713.5		0.420006
713		0.42085
712.5		0.422002
712		0.423053
711.5		0.423363
711		0.424475
710.5		0.425968
710		0.42813
709.5		0.427577
709		0.427402
708.5		0.429365
708		0.429002
707.5		0.429885
707		0.430488
706.5		0.430545
706		0.429521
705.5		0.427984
705		0.427173
704.5		0.428046
704		0.427497
703.5		0.425934
703		0.426182
702.5		0.426192
702		0.425268
701.5		0.424311
701		0.425188
700.5		0.424314
700		0.422348
699.5		0.423713
699		0.423293
698.5		0.421209
698		0.420623
697.5		0.422007
697		0.419941
696.5		0.420749
696		0.419872
695.5		0.419717
695		0.418007
694.5		0.418772
694		0.418384
693.5		0.41754
693		0.41695
692.5		0.415449
692		0.416726
691.5		0.414743
691		0.414654
690.5		0.414479
690		0.413256
689.5		0.413631
689		0.413908
688.5		0.413162
688		0.412503
687.5		0.411586
687		0.411261
686.5		0.409981
686		0.410578
685.5		0.40908
685		0.409192
684.5		0.40847
684		0.407696
683.5		0.407979
683		0.407194
682.5		0.40624
682		0.405705
681.5		0.405514
681		0.40418
680.5		0.404779
680		0.403926
679.5		0.403176
679		0.403237
678.5		0.402469
678		0.401727
677.5		0.400027
677		0.400885
676.5		0.400781
676		0.399393
675.5		0.399386
675		0.398504
674.5		0.397817
674		0.397982
673.5		0.396482
673		0.39558
672.5		0.396381
672		0.395503
671.5		0.39412
671		0.394254
670.5		0.393436
670		0.393921
669.5		0.392303
669		0.392551
668.5		0.391929
668		0.390504
667.5		0.390284
667		0.390122
666.5		0.388948
666		0.388772
665.5		0.387878
665		0.388857
664.5		0.388751
664		0.386569
663.5		0.386442
663		0.385453
662.5		0.38567
662		0.384816
661.5		0.384858
661		0.383717
660.5		0.383702
660		0.382609
659.5		0.38274
659		0.381796
658.5		0.382109
658		0.381425
657.5		0.380247
657		0.38032
656.5		0.379846
656		0.378918
655.5		0.37934
655		0.377796
654.5		0.378072
654		0.377508
653.5		0.377131
653		0.376492
652.5		0.374501
652		0.375289
651.5		0.374838
651		0.374396
650.5		0.374245
650		0.372374
649.5		0.373713
649		0.373468
648.5		0.373154
648		0.372535
647.5		0.370656
647		0.371783
646.5		0.370648
646		0.370459
645.5		0.36968
645		0.369422
644.5		0.368847
644		0.369387
643.5		0.368943
643		0.368116
642.5		0.368145
642		0.367117
641.5		0.367777
641		0.367579
640.5		0.36658
640		0.367359
639.5		0.366244
639		0.366348
638.5		0.367055
638		0.366013
637.5		0.366565
637		0.366044
636.5		0.366565
636		0.366046
635.5		0.365639
635		0.365908
634.5		0.3652
634		0.365093
633.5		0.366242
633		0.365234
632.5		0.364982
632		0.365005
631.5		0.364487
631		0.364828
630.5		0.363648
630		0.362215
629.5		0.360963
629		0.36113
628.5		0.358477
628		0.358256
627.5		0.355899
627		0.355389
626.5		0.353258
626		0.351812
625.5		0.350836
625		0.348494
624.5		0.347957
624		0.345149
623.5		0.343909
623		0.341589
622.5		0.340163
622		0.338455
621.5		0.337447
621		0.337432
620.5		0.335602
620		0.334543
619.5		0.333946
619		0.333495
618.5		0.332187
618		0.330396
617.5		0.331091
617		0.331796
616.5		0.331777
616		0.332201
615.5		0.332376
615		0.332016
614.5		0.332387
614		0.330934
613.5		0.330998
613		0.330974
612.5		0.330481
612		0.330588
611.5		0.329906
611		0.329902
610.5		0.330524
610		0.329615
609.5		0.32897
609		0.328451
608.5		0.328464
608		0.327849
607.5		0.328711
607		0.328246
606.5		0.328067
606		0.327754
605.5		0.32737
605		0.32711
604.5		0.326549
604		0.326741
603.5		0.327343
603		0.326305
602.5		0.325908
602		0.326645
601.5		0.326046
601		0.326015
600.5		0.325596
600		0.324598
599.5		0.3264
599		0.324497
598.5		0.326251
598		0.325352
597.5		0.325403
597		0.326017
596.5		0.324575
596		0.32464
595.5		0.326524
595		0.326021
594.5		0.326278
594		0.325722
593.5		0.326211
593		0.327506
592.5		0.325463
592		0.326579
591.5		0.327354
591		0.325954
590.5		0.326947
590		0.327028
589.5		0.327572
589		0.327367
588.5		0.328006
588		0.327708
587.5		0.327941
587		0.328318
586.5		0.327759
586		0.329373
585.5		0.328238
585		0.32979
584.5		0.328966
584		0.330067
583.5		0.331022
583		0.330358
582.5		0.33126
582		0.331447
581.5		0.331108
581		0.332494
580.5		0.332859
580		0.333393
579.5		0.334195
579		0.334164
578.5		0.335595
578		0.335227
577.5		0.335712
577		0.337003
576.5		0.337013
576		0.337593
575.5		0.338345
575		0.338459
574.5		0.338753
574		0.340517
573.5		0.341016
573		0.341967
572.5		0.342828
572		0.343046
571.5		0.344354
571		0.345072
570.5		0.346256
570		0.346747
569.5		0.34818
569		0.347294
568.5		0.349251
568		0.349048
567.5		0.351308
567		0.35168
566.5		0.353387
566		0.354522
565.5		0.354758
565		0.356366
564.5		0.357727
564		0.357192
563.5		0.358899
563		0.359192
562.5		0.361484
562		0.362713
561.5		0.363025
561		0.364178
560.5		0.366535
560		0.365811
559.5		0.367289
559		0.368265
558.5		0.369789
558		0.37078
557.5		0.372308
557		0.373269
556.5		0.374394
556		0.375762
555.5		0.376715
555		0.379122
554.5		0.379888
554		0.380384
553.5		0.382479
553		0.383831
552.5		0.385547
552		0.387321
551.5		0.38883
551		0.389109
550.5		0.391037
550		0.391632
549.5		0.394142
549		0.394445
548.5		0.396819
548		0.397837
547.5		0.398918
547		0.401654
546.5		0.402681
546		0.40425
545.5		0.406625
545		0.406752
544.5		0.409181
544		0.410501
543.5		0.4122
543		0.413693
542.5		0.41391
542		0.416786
541.5		0.418156
541		0.418797
540.5		0.420401
540		0.421548
539.5		0.42439
539		0.426382
538.5		0.427292
538		0.429319
537.5		0.430151
537		0.432923
536.5		0.434043
536		0.435538
535.5		0.43649
535		0.438299
534.5		0.439898
534		0.442334
533.5		0.442871
533		0.444515
532.5		0.447238
532		0.448551
531.5		0.451143
531		0.451434
530.5		0.453969
530		0.455281
529.5		0.456106
529		0.459071
528.5		0.459923
528		0.461385
527.5		0.463609
527		0.464535
526.5		0.466975
526		0.468648
525.5		0.46976
525		0.472238
524.5		0.47309
524		0.474729
523.5		0.477409
523		0.477753
522.5		0.480046
522		0.481491
521.5		0.483188
521		0.485372
520.5		0.485654
520		0.487828
519.5		0.488725
519		0.489866
518.5		0.492362
518		0.493137
517.5		0.495057
517		0.4963
516.5		0.496822
516		0.500204
515.5		0.500885
515		0.502021
514.5		0.503565
514		0.503354
513.5		0.506314
513		0.507006
512.5		0.508228
512		0.510149
511.5		0.510149
511		0.511887
510.5		0.512872
510		0.513202
509.5		0.5148
509		0.514941
508.5		0.516129
508		0.516551
507.5		0.516508
507		0.517558
506.5		0.516297
506		0.516395
505.5		0.517439
505		0.516499
504.5		0.516679
504		0.515795
503.5		0.515266
503		0.51584
502.5		0.514845
502		0.514267
501.5		0.513409
501		0.51286
500.5		0.514076
500		0.512252
499.5		0.512226
499		0.511754
498.5		0.51048
498		0.511804
497.5		0.511141
497		0.5105
496.5		0.510015
496		0.509124
495.5		0.509859
495		0.508622
494.5		0.508187
494		0.508208
493.5		0.507616
493		0.507298
492.5		0.507478
492		0.507564
491.5		0.50653
491		0.505966
490.5		0.506082
490		0.506973
489.5		0.505545
489		0.505269
488.5		0.504847
488		0.504967
487.5		0.506616
487		0.50496
486.5		0.504796
486		0.50534
485.5		0.503785
485		0.50485
484.5		0.503626
484		0.50322
483.5		0.502283
483		0.501939
482.5		0.50232
482		0.501236
481.5		0.500256
481		0.499026
480.5		0.498677
480		0.49896
479.5		0.497829
479		0.496632
478.5		0.49635
478		0.495227
477.5		0.494135
477		0.494445
476.5		0.492739
476		0.492283
475.5		0.490613
475		0.490217
474.5		0.489752
474		0.488422
473.5		0.488052
473		0.486739
472.5		0.484998
472		0.485089
471.5		0.483682
471		0.482104
470.5		0.48141
470		0.479011
469.5		0.479594
469		0.477477
468.5		0.476541
468		0.475474
467.5		0.473493
467		0.47321
466.5		0.471228
466		0.470599
465.5		0.470067
465		0.467685
464.5		0.466545
464		0.464965
463.5		0.464468
463		0.462224
462.5		0.460561
462		0.45993
461.5		0.459296
461		0.458169
460.5		0.456313
460		0.455116
459.5		0.453871
459		0.452738
458.5		0.452025
458		0.451627
457.5		0.449726
457		0.449557
456.5		0.448996
456		0.448895
455.5		0.449274
455		0.448436
454.5		0.448398
454		0.448723
453.5		0.447599
453		0.447528
452.5		0.449508
452		0.448909
451.5		0.449501
451		0.450377
450.5		0.451511
450		0.451399
449.5		0.451888
449		0.452528
448.5		0.453804
448		0.454361
447.5		0.455009
447		0.454616
446.5		0.456276
446		0.456026
445.5		0.456972
445		0.456343
444.5		0.457479
444		0.457213
443.5		0.456925
443		0.45793
442.5		0.458474
442		0.458009
441.5		0.457683
441		0.458162
440.5		0.458853
440		0.458577
439.5		0.458707
439		0.458076
438.5		0.457596
438		0.457826
437.5		0.457344
437		0.457613
436.5		0.457596
436		0.45759
435.5		0.456422
435		0.456996
434.5		0.456864
434		0.455842
433.5		0.456393
433		0.455433
432.5		0.45593
432		0.454402
431.5		0.454392
431		0.454536
430.5		0.454759
430		0.453251
429.5		0.452748
429		0.452459
428.5		0.452296
428		0.452256
427.5		0.451638
427		0.451902
426.5		0.449617
426		0.449714
425.5		0.449762
425		0.448466
424.5		0.448525
424		0.447844
423.5		0.44728
423		0.44746
422.5		0.446282
422		0.44511
421.5		0.445379
421		0.444026
420.5		0.443872
420		0.444425
419.5		0.442222
419		0.441775
418.5		0.441522
418		0.44162
417.5		0.440513
417		0.438564
416.5		0.438818
416		0.438662
415.5		0.438085
415		0.437907
414.5		0.436491
414		0.437068
413.5		0.435779
413		0.435489
412.5		0.434629
412		0.433722
411.5		0.434001
411		0.433808
410.5		0.433017
410		0.432627
409.5		0.43143
409		0.430183
408.5		0.430739
408		0.431253
407.5		0.430721
407		0.429153
406.5		0.429283
406		0.428571
405.5		0.427993
405		0.428456
404.5		0.427276
404		0.427091
403.5		0.425256
403		0.426044
402.5		0.424937
402		0.425175
401.5		0.42525
401		0.423623
400.5		0.422995
400		0.424234
399.5		0.424168
399		0.422247
398.5		0.42255
398		0.421268
397.5		0.421929
397		0.420896
396.5		0.421509
396		0.420353
395.5		0.420563
395		0.418128
394.5		0.418919
394		0.417716
393.5		0.417978
393		0.416076
392.5		0.416349
392		0.416619
391.5		0.414368
391		0.415489
390.5		0.41336
390		0.413637
389.5		0.412055
389		0.411149
388.5		0.411173
388		0.409159
387.5		0.408541
387		0.408287
386.5		0.407391
386		0.406891
385.5		0.405491
385		0.403737
384.5		0.402327
384		0.402328
383.5		0.401818
383		0.402586
382.5		0.399576
382		0.400441
381.5		0.399699
381		0.398737
380.5		0.398184
380		0.397787
379.5		0.396139
379		0.39562
378.5		0.394449
378		0.39446
377.5		0.394349
377		0.394201
376.5		0.392457
376		0.393104
375.5		0.39183
375		0.391705
374.5		0.393071
374		0.39074
373.5		0.390991
373		0.391744
372.5		0.38755
372		0.3901
371.5		0.386969
371		0.389912
370.5		0.386844
370		0.388228
369.5		0.387101
369		0.386892
368.5		0.384515
368		0.385985
367.5		0.382599
367		0.385306
366.5		0.386138
366		0.381847
365.5		0.38278
365		0.382794
364.5		0.383008
364		0.381895
363.5		0.382261
363		0.38086
362.5		0.38045
362		0.379106
361.5		0.379416
361		0.378746
360.5		0.37855
360		0.376925
359.5		0.378368
359		0.377406
358.5		0.375006
358		0.377149
357.5		0.374421
357		0.373919
356.5		0.375336
356		0.374318
355.5		0.371526
355		0.371576
354.5		0.370482
354		0.369651
353.5		0.372031
353		0.370489
352.5		0.369953
352		0.368526
351.5		0.367596
351		0.369004
350.5		0.367239
350		0.365444
349.5		0.365994
349		0.365374
348.5		0.362717
348		0.359548
347.5		0.364973
347		0.362897
346.5		0.358572
346		0.36049
345.5		0.356755
345		0.355759
344.5		0.355872
344		0.355996
343.5		0.356398
343		0.354556
342.5		0.353076
342		0.353587
341.5		0.352995
341		0.34991
340.5		0.349407
340		0.346213
339.5		0.34285
339		0.341316
338.5		0.341228
338		0.33952
337.5		0.338443
337		0.337776
336.5		0.33347
336		0.336542
335.5		0.335522
335		0.334085
334.5		0.33237
334		0.330774
333.5		0.332882
333		0.332487
332.5		0.329133
332		0.3297
331.5		0.324118
331		0.328661
330.5		0.32734
330		0.322621
329.5		0.321623
329		0.321631
328.5		0.31848
328		0.316382
327.5		0.316687
327		0.313973
326.5		0.31705
326		0.314794
325.5		0.31497
325		0.31543
324.5		0.315333
324		0.311771
323.5		0.312124
323		0.310859
322.5		0.312054
322		0.307026
321.5		0.305136
321		0.304199
320.5		0.308393
320		0.307006
319.5		0.301339
319		0.300412
318.5		0.304482
318		0.302122
317.5		0.297681
317		0.300254
316.5		0.29444
316		0.296589
315.5		0.292355
315		0.291919
314.5		0.2968
314		0.296471
313.5		0.292958
313		0.297597
312.5		0.28308
312		0.288066
311.5		0.281526
311		0.286677
310.5		0.29174
310		0.282763
309.5		0.289668
309		0.293179
308.5		0.288019
308		0.281054
307.5		0.280933
307		0.287713
306.5		0.286496
306		0.27794
305.5		0.294261
305		0.283847
304.5		0.28797
304		0.283063
303.5		0.270007
303		0.295018
302.5		0.268405
302		0.281096
301.5		0.266619
301		0.240606
300.5		0.313179
300		0.278675
299.5		0.289056
299		0.28946
298.5		0.299775
298		0.297963
297.5		0.259814
297		0.295001
296.5		0.324799
296		0.27993
295.5		0.174874
295		0.331338
294.5		0.23378
294		0.0906164
293.5		0.403318
293		0.531739
292.5		1.18561
292		1.44851
291.5		0.241136
291		0.320337
290.5		1.1767
290		0.353507
289.5		0.656645
289		0.875005
288.5		0.347551
288		0.254681
287.5		0.510595
287		0.571291
286.5		0.518758
286		0.370679
285.5		1.68768
285		0.28586
284.5		0.373573
284		0.524557
283.5		0.568862
283		0.610334
282.5		0.694759
282		0.534666
281.5		1.00474
281		0.722204
280.5		0.40934
280		0.366074
279.5		2.16282
279		0.595411
278.5		0.455748
278		-0.0468573
277.5		-0.733371
277		0.44188
276.5		0.589373
276		0.308321
275.5		0.278875
275		0.206057
274.5		0.717228
274		0.442988
273.5		0.0416725
273		0.255743
272.5		0.752531
272		1.05943
271.5		0.50694
271		2.5298
270.5		-0.207821
270		0.430585
269.5		0.702073
269		0.292045
268.5		0.458884
268		0.556109
267.5		0.863689
267		0.981539
266.5		0.41143
266		-0.627866
265.5		-5.72503
265		0.528742
264.5		0.688547
264		0.574007
263.5		1.13748
263		1.79931
262.5		1.29424
262		0.96191
261.5		-0.462094
261		0.547272
260.5		0.60456
260		0.839381
259.5		0.621608
259		0.470973
258.5		1.00682
258		-6.83343
257.5		0.529263
257		0.738341
256.5		0.759724
256		0.434275
255.5		0.25272
255		-1.29793
254.5		0.47119
254		0.76577
253.5		0.861535
253		0.703576
252.5		0.0850824
252		-1.30355
251.5		0.387703
251		0.902651
250.5		0.423046
250		0.480291
249.5		0.428365
249		0.511636
248.5		0.703703
248		0.539014
247.5		0.0445531
247		-2.86936
246.5		0.507715
246		-0.0758988
245.5		0.520267
245		0.453804
244.5		1.30331
244		0.321447
243.5		0.323209
243		0.225019
242.5		0.268001
242		1.87004
241.5		0.517491
241		-1.24477
240.5		0.790026
240		0.32987
239.5		0.360939
239		0.62467
238.5		1.85921
238		0.411684
237.5		0.928575
237		0.458413
236.5		0.570188
236		2.57207
235.5		0.406718
235		0.303335
234.5		0.251261
234		0.511134
233.5		0.423644
233		-2.61461
232.5		-7.03508
232		0.353995
231.5		0.336193
231		0.398419
230.5		0.394219
230		0.67183
229.5		0.470069
229		0.192201
228.5		0.294457
228		0.333981
227.5		0.324676
227		0.499667
226.5		0.339368
226		0.214639
225.5		0.715138
225		0.501745
224.5		0.43037
224		-1.23537
223.5		0.376747
223		0.379715
222.5		0.222392
222		0.40043
221.5		0.165325
221		0.39192
220.5		1.0266
220		0.328984
219.5		0.361521
219		0.400394
218.5		0.549778
218		-0.238101
217.5		0.400572
217		0.212369
216.5		0.539476
216		-0.0928163
215.5		0.120741
215		0.293429
214.5		0.421779
214		0.383634
213.5		0.475083
213		0.354661
212.5		0.275085
212		0.24318
211.5		0.265461
211		0.332402
210.5		0.400522
210		0.267715
209.5		0.424895
209		0.0372569
208.5		0.290914
208		0.315876
207.5		0.424575
207		0.303399
206.5		0.37491
206		0.322775
205.5		0.146957
205		-0.0204536
204.5		0.372677
204		0.756468
203.5		0.245155
203		0.621282
202.5		-0.0616972
202		0.229926
201.5		0.245452
201		0.300529
200.5		0.349493
200		0.516149
