lambda		value

Calibration:
lambda:	800
Abs:	0.0004

Data:
#
900		0.574402
899.5		0.552647
899		0.572582
898.5		0.570615
898		0.552731
897.5		0.566187
897		0.584482
896.5		0.578128
896		0.555977
895.5		0.56309
895		0.581983
894.5		0.567796
894		0.562137
893.5		0.609809
893		0.589362
892.5		0.549966
892		0.587438
891.5		0.567139
891		0.570807
890.5		0.575278
890		0.560071
889.5		0.573296
889		0.567369
888.5		0.585061
888		0.557453
887.5		0.557077
887		0.560747
886.5		0.566154
886		0.577927
885.5		0.571627
885		0.561885
884.5		0.5672
884		0.589625
883.5		0.565317
883		0.590039
882.5		0.577304
882		0.572128
881.5		0.557435
881		0.565677
880.5		0.583342
880		0.587471
879.5		0.58187
879		0.587662
878.5		0.571888
878		0.577726
877.5		0.566074
877		0.582934
876.5		0.571213
876		0.574914
875.5		0.579712
875		0.587345
874.5		0.576943
874		0.577175
873.5		0.58242
873		0.572121
872.5		0.583342
872		0.566036
871.5		0.574511
871		0.579757
870.5		0.573516
870		0.57313
869.5		0.57063
869		0.574887
868.5		0.567178
868		0.572384
867.5		0.5759
867		0.576496
866.5		0.575323
866		0.571343
865.5		0.575342
865		0.574247
864.5		0.56461
864		0.568107
863.5		0.571286
863		0.568046
862.5		0.572842
862		0.568328
861.5		0.570574
861		0.576111
860.5		0.578308
860		0.567956
859.5		0.571557
859		0.571287
858.5		0.573388
858		0.571386
857.5		0.576251
857		0.570336
856.5		0.571768
856		0.571287
855.5		0.570863
855		0.571046
854.5		0.569802
854		0.572052
853.5		0.574873
853		0.570082
852.5		0.566049
852		0.568366
851.5		0.572223
851		0.569213
850.5		0.57092
850		0.570976
849.5		0.568649
849		0.569056
848.5		0.568095
848		0.569129
847.5		0.569551
847		0.568579
846.5		0.567653
846		0.567885
845.5		0.568317
845		0.57044
844.5		0.566871
844		0.568139
843.5		0.567591
843		0.568366
842.5		0.568645
842		0.567186
841.5		0.567482
841		0.568352
840.5		0.569308
840		0.567998
839.5		0.56611
839		0.567313
838.5		0.567108
838		0.568711
837.5		0.568587
837		0.567763
836.5		0.569231
836		0.567257
835.5		0.567155
835		0.567699
834.5		0.567753
834		0.567541
833.5		0.567742
833		0.568037
832.5		0.568914
832		0.568302
831.5		0.567621
831		0.567761
830.5		0.56885
830		0.56877
829.5		0.568766
829		0.567525
828.5		0.568438
828		0.569094
827.5		0.568166
827		0.569791
826.5		0.569194
826		0.568577
825.5		0.568837
825		0.569189
824.5		0.569988
824		0.569174
823.5		0.568929
823		0.569046
822.5		0.569026
822		0.569205
821.5		0.568588
821		0.569231
820.5		0.569406
820		0.568461
819.5		0.569571
819		0.5712
818.5		0.567962
818		0.570284
817.5		0.570612
817		0.570557
816.5		0.570615
816		0.569432
815.5		0.568978
815		0.570312
814.5		0.56777
814		0.570399
813.5		0.57027
813		0.570828
812.5		0.569029
812		0.570114
811.5		0.572187
811		0.570857
810.5		0.569346
810		0.569857
809.5		0.568849
809		0.57027
808.5		0.571357
808		0.571643
807.5		0.571686
807		0.570071
806.5		0.571643
806		0.572201
805.5		0.571728
805		0.571314
804.5		0.570943
804		0.570315
803.5		0.571085
803		0.570244
802.5		0.570928
802		0.568434
801.5		0.571143
801		0.572216
800.5		0.569861
800		0.572329
799.5		0.570728
799		0.57073
798.5		0.572328
798		0.570429
797.5		0.573404
797		0.571671
796.5		0.571743
796		0.570188
795.5		0.570472
795		0.572114
794.5		0.571543
794		0.571828
793.5		0.571871
793		0.572029
792.5		0.571986
792		0.57356
791.5		0.570502
791		0.570589
790.5		0.571828
790		0.570574
789.5		0.573443
789		0.573297
788.5		0.573215
788		0.57043
787.5		0.571443
787		0.572728
786.5		0.5712
786		0.570475
785.5		0.572814
785		0.570404
784.5		0.572284
784		0.571671
783.5		0.572269
783		0.572957
782.5		0.573168
782		0.572582
781.5		0.572941
781		0.57197
780.5		0.571828
780		0.571258
779.5		0.573126
779		0.57197
778.5		0.572909
778		0.572271
777.5		0.571571
777		0.572368
776.5		0.573309
776		0.573563
775.5		0.572026
775		0.574041
774.5		0.572097
774		0.573898
773.5		0.57291
773		0.572866
772.5		0.573695
772		0.572537
771.5		0.574581
771		0.572567
770.5		0.573377
770		0.574648
769.5		0.572867
769		0.574846
768.5		0.573292
768		0.573278
767.5		0.573891
767		0.571983
766.5		0.574945
766		0.57408
765.5		0.574903
765		0.572592
764.5		0.574806
764		0.5749
763.5		0.574336
763		0.573844
762.5		0.576183
762		0.574943
761.5		0.573828
761		0.574915
760.5		0.576153
760		0.576613
759.5		0.575212
759		0.574483
758.5		0.574699
758		0.573374
757.5		0.574314
757		0.574356
756.5		0.57451
756		0.575426
755.5		0.575182
755		0.57501
754.5		0.575595
754		0.574164
753.5		0.576367
753		0.576379
752.5		0.575161
752		0.576231
751.5		0.574799
751		0.575122
750.5		0.575971
750		0.575971
749.5		0.576104
749		0.575779
748.5		0.576327
748		0.576143
747.5		0.575273
747		0.577214
746.5		0.57677
746		0.577095
745.5		0.576052
745		0.576335
744.5		0.575694
744		0.576439
743.5		0.575637
743		0.576503
742.5		0.57629
742		0.576698
741.5		0.57682
741		0.575532
740.5		0.575818
740		0.576535
739.5		0.577381
739		0.578015
738.5		0.577155
738		0.576733
737.5		0.576771
737		0.576273
736.5		0.577699
736		0.576683
735.5		0.576566
735		0.577246
734.5		0.575426
734		0.578464
733.5		0.57632
733		0.577052
732.5		0.576745
732		0.576496
731.5		0.576919
731		0.576368
730.5		0.577203
730		0.57744
729.5		0.57678
729		0.576084
728.5		0.575346
728		0.577826
727.5		0.576354
727		0.576848
726.5		0.577695
726		0.57624
725.5		0.576505
725		0.576283
724.5		0.575222
724		0.57586
723.5		0.576901
723		0.575804
722.5		0.576658
722		0.57463
721.5		0.575371
721		0.57446
720.5		0.575858
720		0.576451
719.5		0.575174
719		0.577238
718.5		0.576007
718		0.57802
717.5		0.577338
717		0.576501
716.5		0.578942
716		0.57831
715.5		0.578957
715		0.580508
714.5		0.579897
714		0.580095
713.5		0.580044
713		0.578655
712.5		0.581154
712		0.580776
711.5		0.580954
711		0.580683
710.5		0.579039
710		0.581754
709.5		0.580459
709		0.581227
708.5		0.581656
708		0.580493
707.5		0.582742
707		0.58123
706.5		0.581962
706		0.582008
705.5		0.581469
705		0.581937
704.5		0.581338
704		0.583226
703.5		0.581281
703		0.581141
702.5		0.582265
702		0.58224
701.5		0.583144
701		0.582026
700.5		0.582807
700		0.582012
699.5		0.58386
699		0.582012
698.5		0.582306
698		0.58349
697.5		0.58293
697		0.582848
696.5		0.584132
696		0.582405
695.5		0.582906
695		0.582857
694.5		0.584313
694		0.583522
693.5		0.583794
693		0.583613
692.5		0.582783
692		0.584783
691.5		0.585277
691		0.583268
690.5		0.584915
690		0.584239
689.5		0.584527
689		0.584751
688.5		0.583819
688		0.585033
687.5		0.584477
687		0.584766
686.5		0.584412
686		0.585303
685.5		0.584626
685		0.584527
684.5		0.584865
684		0.585055
683.5		0.585699
683		0.584659
682.5		0.58531
682		0.586098
681.5		0.585508
681		0.585686
680.5		0.584932
680		0.585549
679.5		0.585342
679		0.587122
678.5		0.586449
678		0.586128
677.5		0.586862
677		0.586926
676.5		0.587058
676		0.586989
675.5		0.587152
675		0.58841
674.5		0.586862
674		0.587402
673.5		0.588474
673		0.586657
672.5		0.587077
672		0.587094
671.5		0.587408
671		0.58816
670.5		0.587426
670		0.58918
669.5		0.58781
669		0.587798
668.5		0.58855
668		0.587141
667.5		0.588165
667		0.588136
666.5		0.588107
666		0.590278
665.5		0.587671
665		0.589121
664.5		0.589822
664		0.588369
663.5		0.589711
663		0.588247
662.5		0.588829
662		0.588684
661.5		0.588865
661		0.590193
660.5		0.589121
660		0.589652
659.5		0.590738
659		0.589256
658.5		0.590359
658		0.590354
657.5		0.589512
657		0.589904
656.5		0.590364
656		0.590499
655.5		0.59076
655		0.590201
654.5		0.591017
654		0.590471
653.5		0.591347
653		0.590719
652.5		0.590891
652		0.590968
651.5		0.591867
651		0.589553
650.5		0.590805
650		0.591717
649.5		0.592265
649		0.591411
648.5		0.591853
648		0.591823
647.5		0.591687
647		0.593106
646.5		0.59232
646		0.59278
645.5		0.590733
645		0.59267
644.5		0.592154
644		0.593638
643.5		0.593224
643		0.59294
642.5		0.59385
642		0.593554
641.5		0.593828
641		0.593173
640.5		0.592755
640		0.594995
639.5		0.594997
639		0.594378
638.5		0.595772
638		0.59499
637.5		0.596104
637		0.596486
636.5		0.596003
636		0.597003
635.5		0.596502
635		0.597744
634.5		0.597965
634		0.598367
633.5		0.599516
633		0.599071
632.5		0.599677
632		0.60093
631.5		0.599778
631		0.600243
630.5		0.600829
630		0.59998
629.5		0.601332
629		0.600262
628.5		0.600705
628		0.600462
627.5		0.599619
627		0.602325
626.5		0.599721
626		0.6001
625.5		0.600318
625		0.598535
624.5		0.599604
624		0.598481
623.5		0.59868
623		0.59886
622.5		0.59806
622		0.599529
621.5		0.598962
621		0.598086
620.5		0.598616
620		0.597762
619.5		0.597919
619		0.598347
618.5		0.59835
618		0.597342
617.5		0.597012
617		0.598776
616.5		0.600078
616		0.599747
615.5		0.599553
615		0.59887
614.5		0.598969
614		0.600292
613.5		0.598988
613		0.600117
612.5		0.599864
612		0.600253
611.5		0.600273
611		0.599942
610.5		0.601033
610		0.599397
609.5		0.599261
609		0.600409
608.5		0.601226
608		0.600895
607.5		0.600954
607		0.602084
606.5		0.600622
606		0.602181
605.5		0.601284
605		0.601362
604.5		0.602179
604		0.603484
603.5		0.603443
603		0.601962
602.5		0.60208
602		0.602567
601.5		0.602564
601		0.604459
600.5		0.602369
600		0.603653
599.5		0.60447
599		0.602984
598.5		0.605107
598		0.602948
597.5		0.605112
597		0.605754
596.5		0.604773
596		0.605301
595.5		0.604128
595		0.604671
594.5		0.605296
594		0.605156
593.5		0.606366
593		0.60572
592.5		0.606745
592		0.607174
591.5		0.606022
591		0.606448
590.5		0.606492
590		0.606022
589.5		0.607883
589		0.607395
588.5		0.607799
588		0.607613
587.5		0.60878
587		0.608031
586.5		0.607384
586		0.608368
585.5		0.609138
585		0.608226
584.5		0.609065
584		0.609145
583.5		0.609518
583		0.610299
582.5		0.609898
582		0.610145
581.5		0.610183
581		0.610479
580.5		0.610649
580		0.610832
579.5		0.611589
579		0.611642
578.5		0.611432
578		0.611803
577.5		0.611883
577		0.613143
576.5		0.613062
576		0.61281
575.5		0.613882
575		0.613485
574.5		0.614428
574		0.613553
573.5		0.613919
573		0.615117
572.5		0.614969
572		0.614547
571.5		0.615259
571		0.615607
570.5		0.615199
570		0.616289
569.5		0.616273
569		0.615222
568.5		0.61662
568		0.615599
567.5		0.6178
567		0.617687
566.5		0.617426
566		0.618691
565.5		0.616862
565		0.61996
564.5		0.619927
564		0.618704
563.5		0.61962
563		0.617952
562.5		0.621008
562		0.620666
561.5		0.619545
561		0.622201
560.5		0.620468
560		0.623811
559.5		0.625482
559		0.623488
558.5		0.626177
558		0.625745
557.5		0.625504
557		0.626656
556.5		0.626668
556		0.626055
555.5		0.626416
555		0.626821
554.5		0.62776
554		0.627062
553.5		0.628788
553		0.628297
552.5		0.628664
552		0.630056
551.5		0.630489
551		0.630847
550.5		0.62947
550		0.629838
549.5		0.632084
549		0.631015
548.5		0.632532
548		0.631614
547.5		0.631187
547		0.633273
546.5		0.633493
546		0.634823
545.5		0.634918
545		0.634825
544.5		0.636355
544		0.635816
543.5		0.635799
543		0.636494
542.5		0.636086
542		0.637407
541.5		0.637422
541		0.636945
540.5		0.637839
540		0.638018
539.5		0.639423
539		0.640164
538.5		0.640172
538		0.640989
537.5		0.640481
537		0.642625
536.5		0.642183
536		0.642148
535.5		0.642027
535		0.642986
534.5		0.642728
534		0.64426
533.5		0.643727
533		0.644648
532.5		0.646105
532		0.646157
531.5		0.647928
531		0.646617
530.5		0.64818
530		0.648129
529.5		0.64862
529		0.650524
528.5		0.649153
528		0.649819
527.5		0.651739
527		0.65138
526.5		0.652919
526		0.652857
525.5		0.653279
525		0.655005
524.5		0.654483
524		0.656574
523.5		0.65653
523		0.656952
522.5		0.657273
522		0.657752
521.5		0.660124
521		0.659804
520.5		0.660101
520		0.66086
519.5		0.660736
519		0.663333
518.5		0.66368
518		0.664033
517.5		0.665143
517		0.664889
516.5		0.66581
516		0.667462
515.5		0.66781
515		0.669558
514.5		0.670516
514		0.670413
513.5		0.672236
513		0.67223
512.5		0.674081
512		0.675076
511.5		0.67499
511		0.677274
510.5		0.677324
510		0.678016
509.5		0.679049
509		0.679371
508.5		0.681523
508		0.681398
507.5		0.682225
507		0.683298
506.5		0.68307
506		0.683686
505.5		0.684985
505		0.685268
504.5		0.68698
504		0.686597
503.5		0.686657
503		0.688066
502.5		0.687535
502		0.688386
501.5		0.688085
501		0.689494
500.5		0.689613
500		0.690283
499.5		0.692107
499		0.690889
498.5		0.691164
498		0.691499
497.5		0.692543
497		0.692921
496.5		0.692607
496		0.694473
495.5		0.693625
495		0.693288
494.5		0.69301
494		0.693187
493.5		0.695432
493		0.695412
492.5		0.69472
492		0.69506
491.5		0.694702
491		0.695102
490.5		0.695409
490		0.696747
489.5		0.695991
489		0.695397
488.5		0.696692
488		0.694569
487.5		0.696878
487		0.695195
486.5		0.695358
486		0.696803
485.5		0.69429
485		0.696281
484.5		0.695159
484		0.695191
483.5		0.695164
483		0.694315
482.5		0.694597
482		0.694538
481.5		0.694662
481		0.69424
480.5		0.693909
480		0.693666
479.5		0.694568
479		0.693083
478.5		0.693299
478		0.692405
477.5		0.691347
477		0.692252
476.5		0.691585
476		0.692537
475.5		0.690865
475		0.68968
474.5		0.691565
474		0.690515
473.5		0.689969
473		0.689978
472.5		0.687786
472		0.689519
471.5		0.689086
471		0.687634
470.5		0.688466
470		0.686374
469.5		0.688058
469		0.688257
468.5		0.686672
468		0.688356
467.5		0.686049
467		0.685818
466.5		0.684666
466		0.684624
465.5		0.68551
465		0.684127
464.5		0.685063
464		0.684899
463.5		0.685662
463		0.683934
462.5		0.682931
462		0.684211
461.5		0.685218
461		0.683875
460.5		0.683423
460		0.683332
459.5		0.683717
459		0.683289
458.5		0.682101
458		0.683235
457.5		0.68185
457		0.682344
456.5		0.68345
456		0.682407
455.5		0.684429
455		0.684547
454.5		0.683108
454		0.683231
453.5		0.683541
453		0.682597
452.5		0.685253
452		0.683675
451.5		0.683945
451		0.684715
450.5		0.684362
450		0.685258
449.5		0.683405
449		0.682601
448.5		0.684936
448		0.683158
447.5		0.683688
447		0.683705
446.5		0.680102
446		0.683491
445.5		0.681345
445		0.681469
444.5		0.683311
444		0.679869
443.5		0.679965
443		0.681447
442.5		0.681266
442		0.682262
441.5		0.681298
441		0.679766
440.5		0.681564
440		0.681434
439.5		0.681859
439		0.679651
438.5		0.680388
438		0.680117
437.5		0.678975
437		0.681956
436.5		0.681143
436		0.679516
435.5		0.679612
435		0.678819
434.5		0.680785
434		0.678295
433.5		0.677239
433		0.678807
432.5		0.680449
432		0.678727
431.5		0.67847
431		0.677568
430.5		0.679839
430		0.677451
429.5		0.677838
429		0.679061
428.5		0.676076
428		0.678139
427.5		0.677769
427		0.677975
426.5		0.676596
426		0.676418
425.5		0.67695
425		0.677059
424.5		0.674936
424		0.677491
423.5		0.67602
423		0.67682
422.5		0.677708
422		0.674991
421.5		0.678436
421		0.675874
420.5		0.675254
420		0.677739
419.5		0.676162
419		0.675916
418.5		0.676331
418		0.675554
417.5		0.676199
417		0.673711
416.5		0.674868
416		0.676747
415.5		0.673278
415		0.673217
414.5		0.674525
414		0.67307
413.5		0.674818
413		0.673759
412.5		0.676024
412		0.673402
411.5		0.675048
411		0.674514
410.5		0.672546
410		0.675929
409.5		0.671844
409		0.672306
408.5		0.672621
408		0.673302
407.5		0.674384
407		0.672006
406.5		0.673323
406		0.674196
405.5		0.671853
405		0.673528
404.5		0.673105
404		0.673281
403.5		0.672783
403		0.672168
402.5		0.672691
402		0.673097
401.5		0.673418
401		0.673436
400.5		0.670972
400		0.673939
399.5		0.675217
399		0.672101
398.5		0.671137
398		0.670622
397.5		0.672557
397		0.673453
396.5		0.671664
396		0.672269
395.5		0.671834
395		0.672055
394.5		0.675071
394		0.670894
393.5		0.67461
393		0.670432
392.5		0.670483
392		0.672191
391.5		0.672583
391		0.672439
390.5		0.671281
390		0.670445
389.5		0.670496
389		0.672674
388.5		0.671377
388		0.670003
387.5		0.669256
387		0.670537
386.5		0.670392
386		0.669761
385.5		0.671263
385		0.670319
384.5		0.667372
384		0.668788
383.5		0.669631
383		0.668696
382.5		0.666582
382		0.668894
381.5		0.667623
381		0.666414
380.5		0.667031
380		0.669226
379.5		0.66622
379		0.667984
378.5		0.667674
378		0.667588
377.5		0.666527
377		0.66689
376.5		0.665526
376		0.667307
375.5		0.666305
375		0.664276
374.5		0.66728
374		0.665916
373.5		0.668647
373		0.664917
372.5		0.665611
372		0.666027
371.5		0.664426
371		0.665308
370.5		0.664314
370		0.665614
369.5		0.667804
369		0.667634
368.5		0.664568
368		0.666722
367.5		0.66345
367		0.66427
366.5		0.664267
366		0.663748
365.5		0.665868
365		0.666008
364.5		0.663092
364		0.66554
363.5		0.665788
363		0.66513
362.5		0.664062
362		0.662671
361.5		0.660632
361		0.662703
360.5		0.662482
360		0.665547
359.5		0.664262
359		0.663525
358.5		0.658487
358		0.664235
357.5		0.660577
357		0.660274
356.5		0.663725
356		0.660582
355.5		0.662977
355		0.663379
354.5		0.656909
354		0.660039
353.5		0.660083
353		0.66037
352.5		0.661094
352		0.657735
351.5		0.660015
351		0.663073
350.5		0.660116
350		0.660921
349.5		0.658515
349		0.659087
348.5		0.659462
348		0.656889
347.5		0.657435
347		0.660752
346.5		0.656258
346		0.655222
345.5		0.65342
345		0.656177
344.5		0.657656
344		0.652111
343.5		0.653177
343		0.65523
342.5		0.653837
342		0.655123
341.5		0.656218
341		0.655014
340.5		0.652702
340		0.65215
339.5		0.64664
339		0.651833
338.5		0.653055
338		0.649681
337.5		0.652225
337		0.649615
336.5		0.644101
336		0.648621
335.5		0.647496
335		0.646101
334.5		0.64672
334		0.64349
333.5		0.64631
333		0.643668
332.5		0.638526
332		0.639616
331.5		0.638123
331		0.644532
330.5		0.635487
330		0.637589
329.5		0.630935
329		0.634949
328.5		0.626092
328		0.622115
327.5		0.630503
327		0.623152
326.5		0.622924
326		0.618025
325.5		0.614337
325		0.616342
324.5		0.616181
324		0.609635
323.5		0.607701
323		0.608306
322.5		0.60675
322		0.605197
321.5		0.597006
321		0.5925
320.5		0.590329
320		0.584856
319.5		0.581202
319		0.58271
318.5		0.577098
318		0.565214
317.5		0.563344
317		0.551807
316.5		0.552492
316		0.545944
315.5		0.541529
315		0.533756
314.5		0.524104
314		0.520288
313.5		0.513969
313		0.513722
312.5		0.491557
312		0.482685
311.5		0.480315
311		0.468928
310.5		0.463166
310		0.452091
309.5		0.439953
309		0.43092
308.5		0.422361
308		0.412431
307.5		0.397091
307		0.386216
306.5		0.381877
306		0.382355
305.5		0.35235
305		0.339436
304.5		0.336477
304		0.329971
303.5		0.31472
303		0.304322
302.5		0.29208
302		0.2856
301.5		0.267999
301		0.265107
300.5		0.225762
300		0.231969
299.5		0.24249
299		0.229323
298.5		0.210366
298		0.170654
297.5		0.220606
297		0.30922
296.5		0.17133
296		0.129046
295.5		0.253959
295		0.384471
294.5		-0.258259
294		0.262489
293.5		0.724796
293		0.570846
292.5		1.14359
292		0.437228
291.5		-0.013943
291		0.110012
290.5		0.249751
290		2.8565
289.5		-0.478474
289		-22.6268
288.5		1.35495
288		5.9792
287.5		3.1972
287		0.458805
286.5		-0.678333
286		0.776985
285.5		1.10814
285		-0.185735
284.5		-0.455045
284		0.738506
283.5		-0.384605
283		-0.0935297
282.5		1.43985
282		1.38736
281.5		0.390514
281		-0.205074
280.5		0.0376652
280		-0.228018
279.5		1.68742
279		0.259565
278.5		0.530847
278		0.787035
277.5		-0.0400081
277		6.91477
276.5		0.701078
276		0.200588
275.5		1.93149
275		0.311702
274.5		0.754792
274		1.03365
273.5		0.705524
273		3.47752
272.5		0.630555
272		0.0239611
271.5		-0.222382
271		-0.364478
270.5		1.17323
270		-0.484379
269.5		0.219469
269		1.28963
268.5		2.28195
268		0.435911
267.5		0.944073
267		-1.01639
266.5		-0.57758
266		0.446381
265.5		22.7945
265		0.67794
264.5		-0.334702
264		0.463361
263.5		0.904705
263		1.71822
262.5		1.43588
262		0.196803
261.5		-0.224601
261		-5.812
260.5		0.508625
260		0.854284
259.5		-4.46461
259		0.956712
258.5		38.8895
258		1.15178
257.5		0.703342
257		0.157157
256.5		-1.04373
256		0.236452
255.5		1.22987
255		0.60428
254.5		0.204467
254		0.75256
253.5		6.66813
253		-2.71351
252.5		-1.47822
252		-1.61903
251.5		0.537293
251		-0.830439
250.5		0.267623
250		0.775445
249.5		-3.64004
249		-0.234632
248.5		-2.48839
248		0.55004
247.5		-3.11054
247		10.2154
246.5		-0.326337
246		0.239651
245.5		1.16488
245		-0.0215718
244.5		0.498204
244		0.825341
243.5		-16.1569
243		-0.110788
242.5		3.08754
242		1.19904
241.5		-3.48306
241		-1.86235
240.5		-0.353471
240		0.745527
239.5		1.41483
239		0.127927
238.5		2.53837
238		0.402343
237.5		0.336478
237		0.38536
236.5		0.507913
236		-1.41792
235.5		-1.7809
235		0.721302
234.5		0.274187
234		1.22332
233.5		1.52501
233		-0.94652
232.5		-0.409953
232		0.0806539
231.5		-1.75545
231		0.78154
230.5		0.452672
230		0.891705
229.5		-0.630319
229		-0.451518
228.5		0.667916
228		0.551676
227.5		0.46411
227		10.4238
226.5		0.432099
226		0.255209
225.5		0.466648
225		0.591165
224.5		-0.777084
224		0.608826
223.5		0.683944
223		-0.0013363
222.5		0.0167536
222		0.283954
221.5		0.728803
221		-0.356278
220.5		0.456572
220		0.594301
219.5		-0.0862113
219		0.702128
218.5		6.76026
218		0.0575063
217.5		0.276226
217		0.372591
216.5		-1.26676
216		-0.151604
215.5		-5.7944
215		0.457139
214.5		-1.03678
214		-0.317037
213.5		0.983036
213		1.24531
212.5		0.231898
212		0.599977
211.5		0.101933
211		0.685255
210.5		-1.11044
210		-1.7178
209.5		-0.70329
209		0.171046
208.5		-0.913003
208		0.898394
207.5		5.39213
207		1.70806
206.5		0.657789
206		0.356333
205.5		0.258442
205		0.560676
204.5		0.335673
204		1.65735
203.5		0.447846
203		0.154064
202.5		0.418557
202		0.156714
201.5		0.045887
201		0.478175
200.5		-1.29374
200		0.7525
