lambda		value

Calibration:
lambda:	800
Abs:	0.0003

Data:
#
900		0.959676
899.5		0.967332
899		0.982739
898.5		0.971717
898		0.964685
897.5		0.985699
897		1.01934
896.5		1.017
896		0.97376
895.5		0.969343
895		0.937284
894.5		0.964724
894		0.963991
893.5		1.00308
893		1.02209
892.5		0.996183
892		1.02326
891.5		0.997905
891		0.980061
890.5		0.996695
890		0.97196
889.5		1.01206
889		0.998193
888.5		1.03941
888		0.998895
887.5		1.00181
887		0.982716
886.5		0.981895
886		1.0153
885.5		0.959543
885		0.95396
884.5		1.01845
884		1.00647
883.5		0.977414
883		1.03035
882.5		1.00536
882		0.989304
881.5		0.982687
881		0.991131
880.5		0.991138
880		1.00711
879.5		0.999898
879		0.985493
878.5		0.992471
878		0.984235
877.5		0.987706
877		1.01121
876.5		0.989014
876		0.980341
875.5		0.994517
875		1.02001
874.5		0.99139
874		0.991431
873.5		0.995027
873		0.990304
872.5		0.999798
872		0.979185
871.5		0.994682
871		0.992207
870.5		0.977734
870		0.986587
869.5		0.988022
869		0.988695
868.5		0.991986
868		0.994809
867.5		0.997
867		0.992506
866.5		0.996793
866		0.991432
865.5		0.994301
865		0.98933
864.5		0.983168
864		0.981241
863.5		0.992208
863		0.986571
862.5		0.9995
862		0.98365
861.5		0.99402
861		0.993666
860.5		1.00281
860		0.987799
859.5		0.986846
859		0.994147
858.5		0.988573
858		0.99176
857.5		0.996505
857		0.996821
856.5		0.987214
856		0.991474
855.5		0.988315
855		0.992762
854.5		0.988615
854		0.993752
853.5		0.990772
853		0.993354
852.5		0.983046
852		0.988739
851.5		0.995431
851		0.991405
850.5		0.989806
850		0.992175
849.5		0.990519
849		0.990807
848.5		0.990055
848		0.992989
847.5		0.989924
847		0.989139
846.5		0.989646
846		0.993677
845.5		0.996535
845		0.996738
844.5		0.99358
844		0.996146
843.5		0.989375
843		0.98943
842.5		0.996835
842		0.987965
841.5		0.995446
841		0.993481
840.5		0.994361
840		0.990908
839.5		0.991805
839		0.991884
838.5		0.992193
838		0.994452
837.5		0.992479
837		0.994156
836.5		0.996923
836		0.993468
835.5		0.995444
835		0.993846
834.5		0.995927
834		0.992055
833.5		0.993549
833		0.994041
832.5		0.995426
832		0.994628
831.5		0.991449
831		0.99602
830.5		0.997408
830		0.994527
829.5		0.995715
829		0.992051
828.5		0.995116
828		0.996912
827.5		0.994914
827		0.99671
826.5		0.992927
826		0.99451
825.5		0.996112
825		0.997504
824.5		0.995408
824		0.995505
823.5		0.995202
823		0.993411
822.5		0.997297
822		0.994712
821.5		0.995704
821		0.994606
820.5		0.99312
820		0.995007
819.5		0.995299
819		0.997799
818.5		0.995207
818		0.995895
817.5		0.998195
817		0.9961
816.5		0.996002
816		0.993512
815.5		0.994514
815		0.997697
814.5		0.994799
814		0.994797
813.5		0.996096
813		0.994998
812.5		0.994202
812		0.9965
811.5		0.998398
811		0.9952
810.5		0.997304
810		0.9959
809.5		0.993515
809		0.997898
808.5		0.994396
808		0.995198
807.5		0.996997
807		0.997299
806.5		0.997397
806		0.995795
805.5		0.996102
805		0.997096
804.5		0.997001
804		0.996002
803.5		1.0002
803		0.995904
802.5		0.995699
802		0.995408
801.5		0.998
801		0.996593
800.5		0.99282
800		0.996799
799.5		0.996799
799		0.996007
798.5		0.994502
798		0.996601
797.5		0.997094
797		0.994903
796.5		0.996303
796		0.99421
795.5		0.996704
795		0.9972
794.5		0.997301
794		0.996804
793.5		0.996606
793		0.996799
792.5		0.996001
792		0.999299
791.5		0.994712
791		0.992135
790.5		0.997003
790		0.994717
789.5		0.996101
789		0.997104
788.5		0.999
788		0.996506
787.5		0.99361
787		0.997201
786.5		0.997106
786		0.994622
785.5		0.998901
785		0.994524
784.5		0.994809
784		0.997105
783.5		0.995911
783		0.9984
782.5		0.998203
782		0.994318
781.5		0.996705
781		0.997307
780.5		0.997207
780		0.997008
779.5		0.996806
779		0.996706
778.5		0.995814
778		0.998102
777.5		0.996315
777		0.995913
776.5		0.996111
776		0.995618
775.5		0.995819
775		0.9995
774.5		0.994627
774		0.9999
773.5		0.997208
773		0.997112
772.5		0.999002
772		0.992737
771.5		0.998303
771		0.996315
770.5		0.996018
770		0.997407
769.5		0.996013
769		0.995316
768.5		0.996714
768		0.994823
767.5		0.996811
767		0.994528
766.5		0.99711
766		0.997905
765.5		0.997608
765		0.993546
764.5		0.998105
764		0.996813
763.5		0.996907
763		0.995923
762.5		0.997011
762		0.99522
761.5		0.993741
761		0.998008
760.5		0.995219
760		0.998604
759.5		0.995819
759		0.995327
758.5		0.996616
758		0.995725
757.5		0.99622
757		0.995624
756.5		0.995129
756		0.997113
755.5		0.996119
755		0.996916
754.5		0.995422
754		0.99504
753.5		0.998406
753		0.99761
752.5		0.995728
752		0.997514
751.5		0.993755
751		0.994631
750.5		0.994336
750		0.996423
749.5		0.997613
749		0.99395
748.5		0.995628
748		0.994335
747.5		0.993049
747		0.998209
746.5		0.994644
746		0.996918
745.5		0.994341
745		0.994045
744.5		0.994743
744		0.993957
743.5		0.995239
743		0.995337
742.5		0.993651
742		0.995538
741.5		0.994849
741		0.995147
740.5		0.995838
740		0.994654
739.5		0.994941
739		0.993075
738.5		0.996041
738		0.994951
737.5		0.994856
737		0.992586
736.5		0.993773
736		0.994957
735.5		0.995061
735		0.994564
734.5		0.992217
734		0.993388
733.5		0.993686
733		0.993588
732.5		0.993207
732		0.99214
731.5		0.993218
731		0.992732
730.5		0.995476
730		0.992154
729.5		0.993235
729		0.991781
728.5		0.989265
728		0.992668
727.5		0.990457
727		0.993272
726.5		0.992689
726		0.992818
725.5		0.990001
725		0.988384
724.5		0.991214
724		0.991139
723.5		0.992012
723		0.991743
722.5		0.991664
722		0.989128
721.5		0.989152
721		0.987686
720.5		0.988374
720		0.991496
719.5		0.98741
719		0.992941
718.5		0.98838
718		0.98978
717.5		0.992591
717		0.989132
716.5		0.989125
716		0.990517
715.5		0.988802
715		0.991003
714.5		0.990786
714		0.988953
713.5		0.990921
713		0.989367
712.5		0.989136
712		0.990157
711.5		0.991871
711		0.989334
710.5		0.988043
710		0.992382
709.5		0.988277
709		0.989713
708.5		0.990475
708		0.986643
707.5		0.990249
707		0.989453
706.5		0.989553
706		0.990719
705.5		0.989947
705		0.989648
704.5		0.987882
704		0.990825
703.5		0.989164
703		0.988867
702.5		0.989052
702		0.987964
701.5		0.98768
701		0.990037
700.5		0.989046
700		0.987983
699.5		0.98884
699		0.98621
698.5		0.987278
698		0.987263
697.5		0.987273
697		0.987961
696.5		0.987651
696		0.9857
695.5		0.9862
695		0.985026
694.5		0.989135
694		0.984807
693.5		0.984901
693		0.986675
692.5		0.985111
692		0.986266
691.5		0.987057
691		0.984019
690.5		0.98636
690		0.984596
689.5		0.985477
689		0.985168
688.5		0.985184
688		0.98644
687.5		0.98361
687		0.984886
686.5		0.982517
686		0.985759
685.5		0.983205
685		0.982909
684.5		0.983207
684		0.982902
683.5		0.982991
683		0.982605
682.5		0.980627
682		0.981143
681.5		0.982505
681		0.978975
680.5		0.982501
680		0.980826
679.5		0.978173
679		0.983855
678.5		0.982
678		0.980807
677.5		0.980315
677		0.979037
676.5		0.98147
676		0.981188
675.5		0.980206
675		0.980091
674.5		0.979325
674		0.978412
673.5		0.978515
673		0.979414
672.5		0.977837
672		0.978229
671.5		0.978026
671		0.977628
670.5		0.977428
670		0.978599
669.5		0.976454
669		0.978114
668.5		0.976825
668		0.974681
667.5		0.975858
667		0.975443
666.5		0.97408
666		0.97778
665.5		0.974374
665		0.974242
664.5		0.976096
664		0.972409
663.5		0.975121
663		0.97285
662.5		0.971284
662		0.971465
661.5		0.972858
661		0.97187
660.5		0.972756
660		0.971259
659.5		0.971145
659		0.970763
658.5		0.971338
658		0.970828
657.5		0.970463
657		0.96906
656.5		0.969072
656		0.967969
655.5		0.969799
655		0.968862
654.5		0.967681
654		0.967745
653.5		0.968148
653		0.967014
652.5		0.965969
652		0.966058
651.5		0.966398
651		0.963132
650.5		0.964952
650		0.964151
649.5		0.963814
649		0.964712
648.5		0.962845
648		0.963692
647.5		0.963309
647		0.96304
646.5		0.962499
646		0.960028
645.5		0.959932
645		0.961064
644.5		0.95898
644		0.960515
643.5		0.959745
643		0.95852
642.5		0.95857
642		0.958591
641.5		0.958159
641		0.956487
640.5		0.955997
640		0.956161
639.5		0.956283
639		0.955191
638.5		0.955524
638		0.955816
637.5		0.955116
637		0.95372
636.5		0.953509
636		0.954646
635.5		0.952659
635		0.955287
634.5		0.952458
634		0.951829
633.5		0.952669
633		0.951732
632.5		0.952617
632		0.952675
631.5		0.949712
631		0.950389
630.5		0.951486
630		0.94893
629.5		0.949642
629		0.947331
628.5		0.947564
628		0.947564
627.5		0.944511
627		0.947089
626.5		0.944206
626		0.943503
625.5		0.941943
625		0.939529
624.5		0.93964
624		0.938757
623.5		0.93806
623		0.935706
622.5		0.934763
622		0.936433
621.5		0.934619
621		0.933411
620.5		0.930981
620		0.929739
619.5		0.928537
619		0.928155
618.5		0.927192
618		0.924636
617.5		0.922495
617		0.924796
616.5		0.924596
616		0.922351
615.5		0.922
615		0.921691
614.5		0.917663
614		0.920125
613.5		0.919124
613		0.917616
612.5		0.917487
612		0.914355
611.5		0.914645
611		0.911647
610.5		0.912963
610		0.90971
609.5		0.90872
609		0.907384
608.5		0.907296
608		0.906119
607.5		0.903386
607		0.904595
606.5		0.901818
606		0.901577
605.5		0.899942
605		0.89894
604.5		0.896421
604		0.89784
603.5		0.896032
603		0.892364
602.5		0.892777
602		0.891416
601.5		0.889482
601		0.890879
600.5		0.885944
600		0.886547
599.5		0.885045
599		0.879202
598.5		0.88165
598		0.879946
597.5		0.878814
597		0.877539
596.5		0.874285
596		0.872816
595.5		0.871705
595		0.869755
594.5		0.869059
594		0.866557
593.5		0.867346
593		0.864967
592.5		0.863178
592		0.859442
591.5		0.857005
591		0.856341
590.5		0.855925
590		0.854487
589.5		0.853104
589		0.849013
588.5		0.847702
588		0.846973
587.5		0.845446
587		0.842879
586.5		0.839857
586		0.837874
585.5		0.837495
585		0.833864
584.5		0.833978
584		0.832479
583.5		0.827703
583		0.828688
582.5		0.826616
582		0.824075
581.5		0.822063
581		0.819392
580.5		0.818726
580		0.816102
579.5		0.815566
579		0.811583
578.5		0.809349
578		0.807997
577.5		0.805574
577		0.803551
576.5		0.801775
576		0.799769
575.5		0.799807
575		0.794657
574.5		0.792768
574		0.791036
573.5		0.786526
573		0.788127
572.5		0.784743
572		0.780753
571.5		0.779908
571		0.77796
570.5		0.775498
570		0.773805
569.5		0.770942
569		0.767462
568.5		0.764955
568		0.762294
567.5		0.762978
567		0.75878
566.5		0.755842
566		0.753893
565.5		0.752088
565		0.75
564.5		0.74863
564		0.744354
563.5		0.742819
563		0.739572
562.5		0.73954
562		0.735644
561.5		0.733602
561		0.73227
560.5		0.729452
560		0.72819
559.5		0.727299
559		0.723284
558.5		0.722783
558		0.72133
557.5		0.7163
557		0.715506
556.5		0.713669
556		0.710887
555.5		0.709665
555		0.706987
554.5		0.706114
554		0.703903
553.5		0.702273
553		0.699885
552.5		0.699013
552		0.696215
551.5		0.695235
551		0.693185
550.5		0.691238
550		0.687978
549.5		0.688974
549		0.685479
548.5		0.685728
548		0.683793
547.5		0.680997
547		0.681766
546.5		0.679744
546		0.678407
545.5		0.677781
545		0.675782
544.5		0.674866
544		0.674283
543.5		0.671476
543		0.67212
542.5		0.670008
542		0.670714
541.5		0.669435
541		0.667908
540.5		0.667271
540		0.666063
539.5		0.667941
539		0.66673
538.5		0.666158
538		0.665267
537.5		0.664538
537		0.665298
536.5		0.664536
536		0.663741
535.5		0.664349
535		0.662636
534.5		0.663238
534		0.664792
533.5		0.663177
533		0.664792
532.5		0.665682
532		0.664762
531.5		0.665777
531		0.665588
530.5		0.667461
530		0.668254
529.5		0.667491
529		0.669431
528.5		0.669934
528		0.670601
527.5		0.671684
527		0.6732
526.5		0.67419
526		0.675745
525.5		0.675771
525		0.677724
524.5		0.678786
524		0.680217
523.5		0.681823
523		0.683173
522.5		0.68396
522		0.684907
521.5		0.688834
521		0.690145
520.5		0.689819
520		0.692205
519.5		0.693018
519		0.695362
518.5		0.699075
518		0.699286
517.5		0.701171
517		0.703009
516.5		0.704757
516		0.708127
515.5		0.709957
515		0.711045
514.5		0.714068
514		0.715401
513.5		0.718091
513		0.72013
512.5		0.722986
512		0.724797
511.5		0.725436
511		0.730053
510.5		0.730413
510		0.733549
509.5		0.734937
509		0.735804
508.5		0.740433
508		0.741714
507.5		0.743309
507		0.747406
506.5		0.746936
506		0.749383
505.5		0.751827
505		0.753221
504.5		0.755038
504		0.758311
503.5		0.758061
503		0.760581
502.5		0.762572
502		0.764176
501.5		0.764353
501		0.76754
500.5		0.770275
500		0.771327
499.5		0.77386
499		0.774755
498.5		0.776198
498		0.779782
497.5		0.780037
497		0.781633
496.5		0.783789
496		0.78504
495.5		0.787102
495		0.787666
494.5		0.787921
494		0.791021
493.5		0.791325
493		0.794841
492.5		0.795916
492		0.79599
491.5		0.796915
491		0.797395
490.5		0.799284
490		0.803271
489.5		0.802788
489		0.803337
488.5		0.80383
488		0.805311
487.5		0.80819
487		0.807706
486.5		0.808552
486		0.811138
485.5		0.809611
485		0.812987
484.5		0.813964
484		0.81406
483.5		0.813794
483		0.81615
482.5		0.816829
482		0.816831
481.5		0.818198
481		0.817288
480.5		0.81938
480		0.820093
479.5		0.821507
479		0.821549
478.5		0.822333
478		0.82193
477.5		0.821613
477		0.823487
476.5		0.822668
476		0.825072
475.5		0.822813
475		0.825162
474.5		0.826448
474		0.82534
473.5		0.826826
473		0.827251
472.5		0.826454
472		0.828533
471.5		0.828999
471		0.826856
470.5		0.829284
470		0.828087
469.5		0.829897
469		0.830379
468.5		0.82877
468		0.831126
467.5		0.830542
467		0.829424
466.5		0.830064
466		0.830714
465.5		0.830511
465		0.831866
464.5		0.8326
464		0.831534
463.5		0.833187
463		0.831744
462.5		0.834135
462		0.83217
461.5		0.834367
461		0.834932
460.5		0.83129
460		0.833942
459.5		0.833536
459		0.835241
458.5		0.831848
458		0.833579
457.5		0.832253
457		0.832341
456.5		0.836246
456		0.833751
455.5		0.833405
455		0.834242
454.5		0.834819
454		0.835267
453.5		0.834646
453		0.833175
452.5		0.835519
452		0.835637
451.5		0.835464
451		0.836966
450.5		0.837873
450		0.835312
449.5		0.833625
449		0.834673
448.5		0.836554
448		0.833699
447.5		0.835399
447		0.83583
446.5		0.834829
446		0.835539
445.5		0.833672
445		0.834834
444.5		0.835517
444		0.833628
443.5		0.834955
443		0.835506
442.5		0.832181
442		0.835508
441.5		0.83286
441		0.833777
440.5		0.835199
440		0.834994
439.5		0.835425
439		0.834415
438.5		0.833674
438		0.834252
437.5		0.835498
437		0.835159
436.5		0.835647
436		0.832918
435.5		0.835768
435		0.834889
434.5		0.836127
434		0.83271
433.5		0.833348
433		0.834209
432.5		0.834982
432		0.835378
431.5		0.834712
431		0.834266
430.5		0.837392
430		0.833541
429.5		0.833689
429		0.835008
428.5		0.833925
428		0.836016
427.5		0.833126
427		0.833763
426.5		0.8345
426		0.833614
425.5		0.83388
425		0.83199
424.5		0.832831
424		0.833938
423.5		0.832448
423		0.834529
422.5		0.835724
422		0.830848
421.5		0.833658
421		0.83376
420.5		0.831598
420		0.83376
419.5		0.832011
419		0.83326
418.5		0.833289
418		0.831676
417.5		0.831603
417		0.829198
416.5		0.830507
416		0.831839
415.5		0.830291
415		0.830175
414.5		0.829653
414		0.831243
413.5		0.830412
413		0.829715
412.5		0.832018
412		0.828232
411.5		0.831187
411		0.828651
410.5		0.828866
410		0.832325
409.5		0.827517
409		0.828407
408.5		0.826523
408		0.829419
407.5		0.828514
407		0.827313
406.5		0.828741
406		0.8297
405.5		0.826597
405		0.830891
404.5		0.82791
404		0.827517
403.5		0.828624
403		0.82498
402.5		0.827281
402		0.827874
401.5		0.827119
401		0.826796
400.5		0.82666
400		0.827379
399.5		0.827928
399		0.825182
398.5		0.824206
398		0.827055
397.5		0.825466
397		0.825955
396.5		0.827485
396		0.82623
395.5		0.826448
395		0.825324
394.5		0.824381
394		0.822479
393.5		0.827571
393		0.823332
392.5		0.82398
392		0.822991
391.5		0.823727
391		0.824948
390.5		0.822715
390		0.822615
389.5		0.824931
389		0.823822
388.5		0.823071
388		0.822483
387.5		0.820983
387		0.823203
386.5		0.821648
386		0.820419
385.5		0.822793
385		0.819842
384.5		0.818466
384		0.821938
383.5		0.820307
383		0.817959
382.5		0.816712
382		0.820042
381.5		0.817591
381		0.819154
380.5		0.814883
380		0.820666
379.5		0.814843
379		0.819381
378.5		0.818998
378		0.814337
377.5		0.816362
377		0.819232
376.5		0.812583
376		0.81566
375.5		0.818212
375		0.814012
374.5		0.818478
374		0.816415
373.5		0.818189
373		0.817182
372.5		0.815494
372		0.815708
371.5		0.812682
371		0.814916
370.5		0.814732
370		0.815658
369.5		0.816146
369		0.811288
368.5		0.810849
368		0.815709
367.5		0.812237
367		0.812856
366.5		0.813369
366		0.814172
365.5		0.813212
365		0.810375
364.5		0.81135
364		0.811593
363.5		0.814132
363		0.812449
362.5		0.813127
362		0.810786
361.5		0.810468
361		0.811726
360.5		0.8139
360		0.81186
359.5		0.813376
359		0.814278
358.5		0.805736
358		0.816111
357.5		0.80853
357		0.811016
356.5		0.813414
356		0.810218
355.5		0.810628
355		0.81524
354.5		0.810184
354		0.81076
353.5		0.812663
353		0.806242
352.5		0.81214
352		0.810442
351.5		0.812216
351		0.813067
350.5		0.811676
350		0.812672
349.5		0.810266
349		0.80795
348.5		0.806524
348		0.806379
347.5		0.807841
347		0.812001
346.5		0.8096
346		0.805618
345.5		0.808329
345		0.809688
344.5		0.808871
344		0.805518
343.5		0.802778
343		0.806477
342.5		0.809641
342		0.808745
341.5		0.808012
341		0.801859
340.5		0.805221
340		0.799367
339.5		0.79964
339		0.807442
338.5		0.805376
338		0.799495
337.5		0.795636
337		0.799324
336.5		0.796065
336		0.805547
335.5		0.793874
335		0.792179
334.5		0.79439
334		0.792434
333.5		0.793141
333		0.786109
332.5		0.786086
332		0.788231
331.5		0.78896
331		0.786208
330.5		0.782019
330		0.785963
329.5		0.784703
329		0.785131
328.5		0.770599
328		0.779558
327.5		0.772357
327		0.77325
326.5		0.772609
326		0.768096
325.5		0.764994
325		0.761301
324.5		0.765509
324		0.760134
323.5		0.75305
323		0.759884
322.5		0.757883
322		0.754267
321.5		0.742874
321		0.739639
320.5		0.743378
320		0.740243
319.5		0.735254
319		0.724898
318.5		0.723377
318		0.71462
317.5		0.714426
317		0.70751
316.5		0.696913
316		0.694901
315.5		0.695675
315		0.685046
314.5		0.676874
314		0.667013
313.5		0.661936
313		0.655152
312.5		0.648691
312		0.640505
311.5		0.63188
311		0.619329
310.5		0.615413
310		0.610011
309.5		0.584491
309		0.579506
308.5		0.577302
308		0.563916
307.5		0.537382
307		0.542168
306.5		0.515408
306		0.516664
305.5		0.500291
305		0.487405
304.5		0.475185
304		0.484434
303.5		0.442586
303		0.438649
302.5		0.424031
302		0.425793
301.5		0.417214
301		0.375063
300.5		0.381879
300		0.377947
299.5		0.361091
299		0.328257
298.5		0.31625
298		0.400663
297.5		0.332513
297		0.381967
296.5		0.327709
296		0.737447
295.5		0.298265
295		0.286975
294.5		0.537307
294		0.157068
293.5		0.673263
293		0.26483
292.5		0.562956
292		0.689411
291.5		0.550177
291		0.619397
290.5		0.534553
290		0.85438
289.5		1.04376
289		1.35787
288.5		1.41342
288		0.712599
287.5		1.02402
287		0.595755
286.5		1.87316
286		0.594617
285.5		2.20688
285		0.385736
284.5		-8.12717
284		0.554277
283.5		2.0442
283		0.167554
282.5		0.27535
282		0.94641
281.5		1.77719
281		0.267692
280.5		3.43928
280		0.553584
279.5		2.08091
279		2.41663
278.5		0.766153
278		0.585767
277.5		0.421875
277		1.16702
276.5		0.457112
276		1.24898
275.5		14.7818
275		0.36846
274.5		1.59421
274		0.43278
273.5		0.282124
273		-0.151955
272.5		-1.85989
272		15.2382
271.5		-3.41304
271		0.66601
270.5		16.3349
270		0.80582
269.5		-0.997718
269		1.97583
268.5		0.257548
268		-1.86299
267.5		0.855306
267		0.14773
266.5		-1.41248
266		0.959452
265.5		0.175809
265		0.409994
264.5		-5.17334
264		0.467068
263.5		0.649889
263		0.5995
262.5		0.984189
262		0.978523
261.5		0.0707937
261		0.8701
260.5		0.569399
260		2.31545
259.5		0.355448
259		0.537745
258.5		0.385873
258		-0.486671
257.5		0.524321
257		0.621518
256.5		0.894388
256		0.55211
255.5		1.59758
255		0.238434
254.5		0.961863
254		0.5161
253.5		-0.656959
253		0.0664969
252.5		0.996644
252		0.556506
251.5		0.779741
251		-0.00705005
250.5		1.00075
250		0.310381
249.5		0.445697
249		2.00011
248.5		0.484142
248		0.248404
247.5		-22.7085
247		-0.270381
246.5		0.975307
246		0.431993
245.5		2.13894
245		0.276093
244.5		-5.13943
244		0.661302
243.5		0.0993319
243		1.458
242.5		0.465815
242		2.37486
241.5		0.235738
241		0.49651
240.5		0.26131
240		-1.45679
239.5		-3.24369
239		0.975952
238.5		51.8316
238		-0.0845349
237.5		0.44368
237		0.856317
236.5		-3.46917
236		0.218883
235.5		-0.720687
235		0.610633
234.5		3.68218
234		0.698422
233.5		0.56689
233		0.804348
232.5		0.620969
232		0.272723
231.5		0.537614
231		-0.102948
230.5		1.02681
230		0.122283
229.5		3.34554
229		0.864853
228.5		0.169758
228		1.98012
227.5		24.4966
227		0.277478
226.5		0.534125
226		1.04665
225.5		-1.54716
225		1.30196
224.5		-8.85746
224		0.16727
223.5		1.14813
223		1.31874
222.5		0.163474
222		0.452516
221.5		0.589662
221		1.03044
220.5		0.359364
220		2.10267
219.5		0.243658
219		0.12
218.5		0.424042
218		0.353944
217.5		0.325683
217		0.937345
216.5		0.202039
216		0.642353
215.5		0.48228
215		0.39248
214.5		-0.202975
214		-1.11397
213.5		-0.256931
213		0.249846
212.5		0.492226
212		-0.451028
211.5		0.0573546
211		0.614675
210.5		0.447801
210		0.385303
209.5		3.01301
209		0.486997
208.5		6.15446
208		-0.550314
207.5		0.248285
207		2.06999
206.5		-0.0560186
206		0.456324
205.5		4.68144
205		1.07498
204.5		-0.876953
204		0.161199
203.5		0.376886
203		1.20959
202.5		0.356622
202		-1.07961
201.5		0.583114
201		-0.0205127
200.5		-0.0634366
200		-2.32571
