lambda		value

Calibration:
lambda:	800
Abs:	-0.0004

Data:
#
900		0.448655
899.5		0.446804
899		0.47206
898.5		0.467193
898		0.460459
897.5		0.445989
897		0.488793
896.5		0.460201
896		0.470887
895.5		0.456893
895		0.440288
894.5		0.466707
894		0.468194
893.5		0.452332
893		0.469924
892.5		0.450269
892		0.465387
891.5		0.45933
891		0.477698
890.5		0.438995
890		0.451971
889.5		0.458308
889		0.465189
888.5		0.472735
888		0.461762
887.5		0.467411
887		0.447888
886.5		0.457045
886		0.463412
885.5		0.451276
885		0.442096
884.5		0.460806
884		0.467823
883.5		0.4619
883		0.479334
882.5		0.461026
882		0.450504
881.5		0.449333
881		0.443836
880.5		0.459897
880		0.454094
879.5		0.455624
879		0.457117
878.5		0.449438
878		0.456552
877.5		0.451658
877		0.463584
876.5		0.451405
876		0.454161
875.5		0.451603
875		0.465699
874.5		0.458852
874		0.448675
873.5		0.460243
873		0.451352
872.5		0.455409
872		0.451533
871.5		0.450015
871		0.453074
870.5		0.448396
870		0.449535
869.5		0.448678
869		0.447466
868.5		0.450095
868		0.446828
867.5		0.447942
867		0.447828
866.5		0.448072
866		0.445938
865.5		0.446099
865		0.45257
864.5		0.44672
864		0.449098
863.5		0.44724
863		0.449404
862.5		0.451078
862		0.442816
861.5		0.448606
861		0.45439
860.5		0.449323
860		0.447561
859.5		0.449313
859		0.44483
858.5		0.448714
858		0.446528
857.5		0.448458
857		0.447786
856.5		0.444731
856		0.443828
855.5		0.446611
855		0.445953
854.5		0.44351
854		0.444654
853.5		0.443827
853		0.445039
852.5		0.439322
852		0.445706
851.5		0.446794
851		0.44417
850.5		0.444269
850		0.44462
849.5		0.442854
849		0.443446
848.5		0.441799
848		0.443754
847.5		0.442942
847		0.444203
846.5		0.440974
846		0.444115
845.5		0.444796
845		0.442655
844.5		0.442262
844		0.442974
843.5		0.441604
843		0.441165
842.5		0.443368
842		0.441049
841.5		0.441278
841		0.441078
840.5		0.441127
840		0.440055
839.5		0.439961
839		0.441048
838.5		0.440747
838		0.440154
837.5		0.440763
837		0.440309
836.5		0.439849
836		0.440016
835.5		0.438341
835		0.440885
834.5		0.43925
834		0.440254
833.5		0.439155
833		0.438865
832.5		0.439487
832		0.439507
831.5		0.43909
831		0.439252
830.5		0.439175
830		0.439141
829.5		0.439255
829		0.436997
828.5		0.438291
828		0.438726
827.5		0.437668
827		0.436641
826.5		0.438128
826		0.436665
825.5		0.436896
825		0.435156
824.5		0.437051
824		0.437868
823.5		0.43672
823		0.435598
822.5		0.436631
822		0.435338
821.5		0.43546
821		0.435516
820.5		0.435333
820		0.434388
819.5		0.435082
819		0.435356
818.5		0.434787
818		0.434274
817.5		0.434957
817		0.433497
816.5		0.432038
816		0.433217
815.5		0.432772
815		0.433747
814.5		0.433683
814		0.433557
813.5		0.434787
813		0.431927
812.5		0.432824
812		0.432441
811.5		0.432473
811		0.431698
810.5		0.432605
810		0.432297
809.5		0.430608
809		0.433387
808.5		0.4321
808		0.431014
807.5		0.431873
807		0.430585
806.5		0.433117
806		0.430658
805.5		0.430427
805		0.431245
804.5		0.430213
804		0.43074
803.5		0.431773
803		0.429712
802.5		0.430328
802		0.429327
801.5		0.429513
801		0.431447
800.5		0.428799
800		0.429728
799.5		0.429428
799		0.428628
798.5		0.430127
798		0.430027
797.5		0.429158
797		0.428885
796.5		0.428814
796		0.428073
795.5		0.427987
795		0.428143
794.5		0.427915
794		0.42753
793.5		0.427489
793		0.429028
792.5		0.429271
792		0.4287
791.5		0.427062
791		0.425189
790.5		0.427431
790		0.425797
789.5		0.427615
789		0.426861
788.5		0.427743
788		0.426234
787.5		0.427018
787		0.426731
786.5		0.426762
786		0.425998
785.5		0.427045
785		0.425771
784.5		0.426377
784		0.427189
783.5		0.425197
783		0.427301
782.5		0.42689
782		0.425682
781.5		0.425821
781		0.425994
780.5		0.426535
780		0.42561
779.5		0.425935
779		0.426591
778.5		0.42446
778		0.425192
777.5		0.424505
777		0.425
776.5		0.425154
776		0.424505
775.5		0.424848
775		0.425819
774.5		0.424083
774		0.426261
773.5		0.425653
773		0.424704
772.5		0.42397
772		0.424239
771.5		0.425778
771		0.424505
770.5		0.423
770		0.424315
769.5		0.425199
769		0.424417
768.5		0.424577
768		0.424493
767.5		0.424475
767		0.424495
766.5		0.42392
766		0.424883
765.5		0.424261
765		0.422703
764.5		0.424955
764		0.424164
763.5		0.425025
763		0.422936
762.5		0.423678
762		0.424221
761.5		0.422955
761		0.424547
760.5		0.42351
760		0.424943
759.5		0.424152
759		0.422397
758.5		0.424068
758		0.423207
757.5		0.423658
757		0.423715
756.5		0.423363
756		0.423938
755.5		0.423784
755		0.423559
754.5		0.424068
754		0.423218
753.5		0.424589
753		0.42408
752.5		0.423409
752		0.424327
751.5		0.422486
751		0.424342
750.5		0.424188
750		0.424188
749.5		0.423857
749		0.423786
748.5		0.424429
748		0.424613
747.5		0.423497
747		0.425234
746.5		0.423489
746		0.424555
745.5		0.424405
745		0.424023
744.5		0.424068
744		0.423522
743.5		0.42472
743		0.424648
742.5		0.424861
742		0.424849
741.5		0.424824
741		0.425121
740.5		0.425134
740		0.425208
739.5		0.426646
739		0.424419
738.5		0.42518
738		0.425702
737.5		0.425959
737		0.42517
736.5		0.425721
736		0.425748
735.5		0.426555
735		0.425778
734.5		0.425815
734		0.426233
733.5		0.426402
733		0.427248
732.5		0.427054
732		0.425822
731.5		0.426284
731		0.426637
730.5		0.427476
730		0.426443
729.5		0.428473
729		0.427203
728.5		0.427248
728		0.428292
727.5		0.427988
727		0.427987
726.5		0.428989
726		0.427796
725.5		0.429181
725		0.429387
724.5		0.428406
724		0.429108
723.5		0.42989
723		0.430298
722.5		0.431252
722		0.428953
721.5		0.430772
721		0.430613
720.5		0.429772
720		0.4322
719.5		0.42939
719		0.43185
718.5		0.431635
718		0.432627
717.5		0.432562
717		0.432637
716.5		0.43339
716		0.43329
715.5		0.432105
715		0.433844
714.5		0.434688
714		0.43405
713.5		0.433865
713		0.434329
712.5		0.433513
712		0.432787
711.5		0.434871
711		0.434012
710.5		0.433942
710		0.435389
709.5		0.434736
709		0.435677
708.5		0.435188
708		0.435077
707.5		0.436122
707		0.436466
706.5		0.437014
706		0.438086
705.5		0.437802
705		0.436847
704.5		0.437728
704		0.438923
703.5		0.438767
703		0.439598
702.5		0.439089
702		0.439515
701.5		0.440165
701		0.43933
700.5		0.441026
700		0.440004
699.5		0.441769
699		0.44148
698.5		0.442101
698		0.443019
697.5		0.44198
697		0.44325
696.5		0.443677
696		0.443087
695.5		0.44405
695		0.44369
694.5		0.445563
694		0.444444
693.5		0.446943
693		0.446341
692.5		0.44566
692		0.447867
691.5		0.44767
691		0.447457
690.5		0.447847
690		0.44928
689.5		0.449008
689		0.449704
688.5		0.450202
688		0.451236
687.5		0.451011
687		0.451728
686.5		0.452078
686		0.453009
685.5		0.452463
685		0.453154
684.5		0.454492
684		0.453926
683.5		0.455381
683		0.454815
682.5		0.455946
682		0.455702
681.5		0.45723
681		0.456895
680.5		0.45821
680		0.458864
679.5		0.459238
679		0.460853
678.5		0.459972
678		0.461295
677.5		0.46125
677		0.461858
676.5		0.464402
676		0.463342
675.5		0.464544
675		0.465406
674.5		0.464808
674		0.466502
673.5		0.466409
673		0.467115
672.5		0.467669
672		0.467959
671.5		0.469041
671		0.468988
670.5		0.470123
670		0.471089
669.5		0.471379
669		0.472538
668.5		0.473278
668		0.473117
667.5		0.473898
667		0.474669
666.5		0.475037
666		0.476308
665.5		0.476765
665		0.477477
664.5		0.479334
664		0.478012
663.5		0.480289
663		0.480444
662.5		0.4811
662		0.48198
661.5		0.481687
661		0.482035
660.5		0.48411
660		0.4845
659.5		0.485731
659		0.485689
658.5		0.487413
658		0.487754
657.5		0.488114
657		0.489149
656.5		0.489549
656		0.490833
655.5		0.491909
655		0.491527
654.5		0.492669
654		0.494099
653.5		0.494298
653		0.495631
652.5		0.496133
652		0.497074
651.5		0.498212
651		0.497772
650.5		0.500248
650		0.500347
649.5		0.501888
649		0.502036
648.5		0.503326
648		0.504076
647.5		0.504968
647		0.506421
646.5		0.506362
646		0.507353
645.5		0.507303
645		0.510001
644.5		0.509701
644		0.511658
643.5		0.511799
643		0.513153
642.5		0.514964
642		0.515306
641.5		0.517114
641		0.517104
640.5		0.517599
640		0.520004
639.5		0.519944
639		0.52044
638.5		0.522422
638		0.523128
637.5		0.525286
637		0.525582
636.5		0.527192
636		0.527987
635.5		0.528425
635		0.530744
634.5		0.531052
634		0.532125
633.5		0.533179
633		0.535015
632.5		0.535689
632		0.537288
631.5		0.538244
631		0.537863
630.5		0.540955
630		0.540393
629.5		0.542255
629		0.542216
628.5		0.542794
628		0.544469
627.5		0.54419
627		0.546064
626.5		0.545681
626		0.546649
625.5		0.547189
625		0.54683
624.5		0.547711
624		0.548044
623.5		0.548809
623		0.550447
622.5		0.548747
622		0.552299
621.5		0.552132
621		0.552737
620.5		0.553921
620		0.552757
619.5		0.554606
619		0.556398
618.5		0.556073
618		0.557139
617.5		0.557387
617		0.559278
616.5		0.561206
616		0.561649
615.5		0.562543
615		0.564045
614.5		0.564309
614		0.566728
613.5		0.567205
613		0.568217
612.5		0.569315
612		0.570123
611.5		0.572055
611		0.572734
610.5		0.574754
610		0.574623
609.5		0.574704
609		0.576609
608.5		0.576845
608		0.579428
607.5		0.579776
607		0.580699
606.5		0.582087
606		0.583617
605.5		0.584005
605		0.585439
604.5		0.586549
604		0.587457
603.5		0.589173
603		0.588778
602.5		0.590247
602		0.591995
601.5		0.591615
601		0.595331
600.5		0.59482
600		0.596486
599.5		0.597495
599		0.596709
598.5		0.600078
598		0.59938
597.5		0.602214
597		0.60373
596.5		0.602656
596		0.60522
595.5		0.604629
595		0.605849
594.5		0.608123
594		0.608658
593.5		0.61026
593		0.610481
592.5		0.612085
592		0.613484
591.5		0.6131
591		0.614685
590.5		0.615221
590		0.617647
589.5		0.618541
589		0.618532
588.5		0.620576
588		0.620693
587.5		0.623511
587		0.62332
586.5		0.62372
586		0.624988
585.5		0.627043
585		0.626857
584.5		0.628296
584		0.629927
583.5		0.630655
583		0.632363
582.5		0.633185
582		0.63381
581.5		0.634328
581		0.635847
580.5		0.636443
580		0.637469
579.5		0.639487
579		0.639722
578.5		0.640435
578		0.641733
577.5		0.642444
577		0.643718
576.5		0.644592
576		0.645783
575.5		0.648184
575		0.648193
574.5		0.64855
574		0.650356
573.5		0.649803
573		0.653227
572.5		0.654588
572		0.654794
571.5		0.655694
571		0.656045
570.5		0.657844
570		0.659443
569.5		0.659097
569		0.66061
568.5		0.660452
568		0.660524
567.5		0.6641
567		0.663462
566.5		0.665481
566		0.664713
565.5		0.666955
565		0.669584
564.5		0.669998
564		0.671149
563.5		0.670507
563		0.670659
562.5		0.672818
562		0.673832
561.5		0.67494
561		0.676846
560.5		0.676251
560		0.678541
559.5		0.68062
559		0.679716
558.5		0.681967
558		0.68367
557.5		0.682838
557		0.684801
556.5		0.685372
556		0.685679
555.5		0.687608
555		0.686494
554.5		0.68943
554		0.69059
553.5		0.690782
553		0.693089
552.5		0.691652
552		0.693737
551.5		0.694098
551		0.695402
550.5		0.696139
550		0.694585
549.5		0.698956
549		0.698308
548.5		0.700105
548		0.700545
547.5		0.698969
547		0.702651
546.5		0.702811
546		0.704161
545.5		0.705381
545		0.704758
544.5		0.707221
544		0.706506
543.5		0.708365
543		0.708863
542.5		0.707717
542		0.710778
541.5		0.710102
541		0.711819
540.5		0.712324
540		0.712177
539.5		0.715446
539		0.714545
538.5		0.715866
538		0.716043
537.5		0.716681
537		0.719263
536.5		0.718425
536		0.7204
535.5		0.718827
535		0.719288
534.5		0.721233
534		0.721418
533.5		0.722275
533		0.723497
532.5		0.724016
532		0.72504
531.5		0.725983
531		0.726581
530.5		0.726814
530		0.727757
529.5		0.7278
529		0.729758
528.5		0.73093
528		0.730455
527.5		0.732077
527		0.731413
526.5		0.73275
526		0.734107
525.5		0.733048
525		0.735854
524.5		0.734735
524		0.736181
523.5		0.738331
523		0.737153
522.5		0.738489
522		0.738279
521.5		0.740169
521		0.741023
520.5		0.739755
520		0.741012
519.5		0.740375
519		0.742863
518.5		0.742808
518		0.74258
517.5		0.743909
517		0.743743
516.5		0.744509
516		0.74521
515.5		0.745858
515		0.746571
514.5		0.747449
514		0.746811
513.5		0.748235
513		0.748618
512.5		0.749404
512		0.75105
511.5		0.749429
511		0.751241
510.5		0.751669
510		0.751072
509.5		0.752767
509		0.7515
508.5		0.753195
508		0.752641
507.5		0.753379
507		0.753949
506.5		0.752516
506		0.7523
505.5		0.753794
505		0.753006
504.5		0.754917
504		0.753469
503.5		0.754169
503		0.754992
502.5		0.753335
502		0.754198
501.5		0.752621
501		0.752828
500.5		0.755732
500		0.752822
499.5		0.755361
499		0.753119
498.5		0.752112
498		0.754368
497.5		0.753735
497		0.75387
496.5		0.752731
496		0.753446
495.5		0.754323
495		0.753667
494.5		0.752764
494		0.752464
493.5		0.752899
493		0.752071
492.5		0.752022
492		0.752367
491.5		0.751537
491		0.751054
490.5		0.752065
490		0.752066
489.5		0.750481
489		0.750779
488.5		0.751305
488		0.749886
487.5		0.75234
487		0.748742
486.5		0.748742
486		0.750297
485.5		0.747466
485		0.750778
484.5		0.749246
484		0.74831
483.5		0.747265
483		0.746968
482.5		0.747993
482		0.747517
481.5		0.746313
481		0.745931
480.5		0.744822
480		0.747636
479.5		0.746431
479		0.743922
478.5		0.744511
478		0.743434
477.5		0.744211
477		0.743005
476.5		0.743474
476		0.743831
475.5		0.74038
475		0.741601
474.5		0.741278
474		0.739748
473.5		0.739908
473		0.740052
472.5		0.739306
472		0.740316
471.5		0.739045
471		0.738214
470.5		0.738684
470		0.737034
469.5		0.737335
469		0.73709
468.5		0.736028
468		0.737431
467.5		0.734721
467		0.7339
466.5		0.732756
466		0.733651
465.5		0.73526
465		0.731767
464.5		0.733134
464		0.732058
463.5		0.732649
463		0.730937
462.5		0.728941
462		0.73031
461.5		0.730836
461		0.730719
460.5		0.727881
460		0.727518
459.5		0.728369
459		0.727793
458.5		0.726518
458		0.72776
457.5		0.724391
457		0.726371
456.5		0.725599
456		0.724379
455.5		0.725536
455		0.723586
454.5		0.724057
454		0.723246
453.5		0.722847
453		0.721665
452.5		0.722444
452		0.722985
451.5		0.721363
451		0.720223
450.5		0.723148
450		0.718796
449.5		0.720692
449		0.718103
448.5		0.721408
448		0.717742
447.5		0.719656
447		0.718802
446.5		0.717175
446		0.717662
445.5		0.71746
445		0.714424
444.5		0.716978
444		0.714374
443.5		0.715637
443		0.715704
442.5		0.714273
442		0.715224
441.5		0.714134
441		0.712969
440.5		0.714197
440		0.713663
439.5		0.713752
439		0.713562
438.5		0.712775
438		0.712497
437.5		0.711568
437		0.712086
436.5		0.711427
436		0.710791
435.5		0.711883
435		0.708904
434.5		0.710773
434		0.710004
433.5		0.708807
433		0.710091
432.5		0.708905
432		0.707737
431.5		0.708126
431		0.70746
430.5		0.709485
430		0.70548
429.5		0.708004
429		0.707289
428.5		0.706023
428		0.70823
427.5		0.705689
427		0.706603
426.5		0.704288
426		0.704022
425.5		0.705439
425		0.703222
424.5		0.703851
424		0.703625
423.5		0.704556
423		0.704035
422.5		0.704222
422		0.700705
421.5		0.703157
421		0.703175
420.5		0.703518
420		0.702419
419.5		0.702565
419		0.701673
418.5		0.701391
418		0.699789
417.5		0.700431
417		0.698563
416.5		0.700035
416		0.699728
415.5		0.697974
415		0.697028
414.5		0.696296
414		0.698282
413.5		0.697031
413		0.696649
412.5		0.697905
412		0.695743
411.5		0.697426
411		0.696519
410.5		0.695113
410		0.697355
409.5		0.69544
409		0.694493
408.5		0.694096
408		0.695079
407.5		0.695478
407		0.692328
406.5		0.693159
406		0.694989
405.5		0.691105
405		0.6945
404.5		0.692983
404		0.692903
403.5		0.692735
403		0.691319
402.5		0.691065
402		0.691473
401.5		0.689715
401		0.6904
400.5		0.68861
400		0.6918
399.5		0.691258
399		0.689314
398.5		0.68857
398		0.687814
397.5		0.69001
397		0.688831
396.5		0.687911
396		0.689378
395.5		0.688333
395		0.688002
394.5		0.689237
394		0.686724
393.5		0.691289
393		0.687376
392.5		0.685161
392		0.686648
391.5		0.68693
391		0.68687
390.5		0.685599
390		0.6844
389.5		0.68366
389		0.684991
388.5		0.685382
388		0.684166
387.5		0.685436
387		0.684327
386.5		0.683403
386		0.68258
385.5		0.684161
385		0.683786
384.5		0.679608
384		0.683934
383.5		0.682803
383		0.680497
382.5		0.681623
382		0.682133
381.5		0.683439
381		0.681876
380.5		0.679342
380		0.685129
379.5		0.676812
379		0.683158
378.5		0.679135
378		0.680281
377.5		0.678718
377		0.679575
376.5		0.678592
376		0.677969
375.5		0.680137
375		0.679753
374.5		0.679953
374		0.68056
373.5		0.680993
373		0.680463
372.5		0.679487
372		0.679179
371.5		0.678169
371		0.676666
370.5		0.678314
370		0.679708
369.5		0.678589
369		0.677876
368.5		0.675302
368		0.678631
367.5		0.674798
367		0.677787
366.5		0.677966
366		0.677837
365.5		0.674837
365		0.674704
364.5		0.677741
364		0.675649
363.5		0.674239
363		0.675471
362.5		0.677271
362		0.676183
361.5		0.674607
361		0.675873
360.5		0.676726
360		0.674361
359.5		0.675213
359		0.674312
358.5		0.671539
358		0.678133
357.5		0.673757
357		0.673952
356.5		0.677008
356		0.67367
355.5		0.674664
355		0.675246
354.5		0.672447
354		0.672425
353.5		0.674437
353		0.67566
352.5		0.672344
352		0.67328
351.5		0.674422
351		0.675849
350.5		0.675933
350		0.674242
349.5		0.671399
349		0.674537
348.5		0.669558
348		0.669523
347.5		0.67254
347		0.677898
346.5		0.670357
346		0.669679
345.5		0.66725
345		0.672721
344.5		0.672625
344		0.672155
343.5		0.669113
343		0.672155
342.5		0.667357
342		0.669139
341.5		0.670982
341		0.663967
340.5		0.667909
340		0.668197
339.5		0.656568
339		0.660586
338.5		0.664382
338		0.662515
337.5		0.660366
337		0.659573
336.5		0.66071
336		0.661877
335.5		0.659039
335		0.656987
334.5		0.657141
334		0.653416
333.5		0.650717
333		0.656328
332.5		0.652579
332		0.655471
331.5		0.65537
331		0.659423
330.5		0.652358
330		0.652369
329.5		0.654387
329		0.650343
328.5		0.646239
328		0.651697
327.5		0.649313
327		0.649491
326.5		0.648543
326		0.645149
325.5		0.648521
325		0.650004
324.5		0.645846
324		0.646803
323.5		0.650461
323		0.644613
322.5		0.653694
322		0.646105
321.5		0.640547
321		0.637584
320.5		0.640267
320		0.640788
319.5		0.633095
319		0.635177
318.5		0.640656
318		0.636878
317.5		0.635623
317		0.63215
316.5		0.635138
316		0.630352
315.5		0.630506
315		0.632038
314.5		0.623576
314		0.623737
313.5		0.604188
313		0.625439
312.5		0.626942
312		0.610656
311.5		0.617595
311		0.594195
310.5		0.614503
310		0.59917
309.5		0.592227
309		0.599396
308.5		0.58987
308		0.59112
307.5		0.583272
307		0.607006
306.5		0.600926
306		0.581197
305.5		0.590912
305		0.555734
304.5		0.568235
304		0.557227
303.5		0.572089
303		0.592327
302.5		0.564889
302		0.575004
301.5		0.553474
301		0.487835
300.5		0.518286
300		0.551994
299.5		0.568801
299		0.492754
298.5		0.593474
298		0.524417
297.5		0.535397
297		0.459773
296.5		0.591525
296		0.357597
295.5		0.669148
295		0.51385
294.5		0.42004
294		0.541512
293.5		0.363552
293		0.411172
292.5		0.611012
292		0.421767
291.5		0.577138
291		0.61347
290.5		0.43413
290		0.695118
289.5		0.24938
289		0.619664
288.5		0.530783
288		0.671724
287.5		0.335299
287		0.608793
286.5		0.339152
286		0.447876
285.5		0.5597
285		0.348147
284.5		0.40253
284		0.326616
283.5		0.306909
283		0.676385
282.5		0.36888
282		0.463463
281.5		0.249742
281		0.348688
280.5		0.551396
280		0.289132
279.5		0.524479
279		0.181867
278.5		0.498778
278		0.432713
277.5		0.362975
277		0.429987
276.5		0.530981
276		0.375902
275.5		0.228566
275		0.437932
274.5		0.413784
274		0.398023
273.5		0.622573
273		0.390683
272.5		0.366219
272		0.346434
271.5		0.446626
271		0.417509
270.5		0.25828
270		0.428997
269.5		0.292408
269		0.580443
268.5		0.510608
268		0.430977
267.5		0.494731
267		0.382257
266.5		0.367142
266		0.306441
265.5		0.366963
265		0.39802
264.5		0.306255
264		0.323036
263.5		0.330616
263		0.298899
262.5		0.408661
262		0.305729
261.5		0.487706
261		0.324454
260.5		0.620504
260		0.525543
259.5		0.234958
259		0.444167
258.5		0.447839
258		0.318963
257.5		0.36793
257		0.510968
256.5		0.477569
256		0.342862
255.5		0.403697
255		0.403597
254.5		0.328247
254		0.350726
253.5		0.39568
253		0.404025
252.5		0.452571
252		0.542978
251.5		0.450555
251		0.350786
250.5		0.427278
250		0.384025
249.5		0.479392
249		0.305272
248.5		0.435696
248		0.271588
247.5		0.438074
247		0.288895
246.5		0.246893
246		0.300843
245.5		0.416027
245		0.220956
244.5		0.321176
244		0.268168
243.5		0.385859
243		0.405112
242.5		0.27365
242		0.345141
241.5		0.342865
241		0.398486
240.5		0.26223
240		0.202523
239.5		0.473086
239		0.349745
238.5		0.236771
238		0.243938
237.5		0.277928
237		0.276592
236.5		0.244509
236		0.545896
235.5		0.28722
235		0.541681
234.5		0.344017
234		0.319873
233.5		0.339954
233		0.454125
232.5		0.402776
232		0.290348
231.5		0.356665
231		0.154224
230.5		0.380969
230		0.190838
229.5		0.259877
229		0.319025
228.5		0.31138
228		0.310274
227.5		0.310045
227		0.210655
226.5		0.347051
226		0.407616
225.5		0.358301
225		0.288206
224.5		0.398476
224		0.190246
223.5		0.318456
223		0.185724
222.5		0.192864
222		0.349229
221.5		0.287315
221		0.232262
220.5		0.315819
220		0.296545
219.5		0.257651
219		0.316402
218.5		0.217283
218		0.262572
217.5		0.247929
217		0.216579
216.5		0.347189
216		0.278465
215.5		0.236077
215		0.208009
214.5		0.208774
214		0.295105
213.5		0.222118
213		0.172775
212.5		0.345463
212		0.163313
211.5		0.144895
211		0.249826
210.5		0.156922
210		0.241977
209.5		0.186169
209		0.20137
208.5		0.177161
208		0.23166
207.5		0.262772
207		0.277285
206.5		0.2309
206		0.227131
205.5		0.225799
205		0.208854
204.5		0.184054
204		0.251595
203.5		0.210828
203		0.211938
202.5		0.23721
202		0.210066
201.5		0.160628
201		0.132711
200.5		0.113014
200		0.176904
