lambda		value

Calibration:
lambda:	800
Abs:	-0.0002

Data:
#
900		0.794479
899.5		0.774489
899		0.797316
898.5		0.813905
898		0.80611
897.5		0.783123
897		0.814582
896.5		0.803623
896		0.784304
895.5		0.75987
895		0.789437
894.5		0.799397
894		0.771954
893.5		0.804665
893		0.801402
892.5		0.771104
892		0.799555
891.5		0.753739
891		0.794031
890.5		0.782461
890		0.779034
889.5		0.775523
889		0.771021
888.5		0.795546
888		0.809074
887.5		0.799095
887		0.769299
886.5		0.796199
886		0.787971
885.5		0.76304
885		0.763913
884.5		0.776337
884		0.818499
883.5		0.766856
883		0.788462
882.5		0.795799
882		0.778999
881.5		0.767527
881		0.782171
880.5		0.78923
880		0.797565
879.5		0.79862
879		0.782701
878.5		0.786675
878		0.769169
877.5		0.773826
877		0.785532
876.5		0.788959
876		0.791516
875.5		0.799675
875		0.798214
874.5		0.783639
874		0.784987
873.5		0.791337
873		0.782556
872.5		0.785837
872		0.771252
871.5		0.780263
871		0.794861
870.5		0.771783
870		0.773287
869.5		0.778509
869		0.777422
868.5		0.774707
868		0.775195
867.5		0.778433
867		0.781884
866.5		0.772814
866		0.777335
865.5		0.781053
865		0.77875
864.5		0.771994
864		0.775307
863.5		0.778233
863		0.771525
862.5		0.775814
862		0.771021
861.5		0.773162
861		0.777834
860.5		0.782011
860		0.770771
859.5		0.773207
859		0.77174
858.5		0.775251
858		0.772971
857.5		0.77393
857		0.775417
856.5		0.771151
856		0.768232
855.5		0.769375
855		0.769597
854.5		0.767168
854		0.76737
853.5		0.771893
853		0.770695
852.5		0.766897
852		0.766884
851.5		0.770353
851		0.764787
850.5		0.768919
850		0.772201
849.5		0.766634
849		0.771366
848.5		0.764492
848		0.768259
847.5		0.765699
847		0.766802
846.5		0.762862
846		0.763678
845.5		0.766475
845		0.767019
844.5		0.767423
844		0.765531
843.5		0.759194
843		0.764514
842.5		0.763147
842		0.760304
841.5		0.763483
841		0.759921
840.5		0.762583
840		0.763137
839.5		0.7594
839		0.760586
838.5		0.756914
838		0.760768
837.5		0.758655
837		0.760297
836.5		0.75925
836		0.757048
835.5		0.758464
835		0.758135
834.5		0.759531
834		0.756303
833.5		0.758556
833		0.756105
832.5		0.756808
832		0.759869
831.5		0.755615
831		0.757259
830.5		0.758545
830		0.756018
829.5		0.756375
829		0.752309
828.5		0.755106
828		0.754157
827.5		0.753912
827		0.753786
826.5		0.752962
826		0.754888
825.5		0.753811
825		0.752744
824.5		0.753243
824		0.752321
823.5		0.754121
823		0.750923
822.5		0.752876
822		0.750573
821.5		0.750574
821		0.749401
820.5		0.748754
820		0.750274
819.5		0.750575
819		0.748875
818.5		0.748178
818		0.74925
817.5		0.749298
817		0.747926
816.5		0.746779
816		0.744887
815.5		0.744392
815		0.748048
814.5		0.746576
814		0.743974
813.5		0.746499
813		0.744251
812.5		0.74463
812		0.744302
811.5		0.742746
811		0.743528
810.5		0.741643
810		0.742229
809.5		0.740128
809		0.741397
808.5		0.741948
808		0.7422
807.5		0.741145
807		0.742577
806.5		0.739017
806		0.740492
805.5		0.739534
805		0.740641
804.5		0.737883
804		0.736889
803.5		0.738343
803		0.736868
802.5		0.738152
802		0.737304
801.5		0.735485
801		0.738656
800.5		0.733978
800		0.736253
799.5		0.733953
799		0.732415
798.5		0.734439
798		0.734039
797.5		0.734802
797		0.734266
796.5		0.730977
796		0.730393
795.5		0.730458
795		0.731707
794.5		0.729389
794		0.728335
793.5		0.729848
793		0.729154
792.5		0.728617
792		0.730157
791.5		0.726538
791		0.724975
790.5		0.725539
790		0.724846
789.5		0.726392
789		0.725449
788.5		0.726409
788		0.723636
787.5		0.724778
787		0.724948
786.5		0.723247
786		0.720956
785.5		0.722605
785		0.720044
784.5		0.722012
784		0.719773
783.5		0.720267
783		0.721539
782.5		0.721069
782		0.719211
781.5		0.719489
781		0.717077
780.5		0.717647
780		0.717432
779.5		0.716552
779		0.718575
778.5		0.714314
778		0.716881
777.5		0.714783
777		0.714784
776.5		0.714115
776		0.711996
775.5		0.712765
775		0.713701
774.5		0.710691
774		0.713472
773.5		0.711423
773		0.710204
772.5		0.709883
772		0.709029
771.5		0.711535
771		0.708412
770.5		0.708159
770		0.707266
769.5		0.707412
769		0.707769
768.5		0.705613
768		0.704279
767.5		0.705408
767		0.703291
766.5		0.704482
766		0.70346
765.5		0.703556
765		0.699682
764.5		0.702951
764		0.701871
763.5		0.702234
763		0.699235
762.5		0.699034
762		0.698915
761.5		0.697915
761		0.697531
760.5		0.698258
760		0.697818
759.5		0.696548
759		0.69519
758.5		0.692927
758		0.693064
757.5		0.693776
757		0.692514
756.5		0.693989
756		0.692905
755.5		0.691895
755		0.692484
754.5		0.690839
754		0.688349
753.5		0.69063
753		0.690287
752.5		0.688313
752		0.687606
751.5		0.684831
751		0.684885
750.5		0.684874
750		0.685669
749.5		0.685226
749		0.683287
748.5		0.684148
748		0.682893
747.5		0.682612
747		0.684069
746.5		0.681404
746		0.680874
745.5		0.681088
745		0.680655
744.5		0.679358
744		0.678186
743.5		0.67701
743		0.677707
742.5		0.67678
742		0.675949
741.5		0.675775
741		0.67429
740.5		0.675812
740		0.674451
739.5		0.674004
739		0.672995
738.5		0.671085
738		0.672076
737.5		0.67194
737		0.670685
736.5		0.670124
736		0.66894
735.5		0.668543
735		0.668972
734.5		0.666174
734		0.667686
733.5		0.6667
733		0.666338
732.5		0.665453
732		0.663852
731.5		0.664309
731		0.6631
730.5		0.663456
730		0.662092
729.5		0.661407
729		0.660244
728.5		0.658603
728		0.659468
727.5		0.658166
727		0.65848
726.5		0.659197
726		0.656417
725.5		0.656026
725		0.655766
724.5		0.65634
724		0.654857
723.5		0.655156
723		0.65464
722.5		0.655238
722		0.654084
721.5		0.654556
721		0.652244
720.5		0.652433
720		0.653759
719.5		0.65092
719		0.654624
718.5		0.651087
718		0.653983
717.5		0.653511
717		0.651653
716.5		0.649457
716		0.650995
715.5		0.649454
715		0.65089
714.5		0.649829
714		0.647725
713.5		0.645429
713		0.643719
712.5		0.643187
712		0.642072
711.5		0.639617
711		0.638884
710.5		0.636514
710		0.637544
709.5		0.636754
709		0.634939
708.5		0.634115
708		0.632669
707.5		0.633491
707		0.633005
706.5		0.630677
706		0.630119
705.5		0.628904
705		0.628203
704.5		0.627474
704		0.627453
703.5		0.625148
703		0.626194
702.5		0.626873
702		0.625875
701.5		0.624175
701		0.62378
700.5		0.624877
700		0.622034
699.5		0.622902
699		0.619474
698.5		0.620306
698		0.619856
697.5		0.618479
697		0.617615
696.5		0.617656
696		0.616363
695.5		0.614975
695		0.61343
694.5		0.616152
694		0.613155
693.5		0.612054
693		0.61326
692.5		0.610919
692		0.613174
691.5		0.610409
691		0.609347
690.5		0.609761
690		0.608468
689.5		0.607979
689		0.607136
688.5		0.605785
688		0.606154
687.5		0.604559
687		0.604265
686.5		0.602824
686		0.602649
685.5		0.601659
685		0.59998
684.5		0.601106
684		0.599131
683.5		0.599288
683		0.599032
682.5		0.597214
682		0.596704
681.5		0.596028
681		0.5956
680.5		0.59496
680		0.593599
679.5		0.592794
679		0.592912
678.5		0.592823
678		0.591516
677.5		0.591161
677		0.590532
676.5		0.589977
676		0.589213
675.5		0.588584
675		0.588655
674.5		0.586711
674		0.585767
673.5		0.585354
673		0.585023
672.5		0.583366
672		0.58368
671.5		0.583399
671		0.581775
670.5		0.581635
670		0.581699
669.5		0.579156
669		0.57963
668.5		0.579291
668		0.578094
667.5		0.578323
667		0.577395
666.5		0.575991
666		0.576244
665.5		0.57496
665		0.5758
664.5		0.574799
664		0.573095
663.5		0.572816
663		0.572744
662.5		0.571754
662		0.570509
661.5		0.570495
661		0.569449
660.5		0.569363
660		0.569688
659.5		0.568781
659		0.567311
658.5		0.567902
658		0.566696
657.5		0.566277
657		0.565566
656.5		0.564748
656		0.563683
655.5		0.56479
655		0.563485
654.5		0.562128
654		0.562841
653.5		0.56144
653		0.562066
652.5		0.561087
652		0.559766
651.5		0.559817
651		0.558395
650.5		0.558202
650		0.557916
649.5		0.557432
649		0.55698
648.5		0.556052
648		0.555876
647.5		0.555257
647		0.55591
646.5		0.554484
646		0.553468
645.5		0.553016
645		0.553001
644.5		0.552294
644		0.55282
643.5		0.551738
643		0.551923
642.5		0.550788
642		0.550414
641.5		0.549755
641		0.549526
640.5		0.548918
640		0.54952
639.5		0.548745
639		0.547836
638.5		0.548158
638		0.548167
637.5		0.547872
637		0.547662
636.5		0.547571
636		0.547291
635.5		0.546916
635		0.547157
634.5		0.54626
634		0.546535
633.5		0.546803
633		0.547335
632.5		0.546097
632		0.546594
631.5		0.546427
631		0.546354
630.5		0.546924
630		0.54595
629.5		0.546601
629		0.54615
628.5		0.546524
628		0.545482
627.5		0.544499
627		0.545272
626.5		0.544792
626		0.544667
625.5		0.544714
625		0.542784
624.5		0.543863
624		0.543913
623.5		0.54311
623		0.543087
622.5		0.541512
622		0.543289
621.5		0.542653
621		0.542695
620.5		0.541849
620		0.540901
619.5		0.541302
619		0.54193
618.5		0.540947
618		0.540572
617.5		0.539946
617		0.541031
616.5		0.541282
616		0.540654
615.5		0.539905
615		0.540304
614.5		0.539837
614		0.541525
613.5		0.540661
613		0.540101
612.5		0.541285
612		0.540953
611.5		0.540904
611		0.540945
610.5		0.54077
610		0.540212
609.5		0.540031
609		0.540062
608.5		0.540982
608		0.540451
607.5		0.540893
607		0.541209
606.5		0.540808
606		0.542571
605.5		0.540966
605		0.542096
604.5		0.541946
604		0.542838
603.5		0.543015
603		0.541994
602.5		0.544112
602		0.543723
601.5		0.542904
601		0.545048
600.5		0.54332
600		0.544272
599.5		0.544775
599		0.542699
598.5		0.54459
598		0.544441
597.5		0.546285
597		0.547309
596.5		0.547217
596		0.547307
595.5		0.545956
595		0.547269
594.5		0.547843
594		0.548237
593.5		0.550048
593		0.549753
592.5		0.549734
592		0.551012
591.5		0.551577
591		0.551137
590.5		0.551327
590		0.552545
589.5		0.552846
589		0.553062
588.5		0.553288
588		0.554114
587.5		0.555545
587		0.555169
586.5		0.556124
586		0.55606
585.5		0.557899
585		0.557314
584.5		0.557713
584		0.55971
583.5		0.558707
583		0.561575
582.5		0.561148
582		0.561414
581.5		0.562615
581		0.562102
580.5		0.564323
580		0.564454
579.5		0.565293
579		0.566522
578.5		0.565222
578		0.568588
577.5		0.568633
577		0.568329
576.5		0.569803
576		0.570134
575.5		0.57343
575		0.573026
574.5		0.57359
574		0.574759
573.5		0.573641
573		0.577713
572.5		0.577791
572		0.577604
571.5		0.578704
571		0.579626
570.5		0.58067
570		0.581929
569.5		0.582716
569		0.583998
568.5		0.584158
568		0.584621
567.5		0.587216
567		0.587517
566.5		0.589004
566		0.589219
565.5		0.590211
565		0.592671
564.5		0.593041
564		0.594428
563.5		0.595256
563		0.595457
562.5		0.598346
562		0.598426
561.5		0.598294
561		0.601095
560.5		0.601515
560		0.605685
559.5		0.607026
559		0.60739
558.5		0.607472
558		0.6103
557.5		0.611143
557		0.612092
556.5		0.613451
556		0.613327
555.5		0.616558
555		0.61621
554.5		0.618668
554		0.619513
553.5		0.620376
553		0.622567
552.5		0.622558
552		0.624617
551.5		0.626294
551		0.627132
550.5		0.629204
550		0.628427
549.5		0.632487
549		0.632087
548.5		0.634658
548		0.635555
547.5		0.635695
547		0.638844
546.5		0.63925
546		0.640773
545.5		0.643172
545		0.643731
544.5		0.645748
544		0.646632
543.5		0.647755
543		0.65076
542.5		0.649556
542		0.652714
541.5		0.651751
541		0.654231
540.5		0.655791
540		0.655842
539.5		0.660361
539		0.659258
538.5		0.661263
538		0.663518
537.5		0.663554
537		0.668226
536.5		0.667175
536		0.668574
535.5		0.669078
535		0.670125
534.5		0.672918
534		0.674195
533.5		0.674658
533		0.677241
532.5		0.678704
532		0.680057
531.5		0.681364
531		0.682488
530.5		0.68419
530		0.685733
529.5		0.686858
529		0.689405
528.5		0.690259
528		0.691115
527.5		0.693648
527		0.69437
526.5		0.696335
526		0.699029
525.5		0.69999
525		0.70141
524.5		0.703006
524		0.703112
523.5		0.705793
523		0.707025
522.5		0.708278
522		0.710168
521.5		0.710885
521		0.713918
520.5		0.713647
520		0.714802
519.5		0.716364
519		0.717685
518.5		0.719989
518		0.720457
517.5		0.721778
517		0.724469
516.5		0.723918
516		0.727715
515.5		0.728476
515		0.728996
514.5		0.732042
514		0.730484
513.5		0.734924
513		0.733892
512.5		0.737334
512		0.739828
511.5		0.737379
511		0.741929
510.5		0.742274
510		0.74216
509.5		0.745562
509		0.743834
508.5		0.747902
508		0.747454
507.5		0.748572
507		0.750761
506.5		0.750095
506		0.751589
505.5		0.752514
505		0.751917
504.5		0.755343
504		0.754177
503.5		0.754971
503		0.757019
502.5		0.755449
502		0.758375
501.5		0.756132
501		0.758111
500.5		0.760461
500		0.759306
499.5		0.76063
499		0.760335
498.5		0.760609
498		0.76306
497.5		0.762784
497		0.764024
496.5		0.762685
496		0.763949
495.5		0.765467
495		0.764418
494.5		0.765069
494		0.765779
493.5		0.766108
493		0.767219
492.5		0.766869
492		0.767031
491.5		0.767551
491		0.76696
490.5		0.768814
490		0.769104
489.5		0.768314
489		0.770436
488.5		0.768752
488		0.769794
487.5		0.77221
487		0.769372
486.5		0.771483
486		0.770759
485.5		0.769975
485		0.772336
484.5		0.771609
484		0.771199
483.5		0.770928
483		0.770816
482.5		0.771483
482		0.771895
481.5		0.77094
481		0.770987
480.5		0.77058
480		0.771876
479.5		0.772756
479		0.771457
478.5		0.772595
478		0.770018
477.5		0.770038
477		0.772213
476.5		0.769988
476		0.772625
475.5		0.769626
475		0.76912
474.5		0.772067
474		0.768933
473.5		0.771334
473		0.770461
472.5		0.769217
472		0.769776
471.5		0.769831
471		0.76853
470.5		0.767836
470		0.768004
469.5		0.770027
469		0.76919
468.5		0.768506
468		0.769012
467.5		0.767718
467		0.767032
466.5		0.766893
466		0.767764
465.5		0.76721
465		0.76586
464.5		0.767837
464		0.766936
463.5		0.76753
463		0.766398
462.5		0.764202
462		0.765506
461.5		0.767202
461		0.76667
460.5		0.765125
460		0.764491
459.5		0.765645
459		0.76597
458.5		0.763581
458		0.76519
457.5		0.764686
457		0.76324
456.5		0.764808
456		0.76264
455.5		0.766038
455		0.764528
454.5		0.765611
454		0.763866
453.5		0.762671
453		0.762461
452.5		0.765625
452		0.765421
451.5		0.763126
451		0.764009
450.5		0.764901
450		0.762715
449.5		0.763749
449		0.762861
448.5		0.763497
448		0.761091
447.5		0.76142
447		0.761561
446.5		0.761105
446		0.761355
445.5		0.760187
445		0.759552
444.5		0.76011
444		0.7593
443.5		0.759261
443		0.760415
442.5		0.75844
442		0.75945
441.5		0.758486
441		0.75645
440.5		0.75908
440		0.758069
439.5		0.758363
439		0.758222
438.5		0.755998
438		0.757129
437.5		0.756603
437		0.757344
436.5		0.757093
436		0.756562
435.5		0.756432
435		0.755332
434.5		0.755637
434		0.755137
433.5		0.752797
433		0.754272
432.5		0.75472
432		0.751844
431.5		0.753779
431		0.752532
430.5		0.756063
430		0.752243
429.5		0.753176
429		0.753023
428.5		0.75193
428		0.753067
427.5		0.752153
427		0.750399
426.5		0.751196
426		0.749867
425.5		0.751285
425		0.749557
424.5		0.750731
424		0.750265
423.5		0.749005
423		0.750973
422.5		0.751793
422		0.748545
421.5		0.751305
421		0.747663
420.5		0.749758
420		0.749956
419.5		0.747995
419		0.748371
418.5		0.746609
418		0.746526
417.5		0.746724
417		0.743909
416.5		0.746355
416		0.746332
415.5		0.745812
415		0.744498
414.5		0.74354
414		0.745923
413.5		0.74551
413		0.743415
412.5		0.745726
412		0.74281
411.5		0.74387
411		0.743964
410.5		0.742974
410		0.746539
409.5		0.741432
409		0.739672
408.5		0.742118
408		0.743805
407.5		0.744935
407		0.739255
406.5		0.742613
406		0.74148
405.5		0.740313
405		0.743178
404.5		0.740499
404		0.740866
403.5		0.740483
403		0.739451
402.5		0.740339
402		0.737711
401.5		0.740573
401		0.739006
400.5		0.737417
400		0.741355
399.5		0.739614
399		0.738407
398.5		0.73625
398		0.736842
397.5		0.738442
397		0.737703
396.5		0.738524
396		0.738852
395.5		0.736929
395		0.738575
394.5		0.738287
394		0.734437
393.5		0.73991
393		0.736189
392.5		0.735094
392		0.734903
391.5		0.735016
391		0.734952
390.5		0.735648
390		0.735324
389.5		0.732539
389		0.735718
388.5		0.732922
388		0.73465
387.5		0.73479
387		0.734875
386.5		0.732884
386		0.733765
385.5		0.732687
385		0.733401
384.5		0.728957
384		0.733486
383.5		0.730405
383		0.731322
382.5		0.728214
382		0.729839
381.5		0.730507
381		0.728046
380.5		0.729662
380		0.731197
379.5		0.726855
379		0.728808
378.5		0.728653
378		0.727942
377.5		0.728049
377		0.728041
376.5		0.725332
376		0.72728
375.5		0.727516
375		0.725052
374.5		0.73013
374		0.726196
373.5		0.729196
373		0.727053
372.5		0.72781
372		0.728934
371.5		0.721586
371		0.726812
370.5		0.724828
370		0.727424
369.5		0.726872
369		0.724215
368.5		0.723675
368		0.726414
367.5		0.720821
367		0.723902
366.5		0.724055
366		0.72674
365.5		0.723318
365		0.72214
364.5		0.724439
364		0.723399
363.5		0.722176
363		0.726689
362.5		0.724246
362		0.72044
361.5		0.721058
361		0.720656
360.5		0.723671
360		0.720075
359.5		0.723087
359		0.72194
358.5		0.717047
358		0.72346
357.5		0.719922
357		0.72553
356.5		0.722848
356		0.723059
355.5		0.721223
355		0.721955
354.5		0.720619
354		0.71877
353.5		0.720936
353		0.720502
352.5		0.724692
352		0.719368
351.5		0.724884
351		0.719391
350.5		0.720902
350		0.724177
349.5		0.719022
349		0.720181
348.5		0.715926
348		0.718497
347.5		0.71924
347		0.720896
346.5		0.720372
346		0.718423
345.5		0.713205
345		0.717487
344.5		0.721719
344		0.718705
343.5		0.714138
343		0.718225
342.5		0.71597
342		0.71702
341.5		0.720086
341		0.713469
340.5		0.713855
340		0.715235
339.5		0.713357
339		0.713469
338.5		0.716177
338		0.71789
337.5		0.716482
337		0.713242
336.5		0.710763
336		0.716877
335.5		0.708506
335		0.712606
334.5		0.712539
334		0.709582
333.5		0.705111
333		0.706578
332.5		0.708936
332		0.706734
331.5		0.705541
331		0.708819
330.5		0.702944
330		0.70652
329.5		0.697946
329		0.700886
328.5		0.701272
328		0.699701
327.5		0.701175
327		0.696531
326.5		0.697361
326		0.701329
325.5		0.693202
325		0.696206
324.5		0.700061
324		0.696886
323.5		0.692554
323		0.698399
322.5		0.694245
322		0.697083
321.5		0.685459
321		0.688975
320.5		0.686571
320		0.68684
319.5		0.687024
319		0.686363
318.5		0.689332
318		0.681588
317.5		0.686703
317		0.67068
316.5		0.676129
316		0.676108
315.5		0.672037
315		0.669298
314.5		0.670142
314		0.660674
313.5		0.665775
313		0.673518
312.5		0.667038
312		0.668167
311.5		0.662311
311		0.651821
310.5		0.665016
310		0.651816
309.5		0.640462
309		0.641931
308.5		0.640321
308		0.649511
307.5		0.633109
307		0.629001
306.5		0.636818
306		0.629502
305.5		0.612847
305		0.625723
304.5		0.600468
304		0.598875
303.5		0.607672
303		0.611013
302.5		0.60584
302		0.60164
301.5		0.612978
301		0.557503
300.5		0.566453
300		0.58384
299.5		0.548673
299		0.537985
298.5		0.552315
298		0.584498
297.5		0.643234
297		0.558779
296.5		0.510019
296		0.731186
295.5		0.666281
295		0.420253
294.5		0.939411
294		0.843772
293.5		0.925315
293		0.786409
292.5		0.77916
292		1.11671
291.5		2.7468
291		2.33423
290.5		0.15858
290		-0.0987988
289.5		0.192343
289		0.528944
288.5		0.792659
288		0.556547
287.5		0.193542
287		0.746371
286.5		0.0765753
286		1.984
285.5		0.984092
285		0.131065
284.5		0.398971
284		1.00621
283.5		0.611356
283		-2.04153
282.5		0.566651
282		-0.205943
281.5		0.12592
281		0.192413
280.5		0.2372
280		0.491469
279.5		0.408495
279		0.872905
278.5		-1.5652
278		0.380647
277.5		0.742072
277		0.871208
276.5		-0.288697
276		0.41826
275.5		0.446817
275		0.393527
274.5		-7.64737
274		5.49194
273.5		1.42122
273		1.05892
272.5		0.206631
272		0.180786
271.5		0.921909
271		0.665004
270.5		1.611
270		1.44389
269.5		0.551978
269		0.860862
268.5		-1.285
268		0.343871
267.5		0.129546
267		1.20932
266.5		0.892933
266		0.108991
265.5		0.433664
265		1.82698
264.5		0.243861
264		0.33289
263.5		0.0971555
263		0.34334
262.5		1.58251
262		1.51205
261.5		-5.14868
261		-0.666749
260.5		1.06668
260		0.20976
259.5		4.84775
259		3.49553
258.5		-0.226477
258		0.0897061
257.5		0.705693
257		0.54936
256.5		0.363305
256		2.88431
255.5		0.673632
255		2.45838
254.5		0.590376
254		5.62692
253.5		2.81436
253		0.749956
252.5		0.582274
252		0.311632
251.5		0.505199
251		0.375058
250.5		0.756269
250		0.369012
249.5		0.90877
249		0.2585
248.5		1.1947
248		0.792088
247.5		1.25844
247		-0.0168584
246.5		-1.13746
246		-0.0633456
245.5		1.28927
245		0.232493
244.5		0.45303
244		2.0091
243.5		6.3838
243		0.515469
242.5		-1.691
242		0.278386
241.5		0.183959
241		0.484098
240.5		0.0707893
240		1.49957
239.5		0.229984
239		0.386817
238.5		0.333598
238		0.6199
237.5		0.422095
237		0.600812
236.5		0.496595
236		0.832687
235.5		1.0932
235		0.441002
234.5		-0.166209
234		0.492639
233.5		0.557471
233		0.558363
232.5		0.492662
232		2.67723
231.5		0.911346
231		0.113186
230.5		-1.11953
230		0.859045
229.5		0.603136
229		1.50305
228.5		0.0515459
228		-0.0440753
227.5		1.32433
227		-0.0766814
226.5		0.444601
226		-39.3277
225.5		-0.15725
225		0.382603
224.5		0.149809
224		0.889326
223.5		0.730601
223		0.045912
222.5		-0.392891
222		-1.91147
221.5		0.218658
221		0.298474
220.5		0.18724
220		-0.230216
219.5		0.26104
219		0.201038
218.5		-0.0257881
218		0.221663
217.5		-0.0310662
217		1.21738
216.5		4.51548
216		1.72058
215.5		0.432076
215		0.988074
214.5		-1.09466
214		-0.0814908
213.5		0.314122
213		0.341646
212.5		-4.40597
212		0.566141
211.5		0.299102
211		-0.46
210.5		-7.27229
210		0.277121
209.5		-0.562771
209		-15.5196
208.5		6.55883
208		1.48338
207.5		0.199035
207		0.0032612
206.5		0.582799
206		1.00368
205.5		0.600028
205		0.0618127
204.5		0.377143
204		0.625768
203.5		-1.20272
203		1.8486
202.5		-1.84407
202		0.316464
201.5		-0.419977
201		0.228867
200.5		0.133307
200		0.183229
