lambda		value

Calibration:
lambda:	800
Abs:	-0.0004

Data:
#
900		0.309469
899.5		0.309636
899		0.29423
898.5		0.316289
898		0.312179
897.5		0.31372
897		0.310508
896.5		0.312359
896		0.305085
895.5		0.316182
895		0.3106
894.5		0.303405
894		0.303707
893.5		0.316314
893		0.330265
892.5		0.293399
892		0.304598
891.5		0.297747
891		0.313442
890.5		0.320589
890		0.31521
889.5		0.317661
889		0.307484
888.5		0.320379
888		0.322662
887.5		0.311909
887		0.297868
886.5		0.325248
886		0.309621
885.5		0.309824
885		0.309084
884.5		0.316893
884		0.317972
883.5		0.304604
883		0.3248
882.5		0.315731
882		0.307662
881.5		0.311715
881		0.31906
880.5		0.318507
880		0.324744
879.5		0.323055
879		0.313463
878.5		0.313904
878		0.317981
877.5		0.313724
877		0.323724
876.5		0.32118
876		0.322386
875.5		0.317877
875		0.320783
874.5		0.323515
874		0.318424
873.5		0.329108
873		0.326201
872.5		0.316534
872		0.318571
871.5		0.321969
871		0.326557
870.5		0.318864
870		0.319296
869.5		0.319002
869		0.325702
868.5		0.321353
868		0.319234
867.5		0.321243
867		0.317224
866.5		0.322684
866		0.321386
865.5		0.322809
865		0.323308
864.5		0.322252
864		0.324958
863.5		0.326146
863		0.320775
862.5		0.323682
862		0.323893
861.5		0.324303
861		0.330119
860.5		0.32812
860		0.325337
859.5		0.324039
859		0.327253
858.5		0.331347
858		0.327679
857.5		0.330306
857		0.328271
856.5		0.328546
856		0.327918
855.5		0.330134
855		0.329634
854.5		0.328651
854		0.330195
853.5		0.330887
853		0.331153
852.5		0.329492
852		0.329023
851.5		0.331844
851		0.330734
850.5		0.331421
850		0.334653
849.5		0.332807
849		0.334585
848.5		0.330906
848		0.333136
847.5		0.332083
847		0.333991
846.5		0.33376
846		0.336394
845.5		0.335873
845		0.336264
844.5		0.335373
844		0.338106
843.5		0.336217
843		0.337117
842.5		0.339494
842		0.336455
841.5		0.339072
841		0.338531
840.5		0.33999
840		0.339621
839.5		0.339911
839		0.339466
838.5		0.341596
838		0.341352
837.5		0.342267
837		0.341814
836.5		0.344044
836		0.342498
835.5		0.342241
835		0.343682
834.5		0.344054
834		0.345276
833.5		0.342656
833		0.344482
832.5		0.346184
832		0.345561
831.5		0.345588
831		0.34659
830.5		0.34861
830		0.346957
829.5		0.348437
829		0.348228
828.5		0.347843
828		0.349228
827.5		0.350872
827		0.349074
826.5		0.350423
826		0.350389
825.5		0.350433
825		0.352554
824.5		0.351357
824		0.353428
823.5		0.352712
823		0.352589
822.5		0.354006
822		0.352478
821.5		0.353799
821		0.355261
820.5		0.354723
820		0.354056
819.5		0.355222
819		0.355964
818.5		0.355454
818		0.357143
817.5		0.357887
817		0.35745
816.5		0.357036
816		0.357506
815.5		0.357121
815		0.358587
814.5		0.358221
814		0.359064
813.5		0.359572
813		0.361355
812.5		0.359405
812		0.360584
811.5		0.361845
811		0.361247
810.5		0.361668
810		0.361847
809.5		0.362612
809		0.363573
808.5		0.3629
808		0.364027
807.5		0.363445
807		0.364718
806.5		0.365783
806		0.365819
805.5		0.366697
805		0.367294
804.5		0.366071
804		0.367422
803.5		0.368547
803		0.368011
802.5		0.368752
802		0.368878
801.5		0.369867
801		0.371157
800.5		0.369307
800		0.371152
799.5		0.371851
799		0.371571
798.5		0.37249
798		0.373689
797.5		0.373185
797		0.373552
796.5		0.373902
796		0.373803
795.5		0.374289
795		0.376374
794.5		0.376361
794		0.376223
793.5		0.376621
793		0.377649
792.5		0.377622
792		0.378765
791.5		0.377705
791		0.378731
790.5		0.378519
790		0.378984
789.5		0.381257
789		0.380463
788.5		0.382171
788		0.380948
787.5		0.382121
787		0.382979
786.5		0.382391
786		0.382005
785.5		0.385499
785		0.38398
784.5		0.384976
784		0.386595
783.5		0.385528
783		0.386929
782.5		0.387393
782		0.38693
781.5		0.388407
781		0.38802
780.5		0.388158
780		0.38854
779.5		0.389526
779		0.390884
778.5		0.390101
778		0.391656
777.5		0.390266
777		0.391235
776.5		0.392765
776		0.391958
775.5		0.392719
775		0.394569
774.5		0.393557
774		0.395607
773.5		0.395356
773		0.395242
772.5		0.396151
772		0.396202
771.5		0.398244
771		0.397432
770.5		0.398627
770		0.399402
769.5		0.399701
769		0.400518
768.5		0.400398
768		0.401015
767.5		0.401972
767		0.401233
766.5		0.403007
766		0.404147
765.5		0.403944
765		0.402957
764.5		0.404525
764		0.405553
763.5		0.407079
763		0.406042
762.5		0.407846
762		0.407105
761.5		0.407069
761		0.409218
760.5		0.409177
760		0.410997
759.5		0.409828
759		0.410473
758.5		0.411735
758		0.411286
757.5		0.411928
757		0.412484
756.5		0.413132
756		0.414287
755.5		0.414935
755		0.414612
754.5		0.416111
754		0.415287
753.5		0.417023
753		0.417612
752.5		0.417353
752		0.418464
751.5		0.417632
751		0.419771
750.5		0.419422
750		0.420614
749.5		0.422763
749		0.421506
748.5		0.422244
748		0.423321
747.5		0.423001
747		0.425333
746.5		0.424182
746		0.426045
745.5		0.425595
745		0.426602
744.5		0.426943
744		0.426591
743.5		0.427694
743		0.42792
742.5		0.430115
742		0.429407
741.5		0.429575
741		0.430367
740.5		0.431075
740		0.431737
739.5		0.433485
739		0.432921
738.5		0.433488
738		0.434507
737.5		0.43535
737		0.434753
736.5		0.436389
736		0.436419
735.5		0.437117
735		0.438617
734.5		0.437432
734		0.439744
733.5		0.440304
733		0.440852
732.5		0.440728
732		0.440746
731.5		0.442196
731		0.442143
730.5		0.443789
730		0.442909
729.5		0.444738
729		0.444803
728.5		0.444314
728		0.446561
727.5		0.44638
727		0.448061
726.5		0.448958
726		0.448453
725.5		0.450524
725		0.450281
724.5		0.450405
724		0.451535
723.5		0.451818
723		0.451693
722.5		0.45337
722		0.45335
721.5		0.453404
721		0.453521
720.5		0.453859
720		0.456468
719.5		0.455493
719		0.457906
718.5		0.457764
718		0.458208
717.5		0.459368
717		0.459882
716.5		0.46009
716		0.461062
715.5		0.46088
715		0.462521
714.5		0.464211
714		0.464979
713.5		0.464903
713		0.464771
712.5		0.466084
712		0.466635
711.5		0.466783
711		0.467539
710.5		0.467942
710		0.469451
709.5		0.470663
709		0.471412
708.5		0.471887
708		0.47247
707.5		0.473622
707		0.474685
706.5		0.47454
706		0.475382
705.5		0.476411
705		0.476552
704.5		0.476912
704		0.477571
703.5		0.47785
703		0.479768
702.5		0.480485
702		0.480726
701.5		0.48104
701		0.482898
700.5		0.482939
700		0.482922
699.5		0.484406
699		0.484398
698.5		0.485661
698		0.486433
697.5		0.486838
697		0.487131
696.5		0.488696
696		0.488125
695.5		0.488377
695		0.48927
694.5		0.491067
694		0.490387
693.5		0.492406
693		0.492602
692.5		0.492758
692		0.49457
691.5		0.494964
691		0.495465
690.5		0.496642
690		0.496744
689.5		0.498766
689		0.499012
688.5		0.498569
688		0.501484
687.5		0.499951
687		0.501283
686.5		0.502122
686		0.503014
685.5		0.503406
685		0.504591
684.5		0.504936
684		0.505975
683.5		0.506769
683		0.507654
682.5		0.508593
682		0.507005
681.5		0.509186
681		0.508384
680.5		0.510966
680		0.511309
679.5		0.511251
679		0.513709
678.5		0.513244
678		0.514088
677.5		0.515322
677		0.515514
676.5		0.517081
676		0.517364
675.5		0.516764
675		0.518658
674.5		0.519672
674		0.52004
673.5		0.521421
673		0.521017
672.5		0.522148
672		0.522547
671.5		0.523739
671		0.524582
670.5		0.524337
670		0.526238
669.5		0.526446
669		0.526571
668.5		0.527811
668		0.528168
667.5		0.528772
667		0.529982
666.5		0.530104
666		0.532117
665.5		0.531046
665		0.532621
664.5		0.533551
664		0.532661
663.5		0.53546
663		0.535895
662.5		0.535425
662		0.536634
661.5		0.537121
661		0.537266
660.5		0.538264
660		0.53917
659.5		0.540428
659		0.540854
658.5		0.542121
658		0.542885
657.5		0.542195
657		0.543355
656.5		0.543338
656		0.544842
655.5		0.547106
655		0.545437
654.5		0.546661
654		0.547853
653.5		0.548042
653		0.550238
652.5		0.54888
652		0.549638
651.5		0.551659
651		0.549668
650.5		0.552436
650		0.552645
649.5		0.554341
649		0.554684
648.5		0.55475
648		0.556461
647.5		0.555147
647		0.557591
646.5		0.557654
646		0.558227
645.5		0.55847
645		0.559658
644.5		0.559347
644		0.561479
643.5		0.562083
643		0.562674
642.5		0.563448
642		0.563865
641.5		0.564714
641		0.564576
640.5		0.564862
640		0.566513
639.5		0.56613
639		0.567516
638.5		0.568669
638		0.568983
637.5		0.570439
637		0.570425
636.5		0.571543
636		0.572405
635.5		0.572419
635		0.573815
634.5		0.574233
634		0.575126
633.5		0.57614
633		0.577296
632.5		0.578193
632		0.578719
631.5		0.57891
631		0.579463
630.5		0.580446
630		0.580736
629.5		0.581585
629		0.58247
628.5		0.582822
628		0.584421
627.5		0.583425
627		0.584719
626.5		0.585577
626		0.585283
625.5		0.586628
625		0.5856
624.5		0.586572
624		0.587366
623.5		0.587286
623		0.587877
622.5		0.588195
622		0.589844
621.5		0.590082
621		0.589326
620.5		0.590453
620		0.590392
619.5		0.589778
619		0.592053
618.5		0.592064
618		0.592323
617.5		0.592381
617		0.59365
616.5		0.59368
616		0.594419
615.5		0.595102
615		0.596554
614.5		0.595298
614		0.597294
613.5		0.596285
613		0.598774
612.5		0.599786
612		0.598813
611.5		0.6
611		0.600156
610.5		0.601929
610		0.60107
609.5		0.600933
609		0.602372
608.5		0.602119
608		0.603053
607.5		0.6035
607		0.604436
606.5		0.604624
606		0.606577
605.5		0.606258
605		0.607407
604.5		0.607056
604		0.608556
603.5		0.608417
603		0.608193
602.5		0.609578
602		0.609676
601.5		0.61054
601		0.612062
600.5		0.610437
600		0.61192
599.5		0.613129
599		0.611713
598.5		0.613661
598		0.613819
597.5		0.615325
597		0.614899
596.5		0.615161
596		0.615795
595.5		0.616346
595		0.616212
594.5		0.616555
594		0.61747
593.5		0.618794
593		0.6192
592.5		0.618766
592		0.619684
591.5		0.620066
591		0.620296
590.5		0.620933
590		0.621904
589.5		0.621444
589		0.622207
588.5		0.622317
588		0.623403
587.5		0.623608
587		0.62332
586.5		0.623044
586		0.623829
585.5		0.625883
585		0.624542
584.5		0.626268
584		0.62558
583.5		0.625928
583		0.628591
582.5		0.626811
582		0.62821
581.5		0.628729
581		0.627169
580.5		0.6292
580		0.62869
579.5		0.630512
579		0.630173
578.5		0.629936
578		0.631696
577.5		0.631072
577		0.631376
576.5		0.632157
576		0.632096
575.5		0.634853
575		0.632675
574.5		0.63448
574		0.634367
573.5		0.63326
573		0.635381
572.5		0.634445
572		0.63506
571.5		0.635576
571		0.636022
570.5		0.63667
570		0.63681
569.5		0.637737
569		0.637343
568.5		0.637386
568		0.637585
567.5		0.638884
567		0.638462
566.5		0.638478
566		0.639062
565.5		0.639033
565		0.641119
564.5		0.640592
564		0.640607
563.5		0.640361
563		0.639421
562.5		0.642157
562		0.641397
561.5		0.641016
561		0.642754
560.5		0.641652
560		0.642343
559.5		0.644246
559		0.642583
558.5		0.643269
558		0.645149
557.5		0.642857
557		0.644694
556.5		0.644796
556		0.644172
555.5		0.64483
555		0.644636
554.5		0.645693
554		0.646416
553.5		0.645745
553		0.646219
552.5		0.645606
552		0.646811
551.5		0.64725
551		0.646839
550.5		0.647955
550		0.644924
549.5		0.648175
549		0.647357
548.5		0.647171
548		0.647863
547.5		0.646744
547		0.64877
546.5		0.648499
546		0.647537
545.5		0.65023
545		0.648767
544.5		0.649067
544		0.649374
543.5		0.649064
543		0.650062
542.5		0.647811
542		0.649436
541.5		0.648669
541		0.649051
540.5		0.649275
540		0.648101
539.5		0.650396
539		0.649118
538.5		0.649123
538		0.649847
537.5		0.648471
537		0.65063
536.5		0.649986
536		0.649476
535.5		0.648582
535		0.648397
534.5		0.648996
534		0.649771
533.5		0.649515
533		0.649395
532.5		0.650186
532		0.649472
531.5		0.650195
531		0.649453
530.5		0.649781
530		0.649443
529.5		0.649363
529		0.649648
528.5		0.649325
528		0.648754
527.5		0.649243
527		0.648793
526.5		0.648806
526		0.650266
525.5		0.647836
525		0.64879
524.5		0.648183
524		0.648178
523.5		0.649933
523		0.647792
522.5		0.647926
522		0.648027
521.5		0.648196
521		0.648728
520.5		0.645812
520		0.646662
519.5		0.646164
519		0.645984
518.5		0.647361
518		0.644977
517.5		0.644652
517		0.645256
516.5		0.64372
516		0.645601
515.5		0.643211
515		0.64419
514.5		0.644349
514		0.642395
513.5		0.644533
513		0.642653
512.5		0.64266
512		0.643239
511.5		0.640952
511		0.641998
510.5		0.640473
510		0.640427
509.5		0.640649
509		0.63877
508.5		0.640282
508		0.637575
507.5		0.638492
507		0.637012
506.5		0.63651
506		0.636131
505.5		0.635053
505		0.634763
504.5		0.633983
504		0.632751
503.5		0.631584
503		0.631594
502.5		0.630378
502		0.629609
501.5		0.629072
501		0.628027
500.5		0.628264
500		0.626621
499.5		0.625489
499		0.624651
498.5		0.623433
498		0.623327
497.5		0.622622
497		0.621489
496.5		0.621366
496		0.619761
495.5		0.618585
495		0.616754
494.5		0.615831
494		0.615108
493.5		0.614025
493		0.612871
492.5		0.611489
492		0.610166
491.5		0.608129
491		0.608249
490.5		0.607359
490		0.606979
489.5		0.605005
489		0.603537
488.5		0.602326
488		0.599524
487.5		0.601211
487		0.59828
486.5		0.59731
486		0.596522
485.5		0.594449
485		0.595186
484.5		0.59305
484		0.59154
483.5		0.589624
483		0.588766
482.5		0.587559
482		0.585513
481.5		0.584926
481		0.583432
480.5		0.580941
480		0.581757
479.5		0.58078
479		0.578012
478.5		0.578298
478		0.575258
477.5		0.574891
477		0.57421
476.5		0.571403
476		0.572358
475.5		0.569343
475		0.567955
474.5		0.568106
474		0.566547
473.5		0.565944
473		0.564268
472.5		0.561923
472		0.562679
471.5		0.561251
471		0.558304
470.5		0.557272
470		0.555516
469.5		0.555833
469		0.554932
468.5		0.553265
468		0.552496
467.5		0.549779
467		0.550248
466.5		0.549148
466		0.54726
465.5		0.547105
465		0.544471
464.5		0.544815
464		0.543955
463.5		0.542774
463		0.541623
462.5		0.540633
462		0.539381
461.5		0.539986
461		0.538649
460.5		0.535894
460		0.534886
459.5		0.534236
459		0.533235
458.5		0.531396
458		0.531758
457.5		0.52833
457		0.528803
456.5		0.529005
456		0.526225
455.5		0.525501
455		0.524555
454.5		0.524386
454		0.523661
453.5		0.522224
453		0.520159
452.5		0.519615
452		0.519458
451.5		0.518338
451		0.517818
450.5		0.518018
450		0.515395
449.5		0.515517
449		0.51192
448.5		0.514175
448		0.512097
447.5		0.510978
447		0.510964
446.5		0.509454
446		0.508862
445.5		0.508377
445		0.506484
444.5		0.507564
444		0.50455
443.5		0.504287
443		0.504608
442.5		0.503145
442		0.502307
441.5		0.502171
441		0.501729
440.5		0.50111
440		0.499778
439.5		0.500267
439		0.498845
438.5		0.497601
438		0.49738
437.5		0.495154
437		0.496796
436.5		0.495954
436		0.494262
435.5		0.494615
435		0.492714
434.5		0.494342
434		0.491418
433.5		0.490678
433		0.490746
432.5		0.491273
432		0.489651
431.5		0.48942
431		0.487744
430.5		0.489927
430		0.486189
429.5		0.486719
429		0.486578
428.5		0.483988
428		0.485691
427.5		0.483536
427		0.484292
426.5		0.482193
426		0.481219
425.5		0.482459
425		0.480616
424.5		0.480567
424		0.480018
423.5		0.478638
423		0.479296
422.5		0.478184
422		0.478395
421.5		0.477673
421		0.476808
420.5		0.477034
420		0.476695
419.5		0.475368
419		0.475616
418.5		0.474639
418		0.473971
417.5		0.472259
417		0.471346
416.5		0.471549
416		0.471756
415.5		0.470753
415		0.469624
414.5		0.469743
414		0.469846
413.5		0.468687
413		0.468982
412.5		0.468484
412		0.46648
411.5		0.467169
411		0.466591
410.5		0.465096
410		0.467239
409.5		0.464557
409		0.463402
408.5		0.463079
408		0.464579
407.5		0.46307
407		0.461378
406.5		0.461874
406		0.460828
405.5		0.45926
405		0.46178
404.5		0.460047
404		0.459993
403.5		0.459854
403		0.458247
402.5		0.459147
402		0.458058
401.5		0.458304
401		0.457723
400.5		0.456215
400		0.457783
399.5		0.456552
399		0.456365
398.5		0.453917
398		0.454907
397.5		0.455246
397		0.455152
396.5		0.45523
396		0.453381
395.5		0.453003
395		0.453313
394.5		0.453113
394		0.451466
393.5		0.453672
393		0.45084
392.5		0.451183
392		0.450319
391.5		0.450319
391		0.45028
390.5		0.449304
390		0.449288
389.5		0.447862
389		0.449057
388.5		0.44899
388		0.449213
387.5		0.447487
387		0.44689
386.5		0.447447
386		0.446685
385.5		0.447941
385		0.444737
384.5		0.444811
384		0.446036
383.5		0.445244
383		0.44575
382.5		0.444229
382		0.444811
381.5		0.442309
381		0.443135
380.5		0.441954
380		0.44495
379.5		0.442428
379		0.443091
378.5		0.441966
378		0.441078
377.5		0.441041
377		0.439026
376.5		0.440163
376		0.440788
375.5		0.441012
375		0.440944
374.5		0.440879
374		0.439396
373.5		0.44109
373		0.43954
372.5		0.439061
372		0.439356
371.5		0.437541
371		0.438009
370.5		0.436053
370		0.438575
369.5		0.439112
369		0.436677
368.5		0.435441
368		0.439075
367.5		0.4358
367		0.435095
366.5		0.435635
366		0.434173
365.5		0.434926
365		0.435155
364.5		0.435532
364		0.435352
363.5		0.434979
363		0.433885
362.5		0.43469
362		0.433177
361.5		0.431811
361		0.43247
360.5		0.433082
360		0.43443
359.5		0.43324
359		0.432339
358.5		0.429233
358		0.433825
357.5		0.433007
357		0.431822
356.5		0.432315
356		0.431061
355.5		0.430988
355		0.430806
354.5		0.429092
354		0.430738
353.5		0.428804
353		0.430076
352.5		0.429603
352		0.426083
351.5		0.427402
351		0.42834
350.5		0.426782
350		0.427173
349.5		0.425794
349		0.423852
348.5		0.423352
348		0.421306
347.5		0.423123
347		0.424794
346.5		0.422543
346		0.419419
345.5		0.419578
345		0.420101
344.5		0.422685
344		0.419757
343.5		0.417916
343		0.418638
342.5		0.418571
342		0.418581
341.5		0.421002
341		0.415833
340.5		0.414638
340		0.41426
339.5		0.409191
339		0.40902
338.5		0.409438
338		0.415609
337.5		0.409836
337		0.411104
336.5		0.408974
336		0.407538
335.5		0.404842
335		0.406384
334.5		0.404221
334		0.403494
333.5		0.404265
333		0.405084
332.5		0.402191
332		0.40017
331.5		0.401192
331		0.404998
330.5		0.400586
330		0.396562
329.5		0.398447
329		0.396935
328.5		0.392753
328		0.396505
327.5		0.394686
327		0.393002
326.5		0.392139
326		0.389763
325.5		0.390856
325		0.390979
324.5		0.390098
324		0.389516
323.5		0.390688
323		0.386247
322.5		0.38576
322		0.385576
321.5		0.382348
321		0.390259
320.5		0.385298
320		0.381319
319.5		0.37942
319		0.377499
318.5		0.378683
318		0.372858
317.5		0.378026
317		0.372112
316.5		0.376619
316		0.375177
315.5		0.367171
315		0.36826
314.5		0.366148
314		0.36631
313.5		0.370414
313		0.372693
312.5		0.366144
312		0.358867
311.5		0.359243
311		0.349974
310.5		0.356002
310		0.353988
309.5		0.357367
309		0.351606
308.5		0.342719
308		0.337499
307.5		0.336231
307		0.351106
306.5		0.33446
306		0.343853
305.5		0.348795
305		0.328625
304.5		0.342563
304		0.331459
303.5		0.319302
303		0.323034
302.5		0.332918
302		0.306615
301.5		0.377852
301		0.317668
300.5		0.324202
300		0.300256
299.5		0.300138
299		0.384968
298.5		0.297424
298		0.396932
297.5		0.365175
297		0.387835
296.5		0.382963
296		0.368429
295.5		0.348341
295		0.344543
294.5		0.314312
294		0.263909
293.5		0.350795
293		0.383064
292.5		0.455774
292		0.349139
291.5		0.408149
291		0.367399
290.5		0.289373
290		0.368275
289.5		0.474162
289		0.324284
288.5		0.453649
288		0.418739
287.5		0.474907
287		0.341731
286.5		0.42267
286		0.318963
285.5		0.420921
285		0.296391
284.5		0.407325
284		0.502475
283.5		0.228943
283		0.425867
282.5		0.321019
282		0.464635
281.5		0.3559
281		0.600123
280.5		0.358271
280		0.315775
279.5		0.354477
279		0.330293
278.5		0.28487
278		0.373854
277.5		0.395826
277		0.347552
276.5		0.50202
276		0.380847
275.5		0.389331
275		0.655369
274.5		0.434007
274		0.513232
273.5		0.296772
273		0.410978
272.5		0.319757
272		0.335739
271.5		0.477322
271		0.366321
270.5		0.51169
270		0.313747
269.5		0.361421
269		0.291029
268.5		0.444831
268		0.408721
267.5		0.395271
267		0.410554
266.5		0.469783
266		0.276412
265.5		0.461499
265		0.50164
264.5		0.278988
264		0.532126
263.5		0.258185
263		0.45554
262.5		0.412892
262		0.353283
261.5		0.451229
261		0.355812
260.5		0.293103
260		0.462753
259.5		0.416508
259		0.264164
258.5		0.363088
258		0.454756
257.5		0.342649
257		0.44961
256.5		0.358101
256		0.349904
255.5		0.312963
255		0.242636
254.5		0.247397
254		0.477332
253.5		0.236805
253		0.28464
252.5		0.304519
252		0.346341
251.5		0.312854
251		0.394409
250.5		0.339002
250		0.242937
249.5		0.280421
249		0.361433
248.5		0.259879
248		0.395884
247.5		0.299397
247		0.426822
246.5		0.385076
246		0.258788
245.5		0.392283
245		0.301758
244.5		0.327573
244		0.258793
243.5		0.366652
243		0.327666
242.5		0.29685
242		0.435435
241.5		0.405643
241		0.221147
240.5		0.178749
240		0.314509
239.5		0.29944
239		0.359581
238.5		0.310356
238		0.325788
237.5		0.199354
237		0.282005
236.5		0.362054
236		0.298133
235.5		0.253319
235		0.270537
234.5		0.480496
234		0.514065
233.5		0.228148
233		0.344174
232.5		0.329304
232		0.382931
231.5		0.324173
231		0.332134
230.5		0.219705
230		0.359371
229.5		0.236997
229		0.398062
228.5		0.306259
228		0.298416
227.5		0.218939
227		0.30529
226.5		0.206091
226		0.283987
225.5		0.324658
225		0.229743
224.5		0.164211
224		0.132561
223.5		0.257523
223		0.261867
222.5		0.305376
222		0.292327
221.5		0.362406
221		0.250579
220.5		0.134813
220		0.297941
219.5		0.213963
219		0.295997
218.5		0.181363
218		0.310521
217.5		0.201789
217		0.244086
216.5		0.236429
216		0.2477
215.5		0.217926
215		0.222191
214.5		0.174896
214		0.286696
213.5		0.221882
213		0.17
212.5		0.236295
212		0.228825
211.5		0.288536
211		0.183499
210.5		0.178964
210		0.222974
209.5		0.188932
209		0.163685
208.5		0.168686
208		0.190236
207.5		0.152141
207		0.145589
206.5		0.189024
206		0.181995
205.5		0.115118
205		0.219563
204.5		0.127876
204		0.20252
203.5		0.264681
203		0.206482
202.5		0.197389
202		0.107863
201.5		0.182446
201		0.269068
200.5		0.185458
200		0.230802
