lambda		value

Calibration:
lambda:	800
Abs:	0.0008

Data:
#
900		0.491441
899.5		0.47657
899		0.485054
898.5		0.486051
898		0.461006
897.5		0.491908
897		0.476529
896.5		0.499488
896		0.476343
895.5		0.477586
895		0.498221
894.5		0.482453
894		0.468452
893.5		0.488685
893		0.511574
892.5		0.466366
892		0.483456
891.5		0.468563
891		0.485873
890.5		0.484517
890		0.468255
889.5		0.488031
889		0.488751
888.5		0.491588
888		0.473674
887.5		0.499496
887		0.473024
886.5		0.488869
886		0.498571
885.5		0.483839
885		0.47313
884.5		0.493308
884		0.502209
883.5		0.483452
883		0.495573
882.5		0.489992
882		0.474047
881.5		0.472236
881		0.480857
880.5		0.480302
880		0.478822
879.5		0.4771
879		0.489038
878.5		0.487947
878		0.486337
877.5		0.4831
877		0.496277
876.5		0.486639
876		0.494654
875.5		0.490553
875		0.476936
874.5		0.497314
874		0.49178
873.5		0.494212
873		0.489491
872.5		0.4865
872		0.481367
871.5		0.481277
871		0.486229
870.5		0.481253
870		0.489835
869.5		0.480276
869		0.476929
868.5		0.485316
868		0.480024
867.5		0.484494
867		0.486354
866.5		0.481701
866		0.486742
865.5		0.489947
865		0.48877
864.5		0.48321
864		0.485575
863.5		0.485357
863		0.480295
862.5		0.491603
862		0.481114
861.5		0.487435
861		0.49145
860.5		0.490615
860		0.482235
859.5		0.487836
859		0.484169
858.5		0.482851
858		0.484903
857.5		0.485563
857		0.485987
856.5		0.481456
856		0.486411
855.5		0.483801
855		0.489634
854.5		0.484845
854		0.485762
853.5		0.488633
853		0.488637
852.5		0.486785
852		0.48557
851.5		0.488074
851		0.488287
850.5		0.48886
850		0.488653
849.5		0.488043
849		0.486698
848.5		0.488129
848		0.488836
847.5		0.490018
847		0.488887
846.5		0.48974
846		0.490016
845.5		0.490392
845		0.490357
844.5		0.489032
844		0.490163
843.5		0.487205
843		0.488634
842.5		0.492381
842		0.489341
841.5		0.491828
841		0.491008
840.5		0.490943
840		0.49298
839.5		0.489875
839		0.490097
838.5		0.4912
838		0.491823
837.5		0.491188
837		0.492468
836.5		0.493298
836		0.491435
835.5		0.492073
835		0.492453
834.5		0.494236
834		0.492448
833.5		0.493794
833		0.493442
832.5		0.493335
832		0.494575
831.5		0.493534
831		0.494127
830.5		0.495362
830		0.495022
829.5		0.494018
829		0.492991
828.5		0.494864
828		0.494468
827.5		0.494662
827		0.494813
826.5		0.493771
826		0.494807
825.5		0.494365
825		0.495905
824.5		0.495905
824		0.495453
823.5		0.49625
823		0.495855
822.5		0.496144
822		0.495957
821.5		0.496052
821		0.496702
820.5		0.496109
820		0.497053
819.5		0.497348
819		0.497347
818.5		0.494855
818		0.496494
817.5		0.496889
817		0.495948
816.5		0.49695
816		0.496055
815.5		0.49546
815		0.497796
814.5		0.497848
814		0.497848
813.5		0.496595
813		0.497398
812.5		0.49785
812		0.498199
811.5		0.497596
811		0.496848
810.5		0.496354
810		0.498749
809.5		0.497405
809		0.497797
808.5		0.496996
808		0.497297
807.5		0.498598
807		0.498249
806.5		0.498748
806		0.498497
805.5		0.49825
805		0.499399
804.5		0.49915
804		0.49835
803.5		0.499299
803		0.498501
802.5		0.4997
802		0.497753
801.5		0.49935
801		0.500551
800.5		0.498154
800		0.4998
799.5		0.5
799		0.49985
798.5		0.49975
798		0.49975
797.5		0.500752
797		0.4993
796.5		0.5002
796		0.498901
795.5		0.50005
795		0.5007
794.5		0.49985
794		0.501099
793.5		0.499101
793		0.501401
792.5		0.5018
792		0.502254
791.5		0.500349
791		0.499203
790.5		0.5005
790		0.499701
789.5		0.50075
789		0.501399
788.5		0.502201
788		0.501648
787.5		0.500949
787		0.50305
786.5		0.501747
786		0.499651
785.5		0.50295
785		0.500398
784.5		0.502297
784		0.502397
783.5		0.502145
783		0.502551
782.5		0.502696
782		0.501596
781.5		0.502447
781		0.502944
780.5		0.502695
780		0.501846
779.5		0.502547
779		0.503295
778.5		0.502543
778		0.502948
777.5		0.502043
777		0.502593
776.5		0.503592
776		0.50274
775.5		0.502938
775		0.504598
774.5		0.502339
774		0.504449
773.5		0.50459
773		0.503438
772.5		0.504842
772		0.503185
771.5		0.505793
771		0.504534
770.5		0.503187
770		0.50454
769.5		0.504288
769		0.504187
768.5		0.504782
768		0.503984
767.5		0.504835
767		0.504031
766.5		0.505484
766		0.507536
765.5		0.505035
765		0.503278
764.5		0.505987
764		0.504882
763.5		0.507287
763		0.505124
762.5		0.506131
762		0.505828
761.5		0.503976
761		0.506478
760.5		0.506029
760		0.506632
759.5		0.507121
759		0.50577
758.5		0.506622
758		0.504078
757.5		0.506867
757		0.50602
756.5		0.505719
756		0.50772
755.5		0.506521
755		0.507464
754.5		0.508016
754		0.505409
753.5		0.508921
753		0.50777
752.5		0.507206
752		0.507313
751.5		0.505207
751		0.506913
750.5		0.507605
750		0.507506
749.5		0.507862
749		0.507442
748.5		0.508948
748		0.508254
747.5		0.507749
747		0.510153
746.5		0.50774
746		0.510293
745.5		0.509039
745		0.508143
744.5		0.508237
744		0.507979
743.5		0.509675
743		0.508438
742.5		0.50923
742		0.509374
741.5		0.507977
741		0.50986
740.5		0.509122
740		0.509311
739.5		0.510818
739		0.508067
738.5		0.509357
738		0.50941
737.5		0.509501
737		0.50994
736.5		0.509988
736		0.510931
735.5		0.51018
735		0.510135
734.5		0.508822
734		0.510269
733.5		0.511401
733		0.511054
732.5		0.510096
732		0.510076
731.5		0.510571
731		0.511742
730.5		0.511216
730		0.510843
729.5		0.511477
729		0.511209
728.5		0.511033
728		0.511835
727.5		0.511594
727		0.511805
726.5		0.513361
726		0.512477
725.5		0.512432
725		0.512299
724.5		0.512172
724		0.512576
723.5		0.512806
723		0.512631
722.5		0.512845
722		0.512165
721.5		0.513138
721		0.511657
720.5		0.511489
720		0.51418
719.5		0.51128
719		0.513702
718.5		0.510969
718		0.513508
717.5		0.514591
717		0.511857
716.5		0.512568
716		0.512963
715.5		0.512709
715		0.513739
714.5		0.514446
714		0.514005
713.5		0.513911
713		0.513801
712.5		0.514236
712		0.513033
711.5		0.51428
711		0.514358
710.5		0.512935
710		0.515341
709.5		0.514417
709		0.515095
708.5		0.515768
708		0.515181
707.5		0.515471
707		0.516568
706.5		0.51563
706		0.51704
705.5		0.515827
705		0.516473
704.5		0.515525
704		0.517224
703.5		0.516854
703		0.517891
702.5		0.517367
702		0.517224
701.5		0.517898
701		0.517517
700.5		0.517773
700		0.517394
699.5		0.518577
699		0.517789
698.5		0.518303
698		0.519312
697.5		0.518211
697		0.517919
696.5		0.519423
696		0.518599
695.5		0.518836
695		0.517544
694.5		0.519617
694		0.5191
693.5		0.519846
693		0.519554
692.5		0.519088
692		0.520265
691.5		0.520858
691		0.519838
690.5		0.521163
690		0.521636
689.5		0.520807
689		0.522062
688.5		0.520901
688		0.522084
687.5		0.521782
687		0.521052
686.5		0.521099
686		0.521916
685.5		0.521795
685		0.521894
684.5		0.521645
684		0.522595
683.5		0.522509
683		0.522001
682.5		0.522943
682		0.523212
681.5		0.522449
681		0.52301
680.5		0.523046
680		0.523584
679.5		0.523617
679		0.525022
678.5		0.52355
678		0.525191
677.5		0.524644
677		0.524832
676.5		0.525429
676		0.525805
675.5		0.524903
675		0.526211
674.5		0.525534
674		0.526008
673.5		0.526994
673		0.526389
672.5		0.525539
672		0.527723
671.5		0.526045
671		0.526988
670.5		0.527139
670		0.527954
669.5		0.527368
669		0.527692
668.5		0.527844
668		0.527706
667.5		0.527915
667		0.528235
666.5		0.528952
666		0.529873
665.5		0.528509
665		0.529686
664.5		0.530813
664		0.529534
663.5		0.530147
663		0.52989
662.5		0.530315
662		0.530432
661.5		0.530922
661		0.530175
660.5		0.531569
660		0.531681
659.5		0.53244
659		0.532077
658.5		0.531355
658		0.533406
657.5		0.532626
657		0.532989
656.5		0.533373
656		0.533089
655.5		0.534539
655		0.533982
654.5		0.533823
654		0.534704
653.5		0.534498
653		0.535686
652.5		0.535239
652		0.535895
651.5		0.536602
651		0.534655
650.5		0.535909
650		0.535917
649.5		0.536602
649		0.537046
648.5		0.537322
648		0.537619
647.5		0.538102
647		0.53932
646.5		0.538515
646		0.5384
645.5		0.538347
645		0.539803
644.5		0.539596
644		0.540702
643.5		0.541222
643		0.541201
642.5		0.542149
642		0.542478
641.5		0.542512
641		0.542386
640.5		0.541479
640		0.543761
639.5		0.54389
639		0.54298
638.5		0.5453
638		0.544507
637.5		0.545911
637		0.545902
636.5		0.546213
636		0.547339
635.5		0.546158
635		0.548312
634.5		0.54802
634		0.548699
633.5		0.549879
633		0.548495
632.5		0.550288
632		0.55089
631.5		0.550111
631		0.551051
630.5		0.551522
630		0.551247
629.5		0.551393
629		0.551537
628.5		0.552311
628		0.551859
627.5		0.550857
627		0.552336
626.5		0.551128
626		0.552188
625.5		0.550726
625		0.549955
624.5		0.551332
624		0.550074
623.5		0.550936
623		0.549523
622.5		0.549196
622		0.550888
621.5		0.54906
621		0.550063
620.5		0.549205
620		0.548924
619.5		0.548152
619		0.549557
618.5		0.550019
618		0.54886
617.5		0.549689
617		0.551278
616.5		0.551446
616		0.552473
615.5		0.55162
615		0.552914
614.5		0.55213
614		0.553455
613.5		0.553749
613		0.554365
612.5		0.555068
612		0.555794
611.5		0.556346
611		0.555491
610.5		0.557192
610		0.55641
609.5		0.556409
609		0.55694
608.5		0.558443
608		0.558497
607.5		0.559233
607		0.55917
606.5		0.558743
606		0.560729
605.5		0.559879
605		0.560335
604.5		0.561253
604		0.562543
603.5		0.562226
603		0.562348
602.5		0.563023
602		0.563412
601.5		0.563545
601		0.565543
600.5		0.564728
600		0.564917
599.5		0.565818
599		0.565323
598.5		0.565712
598		0.566993
597.5		0.568303
597		0.56797
596.5		0.56745
596		0.568917
595.5		0.568686
595		0.567869
594.5		0.5705
594		0.570196
593.5		0.571262
593		0.57075
592.5		0.570722
592		0.572107
591.5		0.573131
591		0.572494
590.5		0.573672
590		0.573324
589.5		0.574792
589		0.574804
588.5		0.575218
588		0.576453
587.5		0.576248
587		0.577001
586.5		0.576871
586		0.57709
585.5		0.578774
585		0.578327
584.5		0.578749
584		0.5794
583.5		0.57972
583		0.58197
582.5		0.581029
582		0.581384
581.5		0.582101
581		0.58166
580.5		0.584107
580		0.584122
579.5		0.584678
579		0.584742
578.5		0.584957
578		0.587206
577.5		0.586357
577		0.586543
576.5		0.587531
576		0.588054
575.5		0.590716
575		0.589212
574.5		0.590063
574		0.59026
573.5		0.589793
573		0.59324
572.5		0.593304
572		0.591943
571.5		0.593042
571		0.594352
570.5		0.594816
570		0.596471
569.5		0.595607
569		0.5964
568.5		0.595978
568		0.596618
567.5		0.599441
567		0.598672
566.5		0.599577
566		0.600462
565.5		0.599904
565		0.602195
564.5		0.602655
564		0.602885
563.5		0.60323
563		0.602264
562.5		0.605658
562		0.604573
561.5		0.605296
561		0.608211
560.5		0.606889
560		0.608863
559.5		0.609827
559		0.609798
558.5		0.609979
558		0.612041
557.5		0.611634
557		0.612392
556.5		0.612888
556		0.613724
555.5		0.614845
555		0.615842
554.5		0.61619
554		0.616558
553.5		0.617229
553		0.618367
552.5		0.618459
552		0.619942
551.5		0.620468
551		0.621308
550.5		0.622423
550		0.621283
549.5		0.623885
549		0.623887
548.5		0.625204
548		0.62506
547.5		0.625597
547		0.626808
546.5		0.627896
546		0.628842
545.5		0.630272
545		0.630476
544.5		0.631811
544		0.631277
543.5		0.631931
543		0.634249
542.5		0.633846
542		0.635164
541.5		0.635756
541		0.636711
540.5		0.636364
540		0.636832
539.5		0.638711
539		0.639549
538.5		0.639748
538		0.641329
537.5		0.642346
537		0.643253
536.5		0.642809
536		0.644207
535.5		0.644178
535		0.64466
534.5		0.64545
534		0.646604
533.5		0.647305
533		0.648517
532.5		0.650739
532		0.650024
531.5		0.650939
531		0.651338
530.5		0.653098
530		0.653901
529.5		0.653341
529		0.656208
528.5		0.655875
528		0.656446
527.5		0.658279
527		0.657719
526.5		0.659743
526		0.660156
525.5		0.660764
525		0.663361
524.5		0.661874
524		0.663778
523.5		0.664982
523		0.665206
522.5		0.66619
522		0.665619
521.5		0.668001
521		0.668923
520.5		0.667968
520		0.670063
519.5		0.669934
519		0.671494
518.5		0.672516
518		0.672381
517.5		0.673685
517		0.672954
516.5		0.673965
516		0.675828
515.5		0.675882
515		0.676487
514.5		0.677265
514		0.676958
513.5		0.679943
513		0.679355
512.5		0.680451
512		0.681071
511.5		0.680301
511		0.682314
510.5		0.681593
510		0.682759
509.5		0.68313
509		0.682585
508.5		0.684361
508		0.683087
507.5		0.6842
507		0.684511
506.5		0.68409
506		0.683851
505.5		0.68477
505		0.684864
504.5		0.6844
504		0.684494
503.5		0.684369
503		0.684647
502.5		0.684973
502		0.682821
501.5		0.682909
501		0.682826
500.5		0.684906
500		0.683444
499.5		0.682845
499		0.683225
498.5		0.682127
498		0.68329
497.5		0.683511
497		0.682784
496.5		0.682206
496		0.681856
495.5		0.68231
495		0.680983
494.5		0.679428
494		0.679425
493.5		0.678828
493		0.679631
492.5		0.67869
492		0.678844
491.5		0.677046
491		0.676821
490.5		0.677292
490		0.677422
489.5		0.675415
489		0.674739
488.5		0.674397
488		0.673202
487.5		0.674628
487		0.672466
486.5		0.672529
486		0.671401
485.5		0.669683
485		0.670607
484.5		0.669505
484		0.668831
483.5		0.667214
483		0.666454
482.5		0.667093
482		0.665602
481.5		0.663113
481		0.663086
480.5		0.662877
480		0.662509
479.5		0.66251
479		0.660098
478.5		0.660581
478		0.659293
477.5		0.656646
477		0.657964
476.5		0.656569
476		0.656502
475.5		0.653676
475		0.653413
474.5		0.653551
474		0.651602
473.5		0.651247
473		0.650391
472.5		0.64925
472		0.64982
471.5		0.648156
471		0.64739
470.5		0.64626
470		0.643889
469.5		0.646429
469		0.643672
468.5		0.641999
468		0.642628
467.5		0.641071
467		0.641162
466.5		0.639024
466		0.638749
465.5		0.638553
465		0.636019
464.5		0.637668
464		0.635956
463.5		0.635749
463		0.633929
462.5		0.633572
462		0.632847
461.5		0.632757
461		0.631946
460.5		0.630677
460		0.629643
459.5		0.629572
459		0.627917
458.5		0.62632
458		0.626646
457.5		0.626232
457		0.624137
456.5		0.62527
456		0.623661
455.5		0.623572
455		0.622988
454.5		0.623096
454		0.621807
453.5		0.620499
453		0.619695
452.5		0.619461
452		0.620174
451.5		0.618062
451		0.619363
450.5		0.617871
450		0.614948
449.5		0.61661
449		0.613865
448.5		0.615412
448		0.613198
447.5		0.613065
447		0.613506
446.5		0.610265
446		0.61091
445.5		0.610346
445		0.608054
444.5		0.610486
444		0.607942
443.5		0.606937
443		0.607612
442.5		0.605322
442		0.60675
441.5		0.604453
441		0.604668
440.5		0.604213
440		0.603898
439.5		0.604987
439		0.602135
438.5		0.600854
438		0.601316
437.5		0.600356
437		0.600944
436.5		0.600374
436		0.600142
435.5		0.599661
435		0.597403
434.5		0.59843
434		0.597614
433.5		0.595805
433		0.59674
432.5		0.596006
432		0.595287
431.5		0.595052
431		0.594595
430.5		0.596109
430		0.593847
429.5		0.593064
429		0.59281
428.5		0.591688
428		0.593149
427.5		0.591204
427		0.591418
426.5		0.588418
426		0.589216
425.5		0.590635
425		0.588517
424.5		0.589382
424		0.5886
423.5		0.587178
423		0.588663
422.5		0.587667
422		0.584922
421.5		0.585731
421		0.585364
420.5		0.585915
420		0.585012
419.5		0.584296
419		0.583891
418.5		0.583745
418		0.582394
417.5		0.582431
417		0.580702
416.5		0.580784
416		0.582007
415.5		0.580634
415		0.580167
414.5		0.579995
414		0.578098
413.5		0.578694
413		0.578436
412.5		0.579465
412		0.576866
411.5		0.577301
411		0.576782
410.5		0.575559
410		0.576377
409.5		0.575281
409		0.573709
408.5		0.57357
408		0.575546
407.5		0.574375
407		0.572536
406.5		0.573061
406		0.574021
405.5		0.572783
405		0.57255
404.5		0.572722
404		0.570172
403.5		0.571416
403		0.570125
402.5		0.569839
402		0.569454
401.5		0.569217
401		0.567844
400.5		0.567502
400		0.568522
399.5		0.570372
399		0.56745
398.5		0.56647
398		0.56628
397.5		0.565685
397		0.566389
396.5		0.566141
396		0.565994
395.5		0.564807
395		0.564029
394.5		0.564965
394		0.563859
393.5		0.565794
393		0.563616
392.5		0.562301
392		0.562942
391.5		0.562575
391		0.561493
390.5		0.562876
390		0.56236
389.5		0.562655
389		0.561041
388.5		0.560829
388		0.561195
387.5		0.559143
387		0.559399
386.5		0.559945
386		0.558906
385.5		0.560797
385		0.559143
384.5		0.557446
384		0.559111
383.5		0.557692
383		0.556674
382.5		0.556417
382		0.558376
381.5		0.557074
381		0.555237
380.5		0.557516
380		0.558481
379.5		0.553612
379		0.557639
378.5		0.555154
378		0.554792
377.5		0.555919
377		0.554169
376.5		0.552968
376		0.552082
375.5		0.553364
375		0.554109
374.5		0.553994
374		0.552236
373.5		0.553277
373		0.552518
372.5		0.552833
372		0.553691
371.5		0.5499
371		0.550823
370.5		0.551716
370		0.55259
369.5		0.552706
369		0.550949
368.5		0.549047
368		0.550697
367.5		0.548177
367		0.549347
366.5		0.549615
366		0.547054
365.5		0.548699
365		0.548517
364.5		0.549018
364		0.547637
363.5		0.547042
363		0.548554
362.5		0.548589
362		0.545619
361.5		0.547034
361		0.547662
360.5		0.546134
360		0.54728
359.5		0.546983
359		0.547639
358.5		0.540762
358		0.546647
357.5		0.543563
357		0.543837
356.5		0.546584
356		0.544061
355.5		0.544818
355		0.545536
354.5		0.541288
354		0.543026
353.5		0.542808
353		0.543715
352.5		0.546274
352		0.54097
351.5		0.543861
351		0.542454
350.5		0.545462
350		0.542864
349.5		0.537623
349		0.541378
348.5		0.539024
348		0.535797
347.5		0.539986
347		0.540584
346.5		0.537621
346		0.532623
345.5		0.533498
345		0.536564
344.5		0.53703
344		0.5352
343.5		0.532338
343		0.53712
342.5		0.531606
342		0.529853
341.5		0.534677
341		0.532268
340.5		0.531074
340		0.523168
339.5		0.520138
339		0.521944
338.5		0.523933
338		0.526316
337.5		0.524299
337		0.521537
336.5		0.521597
336		0.521575
335.5		0.522082
335		0.515702
334.5		0.517615
334		0.518962
333.5		0.512769
333		0.516807
332.5		0.518507
332		0.515414
331.5		0.512779
331		0.512275
330.5		0.511416
330		0.516971
329.5		0.509199
329		0.513218
328.5		0.509354
328		0.510547
327.5		0.509646
327		0.508698
326.5		0.508305
326		0.506652
325.5		0.507997
325		0.508059
324.5		0.509129
324		0.507408
323.5		0.504767
323		0.5064
322.5		0.504201
322		0.50484
321.5		0.498941
321		0.50224
320.5		0.500683
320		0.499396
319.5		0.494982
319		0.497546
318.5		0.499471
318		0.497167
317.5		0.497321
317		0.493153
316.5		0.489918
316		0.493755
315.5		0.495126
315		0.490832
314.5		0.492286
314		0.492566
313.5		0.483871
313		0.491211
312.5		0.492224
312		0.486077
311.5		0.484545
311		0.482297
310.5		0.481429
310		0.486202
309.5		0.476347
309		0.475074
308.5		0.483408
308		0.491134
307.5		0.471706
307		0.475495
306.5		0.479179
306		0.474958
305.5		0.479994
305		0.474104
304.5		0.469362
304		0.474523
303.5		0.469172
303		0.465411
302.5		0.461781
302		0.473283
301.5		0.50923
301		0.447891
300.5		0.505688
300		0.470812
299.5		0.464605
299		0.406152
298.5		0.473135
298		0.415657
297.5		0.430774
297		0.546978
296.5		0.451024
296		0.450275
295.5		0.608535
295		0.488165
294.5		0.566739
294		0.387707
293.5		0.0702912
293		0.747745
292.5		0.2444
292		0.171539
291.5		0.343221
291		1.29881
290.5		0.109213
290		0.842734
289.5		1.62696
289		0.179278
288.5		0.0775522
288		0.633558
287.5		-0.113523
287		0.777972
286.5		-0.0729399
286		0.45951
285.5		0.701425
285		0.448512
284.5		0.454754
284		0.542815
283.5		0.796281
283		0.709722
282.5		0.0751838
282		0.452325
281.5		0.580941
281		0.321888
280.5		0.159286
280		0.453643
279.5		0.163102
279		0.482894
278.5		1.2117
278		0.635965
277.5		0.473018
277		0.332417
276.5		0.544082
276		1.41586
275.5		0.879027
275		0.764565
274.5		5.1221
274		2.38633
273.5		0.249851
273		0.391256
272.5		0.497494
272		0.229562
271.5		0.512019
271		0.19493
270.5		0.192188
270		0.678942
269.5		0.215092
269		1.153
268.5		0.568054
268		0.593673
267.5		0.260352
267		0.281587
266.5		2.09805
266		0.224978
265.5		2.00324
265		1.10111
264.5		0.316847
264		-0.115679
263.5		0.998988
263		1.6219
262.5		-0.021731
262		0.497939
261.5		0.358212
261		13.5835
260.5		0.883689
260		0.301977
259.5		0.459684
259		2.24974
258.5		0.439746
258		0.890591
257.5		0.294849
257		0.534878
256.5		1.11002
256		0.476753
255.5		-0.0553112
255		0.400359
254.5		0.506707
254		0.258752
253.5		0.908633
253		1.0651
252.5		0.26057
252		-0.178657
251.5		1.26141
251		-0.0478494
250.5		0.472296
250		0.550494
249.5		0.475039
249		0.265199
248.5		-0.291959
248		-0.282649
247.5		-0.0401647
247		2.23678
246.5		-0.954421
246		1.52705
245.5		0.687756
245		2.16435
244.5		2.25952
244		-0.667758
243.5		0.414227
243		0.59539
242.5		0.430819
242		3.90786
241.5		0.166305
241		0.422448
240.5		0.280092
240		0.190722
239.5		0.215979
239		0.062898
238.5		-0.38064
238		0.994585
237.5		1.21809
237		0.206467
236.5		0.264331
236		0.483881
235.5		0.626306
235		-0.0923272
234.5		0.134326
234		1.54757
233.5		0.252043
233		0.510872
232.5		0.158379
232		0.364689
231.5		0.205093
231		-4.31899
230.5		0.497997
230		-0.0561782
229.5		1.20452
229		0.348769
228.5		0.287693
228		0.917379
227.5		0.651474
227		0.0146396
226.5		0.439269
226		0.368348
225.5		0.183646
225		-0.18615
224.5		-0.442194
224		0.269431
223.5		-0.261759
223		0.107502
222.5		0.0226392
222		1.93048
221.5		0.434519
221		0.251367
220.5		0.366408
220		0.188504
219.5		0.420128
219		0.485294
218.5		0.246689
218		0.523833
217.5		0.0289242
217		0.168276
216.5		0.753845
216		0.319194
215.5		0.429851
215		0.610343
214.5		0.190285
214		0.16036
213.5		0.384156
213		0.407712
212.5		0.139929
212		0.352918
211.5		0.139121
211		0.36516
210.5		0.10995
210		-0.0391438
209.5		0.15143
209		0.0927717
208.5		0.721745
208		5.54074
207.5		0.376942
207		0.756142
206.5		0.0862175
206		0.350358
205.5		-0.251486
205		0.170406
204.5		0.01016
204		0.108022
203.5		0.263532
203		0.267033
202.5		1.04663
202		0.330517
201.5		0.862025
201		0.308283
200.5		-1.53222
200		0.0815718
