lambda		value

Calibration:
lambda:	800
Abs:	0

Data:
#
900		0.0282085
899.5		0.0291167
899		0.0278507
898.5		0.0293736
898		0.0286788
897.5		0.0277066
897		0.0308578
896.5		0.0273286
896		0.0278276
895.5		0.0281925
895		0.0257701
894.5		0.0254195
894		0.028622
893.5		0.0290853
893		0.0306646
892.5		0.0239703
892		0.0305328
891.5		0.0291185
891		0.0282303
890.5		0.0272354
890		0.0269499
889.5		0.0261307
889		0.0272983
888.5		0.027328
888		0.028012
887.5		0.0280741
887		0.026955
886.5		0.0284125
886		0.0297716
885.5		0.0282222
885		0.0286192
884.5		0.0269504
884		0.0297772
883.5		0.0275752
883		0.0266406
882.5		0.030101
882		0.0291796
881.5		0.0286816
881		0.0280932
880.5		0.0284909
880		0.0289252
879.5		0.0303399
879		0.0300203
878.5		0.0305098
878		0.0303152
877.5		0.0303757
877		0.029145
876.5		0.031335
876		0.0290264
875.5		0.0304507
875		0.0302538
874.5		0.0307848
874		0.0316437
873.5		0.0309456
873		0.0315024
872.5		0.0304133
872		0.0310633
871.5		0.0311967
871		0.031465
870.5		0.0297128
870		0.0303212
869.5		0.0312344
869		0.0324032
868.5		0.031347
868		0.0308383
867.5		0.0294882
867		0.0314654
866.5		0.0303577
866		0.0311753
865.5		0.030085
865		0.0312972
864.5		0.0308819
864		0.0305237
863.5		0.0308599
863		0.031424
862.5		0.0315621
862		0.0310054
861.5		0.0322838
861		0.0314573
860.5		0.0316919
860		0.0311384
859.5		0.0314804
859		0.0317366
858.5		0.0322837
858		0.0313617
857.5		0.0320455
857		0.0316783
856.5		0.0322037
856		0.0317146
855.5		0.033264
855		0.0326098
854.5		0.0320665
854		0.0325171
853.5		0.0323381
853		0.032821
852.5		0.0325187
852		0.0323919
851.5		0.0326713
851		0.0326914
850.5		0.0329475
850		0.0326765
849.5		0.0329779
849		0.0330072
848.5		0.0334679
848		0.0330701
847.5		0.0328856
847		0.0332642
846.5		0.0332216
846		0.033386
845.5		0.0334521
845		0.033699
844.5		0.033669
844		0.0335869
843.5		0.0336349
843		0.0337744
842.5		0.0340123
842		0.0336292
841.5		0.0339503
841		0.0342615
840.5		0.0345169
840		0.034183
839.5		0.0341526
839		0.0345339
838.5		0.0347757
838		0.0346638
837.5		0.034725
837		0.0348584
836.5		0.0347257
836		0.0349263
835.5		0.0350495
835		0.0353245
834.5		0.0351539
834		0.0355441
833.5		0.0352217
833		0.0353455
832.5		0.0355865
832		0.0356042
831.5		0.0357853
831		0.0358066
830.5		0.0356822
830		0.0356148
829.5		0.0359633
829		0.0359591
828.5		0.0359741
828		0.0361518
827.5		0.0364869
827		0.036476
826.5		0.0365501
826		0.0363201
825.5		0.0363727
825		0.0369261
824.5		0.0368263
824		0.0367449
823.5		0.0367743
823		0.03683
822.5		0.0369258
822		0.0370075
821.5		0.036952
821		0.037148
820.5		0.037181
820		0.0373365
819.5		0.0375962
819		0.0376113
818.5		0.0372367
818		0.0374299
817.5		0.0378985
817		0.0377887
816.5		0.0380657
816		0.0380202
815.5		0.0380895
815		0.0380457
814.5		0.0382962
814		0.0382115
813.5		0.038323
813		0.0385
812.5		0.038573
812		0.0386923
811.5		0.0388311
811		0.0389883
810.5		0.0390259
810		0.0389883
809.5		0.0389986
809		0.0391235
808.5		0.0393157
808		0.0393079
807.5		0.0396317
807		0.0394961
806.5		0.0395356
806		0.0397397
805.5		0.0398721
805		0.0399479
804.5		0.03998
804		0.0401639
803.5		0.0403323
803		0.0402517
802.5		0.0404
802		0.0404151
801.5		0.0404798
801		0.0403767
800.5		0.0407736
800		0.0408
799.5		0.0411
799		0.0408143
798.5		0.0411712
798		0.0410713
797.5		0.0413703
797		0.0414668
796.5		0.0415501
796		0.0416168
795.5		0.0415377
795		0.0418916
794.5		0.041979
794		0.0419413
793.5		0.0421074
793		0.0422
792.5		0.0423746
792		0.042747
791.5		0.042394
791		0.0426951
790.5		0.04284
790		0.0427461
789.5		0.0428786
789		0.0431224
788.5		0.0431914
788		0.0432093
787.5		0.0434175
787		0.0433696
786.5		0.0433915
786		0.0436125
785.5		0.0436607
785		0.043699
784.5		0.0438124
784		0.0438036
783.5		0.0439725
783		0.0441867
782.5		0.0443025
782		0.0440502
781.5		0.0445154
781		0.044471
780.5		0.0445752
780		0.0449606
779.5		0.0450055
779		0.0452006
778.5		0.0450334
778		0.045332
777.5		0.045106
777		0.0452371
776.5		0.045663
776		0.0455043
775.5		0.0453776
775		0.0459449
774.5		0.0457575
774		0.0462491
773.5		0.0462612
773		0.0464005
772.5		0.0465835
772		0.0464492
771.5		0.0466068
771		0.0466992
770.5		0.046875
770		0.0470541
769.5		0.046931
769		0.0473202
768.5		0.0474816
768		0.0475717
767.5		0.0476143
767		0.047638
766.5		0.0478183
766		0.0481699
765.5		0.0483212
765		0.0480445
764.5		0.0484546
764		0.0484867
763.5		0.0485737
763		0.048812
762.5		0.04871
762		0.0489796
761.5		0.0487684
761		0.0489942
760.5		0.0493876
760		0.0496263
759.5		0.0495572
759		0.0496024
758.5		0.0497463
758		0.0499901
757.5		0.0501193
757		0.0503132
756.5		0.0501838
756		0.0505624
755.5		0.0505322
755		0.050716
754.5		0.0507412
754		0.0510761
753.5		0.0513893
753		0.0513637
752.5		0.051445
752		0.051695
751.5		0.0517293
751		0.0517841
750.5		0.0517533
750		0.0520513
749.5		0.0522076
749		0.0521515
748.5		0.0525531
748		0.0525636
747.5		0.0528092
747		0.0530137
746.5		0.0529447
746		0.0531651
745.5		0.053295
745		0.0535821
744.5		0.0536493
744		0.0535803
743.5		0.0538423
743		0.0541559
742.5		0.0543435
742		0.0541183
741.5		0.0543618
741		0.0543618
740.5		0.0545869
740		0.0548298
739.5		0.0550377
739		0.0550885
738.5		0.0554071
738		0.0555226
737.5		0.0556764
737		0.0557367
736.5		0.0557312
736		0.056242
735.5		0.0560932
735		0.056615
734.5		0.0566335
734		0.0567285
733.5		0.0568103
733		0.057002
732.5		0.0569826
732		0.0571653
731.5		0.0574826
731		0.0574374
730.5		0.0578057
730		0.0579469
729.5		0.0581259
729		0.0581043
728.5		0.0580488
728		0.0585418
727.5		0.0586059
727		0.0585884
726.5		0.0591503
726		0.0594741
725.5		0.0595885
725		0.0597058
724.5		0.0596525
724		0.0598941
723.5		0.0600346
723		0.0600825
722.5		0.0605364
722		0.0603489
721.5		0.0605974
721		0.0607008
720.5		0.0608523
720		0.0612129
719.5		0.0612437
719		0.0619178
718.5		0.0619262
718		0.061961
717.5		0.0622597
717		0.0623771
716.5		0.0625117
716		0.0626056
715.5		0.0627469
715		0.0633403
714.5		0.0634378
714		0.0634044
713.5		0.0636285
713		0.0638767
712.5		0.06411
712		0.064345
711.5		0.064332
711		0.0646568
710.5		0.0648202
710		0.0652216
709.5		0.0650454
709		0.065524
708.5		0.0654756
708		0.0658812
707.5		0.0663647
707		0.0663185
706.5		0.0666075
706		0.0667259
705.5		0.066509
705		0.06712
704.5		0.0671723
704		0.0677582
703.5		0.0677565
703		0.0677632
702.5		0.0682311
702		0.0681527
701.5		0.0687752
701		0.0688295
700.5		0.0689621
700		0.06903
699.5		0.0695103
699		0.0697194
698.5		0.0695061
698		0.0701806
697.5		0.0701253
697		0.070435
696.5		0.0709136
696		0.0705906
695.5		0.0709499
695		0.071105
694.5		0.0713933
694		0.0719006
693.5		0.0720205
693		0.0722321
692.5		0.0722523
692		0.0727973
691.5		0.0729949
691		0.0729783
690.5		0.073419
690		0.0737414
689.5		0.0739753
689		0.0742388
688.5		0.0742569
688		0.0750049
687.5		0.0748199
687		0.0751531
686.5		0.0753431
686		0.0757291
685.5		0.0757531
685		0.0761481
684.5		0.0763381
684		0.0767711
683.5		0.0769155
683		0.0770675
682.5		0.0773715
682		0.0776747
681.5		0.0778656
681		0.0780541
680.5		0.0783752
680		0.0786484
679.5		0.0788902
679		0.0793148
678.5		0.0793949
678		0.0797152
677.5		0.080004
677		0.0802689
676.5		0.0809312
676		0.0808671
675.5		0.0812308
675		0.0816913
674.5		0.0815862
674		0.0820711
673.5		0.0821538
673		0.082616
672.5		0.0824926
672		0.0830036
671.5		0.0834158
671		0.0837209
670.5		0.0838282
670		0.0843899
669.5		0.0844625
669		0.0848431
668.5		0.0851485
668		0.0850307
667.5		0.0854599
667		0.0860226
666.5		0.085946
666		0.0865728
665.5		0.0864491
665		0.0871546
664.5		0.0874566
664		0.0875927
663.5		0.0878914
663		0.0883606
662.5		0.0885963
662		0.088649
661.5		0.0889285
661		0.0896128
660.5		0.0897296
660		0.0900624
659.5		0.0905036
659		0.0906569
658.5		0.0910173
658		0.09136
657.5		0.0914586
657		0.0917022
656.5		0.0921613
656		0.0923962
655.5		0.0928593
655		0.0930901
654.5		0.0932607
654		0.0937593
653.5		0.0940383
653		0.094557
652.5		0.0946241
652		0.0950491
651.5		0.0955079
651		0.0954127
650.5		0.0960794
650		0.0961978
649.5		0.0967998
649		0.0972871
648.5		0.0973284
648		0.097852
647.5		0.0981113
647		0.0986953
646.5		0.0989459
646		0.0991054
645.5		0.0993937
645		0.0999502
644.5		0.10003
644		0.100678
643.5		0.101106
643		0.101575
642.5		0.101896
642		0.102045
641.5		0.102526
641		0.102764
640.5		0.102943
640		0.103962
639.5		0.10391
639		0.10459
638.5		0.104847
638		0.105268
637.5		0.105902
637		0.105982
636.5		0.106505
636		0.106866
635.5		0.107114
635		0.10752
634.5		0.107844
634		0.108201
633.5		0.108757
633		0.109227
632.5		0.109686
632		0.110089
631.5		0.110539
631		0.110909
630.5		0.111448
630		0.111593
629.5		0.112187
629		0.112252
628.5		0.112788
628		0.113175
627.5		0.113347
627		0.114306
626.5		0.114249
626		0.114852
625.5		0.114987
625		0.115168
624.5		0.115837
624		0.116139
623.5		0.116657
623		0.117248
622.5		0.116921
622		0.117976
621.5		0.117906
621		0.118497
620.5		0.118897
620		0.119175
619.5		0.11946
619		0.119934
618.5		0.120342
618		0.120431
617.5		0.120927
617		0.121321
616.5		0.12207
616		0.122276
615.5		0.122995
615		0.123174
614.5		0.123518
614		0.124452
613.5		0.124343
613		0.125097
612.5		0.125633
612		0.125803
611.5		0.126534
611		0.126654
610.5		0.127253
610		0.127614
609.5		0.127891
609		0.128574
608.5		0.128756
608		0.12945
607.5		0.130143
607		0.130316
606.5		0.130807
606		0.131387
605.5		0.131622
605		0.132147
604.5		0.132815
604		0.133353
603.5		0.133787
603		0.13402
602.5		0.134694
602		0.134985
601.5		0.135243
601		0.136337
600.5		0.136245
600		0.13692
599.5		0.137459
599		0.13742
598.5		0.138503
598		0.138439
597.5		0.139609
597		0.140012
596.5		0.139934
596		0.140833
595.5		0.140947
595		0.141639
594.5		0.142054
594		0.142608
593.5		0.143481
593		0.143715
592.5		0.14395
592		0.144491
591.5		0.14489
591		0.145553
590.5		0.145777
590		0.146535
589.5		0.146951
589		0.147363
588.5		0.147901
588		0.148044
587.5		0.148891
587		0.149047
586.5		0.149758
586		0.150295
585.5		0.15075
585		0.151129
584.5		0.151386
584		0.1523
583.5		0.152658
583		0.153362
582.5		0.15372
582		0.154047
581.5		0.154515
581		0.1549
580.5		0.155526
580		0.155858
579.5		0.156579
579		0.157097
578.5		0.156967
578		0.157961
577.5		0.158118
577		0.158773
576.5		0.159402
576		0.160062
575.5		0.160611
575		0.16064
574.5		0.161573
574		0.161592
573.5		0.161936
573		0.162984
572.5		0.163324
572		0.163521
571.5		0.164083
571		0.164773
570.5		0.165222
570		0.165527
569.5		0.166041
569		0.16649
568.5		0.166715
568		0.167067
567.5		0.168111
567		0.168238
566.5		0.16891
566		0.169438
565.5		0.16961
565		0.170178
564.5		0.170544
564		0.171407
563.5		0.171533
563		0.171683
562.5		0.172885
562		0.173082
561.5		0.173234
561		0.174368
560.5		0.174209
560		0.174815
559.5		0.175876
559		0.175658
558.5		0.176369
558		0.177109
557.5		0.176961
557		0.177481
556.5		0.17791
556		0.178558
555.5		0.179236
555		0.178996
554.5		0.179812
554		0.180215
553.5		0.180598
553		0.181321
552.5		0.181096
552		0.18174
551.5		0.182097
551		0.182924
550.5		0.183421
550		0.182956
549.5		0.184031
549		0.183992
548.5		0.184813
548		0.184983
547.5		0.184909
547		0.186213
546.5		0.186053
546		0.186681
545.5		0.187261
545		0.187154
544.5		0.187925
544		0.188187
543.5		0.188479
543		0.189383
542.5		0.188949
542		0.18983
541.5		0.189713
541		0.190094
540.5		0.190553
540		0.190399
539.5		0.191304
539		0.19168
538.5		0.191721
538		0.192462
537.5		0.192509
537		0.193468
536.5		0.193287
536		0.193401
535.5		0.193963
535		0.193908
534.5		0.194421
534		0.195006
533.5		0.195147
533		0.195617
532.5		0.19594
532		0.19623
531.5		0.19659
531		0.196556
530.5		0.197752
530		0.197525
529.5		0.198022
529		0.19859
528.5		0.198382
528		0.198953
527.5		0.199067
527		0.199448
526.5		0.199943
526		0.200305
525.5		0.200552
525		0.201067
524.5		0.201047
524		0.20139
523.5		0.201925
523		0.202304
522.5		0.202417
522		0.202645
521.5		0.203067
521		0.203335
520.5		0.203462
520		0.203425
519.5		0.203994
519		0.204208
518.5		0.204784
518		0.205082
517.5		0.204779
517		0.20514
516.5		0.20527
516		0.205779
515.5		0.20623
515		0.206079
514.5		0.20685
514		0.206437
513.5		0.207196
513		0.20734
512.5		0.207272
512		0.207681
511.5		0.207698
511		0.20854
510.5		0.208262
510		0.207741
509.5		0.208477
509		0.208306
508.5		0.208739
508		0.208702
507.5		0.208627
507		0.209119
506.5		0.208832
506		0.208993
505.5		0.209013
505		0.208542
504.5		0.208664
504		0.208479
503.5		0.208314
503		0.20882
502.5		0.208138
502		0.208165
501.5		0.207584
501		0.207519
500.5		0.207939
500		0.207054
499.5		0.206958
499		0.206463
498.5		0.206
498		0.206396
497.5		0.206071
497		0.205509
496.5		0.205316
496		0.20472
495.5		0.204421
495		0.203784
494.5		0.203355
494		0.202654
493.5		0.202357
493		0.202063
492.5		0.201361
492		0.201011
491.5		0.2
491		0.199156
490.5		0.198917
490		0.198604
489.5		0.197432
489		0.196975
488.5		0.195841
488		0.194818
487.5		0.195062
487		0.193979
486.5		0.192952
486		0.192382
485.5		0.191159
485		0.191174
484.5		0.190285
484		0.189545
483.5		0.18807
483		0.187631
482.5		0.18677
482		0.185854
481.5		0.184757
481		0.183935
480.5		0.182661
480		0.182769
479.5		0.181537
479		0.180672
478.5		0.179797
478		0.178656
477.5		0.177705
477		0.177009
476.5		0.175748
476		0.175332
475.5		0.173984
475		0.173529
474.5		0.172513
474		0.171824
473.5		0.170969
473		0.169916
472.5		0.169014
472		0.16864
471.5		0.167279
471		0.166488
470.5		0.165491
470		0.164735
469.5		0.16399
469		0.163253
468.5		0.162474
468		0.161987
467.5		0.160642
467		0.160088
466.5		0.159113
466		0.158294
465.5		0.15763
465		0.156825
464.5		0.156445
464		0.155169
463.5		0.154744
463		0.154041
462.5		0.153059
462		0.152517
461.5		0.152052
461		0.151513
460.5		0.150322
460		0.150369
459.5		0.149058
459		0.148331
458.5		0.147344
458		0.146901
457.5		0.145931
457		0.145273
456.5		0.145377
456		0.144028
455.5		0.143808
455		0.143314
454.5		0.142388
454		0.14193
453.5		0.140571
453		0.140038
452.5		0.140389
452		0.139555
451.5		0.138758
451		0.138499
450.5		0.137645
450		0.137248
449.5		0.136511
449		0.135145
448.5		0.135306
448		0.134339
447.5		0.134159
447		0.133821
446.5		0.132753
446		0.132575
445.5		0.131969
445		0.131233
444.5		0.130985
444		0.129828
443.5		0.129543
443		0.128989
442.5		0.128601
442		0.128328
441.5		0.127294
441		0.126895
440.5		0.126654
440		0.126189
439.5		0.125823
439		0.125
438.5		0.1246
438		0.124123
437.5		0.123632
437		0.123754
436.5		0.122854
436		0.122275
435.5		0.121806
435		0.121156
434.5		0.121401
434		0.120541
433.5		0.120071
433		0.11937
432.5		0.119544
432		0.118635
431.5		0.118374
431		0.117626
430.5		0.117978
430		0.117281
429.5		0.116858
429		0.116486
428.5		0.115716
428		0.115576
427.5		0.115067
427		0.114968
426.5		0.11441
426		0.113878
425.5		0.113524
425		0.112892
424.5		0.112745
424		0.112418
423.5		0.111849
423		0.111878
422.5		0.111465
422		0.110974
421.5		0.110747
421		0.110268
420.5		0.109798
420		0.109679
419.5		0.10923
419		0.108841
418.5		0.107911
418		0.107935
417.5		0.107749
417		0.107118
416.5		0.106904
416		0.106776
415.5		0.106237
415		0.1062
414.5		0.105125
414		0.105226
413.5		0.104793
413		0.10407
412.5		0.104534
412		0.103699
411.5		0.103783
411		0.103412
410.5		0.102828
410		0.103049
409.5		0.10205
409		0.101813
408.5		0.101394
408		0.101414
407.5		0.101135
407		0.100679
406.5		0.100427
406		0.100253
405.5		0.0998436
405		0.0993984
404.5		0.0994172
404		0.0991822
403.5		0.0984875
403		0.0982112
402.5		0.0981499
402		0.0978978
401.5		0.097845
401		0.0969897
400.5		0.0969587
400		0.0968891
399.5		0.096749
399		0.0962289
398.5		0.0958312
398		0.095671
397.5		0.0953412
397		0.0956175
396.5		0.0947678
396		0.0949164
395.5		0.0942857
395		0.0939255
394.5		0.0941533
394		0.093308
393.5		0.0939016
393		0.0930954
392.5		0.0927631
392		0.0926661
391.5		0.0920758
391		0.0924124
390.5		0.0917139
390		0.0914163
389.5		0.0911974
389		0.0917124
388.5		0.0906678
388		0.0904892
387.5		0.0906375
387		0.0904668
386.5		0.0898781
386		0.0899804
385.5		0.089772
385		0.0898437
384.5		0.0890938
384		0.089051
383.5		0.088808
383		0.0887574
382.5		0.0886737
382		0.0886879
381.5		0.0884411
381		0.0876632
380.5		0.0874969
380		0.0879575
379.5		0.0870765
379		0.0874716
378.5		0.0869128
378		0.0865707
377.5		0.0867308
377		0.0860107
376.5		0.0861767
376		0.086132
375.5		0.0861939
375		0.0863003
374.5		0.0861824
374		0.085557
373.5		0.0858218
373		0.0856381
372.5		0.0850266
372		0.085781
371.5		0.0845503
371		0.0847049
370.5		0.0842673
370		0.0841712
369.5		0.0845399
369		0.0840998
368.5		0.0842027
368		0.0839138
367.5		0.0834295
367		0.0831819
366.5		0.0831197
366		0.0828173
365.5		0.082721
365		0.0820711
364.5		0.0830447
364		0.0826807
363.5		0.08192
363		0.0817351
362.5		0.0820656
362		0.081904
361.5		0.081641
361		0.0811608
360.5		0.0813782
360		0.081641
359.5		0.0812848
359		0.0804654
358.5		0.080091
358		0.0804522
357.5		0.0806294
357		0.0799478
356.5		0.0802025
356		0.0796741
355.5		0.0794077
355		0.0789538
354.5		0.0787127
354		0.0784521
353.5		0.0792232
353		0.0783757
352.5		0.0789388
352		0.0777733
351.5		0.0780148
351		0.0778021
350.5		0.0764753
350		0.07734
349.5		0.0769727
349		0.0764952
348.5		0.0755081
348		0.0754747
347.5		0.0755734
347		0.0757942
346.5		0.0743921
346		0.074406
345.5		0.0739591
345		0.0735612
344.5		0.0734504
344		0.0732331
343.5		0.0728535
343		0.0728334
342.5		0.0720147
342		0.0715539
341.5		0.0713087
341		0.0702939
340.5		0.0705957
340		0.0706879
339.5		0.0681284
339		0.0690006
338.5		0.0692726
338		0.0693952
337.5		0.0678698
337		0.0676355
336.5		0.067364
336		0.0674731
335.5		0.0669479
335		0.0667394
334.5		0.0658981
334		0.0659366
333.5		0.064386
333		0.0650855
332.5		0.0656668
332		0.065103
331.5		0.0631579
331		0.0638975
330.5		0.0627505
330		0.0621902
329.5		0.061774
329		0.061465
328.5		0.0610728
328		0.060253
327.5		0.0606037
327		0.0598147
326.5		0.059665
326		0.0597585
325.5		0.0596558
325		0.0587068
324.5		0.0584943
324		0.0572432
323.5		0.0576263
323		0.0578322
322.5		0.0574809
322		0.0565247
321.5		0.0559335
321		0.0563102
320.5		0.0546365
320		0.0550189
319.5		0.0548978
319		0.0566835
318.5		0.0539519
318		0.0529256
317.5		0.0534057
317		0.0530252
316.5		0.0522136
316		0.0518723
315.5		0.0506595
315		0.0498361
314.5		0.0516946
314		0.0502229
313.5		0.0510325
313		0.0501607
312.5		0.0496765
312		0.0481287
311.5		0.0478984
311		0.0476472
310.5		0.0480627
310		0.0470789
309.5		0.0448666
309		0.0476857
308.5		0.0465475
308		0.0451504
307.5		0.0432559
307		0.0451461
306.5		0.0409559
306		0.0471319
305.5		0.0458883
305		0.0407058
304.5		0.0434084
304		0.0407686
303.5		0.0389525
303		0.040208
302.5		0.0421956
302		0.0333769
301.5		0.0377015
301		0.0407069
300.5		0.0251421
300		0.0323549
299.5		0.0394096
299		0.029941
298.5		0.0360399
298		0.0126081
297.5		0.00245931
297		0.00166005
296.5		0.0587514
296		0.0599538
295.5		0.0845804
295		0.075454
294.5		0.177412
294		0.189854
293.5		0.0290323
293		-0.045357
292.5		-0.0116587
292		0.2013
291.5		0.524871
291		1.38657
290.5		1.17831
290		0.275538
289.5		0.194143
289		0.026873
288.5		0.117742
288		-0.0582408
287.5		0.880222
287		0.0750384
286.5		-0.651363
286		0.34617
285.5		-0.577433
285		0.151101
284.5		-0.0253041
284		0.718281
283.5		-0.345127
283		-0.037595
282.5		0.187719
282		0.507723
281.5		0.204804
281		0.122436
280.5		0.0996868
280		-0.214495
279.5		0.841518
279		0.104068
278.5		-0.341462
278		0.447869
277.5		1.23702
277		-0.653359
276.5		0.330167
276		0.338636
275.5		0.224878
275		0.250266
274.5		4.63588
274		0.0136005
273.5		-4.1239
273		-3.94938
272.5		-0.444957
272		0.333268
271.5		0.5691
271		0.153932
270.5		-1.09926
270		0.0245594
269.5		0.076527
269		-0.184573
268.5		0.225827
268		19.1094
267.5		0.204242
267		0.577867
266.5		-0.111367
266		0.572243
265.5		-0.552555
265		0.0938683
264.5		0.160553
264		1.12449
263.5		0.0485523
263		2.55429
262.5		0.362895
262		0.500999
261.5		0.357532
261		0.182112
260.5		0.719603
260		-0.243543
259.5		0.519948
259		0.27981
258.5		-0.119046
258		0.103074
257.5		0.203202
257		0.83825
256.5		0.0974558
256		0.172767
255.5		-0.733092
255		0
254.5		0.200946
254		0.355273
253.5		0.343868
253		-0.35214
252.5		0.577987
252		0.00427826
251.5		0.0979674
251		-0.157695
250.5		0.733891
250		-3.31416
249.5		0.318416
249		0.189489
248.5		0.0782362
248		0.00483036
247.5		1.00491
247		1.14627
246.5		-0.25402
246		0.0717885
245.5		-0.935921
245		-0.0452682
244.5		-0.702829
244		0.0888359
243.5		-0.809153
243		0.36027
242.5		0.225334
242		0.136255
241.5		-0.220287
241		0.379963
240.5		-0.0585776
240		0.985094
239.5		0.137931
239		0.711001
238.5		0.0346323
238		0.266733
237.5		0.276944
237		0.652509
236.5		-0.87557
236		0.173279
235.5		-0.219007
235		0.31494
234.5		0.104857
234		0.403489
233.5		1.70409
233		3.09052
232.5		0.333201
232		-0.95722
231.5		-0.0131977
231		-0.283699
230.5		-0.625549
230		-0.270157
229.5		-0.264475
229		-0.321197
228.5		0.162952
228		-0.524345
227.5		0.442398
227		-5.6272
226.5		-0.981884
226		-0.0137649
225.5		-0.116839
225		0.171451
224.5		0.516369
224		0.162225
223.5		0.0431411
223		0.815222
222.5		0.662717
222		0.289976
221.5		0.871061
221		0.164925
220.5		0.460828
220		2.12404
219.5		0.0694006
219		0.188819
218.5		0.458188
218		-2.04659
217.5		0.340514
217		0.0224156
216.5		-7.77082
216		-1.21965
215.5		12.1063
215		0.0101543
214.5		3.6281
214		0
213.5		0.657073
213		0.125236
212.5		-0.565749
212		0.725468
211.5		-7.91964
211		-0.0682678
210.5		0.186997
210		0.194201
209.5		0.189575
209		0
208.5		-0.373514
208		2.86383
207.5		-0.0638699
207		0.354408
206.5		1.16076
206		0.222273
205.5		0.603495
205		-1.3561
204.5		-1.67028
204		1.5244
203.5		-0.056063
203		0.164234
202.5		0.0456943
202		0.52444
201.5		0.227397
201		0.115033
200.5		0.309116
200		0.0130944
