14/05/2024 15.18.36
14/05/2024 15.27.35

800.0000	 38.1400

800.0000	 38.1400

900.0000	 33.3300



  1.0000
900.0000
  1.0000
340.0000
  1.0000
1401.0000
  5.0000
  6.0000
  1.0000
  1.0000
  0.0000
  0.0000
100.0000
  0.0000
  1.0000
  0.0000
500.0000
900.0000
200.0000
  4.0000
  1.0000
 18.0000
  2.0000
  1.0000
255.0000
  0.8195
  1.0000
 30.0000
  4.0000
500.0000
  0.0000
  0.0000
  4.0000
900.0000
200.0000
  0.0000
100.0000
  0.0000
  1.0000
  0.0000
500.0000
  1.0000
  1.0000
  1.0000
  1.0000
  4.0000
  0.0000
  1.0000
  1.0000
  1.0000
  1.0000
  1.0000
  2.0000
  1.0000
  1.0000
  1.0000
  3.0000
  1.0000
  1.0000
  1.0000
  4.0000
  5.0000
539.165
0.000

Lambda:	800
Abs:		-0.0005
ID:			5
Run:		4
Temp:		0
#

900.0000	  0.3018
899.5000	  0.3194
899.0000	  0.3322
898.5000	  0.3238
898.0000	  0.3373
897.5000	  0.3169
897.0000	  0.3271
896.5000	  0.3209
896.0000	  0.3325
895.5000	  0.3109
895.0000	  0.3231
894.5000	  0.3277
894.0000	  0.3209
893.5000	  0.3194
893.0000	  0.3221
892.5000	  0.3348
892.0000	  0.3188
891.5000	  0.3168
891.0000	  0.3244
890.5000	  0.3154
890.0000	  0.3205
889.5000	  0.3226
889.0000	  0.3188
888.5000	  0.3213
888.0000	  0.3192
887.5000	  0.3335
887.0000	  0.3160
886.5000	  0.3191
886.0000	  0.3301
885.5000	  0.3209
885.0000	  0.3201
884.5000	  0.3244
884.0000	  0.3226
883.5000	  0.3223
883.0000	  0.3321
882.5000	  0.3286
882.0000	  0.3233
881.5000	  0.3230
881.0000	  0.3297
880.5000	  0.3293
880.0000	  0.3327
879.5000	  0.3230
879.0000	  0.3323
878.5000	  0.3303
878.0000	  0.3221
877.5000	  0.3297
877.0000	  0.3243
876.5000	  0.3261
876.0000	  0.3265
875.5000	  0.3274
875.0000	  0.3282
874.5000	  0.3326
874.0000	  0.3278
873.5000	  0.3279
873.0000	  0.3236
872.5000	  0.3254
872.0000	  0.3270
871.5000	  0.3339
871.0000	  0.3337
870.5000	  0.3288
870.0000	  0.3295
869.5000	  0.3358
869.0000	  0.3310
868.5000	  0.3334
868.0000	  0.3333
867.5000	  0.3345
867.0000	  0.3338
866.5000	  0.3341
866.0000	  0.3335
865.5000	  0.3359
865.0000	  0.3337
864.5000	  0.3366
864.0000	  0.3380
863.5000	  0.3367
863.0000	  0.3384
862.5000	  0.3356
862.0000	  0.3372
861.5000	  0.3392
861.0000	  0.3419
860.5000	  0.3352
860.0000	  0.3371
859.5000	  0.3402
859.0000	  0.3389
858.5000	  0.3413
858.0000	  0.3454
857.5000	  0.3420
857.0000	  0.3419
856.5000	  0.3394
856.0000	  0.3404
855.5000	  0.3430
855.0000	  0.3430
854.5000	  0.3431
854.0000	  0.3428
853.5000	  0.3441
853.0000	  0.3459
852.5000	  0.3468
852.0000	  0.3459
851.5000	  0.3463
851.0000	  0.3465
850.5000	  0.3472
850.0000	  0.3482
849.5000	  0.3483
849.0000	  0.3464
848.5000	  0.3495
848.0000	  0.3495
847.5000	  0.3499
847.0000	  0.3512
846.5000	  0.3508
846.0000	  0.3519
845.5000	  0.3507
845.0000	  0.3512
844.5000	  0.3518
844.0000	  0.3522
843.5000	  0.3518
843.0000	  0.3529
842.5000	  0.3530
842.0000	  0.3528
841.5000	  0.3536
841.0000	  0.3541
840.5000	  0.3552
840.0000	  0.3555
839.5000	  0.3549
839.0000	  0.3549
838.5000	  0.3574
838.0000	  0.3557
837.5000	  0.3561
837.0000	  0.3564
836.5000	  0.3569
836.0000	  0.3572
835.5000	  0.3573
835.0000	  0.3573
834.5000	  0.3578
834.0000	  0.3577
833.5000	  0.3571
833.0000	  0.3583
832.5000	  0.3591
832.0000	  0.3591
831.5000	  0.3578
831.0000	  0.3581
830.5000	  0.3599
830.0000	  0.3594
829.5000	  0.3592
829.0000	  0.3603
828.5000	  0.3600
828.0000	  0.3608
827.5000	  0.3607
827.0000	  0.3603
826.5000	  0.3618
826.0000	  0.3616
825.5000	  0.3623
825.0000	  0.3621
824.5000	  0.3632
824.0000	  0.3634
823.5000	  0.3625
823.0000	  0.3637
822.5000	  0.3639
822.0000	  0.3653
821.5000	  0.3653
821.0000	  0.3661
820.5000	  0.3652
820.0000	  0.3654
819.5000	  0.3650
819.0000	  0.3660
818.5000	  0.3662
818.0000	  0.3672
817.5000	  0.3671
817.0000	  0.3676
816.5000	  0.3676
816.0000	  0.3685
815.5000	  0.3677
815.0000	  0.3686
814.5000	  0.3700
814.0000	  0.3696
813.5000	  0.3704
813.0000	  0.3708
812.5000	  0.3719
812.0000	  0.3711
811.5000	  0.3721
811.0000	  0.3722
810.5000	  0.3726
810.0000	  0.3728
809.5000	  0.3727
809.0000	  0.3741
808.5000	  0.3741
808.0000	  0.3750
807.5000	  0.3749
807.0000	  0.3757
806.5000	  0.3767
806.0000	  0.3761
805.5000	  0.3769
805.0000	  0.3765
804.5000	  0.3780
804.0000	  0.3788
803.5000	  0.3785
803.0000	  0.3798
802.5000	  0.3800
802.0000	  0.3806
801.5000	  0.3808
801.0000	  0.3800
800.5000	  0.3815
800.0000	  0.3820
799.5000	  0.3827
799.0000	  0.3829
798.5000	  0.3833
798.0000	  0.3840
797.5000	  0.3842
797.0000	  0.3839
796.5000	  0.3851
796.0000	  0.3853
795.5000	  0.3859
795.0000	  0.3871
794.5000	  0.3867
794.0000	  0.3875
793.5000	  0.3879
793.0000	  0.3875
792.5000	  0.3882
792.0000	  0.3893
791.5000	  0.3899
791.0000	  0.3903
790.5000	  0.3906
790.0000	  0.3915
789.5000	  0.3919
789.0000	  0.3917
788.5000	  0.3924
788.0000	  0.3937
787.5000	  0.3936
787.0000	  0.3949
786.5000	  0.3949
786.0000	  0.3945
785.5000	  0.3955
785.0000	  0.3961
784.5000	  0.3964
784.0000	  0.3971
783.5000	  0.3979
783.0000	  0.3979
782.5000	  0.3986
782.0000	  0.3998
781.5000	  0.3987
781.0000	  0.4001
780.5000	  0.4011
780.0000	  0.4018
779.5000	  0.4017
779.0000	  0.4031
778.5000	  0.4033
778.0000	  0.4039
777.5000	  0.4039
777.0000	  0.4045
776.5000	  0.4052
776.0000	  0.4051
775.5000	  0.4065
775.0000	  0.4060
774.5000	  0.4071
774.0000	  0.4082
773.5000	  0.4082
773.0000	  0.4086
772.5000	  0.4089
772.0000	  0.4096
771.5000	  0.4105
771.0000	  0.4109
770.5000	  0.4112
770.0000	  0.4128
769.5000	  0.4123
769.0000	  0.4129
768.5000	  0.4137
768.0000	  0.4146
767.5000	  0.4153
767.0000	  0.4160
766.5000	  0.4150
766.0000	  0.4158
765.5000	  0.4170
765.0000	  0.4178
764.5000	  0.4179
764.0000	  0.4190
763.5000	  0.4199
763.0000	  0.4201
762.5000	  0.4203
762.0000	  0.4210
761.5000	  0.4205
761.0000	  0.4233
760.5000	  0.4225
760.0000	  0.4236
759.5000	  0.4245
759.0000	  0.4242
758.5000	  0.4262
758.0000	  0.4257
757.5000	  0.4263
757.0000	  0.4272
756.5000	  0.4284
756.0000	  0.4279
755.5000	  0.4287
755.0000	  0.4299
754.5000	  0.4297
754.0000	  0.4303
753.5000	  0.4315
753.0000	  0.4317
752.5000	  0.4337
752.0000	  0.4329
751.5000	  0.4340
751.0000	  0.4352
750.5000	  0.4354
750.0000	  0.4348
749.5000	  0.4367
749.0000	  0.4378
748.5000	  0.4375
748.0000	  0.4382
747.5000	  0.4388
747.0000	  0.4398
746.5000	  0.4409
746.0000	  0.4406
745.5000	  0.4419
745.0000	  0.4416
744.5000	  0.4423
744.0000	  0.4438
743.5000	  0.4434
743.0000	  0.4451
742.5000	  0.4451
742.0000	  0.4462
741.5000	  0.4471
741.0000	  0.4477
740.5000	  0.4489
740.0000	  0.4485
739.5000	  0.4502
739.0000	  0.4510
738.5000	  0.4515
738.0000	  0.4520
737.5000	  0.4518
737.0000	  0.4532
736.5000	  0.4548
736.0000	  0.4549
735.5000	  0.4560
735.0000	  0.4577
734.5000	  0.4574
734.0000	  0.4585
733.5000	  0.4586
733.0000	  0.4594
732.5000	  0.4619
732.0000	  0.4618
731.5000	  0.4634
731.0000	  0.4631
730.5000	  0.4649
730.0000	  0.4663
729.5000	  0.4665
729.0000	  0.4677
728.5000	  0.4699
728.0000	  0.4701
727.5000	  0.4722
727.0000	  0.4738
726.5000	  0.4749
726.0000	  0.4762
725.5000	  0.4772
725.0000	  0.4789
724.5000	  0.4793
724.0000	  0.4824
723.5000	  0.4842
723.0000	  0.4856
722.5000	  0.4881
722.0000	  0.4899
721.5000	  0.4919
721.0000	  0.4941
720.5000	  0.4950
720.0000	  0.4983
719.5000	  0.4986
719.0000	  0.5016
718.5000	  0.5029
718.0000	  0.5031
717.5000	  0.5047
717.0000	  0.5043
716.5000	  0.5053
716.0000	  0.5037
715.5000	  0.5041
715.0000	  0.5035
714.5000	  0.5029
714.0000	  0.5024
713.5000	  0.5004
713.0000	  0.4999
712.5000	  0.4996
712.0000	  0.4986
711.5000	  0.4985
711.0000	  0.4971
710.5000	  0.4971
710.0000	  0.4981
709.5000	  0.4958
709.0000	  0.4960
708.5000	  0.4956
708.0000	  0.4959
707.5000	  0.4963
707.0000	  0.4951
706.5000	  0.4958
706.0000	  0.4968
705.5000	  0.4974
705.0000	  0.4992
704.5000	  0.4996
704.0000	  0.4999
703.5000	  0.5008
703.0000	  0.5019
702.5000	  0.5030
702.0000	  0.5033
701.5000	  0.5035
701.0000	  0.5044
700.5000	  0.5046
700.0000	  0.5062
699.5000	  0.5069
699.0000	  0.5070
698.5000	  0.5079
698.0000	  0.5091
697.5000	  0.5092
697.0000	  0.5094
696.5000	  0.5108
696.0000	  0.5118
695.5000	  0.5124
695.0000	  0.5133
694.5000	  0.5133
694.0000	  0.5150
693.5000	  0.5152
693.0000	  0.5144
692.5000	  0.5166
692.0000	  0.5167
691.5000	  0.5185
691.0000	  0.5187
690.5000	  0.5190
690.0000	  0.5202
689.5000	  0.5196
689.0000	  0.5211
688.5000	  0.5219
688.0000	  0.5229
687.5000	  0.5238
687.0000	  0.5237
686.5000	  0.5255
686.0000	  0.5265
685.5000	  0.5263
685.0000	  0.5280
684.5000	  0.5284
684.0000	  0.5283
683.5000	  0.5295
683.0000	  0.5297
682.5000	  0.5312
682.0000	  0.5316
681.5000	  0.5321
681.0000	  0.5332
680.5000	  0.5342
680.0000	  0.5344
679.5000	  0.5355
679.0000	  0.5362
678.5000	  0.5373
678.0000	  0.5376
677.5000	  0.5384
677.0000	  0.5404
676.5000	  0.5398
676.0000	  0.5410
675.5000	  0.5410
675.0000	  0.5419
674.5000	  0.5436
674.0000	  0.5431
673.5000	  0.5442
673.0000	  0.5456
672.5000	  0.5456
672.0000	  0.5473
671.5000	  0.5465
671.0000	  0.5477
670.5000	  0.5483
670.0000	  0.5492
669.5000	  0.5511
669.0000	  0.5507
668.5000	  0.5514
668.0000	  0.5528
667.5000	  0.5531
667.0000	  0.5537
666.5000	  0.5536
666.0000	  0.5554
665.5000	  0.5557
665.0000	  0.5563
664.5000	  0.5576
664.0000	  0.5577
663.5000	  0.5589
663.0000	  0.5597
662.5000	  0.5598
662.0000	  0.5608
661.5000	  0.5612
661.0000	  0.5626
660.5000	  0.5632
660.0000	  0.5635
659.5000	  0.5650
659.0000	  0.5650
658.5000	  0.5658
658.0000	  0.5670
657.5000	  0.5666
657.0000	  0.5679
656.5000	  0.5686
656.0000	  0.5683
655.5000	  0.5700
655.0000	  0.5706
654.5000	  0.5710
654.0000	  0.5716
653.5000	  0.5716
653.0000	  0.5733
652.5000	  0.5741
652.0000	  0.5746
651.5000	  0.5761
651.0000	  0.5751
650.5000	  0.5767
650.0000	  0.5762
649.5000	  0.5766
649.0000	  0.5790
648.5000	  0.5784
648.0000	  0.5794
647.5000	  0.5793
647.0000	  0.5805
646.5000	  0.5815
646.0000	  0.5815
645.5000	  0.5825
645.0000	  0.5827
644.5000	  0.5831
644.0000	  0.5852
643.5000	  0.5842
643.0000	  0.5846
642.5000	  0.5859
642.0000	  0.5863
641.5000	  0.5873
641.0000	  0.5869
640.5000	  0.5875
640.0000	  0.5886
639.5000	  0.5878
639.0000	  0.5895
638.5000	  0.5887
638.0000	  0.5903
637.5000	  0.5900
637.0000	  0.5906
636.5000	  0.5914
636.0000	  0.5912
635.5000	  0.5922
635.0000	  0.5923
634.5000	  0.5924
634.0000	  0.5943
633.5000	  0.5931
633.0000	  0.5941
632.5000	  0.5948
632.0000	  0.5948
631.5000	  0.5969
631.0000	  0.5964
630.5000	  0.5979
630.0000	  0.5989
629.5000	  0.5998
629.0000	  0.6019
628.5000	  0.6029
628.0000	  0.6046
627.5000	  0.6057
627.0000	  0.6078
626.5000	  0.6101
626.0000	  0.6110
625.5000	  0.6137
625.0000	  0.6145
624.5000	  0.6174
624.0000	  0.6193
623.5000	  0.6203
623.0000	  0.6223
622.5000	  0.6237
622.0000	  0.6257
621.5000	  0.6275
621.0000	  0.6281
620.5000	  0.6290
620.0000	  0.6308
619.5000	  0.6318
619.0000	  0.6331
618.5000	  0.6328
618.0000	  0.6343
617.5000	  0.6341
617.0000	  0.6346
616.5000	  0.6366
616.0000	  0.6352
615.5000	  0.6360
615.0000	  0.6361
614.5000	  0.6372
614.0000	  0.6370
613.5000	  0.6373
613.0000	  0.6384
612.5000	  0.6397
612.0000	  0.6402
611.5000	  0.6409
611.0000	  0.6410
610.5000	  0.6420
610.0000	  0.6436
609.5000	  0.6431
609.0000	  0.6442
608.5000	  0.6439
608.0000	  0.6461
607.5000	  0.6465
607.0000	  0.6459
606.5000	  0.6480
606.0000	  0.6476
605.5000	  0.6494
605.0000	  0.6495
604.5000	  0.6502
604.0000	  0.6514
603.5000	  0.6508
603.0000	  0.6522
602.5000	  0.6532
602.0000	  0.6534
601.5000	  0.6543
601.0000	  0.6541
600.5000	  0.6552
600.0000	  0.6555
599.5000	  0.6562
599.0000	  0.6582
598.5000	  0.6568
598.0000	  0.6586
597.5000	  0.6593
597.0000	  0.6592
596.5000	  0.6607
596.0000	  0.6612
595.5000	  0.6622
595.0000	  0.6628
594.5000	  0.6628
594.0000	  0.6644
593.5000	  0.6631
593.0000	  0.6646
592.5000	  0.6662
592.0000	  0.6673
591.5000	  0.6671
591.0000	  0.6668
590.5000	  0.6680
590.0000	  0.6687
589.5000	  0.6686
589.0000	  0.6706
588.5000	  0.6694
588.0000	  0.6705
587.5000	  0.6712
587.0000	  0.6709
586.5000	  0.6732
586.0000	  0.6727
585.5000	  0.6741
585.0000	  0.6753
584.5000	  0.6746
584.0000	  0.6766
583.5000	  0.6749
583.0000	  0.6764
582.5000	  0.6767
582.0000	  0.6778
581.5000	  0.6785
581.0000	  0.6785
580.5000	  0.6795
580.0000	  0.6793
579.5000	  0.6807
579.0000	  0.6819
578.5000	  0.6799
578.0000	  0.6821
577.5000	  0.6831
577.0000	  0.6830
576.5000	  0.6854
576.0000	  0.6845
575.5000	  0.6843
575.0000	  0.6850
574.5000	  0.6857
574.0000	  0.6870
573.5000	  0.6866
573.0000	  0.6866
572.5000	  0.6880
572.0000	  0.6885
571.5000	  0.6886
571.0000	  0.6889
570.5000	  0.6895
570.0000	  0.6906
569.5000	  0.6907
569.0000	  0.6922
568.5000	  0.6908
568.0000	  0.6930
567.5000	  0.6927
567.0000	  0.6934
566.5000	  0.6946
566.0000	  0.6931
565.5000	  0.6939
565.0000	  0.6946
564.5000	  0.6946
564.0000	  0.6964
563.5000	  0.6958
563.0000	  0.6967
562.5000	  0.6980
562.0000	  0.6979
561.5000	  0.6988
561.0000	  0.6979
560.5000	  0.6993
560.0000	  0.6992
559.5000	  0.6989
559.0000	  0.7002
558.5000	  0.7002
558.0000	  0.7002
557.5000	  0.7010
557.0000	  0.7013
556.5000	  0.7019
556.0000	  0.7029
555.5000	  0.7022
555.0000	  0.7036
554.5000	  0.7031
554.0000	  0.7035
553.5000	  0.7044
553.0000	  0.7036
552.5000	  0.7051
552.0000	  0.7048
551.5000	  0.7059
551.0000	  0.7062
550.5000	  0.7061
550.0000	  0.7069
549.5000	  0.7066
549.0000	  0.7079
548.5000	  0.7076
548.0000	  0.7076
547.5000	  0.7081
547.0000	  0.7080
546.5000	  0.7097
546.0000	  0.7081
545.5000	  0.7095
545.0000	  0.7103
544.5000	  0.7095
544.0000	  0.7108
543.5000	  0.7097
543.0000	  0.7114
542.5000	  0.7113
542.0000	  0.7109
541.5000	  0.7122
541.0000	  0.7108
540.5000	  0.7120
540.0000	  0.7128
539.5000	  0.7121
539.0000	  0.7126
538.5000	  0.7120
538.0000	  0.7131
537.5000	  0.7123
537.0000	  0.7128
536.5000	  0.7135
536.0000	  0.7130
535.5000	  0.7137
535.0000	  0.7138
534.5000	  0.7134
534.0000	  0.7144
533.5000	  0.7137
533.0000	  0.7136
532.5000	  0.7152
532.0000	  0.7144
531.5000	  0.7153
531.0000	  0.7140
530.5000	  0.7141
530.0000	  0.7150
529.5000	  0.7152
529.0000	  0.7151
528.5000	  0.7146
528.0000	  0.7144
527.5000	  0.7144
527.0000	  0.7150
526.5000	  0.7149
526.0000	  0.7141
525.5000	  0.7143
525.0000	  0.7143
524.5000	  0.7142
524.0000	  0.7148
523.5000	  0.7142
523.0000	  0.7147
522.5000	  0.7134
522.0000	  0.7140
521.5000	  0.7139
521.0000	  0.7131
520.5000	  0.7142
520.0000	  0.7139
519.5000	  0.7134
519.0000	  0.7118
518.5000	  0.7126
518.0000	  0.7119
517.5000	  0.7121
517.0000	  0.7117
516.5000	  0.7116
516.0000	  0.7110
515.5000	  0.7110
515.0000	  0.7098
514.5000	  0.7104
514.0000	  0.7092
513.5000	  0.7089
513.0000	  0.7094
512.5000	  0.7085
512.0000	  0.7090
511.5000	  0.7071
511.0000	  0.7074
510.5000	  0.7074
510.0000	  0.7071
509.5000	  0.7074
509.0000	  0.7058
508.5000	  0.7067
508.0000	  0.7056
507.5000	  0.7063
507.0000	  0.7062
506.5000	  0.7060
506.0000	  0.7069
505.5000	  0.7058
505.0000	  0.7069
504.5000	  0.7063
504.0000	  0.7073
503.5000	  0.7076
503.0000	  0.7067
502.5000	  0.7080
502.0000	  0.7073
501.5000	  0.7075
501.0000	  0.7088
500.5000	  0.7075
500.0000	  0.7093
499.5000	  0.7080
499.0000	  0.7080
498.5000	  0.7089
498.0000	  0.7083
497.5000	  0.7079
497.0000	  0.7070
496.5000	  0.7073
496.0000	  0.7073
495.5000	  0.7079
495.0000	  0.7078
494.5000	  0.7050
494.0000	  0.7054
493.5000	  0.7045
493.0000	  0.7048
492.5000	  0.7043
492.0000	  0.7032
491.5000	  0.7030
491.0000	  0.7023
490.5000	  0.7017
490.0000	  0.6999
489.5000	  0.6994
489.0000	  0.6982
488.5000	  0.6967
488.0000	  0.6964
487.5000	  0.6941
487.0000	  0.6936
486.5000	  0.6936
486.0000	  0.6923
485.5000	  0.6920
485.0000	  0.6902
484.5000	  0.6887
484.0000	  0.6888
483.5000	  0.6874
483.0000	  0.6874
482.5000	  0.6855
482.0000	  0.6846
481.5000	  0.6843
481.0000	  0.6835
480.5000	  0.6827
480.0000	  0.6810
479.5000	  0.6805
479.0000	  0.6799
478.5000	  0.6785
478.0000	  0.6775
477.5000	  0.6767
477.0000	  0.6773
476.5000	  0.6760
476.0000	  0.6757
475.5000	  0.6745
475.0000	  0.6732
474.5000	  0.6732
474.0000	  0.6710
473.5000	  0.6728
473.0000	  0.6712
472.5000	  0.6706
472.0000	  0.6707
471.5000	  0.6697
471.0000	  0.6707
470.5000	  0.6688
470.0000	  0.6685
469.5000	  0.6686
469.0000	  0.6677
468.5000	  0.6674
468.0000	  0.6665
467.5000	  0.6674
467.0000	  0.6654
466.5000	  0.6654
466.0000	  0.6669
465.5000	  0.6649
465.0000	  0.6660
464.5000	  0.6643
464.0000	  0.6650
463.5000	  0.6661
463.0000	  0.6635
462.5000	  0.6647
462.0000	  0.6653
461.5000	  0.6634
461.0000	  0.6643
460.5000	  0.6620
460.0000	  0.6632
459.5000	  0.6629
459.0000	  0.6627
458.5000	  0.6618
458.0000	  0.6606
457.5000	  0.6600
457.0000	  0.6599
456.5000	  0.6583
456.0000	  0.6587
455.5000	  0.6557
455.0000	  0.6569
454.5000	  0.6549
454.0000	  0.6539
453.5000	  0.6520
453.0000	  0.6499
452.5000	  0.6498
452.0000	  0.6463
451.5000	  0.6452
451.0000	  0.6431
450.5000	  0.6413
450.0000	  0.6391
449.5000	  0.6357
449.0000	  0.6360
448.5000	  0.6332
448.0000	  0.6315
447.5000	  0.6306
447.0000	  0.6287
446.5000	  0.6274
446.0000	  0.6249
445.5000	  0.6237
445.0000	  0.6223
444.5000	  0.6216
444.0000	  0.6202
443.5000	  0.6196
443.0000	  0.6171
442.5000	  0.6172
442.0000	  0.6154
441.5000	  0.6147
441.0000	  0.6135
440.5000	  0.6128
440.0000	  0.6107
439.5000	  0.6100
439.0000	  0.6101
438.5000	  0.6078
438.0000	  0.6088
437.5000	  0.6075
437.0000	  0.6062
436.5000	  0.6065
436.0000	  0.6043
435.5000	  0.6036
435.0000	  0.6033
434.5000	  0.6026
434.0000	  0.6030
433.5000	  0.6017
433.0000	  0.6011
432.5000	  0.6009
432.0000	  0.5987
431.5000	  0.5990
431.0000	  0.5980
430.5000	  0.5977
430.0000	  0.5986
429.5000	  0.5974
429.0000	  0.5972
428.5000	  0.5965
428.0000	  0.5950
427.5000	  0.5958
427.0000	  0.5949
426.5000	  0.5944
426.0000	  0.5930
425.5000	  0.5934
425.0000	  0.5918
424.5000	  0.5915
424.0000	  0.5927
423.5000	  0.5905
423.0000	  0.5917
422.5000	  0.5926
422.0000	  0.5918
421.5000	  0.5904
421.0000	  0.5897
420.5000	  0.5908
420.0000	  0.5897
419.5000	  0.5902
419.0000	  0.5902
418.5000	  0.5892
418.0000	  0.5888
417.5000	  0.5880
417.0000	  0.5877
416.5000	  0.5889
416.0000	  0.5864
415.5000	  0.5873
415.0000	  0.5860
414.5000	  0.5865
414.0000	  0.5866
413.5000	  0.5838
413.0000	  0.5857
412.5000	  0.5846
412.0000	  0.5845
411.5000	  0.5856
411.0000	  0.5855
410.5000	  0.5843
410.0000	  0.5839
409.5000	  0.5837
409.0000	  0.5838
408.5000	  0.5814
408.0000	  0.5839
407.5000	  0.5820
407.0000	  0.5821
406.5000	  0.5824
406.0000	  0.5802
405.5000	  0.5818
405.0000	  0.5807
404.5000	  0.5802
404.0000	  0.5811
403.5000	  0.5794
403.0000	  0.5802
402.5000	  0.5780
402.0000	  0.5788
401.5000	  0.5798
401.0000	  0.5778
400.5000	  0.5783
400.0000	  0.5775
399.5000	  0.5790
399.0000	  0.5775
398.5000	  0.5768
398.0000	  0.5770
397.5000	  0.5767
397.0000	  0.5761
396.5000	  0.5759
396.0000	  0.5762
395.5000	  0.5762
395.0000	  0.5749
394.5000	  0.5755
394.0000	  0.5760
393.5000	  0.5754
393.0000	  0.5754
392.5000	  0.5751
392.0000	  0.5764
391.5000	  0.5753
391.0000	  0.5758
390.5000	  0.5756
390.0000	  0.5749
389.5000	  0.5769
389.0000	  0.5749
388.5000	  0.5767
388.0000	  0.5779
387.5000	  0.5775
387.0000	  0.5779
386.5000	  0.5777
386.0000	  0.5785
385.5000	  0.5774
385.0000	  0.5775
384.5000	  0.5798
384.0000	  0.5790
383.5000	  0.5790
383.0000	  0.5788
382.5000	  0.5798
382.0000	  0.5813
381.5000	  0.5789
381.0000	  0.5804
380.5000	  0.5795
380.0000	  0.5808
379.5000	  0.5805
379.0000	  0.5803
378.5000	  0.5806
378.0000	  0.5820
377.5000	  0.5804
377.0000	  0.5814
376.5000	  0.5785
376.0000	  0.5830
375.5000	  0.5814
375.0000	  0.5833
374.5000	  0.5819
374.0000	  0.5832
373.5000	  0.5813
373.0000	  0.5821
372.5000	  0.5827
372.0000	  0.5817
371.5000	  0.5828
371.0000	  0.5820
370.5000	  0.5811
370.0000	  0.5808
369.5000	  0.5824
369.0000	  0.5823
368.5000	  0.5814
368.0000	  0.5815
367.5000	  0.5817
367.0000	  0.5854
366.5000	  0.5822
366.0000	  0.5807
365.5000	  0.5827
365.0000	  0.5852
364.5000	  0.5828
364.0000	  0.5822
363.5000	  0.5825
363.0000	  0.5821
362.5000	  0.5838
362.0000	  0.5828
361.5000	  0.5867
361.0000	  0.5846
360.5000	  0.5842
360.0000	  0.5841
359.5000	  0.5833
359.0000	  0.5850
358.5000	  0.5831
358.0000	  0.5844
357.5000	  0.5849
357.0000	  0.5844
356.5000	  0.5831
356.0000	  0.5833
355.5000	  0.5843
355.0000	  0.5859
354.5000	  0.5853
354.0000	  0.5837
353.5000	  0.5847
353.0000	  0.5835
352.5000	  0.5865
352.0000	  0.5850
351.5000	  0.5821
351.0000	  0.5864
350.5000	  0.5830
350.0000	  0.5823
349.5000	  0.5845
349.0000	  0.5872
348.5000	  0.5835
348.0000	  0.5850
347.5000	  0.5823
347.0000	  0.5839
346.5000	  0.5846
346.0000	  0.5823
345.5000	  0.5865
345.0000	  0.5842
344.5000	  0.5834
344.0000	  0.5853
343.5000	  0.5829
343.0000	  0.5816
342.5000	  0.5802
342.0000	  0.5817
341.5000	  0.5832
341.0000	  0.5833
340.5000	  0.5811
340.0000	  0.5820
339.5000	  0.5789
339.0000	  0.5842
338.5000	  0.5792
338.0000	  0.5800
337.5000	  0.5797
337.0000	  0.5828
336.5000	  0.5847
336.0000	  0.5794
335.5000	  0.5786
335.0000	  0.5780
334.5000	  0.5775
334.0000	  0.5776
333.5000	  0.5763
333.0000	  0.5785
332.5000	  0.5765
332.0000	  0.5838
331.5000	  0.5778
331.0000	  0.5729
330.5000	  0.5751
330.0000	  0.5782
329.5000	  0.5761
329.0000	  0.5790
328.5000	  0.5741
328.0000	  0.5742
327.5000	  0.5763
327.0000	  0.5734
326.5000	  0.5747
326.0000	  0.5738
325.5000	  0.5734
325.0000	  0.5732
324.5000	  0.5746
324.0000	  0.5675
323.5000	  0.5731
323.0000	  0.5679
322.5000	  0.5636
322.0000	  0.5739
321.5000	  0.5686
321.0000	  0.5671
320.5000	  0.5674
320.0000	  0.5669
319.5000	  0.5753
319.0000	  0.5659
318.5000	  0.5683
318.0000	  0.5612
317.5000	  0.5575
317.0000	  0.5657
316.5000	  0.5597
316.0000	  0.5636
315.5000	  0.5581
315.0000	  0.5594
314.5000	  0.5655
314.0000	  0.5524
313.5000	  0.5595
313.0000	  0.5650
312.5000	  0.5524
312.0000	  0.5420
311.5000	  0.5463
311.0000	  0.5462
310.5000	  0.5623
310.0000	  0.5481
309.5000	  0.5472
309.0000	  0.5434
308.5000	  0.5431
308.0000	  0.5280
307.5000	  0.5471
307.0000	  0.5325
306.5000	  0.5277
306.0000	  0.5091
305.5000	  0.4976
305.0000	  0.5237
304.5000	  0.5042
304.0000	  0.5449
303.5000	  0.5148
303.0000	  0.5288
302.5000	  0.4911
302.0000	  0.4703
301.5000	  0.5093
301.0000	  0.5022
300.5000	  0.5162
300.0000	  0.5653
299.5000	  0.3996
299.0000	  0.5820
298.5000	  0.4849
298.0000	  0.5684
297.5000	  0.6974
297.0000	  0.3553
296.5000	  0.6858
296.0000	  0.4976
295.5000	  0.6244
295.0000	  0.6034
294.5000	  0.5959
294.0000	  0.4583
293.5000	  0.7205
293.0000	  0.3842
292.5000	  0.7941
292.0000	  0.5481
291.5000	  0.9079
291.0000	  0.5555
290.5000	  0.4753
290.0000	  0.8621
289.5000	  0.5953
289.0000	  0.4833
288.5000	  0.6320
288.0000	  0.5049
287.5000	  0.7676
287.0000	  0.3928
286.5000	  0.7203
286.0000	  1.0222
285.5000	  0.7935
285.0000	  0.6020
284.5000	  0.5755
284.0000	  0.5325
283.5000	  0.4009
283.0000	  0.5022
282.5000	  0.4911
282.0000	  0.8386
281.5000	  0.8702
281.0000	  0.7966
280.5000	  0.6641
280.0000	  0.5100
279.5000	  0.7218
279.0000	  0.3350
278.5000	  0.3187
278.0000	  0.5280
277.5000	  0.6117
277.0000	  0.7377
276.5000	  0.7446
276.0000	  0.4840
275.5000	  0.6674
275.0000	  0.5201
274.5000	  0.7175
274.0000	  0.7708
273.5000	  0.7455
273.0000	  0.3171
272.5000	  0.8052
272.0000	  0.6953
271.5000	  0.8560
271.0000	  0.7162
270.5000	  0.5433
270.0000	  0.4741
269.5000	  0.4165
269.0000	  0.4781
268.5000	  0.8731
268.0000	  0.4277
267.5000	  0.6747
267.0000	  0.5630
266.5000	  0.8640
266.0000	  0.6492
265.5000	  0.6015
265.0000	  0.5914
264.5000	  0.5227
264.0000	  0.4714
263.5000	  0.7720
263.0000	  0.5361
262.5000	  0.9601
262.0000	  1.0355
261.5000	  0.3570
261.0000	  0.5358
260.5000	  0.6533
260.0000	  0.7181
259.5000	  0.8185
259.0000	  0.9222
258.5000	  0.5351
258.0000	  0.4892
257.5000	  0.5915
257.0000	  0.6043
256.5000	  0.8067
256.0000	  0.5075
255.5000	  0.5109
255.0000	  0.4647
254.5000	  0.4532
254.0000	  0.4793
253.5000	  0.4459
253.0000	  0.4624
252.5000	  0.5400
252.0000	  0.6530
251.5000	  0.4774
251.0000	  0.6375
250.5000	  0.7612
250.0000	  0.7228
249.5000	  0.4368
249.0000	  0.7931
248.5000	  0.5885
248.0000	  0.5723
247.5000	  0.7604
247.0000	  0.7683
246.5000	  0.5773
246.0000	  0.4793
245.5000	  0.4213
245.0000	  0.5960
244.5000	  0.6416
244.0000	  0.5750
243.5000	  0.7934
243.0000	  0.6703
242.5000	  0.6472
242.0000	  0.4168
241.5000	  0.5658
241.0000	  0.6409
240.5000	  0.5538
240.0000	  0.7354
239.5000	  0.7874
239.0000	  0.4226
238.5000	  0.3807
238.0000	  0.5744
237.5000	  0.4158
237.0000	  0.7610
236.5000	  0.5833
236.0000	  0.4845
235.5000	  0.7760
235.0000	  0.6262
234.5000	  0.7174
234.0000	  0.6979
233.5000	  0.3644
233.0000	  0.6887
232.5000	  0.6423
232.0000	  0.8024
231.5000	  0.6303
231.0000	  0.4347
230.5000	  0.4355
230.0000	  0.6497
229.5000	  0.5247
229.0000	  0.5299
228.5000	  0.3271
228.0000	  0.4994
227.5000	  0.3724
227.0000	  0.7305
226.5000	  0.5754
226.0000	  0.6521
225.5000	  0.7440
225.0000	  0.5327
224.5000	  0.6166
224.0000	  0.8827
223.5000	  0.8939
223.0000	  0.9069
222.5000	  0.5703
222.0000	  0.6701
221.5000	  0.5281
221.0000	  0.5265
220.5000	  0.5537
220.0000	  0.7352
219.5000	  0.8010
219.0000	  0.5603
218.5000	  0.6667
218.0000	  0.6885
217.5000	  0.5908
217.0000	  0.8044
216.5000	  0.4290
216.0000	  0.2268
215.5000	  0.6545
215.0000	  0.6036
214.5000	  0.4026
214.0000	  0.6985
213.5000	  0.9048
213.0000	  0.5840
212.5000	  0.8807
212.0000	  0.6480
211.5000	  0.4806
211.0000	  0.6064
210.5000	  0.5335
210.0000	  0.5838
209.5000	  0.5107
209.0000	  0.5054
208.5000	  0.4137
208.0000	  0.6616
207.5000	  0.6995
207.0000	  0.5668
206.5000	  0.6212
206.0000	  0.5169
205.5000	  0.5184
205.0000	  0.7705
204.5000	  0.7852
204.0000	  0.5359
203.5000	  0.8145
203.0000	  0.6222
202.5000	  0.6423
202.0000	  0.5979
201.5000	  0.7820
201.0000	  0.7549
200.5000	  0.7480
200.0000	  0.6346

