22/05/2024 16.52.32
22/05/2024 17.01.31

800.0000	 79.6800

800.0000	 79.6800

900.0000	 86.5300



  1.0000
900.0000
  3.0000
340.0000
  1.0000
1401.0000
  5.0000
  6.0000
  1.0000
  1.0000
  0.0000
  0.0000
100.0000
  0.0000
  1.0000
  0.0000
500.0000
900.0000
200.0000
  4.0000
  1.0000
 18.0000
  2.0000
  1.0000
255.0000
  0.8401
  1.0000
 30.0000
  4.0000
500.0000
  0.0000
  0.0000
  4.0000
900.0000
200.0000
  0.0000
100.0000
  0.0000
  1.0000
  0.0000
500.0000
  1.0000
  1.0000
  1.0000
  1.0000
  4.0000
  0.0000
  1.0000
  1.0000
  1.0000
  1.0000
  1.0000
  2.0000
  1.0000
  1.0000
  1.0000
  3.0000
  1.0000
  1.0000
  1.0000
  4.0000
  5.0000
539.239
0.000

Lambda:	800
Abs:		0.0003
ID:			C
Run:		4
Temp:		200
#

900.0000	  0.8553
899.5000	  0.8356
899.0000	  0.8322
898.5000	  0.8731
898.0000	  0.8302
897.5000	  0.8198
897.0000	  0.8518
896.5000	  0.8463
896.0000	  0.8439
895.5000	  0.8338
895.0000	  0.8348
894.5000	  0.8422
894.0000	  0.8475
893.5000	  0.8525
893.0000	  0.8557
892.5000	  0.8528
892.0000	  0.8281
891.5000	  0.8307
891.0000	  0.8284
890.5000	  0.8299
890.0000	  0.8486
889.5000	  0.8428
889.0000	  0.8385
888.5000	  0.8188
888.0000	  0.8240
887.5000	  0.8258
887.0000	  0.8222
886.5000	  0.8379
886.0000	  0.8479
885.5000	  0.8325
885.0000	  0.8354
884.5000	  0.8346
884.0000	  0.8374
883.5000	  0.8502
883.0000	  0.8367
882.5000	  0.8374
882.0000	  0.8376
881.5000	  0.8394
881.0000	  0.8335
880.5000	  0.8281
880.0000	  0.8315
879.5000	  0.8266
879.0000	  0.8422
878.5000	  0.8225
878.0000	  0.8340
877.5000	  0.8391
877.0000	  0.8293
876.5000	  0.8290
876.0000	  0.8244
875.5000	  0.8335
875.0000	  0.8299
874.5000	  0.8427
874.0000	  0.8386
873.5000	  0.8281
873.0000	  0.8281
872.5000	  0.8229
872.0000	  0.8329
871.5000	  0.8313
871.0000	  0.8358
870.5000	  0.8348
870.0000	  0.8378
869.5000	  0.8357
869.0000	  0.8314
868.5000	  0.8363
868.0000	  0.8275
867.5000	  0.8294
867.0000	  0.8370
866.5000	  0.8313
866.0000	  0.8329
865.5000	  0.8335
865.0000	  0.8317
864.5000	  0.8342
864.0000	  0.8330
863.5000	  0.8333
863.0000	  0.8306
862.5000	  0.8311
862.0000	  0.8352
861.5000	  0.8351
861.0000	  0.8312
860.5000	  0.8288
860.0000	  0.8351
859.5000	  0.8329
859.0000	  0.8317
858.5000	  0.8347
858.0000	  0.8335
857.5000	  0.8326
857.0000	  0.8339
856.5000	  0.8285
856.0000	  0.8303
855.5000	  0.8331
855.0000	  0.8337
854.5000	  0.8311
854.0000	  0.8340
853.5000	  0.8324
853.0000	  0.8326
852.5000	  0.8344
852.0000	  0.8352
851.5000	  0.8352
851.0000	  0.8327
850.5000	  0.8318
850.0000	  0.8362
849.5000	  0.8331
849.0000	  0.8326
848.5000	  0.8310
848.0000	  0.8327
847.5000	  0.8310
847.0000	  0.8342
846.5000	  0.8349
846.0000	  0.8315
845.5000	  0.8308
845.0000	  0.8291
844.5000	  0.8330
844.0000	  0.8317
843.5000	  0.8285
843.0000	  0.8305
842.5000	  0.8301
842.0000	  0.8287
841.5000	  0.8300
841.0000	  0.8277
840.5000	  0.8273
840.0000	  0.8285
839.5000	  0.8275
839.0000	  0.8244
838.5000	  0.8254
838.0000	  0.8244
837.5000	  0.8246
837.0000	  0.8247
836.5000	  0.8251
836.0000	  0.8231
835.5000	  0.8218
835.0000	  0.8232
834.5000	  0.8207
834.0000	  0.8198
833.5000	  0.8194
833.0000	  0.8217
832.5000	  0.8189
832.0000	  0.8199
831.5000	  0.8195
831.0000	  0.8167
830.5000	  0.8174
830.0000	  0.8180
829.5000	  0.8184
829.0000	  0.8172
828.5000	  0.8145
828.0000	  0.8153
827.5000	  0.8129
827.0000	  0.8142
826.5000	  0.8137
826.0000	  0.8125
825.5000	  0.8131
825.0000	  0.8126
824.5000	  0.8133
824.0000	  0.8132
823.5000	  0.8128
823.0000	  0.8108
822.5000	  0.8107
822.0000	  0.8090
821.5000	  0.8102
821.0000	  0.8080
820.5000	  0.8093
820.0000	  0.8095
819.5000	  0.8080
819.0000	  0.8099
818.5000	  0.8074
818.0000	  0.8089
817.5000	  0.8080
817.0000	  0.8076
816.5000	  0.8053
816.0000	  0.8074
815.5000	  0.8070
815.0000	  0.8031
814.5000	  0.8049
814.0000	  0.8036
813.5000	  0.8053
813.0000	  0.8045
812.5000	  0.8043
812.0000	  0.8041
811.5000	  0.8027
811.0000	  0.8027
810.5000	  0.8020
810.0000	  0.8013
809.5000	  0.8032
809.0000	  0.8029
808.5000	  0.8015
808.0000	  0.8008
807.5000	  0.8009
807.0000	  0.8003
806.5000	  0.7983
806.0000	  0.7978
805.5000	  0.7998
805.0000	  0.7993
804.5000	  0.7983
804.0000	  0.7975
803.5000	  0.7968
803.0000	  0.7976
802.5000	  0.7967
802.0000	  0.7974
801.5000	  0.7966
801.0000	  0.7984
800.5000	  0.7960
800.0000	  0.7971
799.5000	  0.7954
799.0000	  0.7948
798.5000	  0.7951
798.0000	  0.7948
797.5000	  0.7953
797.0000	  0.7929
796.5000	  0.7947
796.0000	  0.7939
795.5000	  0.7939
795.0000	  0.7932
794.5000	  0.7926
794.0000	  0.7910
793.5000	  0.7923
793.0000	  0.7916
792.5000	  0.7915
792.0000	  0.7903
791.5000	  0.7915
791.0000	  0.7894
790.5000	  0.7894
790.0000	  0.7881
789.5000	  0.7897
789.0000	  0.7890
788.5000	  0.7890
788.0000	  0.7897
787.5000	  0.7877
787.0000	  0.7873
786.5000	  0.7867
786.0000	  0.7876
785.5000	  0.7885
785.0000	  0.7864
784.5000	  0.7849
784.0000	  0.7855
783.5000	  0.7845
783.0000	  0.7848
782.5000	  0.7837
782.0000	  0.7832
781.5000	  0.7840
781.0000	  0.7828
780.5000	  0.7835
780.0000	  0.7807
779.5000	  0.7812
779.0000	  0.7832
778.5000	  0.7821
778.0000	  0.7823
777.5000	  0.7792
777.0000	  0.7811
776.5000	  0.7800
776.0000	  0.7805
775.5000	  0.7803
775.0000	  0.7789
774.5000	  0.7774
774.0000	  0.7781
773.5000	  0.7773
773.0000	  0.7781
772.5000	  0.7768
772.0000	  0.7762
771.5000	  0.7763
771.0000	  0.7758
770.5000	  0.7748
770.0000	  0.7752
769.5000	  0.7735
769.0000	  0.7734
768.5000	  0.7741
768.0000	  0.7721
767.5000	  0.7725
767.0000	  0.7718
766.5000	  0.7723
766.0000	  0.7722
765.5000	  0.7696
765.0000	  0.7707
764.5000	  0.7696
764.0000	  0.7688
763.5000	  0.7697
763.0000	  0.7674
762.5000	  0.7685
762.0000	  0.7676
761.5000	  0.7679
761.0000	  0.7667
760.5000	  0.7654
760.0000	  0.7662
759.5000	  0.7645
759.0000	  0.7653
758.5000	  0.7650
758.0000	  0.7632
757.5000	  0.7629
757.0000	  0.7640
756.5000	  0.7638
756.0000	  0.7620
755.5000	  0.7621
755.0000	  0.7609
754.5000	  0.7620
754.0000	  0.7603
753.5000	  0.7599
753.0000	  0.7598
752.5000	  0.7588
752.0000	  0.7582
751.5000	  0.7594
751.0000	  0.7563
750.5000	  0.7580
750.0000	  0.7564
749.5000	  0.7568
749.0000	  0.7575
748.5000	  0.7555
748.0000	  0.7551
747.5000	  0.7542
747.0000	  0.7541
746.5000	  0.7542
746.0000	  0.7531
745.5000	  0.7527
745.0000	  0.7521
744.5000	  0.7529
744.0000	  0.7505
743.5000	  0.7520
743.0000	  0.7504
742.5000	  0.7509
742.0000	  0.7502
741.5000	  0.7499
741.0000	  0.7496
740.5000	  0.7490
740.0000	  0.7491
739.5000	  0.7484
739.0000	  0.7472
738.5000	  0.7489
738.0000	  0.7475
737.5000	  0.7468
737.0000	  0.7466
736.5000	  0.7465
736.0000	  0.7464
735.5000	  0.7450
735.0000	  0.7463
734.5000	  0.7447
734.0000	  0.7451
733.5000	  0.7450
733.0000	  0.7440
732.5000	  0.7448
732.0000	  0.7432
731.5000	  0.7449
731.0000	  0.7437
730.5000	  0.7438
730.0000	  0.7437
729.5000	  0.7441
729.0000	  0.7446
728.5000	  0.7442
728.0000	  0.7452
727.5000	  0.7450
727.0000	  0.7448
726.5000	  0.7452
726.0000	  0.7469
725.5000	  0.7488
725.0000	  0.7476
724.5000	  0.7486
724.0000	  0.7511
723.5000	  0.7523
723.0000	  0.7534
722.5000	  0.7540
722.0000	  0.7557
721.5000	  0.7580
721.0000	  0.7594
720.5000	  0.7615
720.0000	  0.7641
719.5000	  0.7654
719.0000	  0.7674
718.5000	  0.7682
718.0000	  0.7690
717.5000	  0.7689
717.0000	  0.7703
716.5000	  0.7678
716.0000	  0.7661
715.5000	  0.7621
715.0000	  0.7586
714.5000	  0.7560
714.0000	  0.7526
713.5000	  0.7473
713.0000	  0.7445
712.5000	  0.7403
712.0000	  0.7368
711.5000	  0.7328
711.0000	  0.7298
710.5000	  0.7251
710.0000	  0.7232
709.5000	  0.7220
709.0000	  0.7183
708.5000	  0.7170
708.0000	  0.7146
707.5000	  0.7133
707.0000	  0.7117
706.5000	  0.7101
706.0000	  0.7096
705.5000	  0.7076
705.0000	  0.7080
704.5000	  0.7075
704.0000	  0.7062
703.5000	  0.7058
703.0000	  0.7047
702.5000	  0.7039
702.0000	  0.7034
701.5000	  0.7030
701.0000	  0.7024
700.5000	  0.7018
700.0000	  0.7011
699.5000	  0.7000
699.0000	  0.6998
698.5000	  0.6979
698.0000	  0.6977
697.5000	  0.6974
697.0000	  0.6970
696.5000	  0.6959
696.0000	  0.6938
695.5000	  0.6945
695.0000	  0.6939
694.5000	  0.6913
694.0000	  0.6932
693.5000	  0.6899
693.0000	  0.6905
692.5000	  0.6894
692.0000	  0.6882
691.5000	  0.6883
691.0000	  0.6853
690.5000	  0.6861
690.0000	  0.6862
689.5000	  0.6838
689.0000	  0.6840
688.5000	  0.6826
688.0000	  0.6828
687.5000	  0.6813
687.0000	  0.6808
686.5000	  0.6793
686.0000	  0.6787
685.5000	  0.6780
685.0000	  0.6776
684.5000	  0.6777
684.0000	  0.6757
683.5000	  0.6753
683.0000	  0.6739
682.5000	  0.6733
682.0000	  0.6730
681.5000	  0.6713
681.0000	  0.6712
680.5000	  0.6703
680.0000	  0.6704
679.5000	  0.6692
679.0000	  0.6680
678.5000	  0.6681
678.0000	  0.6675
677.5000	  0.6668
677.0000	  0.6659
676.5000	  0.6639
676.0000	  0.6639
675.5000	  0.6628
675.0000	  0.6628
674.5000	  0.6611
674.0000	  0.6602
673.5000	  0.6603
673.0000	  0.6589
672.5000	  0.6594
672.0000	  0.6567
671.5000	  0.6564
671.0000	  0.6562
670.5000	  0.6559
670.0000	  0.6557
669.5000	  0.6534
669.0000	  0.6528
668.5000	  0.6527
668.0000	  0.6521
667.5000	  0.6512
667.0000	  0.6491
666.5000	  0.6496
666.0000	  0.6485
665.5000	  0.6483
665.0000	  0.6478
664.5000	  0.6471
664.0000	  0.6458
663.5000	  0.6456
663.0000	  0.6453
662.5000	  0.6437
662.0000	  0.6429
661.5000	  0.6422
661.0000	  0.6421
660.5000	  0.6414
660.0000	  0.6407
659.5000	  0.6395
659.0000	  0.6397
658.5000	  0.6377
658.0000	  0.6379
657.5000	  0.6367
657.0000	  0.6352
656.5000	  0.6357
656.0000	  0.6344
655.5000	  0.6347
655.0000	  0.6329
654.5000	  0.6327
654.0000	  0.6322
653.5000	  0.6312
653.0000	  0.6307
652.5000	  0.6293
652.0000	  0.6287
651.5000	  0.6285
651.0000	  0.6277
650.5000	  0.6270
650.0000	  0.6257
649.5000	  0.6254
649.0000	  0.6245
648.5000	  0.6242
648.0000	  0.6226
647.5000	  0.6224
647.0000	  0.6219
646.5000	  0.6202
646.0000	  0.6212
645.5000	  0.6192
645.0000	  0.6185
644.5000	  0.6176
644.0000	  0.6163
643.5000	  0.6173
643.0000	  0.6156
642.5000	  0.6147
642.0000	  0.6143
641.5000	  0.6136
641.0000	  0.6132
640.5000	  0.6115
640.0000	  0.6120
639.5000	  0.6100
639.0000	  0.6097
638.5000	  0.6089
638.0000	  0.6078
637.5000	  0.6070
637.0000	  0.6063
636.5000	  0.6062
636.0000	  0.6046
635.5000	  0.6039
635.0000	  0.6039
634.5000	  0.6029
634.0000	  0.6028
633.5000	  0.6018
633.0000	  0.6005
632.5000	  0.6008
632.0000	  0.5995
631.5000	  0.6003
631.0000	  0.6002
630.5000	  0.6003
630.0000	  0.5999
629.5000	  0.6007
629.0000	  0.6015
628.5000	  0.6007
628.0000	  0.6017
627.5000	  0.6029
627.0000	  0.6037
626.5000	  0.6052
626.0000	  0.6049
625.5000	  0.6065
625.0000	  0.6068
624.5000	  0.6084
624.0000	  0.6097
623.5000	  0.6099
623.0000	  0.6110
622.5000	  0.6123
622.0000	  0.6126
621.5000	  0.6150
621.0000	  0.6138
620.5000	  0.6152
620.0000	  0.6150
619.5000	  0.6150
619.0000	  0.6161
618.5000	  0.6148
618.0000	  0.6159
617.5000	  0.6161
617.0000	  0.6147
616.5000	  0.6136
616.0000	  0.6139
615.5000	  0.6131
615.0000	  0.6125
614.5000	  0.6122
614.0000	  0.6126
613.5000	  0.6112
613.0000	  0.6114
612.5000	  0.6124
612.0000	  0.6109
611.5000	  0.6117
611.0000	  0.6100
610.5000	  0.6106
610.0000	  0.6109
609.5000	  0.6104
609.0000	  0.6116
608.5000	  0.6104
608.0000	  0.6105
607.5000	  0.6114
607.0000	  0.6113
606.5000	  0.6109
606.0000	  0.6109
605.5000	  0.6107
605.0000	  0.6102
604.5000	  0.6113
604.0000	  0.6112
603.5000	  0.6108
603.0000	  0.6114
602.5000	  0.6106
602.0000	  0.6117
601.5000	  0.6116
601.0000	  0.6120
600.5000	  0.6115
600.0000	  0.6114
599.5000	  0.6124
599.0000	  0.6122
598.5000	  0.6128
598.0000	  0.6127
597.5000	  0.6135
597.0000	  0.6134
596.5000	  0.6134
596.0000	  0.6147
595.5000	  0.6145
595.0000	  0.6148
594.5000	  0.6153
594.0000	  0.6140
593.5000	  0.6158
593.0000	  0.6159
592.5000	  0.6168
592.0000	  0.6177
591.5000	  0.6162
591.0000	  0.6181
590.5000	  0.6178
590.0000	  0.6182
589.5000	  0.6199
589.0000	  0.6190
588.5000	  0.6195
588.0000	  0.6195
587.5000	  0.6204
587.0000	  0.6226
586.5000	  0.6212
586.0000	  0.6222
585.5000	  0.6224
585.0000	  0.6225
584.5000	  0.6239
584.0000	  0.6234
583.5000	  0.6244
583.0000	  0.6247
582.5000	  0.6247
582.0000	  0.6263
581.5000	  0.6266
581.0000	  0.6274
580.5000	  0.6282
580.0000	  0.6284
579.5000	  0.6297
579.0000	  0.6297
578.5000	  0.6309
578.0000	  0.6312
577.5000	  0.6322
577.0000	  0.6335
576.5000	  0.6332
576.0000	  0.6337
575.5000	  0.6350
575.0000	  0.6360
574.5000	  0.6369
574.0000	  0.6366
573.5000	  0.6376
573.0000	  0.6383
572.5000	  0.6392
572.0000	  0.6411
571.5000	  0.6403
571.0000	  0.6419
570.5000	  0.6426
570.0000	  0.6435
569.5000	  0.6446
569.0000	  0.6456
568.5000	  0.6469
568.0000	  0.6473
567.5000	  0.6478
567.0000	  0.6497
566.5000	  0.6498
566.0000	  0.6511
565.5000	  0.6523
565.0000	  0.6527
564.5000	  0.6548
564.0000	  0.6548
563.5000	  0.6565
563.0000	  0.6573
562.5000	  0.6583
562.0000	  0.6601
561.5000	  0.6609
561.0000	  0.6620
560.5000	  0.6638
560.0000	  0.6650
559.5000	  0.6670
559.0000	  0.6675
558.5000	  0.6684
558.0000	  0.6696
557.5000	  0.6709
557.0000	  0.6716
556.5000	  0.6736
556.0000	  0.6746
555.5000	  0.6758
555.0000	  0.6771
554.5000	  0.6781
554.0000	  0.6800
553.5000	  0.6814
553.0000	  0.6826
552.5000	  0.6840
552.0000	  0.6841
551.5000	  0.6860
551.0000	  0.6872
550.5000	  0.6892
550.0000	  0.6897
549.5000	  0.6909
549.0000	  0.6933
548.5000	  0.6947
548.0000	  0.6958
547.5000	  0.6964
547.0000	  0.6977
546.5000	  0.6992
546.0000	  0.7003
545.5000	  0.7030
545.0000	  0.7038
544.5000	  0.7052
544.0000	  0.7065
543.5000	  0.7072
543.0000	  0.7096
542.5000	  0.7104
542.0000	  0.7117
541.5000	  0.7131
541.0000	  0.7141
540.5000	  0.7167
540.0000	  0.7171
539.5000	  0.7197
539.0000	  0.7210
538.5000	  0.7213
538.0000	  0.7242
537.5000	  0.7241
537.0000	  0.7262
536.5000	  0.7276
536.0000	  0.7292
535.5000	  0.7306
535.0000	  0.7314
534.5000	  0.7330
534.0000	  0.7347
533.5000	  0.7363
533.0000	  0.7381
532.5000	  0.7388
532.0000	  0.7402
531.5000	  0.7422
531.0000	  0.7432
530.5000	  0.7461
530.0000	  0.7455
529.5000	  0.7489
529.0000	  0.7496
528.5000	  0.7510
528.0000	  0.7541
527.5000	  0.7533
527.0000	  0.7559
526.5000	  0.7576
526.0000	  0.7589
525.5000	  0.7606
525.0000	  0.7611
524.5000	  0.7634
524.0000	  0.7644
523.5000	  0.7650
523.0000	  0.7673
522.5000	  0.7683
522.0000	  0.7703
521.5000	  0.7708
521.0000	  0.7723
520.5000	  0.7745
520.0000	  0.7749
519.5000	  0.7768
519.0000	  0.7782
518.5000	  0.7801
518.0000	  0.7807
517.5000	  0.7817
517.0000	  0.7832
516.5000	  0.7852
516.0000	  0.7871
515.5000	  0.7869
515.0000	  0.7891
514.5000	  0.7900
514.0000	  0.7910
513.5000	  0.7930
513.0000	  0.7937
512.5000	  0.7953
512.0000	  0.7969
511.5000	  0.7981
511.0000	  0.7994
510.5000	  0.7999
510.0000	  0.8017
509.5000	  0.8028
509.0000	  0.8035
508.5000	  0.8070
508.0000	  0.8065
507.5000	  0.8089
507.0000	  0.8111
506.5000	  0.8121
506.0000	  0.8149
505.5000	  0.8152
505.0000	  0.8176
504.5000	  0.8195
504.0000	  0.8214
503.5000	  0.8245
503.0000	  0.8245
502.5000	  0.8267
502.0000	  0.8291
501.5000	  0.8295
501.0000	  0.8332
500.5000	  0.8341
500.0000	  0.8358
499.5000	  0.8384
499.0000	  0.8400
498.5000	  0.8415
498.0000	  0.8409
497.5000	  0.8450
497.0000	  0.8464
496.5000	  0.8473
496.0000	  0.8494
495.5000	  0.8486
495.0000	  0.8513
494.5000	  0.8527
494.0000	  0.8532
493.5000	  0.8555
493.0000	  0.8560
492.5000	  0.8573
492.0000	  0.8577
491.5000	  0.8590
491.0000	  0.8613
490.5000	  0.8591
490.0000	  0.8624
489.5000	  0.8619
489.0000	  0.8632
488.5000	  0.8644
488.0000	  0.8625
487.5000	  0.8643
487.0000	  0.8638
486.5000	  0.8648
486.0000	  0.8659
485.5000	  0.8665
485.0000	  0.8664
484.5000	  0.8667
484.0000	  0.8687
483.5000	  0.8680
483.0000	  0.8673
482.5000	  0.8692
482.0000	  0.8702
481.5000	  0.8708
481.0000	  0.8722
480.5000	  0.8718
480.0000	  0.8728
479.5000	  0.8735
479.0000	  0.8735
478.5000	  0.8745
478.0000	  0.8756
477.5000	  0.8754
477.0000	  0.8767
476.5000	  0.8770
476.0000	  0.8782
475.5000	  0.8796
475.0000	  0.8785
474.5000	  0.8812
474.0000	  0.8807
473.5000	  0.8820
473.0000	  0.8841
472.5000	  0.8824
472.0000	  0.8844
471.5000	  0.8850
471.0000	  0.8861
470.5000	  0.8868
470.0000	  0.8883
469.5000	  0.8890
469.0000	  0.8894
468.5000	  0.8903
468.0000	  0.8922
467.5000	  0.8922
467.0000	  0.8940
466.5000	  0.8938
466.0000	  0.8951
465.5000	  0.8983
465.0000	  0.8978
464.5000	  0.8987
464.0000	  0.8989
463.5000	  0.9017
463.0000	  0.9036
462.5000	  0.9031
462.0000	  0.9035
461.5000	  0.9062
461.0000	  0.9060
460.5000	  0.9093
460.0000	  0.9074
459.5000	  0.9111
459.0000	  0.9110
458.5000	  0.9121
458.0000	  0.9133
457.5000	  0.9107
457.0000	  0.9134
456.5000	  0.9148
456.0000	  0.9151
455.5000	  0.9146
455.0000	  0.9131
454.5000	  0.9142
454.0000	  0.9128
453.5000	  0.9144
453.0000	  0.9127
452.5000	  0.9100
452.0000	  0.9101
451.5000	  0.9089
451.0000	  0.9071
450.5000	  0.9071
450.0000	  0.9033
449.5000	  0.9033
449.0000	  0.9037
448.5000	  0.9000
448.0000	  0.9011
447.5000	  0.8970
447.0000	  0.8958
446.5000	  0.8936
446.0000	  0.8931
445.5000	  0.8936
445.0000	  0.8896
444.5000	  0.8908
444.0000	  0.8901
443.5000	  0.8898
443.0000	  0.8891
442.5000	  0.8877
442.0000	  0.8871
441.5000	  0.8863
441.0000	  0.8848
440.5000	  0.8847
440.0000	  0.8827
439.5000	  0.8822
439.0000	  0.8828
438.5000	  0.8828
438.0000	  0.8824
437.5000	  0.8824
437.0000	  0.8815
436.5000	  0.8803
436.0000	  0.8795
435.5000	  0.8812
435.0000	  0.8805
434.5000	  0.8803
434.0000	  0.8788
433.5000	  0.8800
433.0000	  0.8784
432.5000	  0.8808
432.0000	  0.8785
431.5000	  0.8791
431.0000	  0.8795
430.5000	  0.8803
430.0000	  0.8796
429.5000	  0.8794
429.0000	  0.8794
428.5000	  0.8788
428.0000	  0.8790
427.5000	  0.8792
427.0000	  0.8785
426.5000	  0.8793
426.0000	  0.8781
425.5000	  0.8783
425.0000	  0.8801
424.5000	  0.8781
424.0000	  0.8783
423.5000	  0.8791
423.0000	  0.8797
422.5000	  0.8801
422.0000	  0.8794
421.5000	  0.8801
421.0000	  0.8809
420.5000	  0.8823
420.0000	  0.8820
419.5000	  0.8810
419.0000	  0.8806
418.5000	  0.8811
418.0000	  0.8831
417.5000	  0.8834
417.0000	  0.8812
416.5000	  0.8823
416.0000	  0.8816
415.5000	  0.8835
415.0000	  0.8828
414.5000	  0.8826
414.0000	  0.8806
413.5000	  0.8832
413.0000	  0.8840
412.5000	  0.8841
412.0000	  0.8822
411.5000	  0.8838
411.0000	  0.8826
410.5000	  0.8840
410.0000	  0.8833
409.5000	  0.8846
409.0000	  0.8835
408.5000	  0.8855
408.0000	  0.8856
407.5000	  0.8852
407.0000	  0.8854
406.5000	  0.8848
406.0000	  0.8840
405.5000	  0.8823
405.0000	  0.8835
404.5000	  0.8861
404.0000	  0.8851
403.5000	  0.8858
403.0000	  0.8854
402.5000	  0.8854
402.0000	  0.8869
401.5000	  0.8840
401.0000	  0.8835
400.5000	  0.8866
400.0000	  0.8863
399.5000	  0.8856
399.0000	  0.8856
398.5000	  0.8855
398.0000	  0.8855
397.5000	  0.8865
397.0000	  0.8873
396.5000	  0.8849
396.0000	  0.8860
395.5000	  0.8864
395.0000	  0.8863
394.5000	  0.8874
394.0000	  0.8856
393.5000	  0.8877
393.0000	  0.8873
392.5000	  0.8875
392.0000	  0.8881
391.5000	  0.8866
391.0000	  0.8891
390.5000	  0.8916
390.0000	  0.8899
389.5000	  0.8916
389.0000	  0.8907
388.5000	  0.8935
388.0000	  0.8919
387.5000	  0.8939
387.0000	  0.8950
386.5000	  0.8974
386.0000	  0.8971
385.5000	  0.8968
385.0000	  0.8977
384.5000	  0.8969
384.0000	  0.8991
383.5000	  0.8998
383.0000	  0.8995
382.5000	  0.9010
382.0000	  0.9006
381.5000	  0.9043
381.0000	  0.9022
380.5000	  0.9028
380.0000	  0.9024
379.5000	  0.9064
379.0000	  0.9044
378.5000	  0.9048
378.0000	  0.9034
377.5000	  0.9052
377.0000	  0.9052
376.5000	  0.9060
376.0000	  0.9059
375.5000	  0.9045
375.0000	  0.9089
374.5000	  0.9073
374.0000	  0.9088
373.5000	  0.9077
373.0000	  0.9115
372.5000	  0.9083
372.0000	  0.9103
371.5000	  0.9096
371.0000	  0.9097
370.5000	  0.9076
370.0000	  0.9122
369.5000	  0.9130
369.0000	  0.9090
368.5000	  0.9134
368.0000	  0.9101
367.5000	  0.9114
367.0000	  0.9112
366.5000	  0.9132
366.0000	  0.9112
365.5000	  0.9142
365.0000	  0.9144
364.5000	  0.9150
364.0000	  0.9138
363.5000	  0.9154
363.0000	  0.9180
362.5000	  0.9154
362.0000	  0.9170
361.5000	  0.9178
361.0000	  0.9182
360.5000	  0.9175
360.0000	  0.9164
359.5000	  0.9209
359.0000	  0.9192
358.5000	  0.9198
358.0000	  0.9207
357.5000	  0.9270
357.0000	  0.9239
356.5000	  0.9224
356.0000	  0.9222
355.5000	  0.9217
355.0000	  0.9260
354.5000	  0.9290
354.0000	  0.9259
353.5000	  0.9262
353.0000	  0.9252
352.5000	  0.9297
352.0000	  0.9285
351.5000	  0.9279
351.0000	  0.9298
350.5000	  0.9319
350.0000	  0.9300
349.5000	  0.9283
349.0000	  0.9310
348.5000	  0.9301
348.0000	  0.9358
347.5000	  0.9372
347.0000	  0.9339
346.5000	  0.9364
346.0000	  0.9366
345.5000	  0.9359
345.0000	  0.9422
344.5000	  0.9367
344.0000	  0.9375
343.5000	  0.9373
343.0000	  0.9414
342.5000	  0.9424
342.0000	  0.9368
341.5000	  0.9390
341.0000	  0.9411
340.5000	  0.9416
340.0000	  0.9470
339.5000	  0.9413
339.0000	  0.9517
338.5000	  0.9527
338.0000	  0.9556
337.5000	  0.9540
337.0000	  0.9566
336.5000	  0.9564
336.0000	  0.9539
335.5000	  0.9535
335.0000	  0.9611
334.5000	  0.9599
334.0000	  0.9548
333.5000	  0.9615
333.0000	  0.9577
332.5000	  0.9619
332.0000	  0.9599
331.5000	  0.9653
331.0000	  0.9695
330.5000	  0.9652
330.0000	  0.9641
329.5000	  0.9691
329.0000	  0.9687
328.5000	  0.9669
328.0000	  0.9701
327.5000	  0.9711
327.0000	  0.9659
326.5000	  0.9827
326.0000	  0.9766
325.5000	  0.9764
325.0000	  0.9796
324.5000	  0.9774
324.0000	  0.9821
323.5000	  0.9894
323.0000	  0.9869
322.5000	  0.9853
322.0000	  0.9890
321.5000	  0.9825
321.0000	  0.9811
320.5000	  0.9937
320.0000	  0.9979
319.5000	  1.0034
319.0000	  1.0103
318.5000	  1.0014
318.0000	  1.0073
317.5000	  1.0008
317.0000	  1.0118
316.5000	  1.0177
316.0000	  1.0188
315.5000	  1.0195
315.0000	  1.0232
314.5000	  1.0401
314.0000	  1.0369
313.5000	  1.0203
313.0000	  1.0288
312.5000	  1.0474
312.0000	  1.0421
311.5000	  1.0400
311.0000	  1.0496
310.5000	  1.0586
310.0000	  1.0541
309.5000	  1.0787
309.0000	  1.0784
308.5000	  1.0755
308.0000	  1.1190
307.5000	  1.0732
307.0000	  1.0920
306.5000	  1.1238
306.0000	  1.1174
305.5000	  1.1415
305.0000	  1.0961
304.5000	  1.1247
304.0000	  1.1629
303.5000	  1.1570
303.0000	  1.1491
302.5000	  1.2173
302.0000	  1.2208
301.5000	  1.2678
301.0000	  1.2589
300.5000	  1.2349
300.0000	  1.2395
299.5000	  1.2705
299.0000	  1.3059
298.5000	  1.3571
298.0000	  1.2238
297.5000	  1.2752
297.0000	  1.4766
296.5000	  1.2710
296.0000	  1.4902
295.5000	  1.3764
295.0000	  1.3633
294.5000	  0.9900
294.0000	  1.1186
293.5000	  2.8106
293.0000	  1.3521
292.5000	  0.8620
292.0000	  1.0873
291.5000	 -0.1836
291.0000	  0.9304
290.5000	 -8.2868
290.0000	 -0.4558
289.5000	  2.1807
289.0000	  1.7895
288.5000	  3.3005
288.0000	  0.2128
287.5000	 -1.0418
287.0000	  0.8596
286.5000	  0.6363
286.0000	  0.1959
285.5000	  0.8070
285.0000	  0.1802
284.5000	  0.9946
284.0000	  0.2364
283.5000	 -4.1664
283.0000	  0.5650
282.5000	 -0.0057
282.0000	  1.6462
281.5000	 -0.9288
281.0000	  4.7389
280.5000	 -1.8321
280.0000	  0.6495
279.5000	  0.3151
279.0000	 -0.3088
278.5000	  8.5024
278.0000	  1.1725
277.5000	  0.4875
277.0000	  3.2200
276.5000	  0.6576
276.0000	  0.2202
275.5000	 -0.3474
275.0000	  0.5462
274.5000	  0.4347
274.0000	 21.4262
273.5000	 -0.4331
273.0000	  2.4138
272.5000	  1.1285
272.0000	  1.1963
271.5000	  0.1811
271.0000	  1.1769
270.5000	  1.6563
270.0000	  0.9405
269.5000	  0.8222
269.0000	  1.9646
268.5000	 -0.0716
268.0000	  1.8604
267.5000	  2.4655
267.0000	  0.0273
266.5000	  0.6294
266.0000	  0.6841
265.5000	  2.7566
265.0000	  0.6605
264.5000	  0.3451
264.0000	  0.9085
263.5000	  0.8997
263.0000	  0.8536
262.5000	  1.0674
262.0000	  0.6754
261.5000	  0.2496
261.0000	  6.9281
260.5000	  1.2602
260.0000	  0.0817
259.5000	-48.7931
259.0000	 -0.6260
258.5000	  1.6707
258.0000	  0.1033
257.5000	  0.8241
257.0000	  0.0423
256.5000	 44.0203
256.0000	  3.7820
255.5000	  0.8455
255.0000	 -8.4278
254.5000	  1.6695
254.0000	  1.5371
253.5000	  0.0000
253.0000	  0.5880
252.5000	  1.1094
252.0000	 -0.2028
251.5000	  3.6300
251.0000	  0.6400
250.5000	 -0.3356
250.0000	  2.4056
249.5000	  0.2193
249.0000	  2.2528
248.5000	-17.2602
248.0000	  2.1248
247.5000	  5.3565
247.0000	  0.8383
246.5000	  0.9724
246.0000	-10.7430
245.5000	 -0.0918
245.0000	 -1.6622
244.5000	  0.5773
244.0000	 -0.3573
243.5000	  0.8629
243.0000	 -4.9188
242.5000	  2.3986
242.0000	  0.5718
241.5000	 -0.5213
241.0000	 -0.7373
240.5000	 -1.1560
240.0000	  1.1501
239.5000	  0.2321
239.0000	 13.7940
238.5000	  8.0577
238.0000	  1.0844
237.5000	  3.5193
237.0000	 -0.2055
236.5000	  2.3207
236.0000	  0.0634
235.5000	 -1.6789
235.0000	 -0.4253
234.5000	  0.3759
234.0000	  0.2851
233.5000	 -2.4864
233.0000	  0.2117
232.5000	  0.2027
232.0000	  1.7346
231.5000	 -0.5851
231.0000	 -0.4296
230.5000	 -0.6202
230.0000	  1.5497
229.5000	  1.5551
229.0000	  1.0784
228.5000	  0.3987
228.0000	  0.6987
227.5000	  2.4370
227.0000	  0.7658
226.5000	  0.4711
226.0000	  0.9134
225.5000	  0.9463
225.0000	  0.9390
224.5000	  0.4511
224.0000	  1.1665
223.5000	  0.1357
223.0000	 -0.6243
222.5000	  0.6835
222.0000	  0.1245
221.5000	  0.2346
221.0000	  2.8696
220.5000	 -0.6609
220.0000	  2.0303
219.5000	  1.2769
219.0000	  1.0842
218.5000	  0.2645
218.0000	  0.5172
217.5000	 -7.7374
217.0000	  2.2570
216.5000	  0.1683
216.0000	  1.9780
215.5000	 -6.1751
215.0000	  2.0564
214.5000	  1.8937
214.0000	  0.4875
213.5000	 -0.3037
213.0000	  1.4068
212.5000	  1.0150
212.0000	  0.1425
211.5000	 -0.4148
211.0000	 -0.0253
210.5000	  0.8213
210.0000	  0.1121
209.5000	 -1.0797
209.0000	 -0.1002
208.5000	  2.2142
208.0000	  0.4713
207.5000	  1.1812
207.0000	 -1.4637
206.5000	  0.5835
206.0000	  0.4675
205.5000	  1.5702
205.0000	  4.1361
204.5000	  5.4501
204.0000	  1.8743
203.5000	  0.7719
203.0000	 -1.0001
202.5000	-14.0255
202.0000	  1.1040
201.5000	  0.2272
201.0000	 -3.0192
200.5000	  0.4619
200.0000	  1.5031

