29/05/2024 16.47.50
29/05/2024 16.55.35

800.0000	 96.5300

800.0000	 96.5300

800.0000	 96.4600



  1.0000
800.0000
  3.0000
340.0000
  1.0000
1201.0000
  5.0000
  6.0000
  1.0000
  1.0000
  0.0000
  0.0000
100.0000
  0.0000
  1.0000
  0.0000
500.0000
800.0000
200.0000
  4.0000
  1.0000
 18.0000
  2.0000
  1.0000
255.0000
  0.8440
  1.0000
 30.0000
  4.0000
500.0000
  0.0000
  0.0000
  4.0000
800.0000
200.0000
  0.0000
100.0000
  0.0000
  1.0000
  0.0000
500.0000
  1.0000
  1.0000
  1.0000
  1.0000
  4.0000
  0.0000
  1.0000
  1.0000
  1.0000
  1.0000
  1.0000
  2.0000
  1.0000
  1.0000
  1.0000
  3.0000
  1.0000
  1.0000
  1.0000
  4.0000
  5.0000
464.680
0.000

Lambda:	800
Abs:		-0.0001
ID:			C
Run:		4
Temp:		300
#

800.0000	  0.9652
799.5000	  0.9639
799.0000	  0.9636
798.5000	  0.9648
798.0000	  0.9650
797.5000	  0.9625
797.0000	  0.9649
796.5000	  0.9636
796.0000	  0.9632
795.5000	  0.9645
795.0000	  0.9639
794.5000	  0.9628
794.0000	  0.9635
793.5000	  0.9640
793.0000	  0.9634
792.5000	  0.9646
792.0000	  0.9620
791.5000	  0.9646
791.0000	  0.9645
790.5000	  0.9621
790.0000	  0.9622
789.5000	  0.9643
789.0000	  0.9631
788.5000	  0.9634
788.0000	  0.9640
787.5000	  0.9627
787.0000	  0.9639
786.5000	  0.9617
786.0000	  0.9623
785.5000	  0.9622
785.0000	  0.9630
784.5000	  0.9628
784.0000	  0.9631
783.5000	  0.9629
783.0000	  0.9618
782.5000	  0.9615
782.0000	  0.9611
781.5000	  0.9616
781.0000	  0.9601
780.5000	  0.9605
780.0000	  0.9623
779.5000	  0.9607
779.0000	  0.9602
778.5000	  0.9598
778.0000	  0.9615
777.5000	  0.9603
777.0000	  0.9618
776.5000	  0.9609
776.0000	  0.9603
775.5000	  0.9584
775.0000	  0.9599
774.5000	  0.9587
774.0000	  0.9593
773.5000	  0.9588
773.0000	  0.9595
772.5000	  0.9582
772.0000	  0.9591
771.5000	  0.9578
771.0000	  0.9588
770.5000	  0.9597
770.0000	  0.9587
769.5000	  0.9577
769.0000	  0.9573
768.5000	  0.9590
768.0000	  0.9593
767.5000	  0.9568
767.0000	  0.9577
766.5000	  0.9596
766.0000	  0.9588
765.5000	  0.9578
765.0000	  0.9575
764.5000	  0.9564
764.0000	  0.9579
763.5000	  0.9572
763.0000	  0.9553
762.5000	  0.9567
762.0000	  0.9558
761.5000	  0.9554
761.0000	  0.9545
760.5000	  0.9550
760.0000	  0.9539
759.5000	  0.9570
759.0000	  0.9540
758.5000	  0.9534
758.0000	  0.9539
757.5000	  0.9531
757.0000	  0.9556
756.5000	  0.9530
756.0000	  0.9526
755.5000	  0.9534
755.0000	  0.9538
754.5000	  0.9533
754.0000	  0.9523
753.5000	  0.9520
753.0000	  0.9524
752.5000	  0.9528
752.0000	  0.9513
751.5000	  0.9514
751.0000	  0.9522
750.5000	  0.9518
750.0000	  0.9512
749.5000	  0.9509
749.0000	  0.9511
748.5000	  0.9508
748.0000	  0.9498
747.5000	  0.9497
747.0000	  0.9514
746.5000	  0.9499
746.0000	  0.9491
745.5000	  0.9503
745.0000	  0.9503
744.5000	  0.9488
744.0000	  0.9505
743.5000	  0.9499
743.0000	  0.9477
742.5000	  0.9475
742.0000	  0.9486
741.5000	  0.9471
741.0000	  0.9474
740.5000	  0.9491
740.0000	  0.9479
739.5000	  0.9466
739.0000	  0.9479
738.5000	  0.9481
738.0000	  0.9476
737.5000	  0.9495
737.0000	  0.9469
736.5000	  0.9470
736.0000	  0.9475
735.5000	  0.9470
735.0000	  0.9475
734.5000	  0.9455
734.0000	  0.9476
733.5000	  0.9486
733.0000	  0.9479
732.5000	  0.9474
732.0000	  0.9477
731.5000	  0.9474
731.0000	  0.9490
730.5000	  0.9472
730.0000	  0.9484
729.5000	  0.9490
729.0000	  0.9481
728.5000	  0.9505
728.0000	  0.9507
727.5000	  0.9515
727.0000	  0.9526
726.5000	  0.9516
726.0000	  0.9527
725.5000	  0.9542
725.0000	  0.9544
724.5000	  0.9559
724.0000	  0.9565
723.5000	  0.9581
723.0000	  0.9606
722.5000	  0.9612
722.0000	  0.9657
721.5000	  0.9679
721.0000	  0.9673
720.5000	  0.9698
720.0000	  0.9718
719.5000	  0.9733
719.0000	  0.9779
718.5000	  0.9772
718.0000	  0.9766
717.5000	  0.9773
717.0000	  0.9795
716.5000	  0.9754
716.0000	  0.9750
715.5000	  0.9731
715.0000	  0.9703
714.5000	  0.9676
714.0000	  0.9623
713.5000	  0.9586
713.0000	  0.9547
712.5000	  0.9518
712.0000	  0.9495
711.5000	  0.9455
711.0000	  0.9429
710.5000	  0.9388
710.0000	  0.9373
709.5000	  0.9346
709.0000	  0.9319
708.5000	  0.9299
708.0000	  0.9279
707.5000	  0.9253
707.0000	  0.9250
706.5000	  0.9257
706.0000	  0.9237
705.5000	  0.9231
705.0000	  0.9222
704.5000	  0.9204
704.0000	  0.9212
703.5000	  0.9211
703.0000	  0.9199
702.5000	  0.9212
702.0000	  0.9197
701.5000	  0.9187
701.0000	  0.9185
700.5000	  0.9165
700.0000	  0.9163
699.5000	  0.9152
699.0000	  0.9149
698.5000	  0.9150
698.0000	  0.9143
697.5000	  0.9137
697.0000	  0.9134
696.5000	  0.9122
696.0000	  0.9113
695.5000	  0.9120
695.0000	  0.9111
694.5000	  0.9098
694.0000	  0.9095
693.5000	  0.9073
693.0000	  0.9077
692.5000	  0.9065
692.0000	  0.9054
691.5000	  0.9052
691.0000	  0.9046
690.5000	  0.9041
690.0000	  0.9027
689.5000	  0.9019
689.0000	  0.9013
688.5000	  0.9014
688.0000	  0.9013
687.5000	  0.8998
687.0000	  0.8983
686.5000	  0.8988
686.0000	  0.8972
685.5000	  0.8966
685.0000	  0.8961
684.5000	  0.8944
684.0000	  0.8942
683.5000	  0.8925
683.0000	  0.8933
682.5000	  0.8917
682.0000	  0.8916
681.5000	  0.8901
681.0000	  0.8898
680.5000	  0.8890
680.0000	  0.8885
679.5000	  0.8870
679.0000	  0.8870
678.5000	  0.8869
678.0000	  0.8855
677.5000	  0.8844
677.0000	  0.8830
676.5000	  0.8829
676.0000	  0.8805
675.5000	  0.8802
675.0000	  0.8804
674.5000	  0.8794
674.0000	  0.8794
673.5000	  0.8765
673.0000	  0.8776
672.5000	  0.8772
672.0000	  0.8759
671.5000	  0.8761
671.0000	  0.8738
670.5000	  0.8743
670.0000	  0.8722
669.5000	  0.8710
669.0000	  0.8706
668.5000	  0.8701
668.0000	  0.8682
667.5000	  0.8680
667.0000	  0.8670
666.5000	  0.8657
666.0000	  0.8676
665.5000	  0.8649
665.0000	  0.8645
664.5000	  0.8639
664.0000	  0.8631
663.5000	  0.8625
663.0000	  0.8608
662.5000	  0.8587
662.0000	  0.8595
661.5000	  0.8595
661.0000	  0.8585
660.5000	  0.8578
660.0000	  0.8549
659.5000	  0.8553
659.0000	  0.8543
658.5000	  0.8532
658.0000	  0.8532
657.5000	  0.8524
657.0000	  0.8506
656.5000	  0.8503
656.0000	  0.8496
655.5000	  0.8492
655.0000	  0.8479
654.5000	  0.8455
654.0000	  0.8463
653.5000	  0.8447
653.0000	  0.8442
652.5000	  0.8434
652.0000	  0.8418
651.5000	  0.8405
651.0000	  0.8397
650.5000	  0.8390
650.0000	  0.8382
649.5000	  0.8368
649.0000	  0.8358
648.5000	  0.8353
648.0000	  0.8350
647.5000	  0.8336
647.0000	  0.8329
646.5000	  0.8306
646.0000	  0.8304
645.5000	  0.8293
645.0000	  0.8277
644.5000	  0.8270
644.0000	  0.8261
643.5000	  0.8252
643.0000	  0.8240
642.5000	  0.8225
642.0000	  0.8227
641.5000	  0.8218
641.0000	  0.8195
640.5000	  0.8193
640.0000	  0.8183
639.5000	  0.8165
639.0000	  0.8162
638.5000	  0.8141
638.0000	  0.8131
637.5000	  0.8127
637.0000	  0.8115
636.5000	  0.8098
636.0000	  0.8095
635.5000	  0.8081
635.0000	  0.8073
634.5000	  0.8059
634.0000	  0.8050
633.5000	  0.8048
633.0000	  0.8024
632.5000	  0.8018
632.0000	  0.8015
631.5000	  0.8007
631.0000	  0.8010
630.5000	  0.8001
630.0000	  0.7995
629.5000	  0.7996
629.0000	  0.8004
628.5000	  0.7989
628.0000	  0.8006
627.5000	  0.7996
627.0000	  0.8003
626.5000	  0.8013
626.0000	  0.8016
625.5000	  0.8022
625.0000	  0.8018
624.5000	  0.8025
624.0000	  0.8039
623.5000	  0.8033
623.0000	  0.8038
622.5000	  0.8047
622.0000	  0.8032
621.5000	  0.8045
621.0000	  0.8041
620.5000	  0.8035
620.0000	  0.8036
619.5000	  0.8030
619.0000	  0.8042
618.5000	  0.8026
618.0000	  0.8022
617.5000	  0.8012
617.0000	  0.7999
616.5000	  0.7975
616.0000	  0.7960
615.5000	  0.7966
615.0000	  0.7944
614.5000	  0.7940
614.0000	  0.7915
613.5000	  0.7911
613.0000	  0.7906
612.5000	  0.7896
612.0000	  0.7890
611.5000	  0.7877
611.0000	  0.7853
610.5000	  0.7856
610.0000	  0.7849
609.5000	  0.7830
609.0000	  0.7839
608.5000	  0.7818
608.0000	  0.7814
607.5000	  0.7803
607.0000	  0.7778
606.5000	  0.7780
606.0000	  0.7765
605.5000	  0.7758
605.0000	  0.7747
604.5000	  0.7740
604.0000	  0.7734
603.5000	  0.7737
603.0000	  0.7704
602.5000	  0.7700
602.0000	  0.7688
601.5000	  0.7678
601.0000	  0.7673
600.5000	  0.7658
600.0000	  0.7646
599.5000	  0.7647
599.0000	  0.7638
598.5000	  0.7618
598.0000	  0.7615
597.5000	  0.7595
597.0000	  0.7590
596.5000	  0.7575
596.0000	  0.7559
595.5000	  0.7559
595.0000	  0.7548
594.5000	  0.7526
594.0000	  0.7526
593.5000	  0.7510
593.0000	  0.7503
592.5000	  0.7494
592.0000	  0.7476
591.5000	  0.7474
591.0000	  0.7459
590.5000	  0.7449
590.0000	  0.7437
589.5000	  0.7428
589.0000	  0.7412
588.5000	  0.7403
588.0000	  0.7396
587.5000	  0.7374
587.0000	  0.7381
586.5000	  0.7356
586.0000	  0.7350
585.5000	  0.7339
585.0000	  0.7329
584.5000	  0.7323
584.0000	  0.7309
583.5000	  0.7299
583.0000	  0.7297
582.5000	  0.7277
582.0000	  0.7268
581.5000	  0.7254
581.0000	  0.7242
580.5000	  0.7235
580.0000	  0.7230
579.5000	  0.7219
579.0000	  0.7213
578.5000	  0.7190
578.0000	  0.7193
577.5000	  0.7184
577.0000	  0.7160
576.5000	  0.7171
576.0000	  0.7134
575.5000	  0.7136
575.0000	  0.7122
574.5000	  0.7115
574.0000	  0.7109
573.5000	  0.7100
573.0000	  0.7085
572.5000	  0.7080
572.0000	  0.7068
571.5000	  0.7063
571.0000	  0.7056
570.5000	  0.7030
570.0000	  0.7043
569.5000	  0.7018
569.0000	  0.7010
568.5000	  0.7009
568.0000	  0.6999
567.5000	  0.6998
567.0000	  0.6990
566.5000	  0.6978
566.0000	  0.6974
565.5000	  0.6975
565.0000	  0.6958
564.5000	  0.6949
564.0000	  0.6945
563.5000	  0.6934
563.0000	  0.6935
562.5000	  0.6932
562.0000	  0.6916
561.5000	  0.6924
561.0000	  0.6913
560.5000	  0.6904
560.0000	  0.6925
559.5000	  0.6927
559.0000	  0.6911
558.5000	  0.6916
558.0000	  0.6917
557.5000	  0.6912
557.0000	  0.6914
556.5000	  0.6899
556.0000	  0.6902
555.5000	  0.6902
555.0000	  0.6896
554.5000	  0.6907
554.0000	  0.6897
553.5000	  0.6896
553.0000	  0.6898
552.5000	  0.6900
552.0000	  0.6903
551.5000	  0.6906
551.0000	  0.6902
550.5000	  0.6905
550.0000	  0.6912
549.5000	  0.6911
549.0000	  0.6925
548.5000	  0.6910
548.0000	  0.6920
547.5000	  0.6925
547.0000	  0.6925
546.5000	  0.6936
546.0000	  0.6937
545.5000	  0.6948
545.0000	  0.6958
544.5000	  0.6957
544.0000	  0.6966
543.5000	  0.6969
543.0000	  0.6977
542.5000	  0.6993
542.0000	  0.7000
541.5000	  0.7007
541.0000	  0.7023
540.5000	  0.7019
540.0000	  0.7028
539.5000	  0.7046
539.0000	  0.7060
538.5000	  0.7073
538.0000	  0.7073
537.5000	  0.7083
537.0000	  0.7101
536.5000	  0.7107
536.0000	  0.7124
535.5000	  0.7128
535.0000	  0.7149
534.5000	  0.7161
534.0000	  0.7168
533.5000	  0.7187
533.0000	  0.7201
532.5000	  0.7216
532.0000	  0.7230
531.5000	  0.7248
531.0000	  0.7263
530.5000	  0.7284
530.0000	  0.7286
529.5000	  0.7307
529.0000	  0.7326
528.5000	  0.7341
528.0000	  0.7369
527.5000	  0.7369
527.0000	  0.7395
526.5000	  0.7416
526.0000	  0.7430
525.5000	  0.7450
525.0000	  0.7461
524.5000	  0.7481
524.0000	  0.7497
523.5000	  0.7521
523.0000	  0.7541
522.5000	  0.7553
522.0000	  0.7570
521.5000	  0.7597
521.0000	  0.7606
520.5000	  0.7628
520.0000	  0.7645
519.5000	  0.7663
519.0000	  0.7685
518.5000	  0.7709
518.0000	  0.7721
517.5000	  0.7748
517.0000	  0.7755
516.5000	  0.7782
516.0000	  0.7808
515.5000	  0.7812
515.0000	  0.7845
514.5000	  0.7851
514.0000	  0.7873
513.5000	  0.7893
513.0000	  0.7912
512.5000	  0.7938
512.0000	  0.7942
511.5000	  0.7962
511.0000	  0.7991
510.5000	  0.8009
510.0000	  0.8031
509.5000	  0.8043
509.0000	  0.8064
508.5000	  0.8092
508.0000	  0.8113
507.5000	  0.8139
507.0000	  0.8156
506.5000	  0.8167
506.0000	  0.8202
505.5000	  0.8224
505.0000	  0.8254
504.5000	  0.8282
504.0000	  0.8289
503.5000	  0.8321
503.0000	  0.8344
502.5000	  0.8371
502.0000	  0.8400
501.5000	  0.8418
501.0000	  0.8456
500.5000	  0.8478
500.0000	  0.8490
499.5000	  0.8527
499.0000	  0.8536
498.5000	  0.8559
498.0000	  0.8582
497.5000	  0.8602
497.0000	  0.8621
496.5000	  0.8645
496.0000	  0.8649
495.5000	  0.8684
495.0000	  0.8696
494.5000	  0.8703
494.0000	  0.8745
493.5000	  0.8748
493.0000	  0.8761
492.5000	  0.8783
492.0000	  0.8781
491.5000	  0.8826
491.0000	  0.8819
490.5000	  0.8841
490.0000	  0.8856
489.5000	  0.8856
489.0000	  0.8865
488.5000	  0.8874
488.0000	  0.8883
487.5000	  0.8899
487.0000	  0.8896
486.5000	  0.8915
486.0000	  0.8928
485.5000	  0.8936
485.0000	  0.8950
484.5000	  0.8957
484.0000	  0.8963
483.5000	  0.8990
483.0000	  0.8972
482.5000	  0.9003
482.0000	  0.9007
481.5000	  0.8999
481.0000	  0.9033
480.5000	  0.9027
480.0000	  0.9040
479.5000	  0.9051
479.0000	  0.9051
478.5000	  0.9075
478.0000	  0.9073
477.5000	  0.9084
477.0000	  0.9099
476.5000	  0.9105
476.0000	  0.9122
475.5000	  0.9129
475.0000	  0.9129
474.5000	  0.9145
474.0000	  0.9162
473.5000	  0.9174
473.0000	  0.9178
472.5000	  0.9185
472.0000	  0.9201
471.5000	  0.9201
471.0000	  0.9220
470.5000	  0.9228
470.0000	  0.9246
469.5000	  0.9253
469.0000	  0.9261
468.5000	  0.9292
468.0000	  0.9291
467.5000	  0.9289
467.0000	  0.9316
466.5000	  0.9321
466.0000	  0.9346
465.5000	  0.9370
465.0000	  0.9370
464.5000	  0.9372
464.0000	  0.9390
463.5000	  0.9400
463.0000	  0.9407
462.5000	  0.9431
462.0000	  0.9444
461.5000	  0.9463
461.0000	  0.9474
460.5000	  0.9465
460.0000	  0.9517
459.5000	  0.9521
459.0000	  0.9513
458.5000	  0.9538
458.0000	  0.9540
457.5000	  0.9556
457.0000	  0.9565
456.5000	  0.9568
456.0000	  0.9571
455.5000	  0.9576
455.0000	  0.9575
454.5000	  0.9571
454.0000	  0.9577
453.5000	  0.9556
453.0000	  0.9575
452.5000	  0.9568
452.0000	  0.9554
451.5000	  0.9539
451.0000	  0.9518
450.5000	  0.9529
450.0000	  0.9494
449.5000	  0.9486
449.0000	  0.9491
448.5000	  0.9471
448.0000	  0.9449
447.5000	  0.9445
447.0000	  0.9430
446.5000	  0.9437
446.0000	  0.9417
445.5000	  0.9385
445.0000	  0.9392
444.5000	  0.9394
444.0000	  0.9374
443.5000	  0.9381
443.0000	  0.9365
442.5000	  0.9361
442.0000	  0.9346
441.5000	  0.9337
441.0000	  0.9349
440.5000	  0.9334
440.0000	  0.9328
439.5000	  0.9319
439.0000	  0.9315
438.5000	  0.9327
438.0000	  0.9305
437.5000	  0.9304
437.0000	  0.9313
436.5000	  0.9303
436.0000	  0.9297
435.5000	  0.9306
435.0000	  0.9293
434.5000	  0.9288
434.0000	  0.9297
433.5000	  0.9288
433.0000	  0.9312
432.5000	  0.9287
432.0000	  0.9284
431.5000	  0.9303
431.0000	  0.9288
430.5000	  0.9299
430.0000	  0.9296
429.5000	  0.9291
429.0000	  0.9307
428.5000	  0.9293
428.0000	  0.9304
427.5000	  0.9307
427.0000	  0.9286
426.5000	  0.9321
426.0000	  0.9321
425.5000	  0.9294
425.0000	  0.9313
424.5000	  0.9308
424.0000	  0.9306
423.5000	  0.9297
423.0000	  0.9301
422.5000	  0.9322
422.0000	  0.9327
421.5000	  0.9321
421.0000	  0.9339
420.5000	  0.9322
420.0000	  0.9342
419.5000	  0.9344
419.0000	  0.9328
418.5000	  0.9357
418.0000	  0.9349
417.5000	  0.9346
417.0000	  0.9357
416.5000	  0.9356
416.0000	  0.9352
415.5000	  0.9362
415.0000	  0.9342
414.5000	  0.9359
414.0000	  0.9356
413.5000	  0.9366
413.0000	  0.9355
412.5000	  0.9354
412.0000	  0.9379
411.5000	  0.9379
411.0000	  0.9383
410.5000	  0.9375
410.0000	  0.9377
409.5000	  0.9371
409.0000	  0.9382
408.5000	  0.9379
408.0000	  0.9389
407.5000	  0.9386
407.0000	  0.9375
406.5000	  0.9403
406.0000	  0.9386
405.5000	  0.9395
405.0000	  0.9387
404.5000	  0.9392
404.0000	  0.9417
403.5000	  0.9389
403.0000	  0.9402
402.5000	  0.9400
402.0000	  0.9393
401.5000	  0.9406
401.0000	  0.9405
400.5000	  0.9423
400.0000	  0.9401
399.5000	  0.9396
399.0000	  0.9422
398.5000	  0.9391
398.0000	  0.9417
397.5000	  0.9406
397.0000	  0.9416
396.5000	  0.9433
396.0000	  0.9425
395.5000	  0.9420
395.0000	  0.9428
394.5000	  0.9402
394.0000	  0.9437
393.5000	  0.9449
393.0000	  0.9444
392.5000	  0.9423
392.0000	  0.9448
391.5000	  0.9470
391.0000	  0.9449
390.5000	  0.9439
390.0000	  0.9465
389.5000	  0.9470
389.0000	  0.9487
388.5000	  0.9510
388.0000	  0.9480
387.5000	  0.9491
387.0000	  0.9504
386.5000	  0.9501
386.0000	  0.9513
385.5000	  0.9526
385.0000	  0.9536
384.5000	  0.9541
384.0000	  0.9545
383.5000	  0.9566
383.0000	  0.9546
382.5000	  0.9563
382.0000	  0.9575
381.5000	  0.9577
381.0000	  0.9574
380.5000	  0.9602
380.0000	  0.9597
379.5000	  0.9612
379.0000	  0.9612
378.5000	  0.9600
378.0000	  0.9589
377.5000	  0.9601
377.0000	  0.9615
376.5000	  0.9633
376.0000	  0.9649
375.5000	  0.9635
375.0000	  0.9648
374.5000	  0.9631
374.0000	  0.9639
373.5000	  0.9656
373.0000	  0.9651
372.5000	  0.9632
372.0000	  0.9678
371.5000	  0.9630
371.0000	  0.9635
370.5000	  0.9686
370.0000	  0.9659
369.5000	  0.9692
369.0000	  0.9700
368.5000	  0.9683
368.0000	  0.9671
367.5000	  0.9695
367.0000	  0.9706
366.5000	  0.9697
366.0000	  0.9694
365.5000	  0.9730
365.0000	  0.9717
364.5000	  0.9699
364.0000	  0.9703
363.5000	  0.9711
363.0000	  0.9733
362.5000	  0.9743
362.0000	  0.9756
361.5000	  0.9701
361.0000	  0.9772
360.5000	  0.9774
360.0000	  0.9773
359.5000	  0.9762
359.0000	  0.9789
358.5000	  0.9778
358.0000	  0.9790
357.5000	  0.9800
357.0000	  0.9804
356.5000	  0.9805
356.0000	  0.9817
355.5000	  0.9819
355.0000	  0.9796
354.5000	  0.9866
354.0000	  0.9864
353.5000	  0.9844
353.0000	  0.9846
352.5000	  0.9901
352.0000	  0.9896
351.5000	  0.9890
351.0000	  0.9871
350.5000	  0.9926
350.0000	  0.9904
349.5000	  0.9877
349.0000	  0.9937
348.5000	  0.9904
348.0000	  0.9922
347.5000	  0.9926
347.0000	  0.9915
346.5000	  0.9917
346.0000	  0.9951
345.5000	  0.9953
345.0000	  0.9957
344.5000	  0.9929
344.0000	  1.0006
343.5000	  0.9985
343.0000	  1.0015
342.5000	  1.0022
342.0000	  1.0019
341.5000	  1.0008
341.0000	  1.0014
340.5000	  1.0039
340.0000	  1.0139
339.5000	  1.0041
339.0000	  1.0184
338.5000	  1.0146
338.0000	  1.0156
337.5000	  1.0178
337.0000	  1.0204
336.5000	  1.0250
336.0000	  1.0232
335.5000	  1.0217
335.0000	  1.0215
334.5000	  1.0234
334.0000	  1.0260
333.5000	  1.0216
333.0000	  1.0280
332.5000	  1.0218
332.0000	  1.0315
331.5000	  1.0295
331.0000	  1.0316
330.5000	  1.0331
330.0000	  1.0336
329.5000	  1.0376
329.0000	  1.0273
328.5000	  1.0392
328.0000	  1.0390
327.5000	  1.0318
327.0000	  1.0429
326.5000	  1.0411
326.0000	  1.0401
325.5000	  1.0436
325.0000	  1.0430
324.5000	  1.0432
324.0000	  1.0421
323.5000	  1.0516
323.0000	  1.0470
322.5000	  1.0551
322.0000	  1.0587
321.5000	  1.0608
321.0000	  1.0631
320.5000	  1.0670
320.0000	  1.0604
319.5000	  1.0630
319.0000	  1.0646
318.5000	  1.0666
318.0000	  1.0690
317.5000	  1.0771
317.0000	  1.0682
316.5000	  1.0792
316.0000	  1.0831
315.5000	  1.1033
315.0000	  1.0941
314.5000	  1.0928
314.0000	  1.1083
313.5000	  1.1110
313.0000	  1.1134
312.5000	  1.1127
312.0000	  1.1091
311.5000	  1.1237
311.0000	  1.1249
310.5000	  1.1361
310.0000	  1.1576
309.5000	  1.1260
309.0000	  1.1420
308.5000	  1.1452
308.0000	  1.1785
307.5000	  1.1688
307.0000	  1.1803
306.5000	  1.1653
306.0000	  1.1956
305.5000	  1.1965
305.0000	  1.2225
304.5000	  1.2195
304.0000	  1.2408
303.5000	  1.2492
303.0000	  1.2416
302.5000	  1.2605
302.0000	  1.3167
301.5000	  1.3231
301.0000	  1.3300
300.5000	  1.3484
300.0000	  1.2568
299.5000	  1.2263
299.0000	  1.5241
298.5000	  1.3431
298.0000	  1.3449
297.5000	  1.3524
297.0000	  1.3788
296.5000	  1.1742
296.0000	  1.6354
295.5000	  1.3835
295.0000	  1.3524
294.5000	  1.4593
294.0000	  1.3204
293.5000	  2.3625
293.0000	  1.0159
292.5000	  1.1790
292.0000	 -0.1271
291.5000	  1.0852
291.0000	  0.3893
290.5000	  0.6665
290.0000	  3.5145
289.5000	  0.4161
289.0000	  2.6441
288.5000	  0.1492
288.0000	  0.5435
287.5000	 -0.3236
287.0000	  3.5502
286.5000	  0.2061
286.0000	  1.6028
285.5000	  1.9350
285.0000	  1.4857
284.5000	 -1.0271
284.0000	  0.9131
283.5000	  0.9227
283.0000	  1.5774
282.5000	  1.2432
282.0000	 17.7251
281.5000	  1.0119
281.0000	  0.4681
280.5000	  0.8643
280.0000	 -0.4121
279.5000	  3.1847
279.0000	 13.2306
278.5000	 -5.8861
278.0000	  0.4336
277.5000	 -1.4620
277.0000	 -2.3075
276.5000	  0.1969
276.0000	  0.4906
275.5000	  3.5933
275.0000	  3.5762
274.5000	  3.1904
274.0000	  5.6057
273.5000	 22.5118
273.0000	  1.9897
272.5000	  1.5816
272.0000	 -0.7478
271.5000	  0.9944
271.0000	 -3.1961
270.5000	  1.0474
270.0000	  1.8850
269.5000	  2.4200
269.0000	  0.4110
268.5000	  3.4975
268.0000	  3.4921
267.5000	 -0.3375
267.0000	  1.1597
266.5000	  0.8492
266.0000	  0.7735
265.5000	  1.3333
265.0000	  0.5428
264.5000	 -0.9287
264.0000	  0.9092
263.5000	  0.2021
263.0000	  2.1186
262.5000	  0.6752
262.0000	  1.7356
261.5000	-94.3918
261.0000	  2.8178
260.5000	  0.1029
260.0000	 -2.2532
259.5000	  2.1575
259.0000	 -0.0713
258.5000	  1.5183
258.0000	  1.6201
257.5000	  1.1225
257.0000	  2.0016
256.5000	  0.9401
256.0000	  1.0768
255.5000	 -0.9520
255.0000	  1.3549
254.5000	  0.6387
254.0000	  0.3183
253.5000	  0.8353
253.0000	-24.2469
252.5000	  6.3291
252.0000	  2.4925
251.5000	  0.3837
251.0000	  2.0835
250.5000	 -0.4110
250.0000	  0.3006
249.5000	  0.6704
249.0000	  0.8307
248.5000	  3.8196
248.0000	  6.7676
247.5000	  0.5015
247.0000	  1.0377
246.5000	 -0.5834
246.0000	 -3.3967
245.5000	  1.7336
245.0000	  0.9363
244.5000	 -2.1268
244.0000	  0.0469
243.5000	  0.7095
243.0000	  2.0720
242.5000	  2.9691
242.0000	  1.7338
241.5000	 -3.1238
241.0000	  0.9295
240.5000	  0.9705
240.0000	  0.6925
239.5000	  4.5089
239.0000	  2.0772
238.5000	  1.6433
238.0000	  2.0326
237.5000	  1.0372
237.0000	  2.7519
236.5000	  2.6521
236.0000	  0.7410
235.5000	  1.1510
235.0000	  0.9933
234.5000	  0.4825
234.0000	  0.6336
233.5000	  0.5347
233.0000	  1.0213
232.5000	  1.2199
232.0000	  0.7205
231.5000	  2.5778
231.0000	  0.2734
230.5000	  0.7636
230.0000	  1.1970
229.5000	  0.8777
229.0000	  1.2124
228.5000	  0.2168
228.0000	 -1.8982
227.5000	  1.0080
227.0000	  0.3539
226.5000	  1.1498
226.0000	 -0.7901
225.5000	  1.3832
225.0000	  1.0599
224.5000	  0.8601
224.0000	  0.5494
223.5000	  2.0705
223.0000	  0.6011
222.5000	  0.4239
222.0000	  0.8735
221.5000	  0.6828
221.0000	  0.1138
220.5000	  0.6319
220.0000	  2.1148
219.5000	 -1.3070
219.0000	 42.1798
218.5000	 -2.6904
218.0000	  1.6488
217.5000	  1.2660
217.0000	-14.5827
216.5000	  0.4271
216.0000	-51.7683
215.5000	 -2.7313
215.0000	  3.0230
214.5000	  1.0261
214.0000	 -2.5325
213.5000	  0.6882
213.0000	 -0.3164
212.5000	  1.3799
212.0000	 -0.7868
211.5000	  0.7150
211.0000	  3.5956
210.5000	 -5.8705
210.0000	 -0.1757
209.5000	  1.1607
209.0000	  1.1610
208.5000	  0.8242
208.0000	 -2.4999
207.5000	  1.1747
207.0000	  2.6594
206.5000	 -4.0426
206.0000	  1.4642
205.5000	  0.5532
205.0000	  0.8112
204.5000	-65.7584
204.0000	  1.8074
203.5000	  7.0761
203.0000	 -1.3776
202.5000	 -4.5263
202.0000	  0.5529
201.5000	  1.9159
201.0000	 -0.2040
200.5000	  1.1717
200.0000	  0.9984

