26/03/2024 16.26.33
26/03/2024 16.35.37

900.0000	101.5700

900.0000	101.5700

900.0000	101.6400



  1.0000
900.0000
  3.0000
340.0000
  1.0000
1401.0000
  5.0000
  6.0000
  1.0000
  1.0000
  0.0000
  0.0000
100.0000
  0.0000
  1.0000
  0.0000
500.0000
900.0000
200.0000
  4.0000
  1.0000
 18.0000
  2.0000
  1.0000
255.0000
  0.7238
  1.0000
 30.0000
  4.0000
500.0000
  0.0000
  0.0000
  4.0000
900.0000
200.0000
  0.0000
100.0000
  0.0000
  1.0000
  0.0000
500.0000
  1.0000
  1.0000
  1.0000
  1.0000
  4.0000
  0.0000
  1.0000
  1.0000
  1.0000
  1.0000
  1.0000
  2.0000
  1.0000
  1.0000
  1.0000
  3.0000
  1.0000
  1.0000
  1.0000
  4.0000
  5.0000
544.011
0.000

#

900.0000	  1.0039
899.5000	  0.9927
899.0000	  1.0253
898.5000	  1.0408
898.0000	  1.0343
897.5000	  0.9862
897.0000	  1.0000
896.5000	  1.0320
896.0000	  1.0222
895.5000	  1.0231
895.0000	  1.0411
894.5000	  1.0189
894.0000	  0.9912
893.5000	  1.0466
893.0000	  1.0363
892.5000	  1.0283
892.0000	  1.0300
891.5000	  1.0212
891.0000	  1.0152
890.5000	  1.0289
890.0000	  1.0328
889.5000	  1.0099
889.0000	  1.0413
888.5000	  1.0216
888.0000	  0.9968
887.5000	  1.0189
887.0000	  1.0148
886.5000	  0.9889
886.0000	  1.0282
885.5000	  1.0116
885.0000	  0.9909
884.5000	  1.0334
884.0000	  1.0326
883.5000	  1.0326
883.0000	  1.0265
882.5000	  1.0142
882.0000	  1.0275
881.5000	  1.0218
881.0000	  1.0119
880.5000	  1.0151
880.0000	  1.0218
879.5000	  1.0076
879.0000	  1.0234
878.5000	  1.0171
878.0000	  1.0308
877.5000	  1.0091
877.0000	  1.0131
876.5000	  1.0120
876.0000	  1.0219
875.5000	  1.0341
875.0000	  1.0186
874.5000	  1.0175
874.0000	  1.0261
873.5000	  1.0106
873.0000	  1.0198
872.5000	  1.0344
872.0000	  1.0275
871.5000	  1.0144
871.0000	  1.0255
870.5000	  1.0153
870.0000	  1.0186
869.5000	  1.0169
869.0000	  1.0223
868.5000	  1.0272
868.0000	  1.0185
867.5000	  1.0130
867.0000	  1.0189
866.5000	  1.0193
866.0000	  1.0289
865.5000	  1.0227
865.0000	  1.0242
864.5000	  1.0297
864.0000	  1.0222
863.5000	  1.0258
863.0000	  1.0304
862.5000	  1.0251
862.0000	  1.0231
861.5000	  1.0333
861.0000	  1.0248
860.5000	  1.0290
860.0000	  1.0285
859.5000	  1.0300
859.0000	  1.0333
858.5000	  1.0353
858.0000	  1.0286
857.5000	  1.0332
857.0000	  1.0339
856.5000	  1.0332
856.0000	  1.0323
855.5000	  1.0349
855.0000	  1.0297
854.5000	  1.0320
854.0000	  1.0343
853.5000	  1.0320
853.0000	  1.0347
852.5000	  1.0326
852.0000	  1.0358
851.5000	  1.0388
851.0000	  1.0402
850.5000	  1.0365
850.0000	  1.0430
849.5000	  1.0405
849.0000	  1.0429
848.5000	  1.0414
848.0000	  1.0358
847.5000	  1.0423
847.0000	  1.0403
846.5000	  1.0437
846.0000	  1.0386
845.5000	  1.0405
845.0000	  1.0396
844.5000	  1.0422
844.0000	  1.0401
843.5000	  1.0430
843.0000	  1.0406
842.5000	  1.0410
842.0000	  1.0374
841.5000	  1.0431
841.0000	  1.0413
840.5000	  1.0391
840.0000	  1.0395
839.5000	  1.0395
839.0000	  1.0435
838.5000	  1.0417
838.0000	  1.0418
837.5000	  1.0410
837.0000	  1.0408
836.5000	  1.0370
836.0000	  1.0389
835.5000	  1.0385
835.0000	  1.0401
834.5000	  1.0396
834.0000	  1.0386
833.5000	  1.0392
833.0000	  1.0368
832.5000	  1.0374
832.0000	  1.0381
831.5000	  1.0379
831.0000	  1.0361
830.5000	  1.0380
830.0000	  1.0378
829.5000	  1.0375
829.0000	  1.0387
828.5000	  1.0373
828.0000	  1.0363
827.5000	  1.0364
827.0000	  1.0370
826.5000	  1.0361
826.0000	  1.0356
825.5000	  1.0362
825.0000	  1.0359
824.5000	  1.0365
824.0000	  1.0366
823.5000	  1.0343
823.0000	  1.0363
822.5000	  1.0370
822.0000	  1.0360
821.5000	  1.0365
821.0000	  1.0348
820.5000	  1.0359
820.0000	  1.0346
819.5000	  1.0336
819.0000	  1.0349
818.5000	  1.0335
818.0000	  1.0363
817.5000	  1.0348
817.0000	  1.0328
816.5000	  1.0353
816.0000	  1.0345
815.5000	  1.0360
815.0000	  1.0350
814.5000	  1.0327
814.0000	  1.0351
813.5000	  1.0353
813.0000	  1.0334
812.5000	  1.0334
812.0000	  1.0331
811.5000	  1.0354
811.0000	  1.0346
810.5000	  1.0363
810.0000	  1.0365
809.5000	  1.0358
809.0000	  1.0345
808.5000	  1.0380
808.0000	  1.0347
807.5000	  1.0342
807.0000	  1.0352
806.5000	  1.0365
806.0000	  1.0365
805.5000	  1.0355
805.0000	  1.0326
804.5000	  1.0354
804.0000	  1.0359
803.5000	  1.0375
803.0000	  1.0380
802.5000	  1.0371
802.0000	  1.0367
801.5000	  1.0360
801.0000	  1.0357
800.5000	  1.0381
800.0000	  1.0362
799.5000	  1.0377
799.0000	  1.0381
798.5000	  1.0381
798.0000	  1.0360
797.5000	  1.0378
797.0000	  1.0364
796.5000	  1.0368
796.0000	  1.0381
795.5000	  1.0370
795.0000	  1.0382
794.5000	  1.0378
794.0000	  1.0380
793.5000	  1.0381
793.0000	  1.0388
792.5000	  1.0391
792.0000	  1.0369
791.5000	  1.0379
791.0000	  1.0383
790.5000	  1.0396
790.0000	  1.0387
789.5000	  1.0381
789.0000	  1.0403
788.5000	  1.0389
788.0000	  1.0400
787.5000	  1.0396
787.0000	  1.0405
786.5000	  1.0406
786.0000	  1.0394
785.5000	  1.0395
785.0000	  1.0400
784.5000	  1.0417
784.0000	  1.0399
783.5000	  1.0409
783.0000	  1.0389
782.5000	  1.0410
782.0000	  1.0406
781.5000	  1.0411
781.0000	  1.0406
780.5000	  1.0429
780.0000	  1.0423
779.5000	  1.0431
779.0000	  1.0424
778.5000	  1.0429
778.0000	  1.0425
777.5000	  1.0425
777.0000	  1.0436
776.5000	  1.0396
776.0000	  1.0420
775.5000	  1.0425
775.0000	  1.0433
774.5000	  1.0439
774.0000	  1.0442
773.5000	  1.0431
773.0000	  1.0434
772.5000	  1.0429
772.0000	  1.0420
771.5000	  1.0425
771.0000	  1.0416
770.5000	  1.0430
770.0000	  1.0436
769.5000	  1.0428
769.0000	  1.0428
768.5000	  1.0429
768.0000	  1.0455
767.5000	  1.0446
767.0000	  1.0454
766.5000	  1.0456
766.0000	  1.0438
765.5000	  1.0455
765.0000	  1.0443
764.5000	  1.0431
764.0000	  1.0462
763.5000	  1.0444
763.0000	  1.0441
762.5000	  1.0456
762.0000	  1.0457
761.5000	  1.0447
761.0000	  1.0450
760.5000	  1.0457
760.0000	  1.0476
759.5000	  1.0452
759.0000	  1.0452
758.5000	  1.0472
758.0000	  1.0468
757.5000	  1.0475
757.0000	  1.0464
756.5000	  1.0456
756.0000	  1.0480
755.5000	  1.0471
755.0000	  1.0473
754.5000	  1.0478
754.0000	  1.0475
753.5000	  1.0466
753.0000	  1.0492
752.5000	  1.0447
752.0000	  1.0473
751.5000	  1.0474
751.0000	  1.0487
750.5000	  1.0481
750.0000	  1.0466
749.5000	  1.0485
749.0000	  1.0483
748.5000	  1.0495
748.0000	  1.0499
747.5000	  1.0481
747.0000	  1.0489
746.5000	  1.0499
746.0000	  1.0500
745.5000	  1.0510
745.0000	  1.0503
744.5000	  1.0497
744.0000	  1.0512
743.5000	  1.0508
743.0000	  1.0523
742.5000	  1.0520
742.0000	  1.0520
741.5000	  1.0512
741.0000	  1.0527
740.5000	  1.0520
740.0000	  1.0513
739.5000	  1.0534
739.0000	  1.0529
738.5000	  1.0545
738.0000	  1.0527
737.5000	  1.0527
737.0000	  1.0532
736.5000	  1.0534
736.0000	  1.0556
735.5000	  1.0543
735.0000	  1.0551
734.5000	  1.0556
734.0000	  1.0562
733.5000	  1.0575
733.0000	  1.0568
732.5000	  1.0585
732.0000	  1.0589
731.5000	  1.0596
731.0000	  1.0624
730.5000	  1.0618
730.0000	  1.0633
729.5000	  1.0630
729.0000	  1.0644
728.5000	  1.0661
728.0000	  1.0671
727.5000	  1.0674
727.0000	  1.0709
726.5000	  1.0722
726.0000	  1.0731
725.5000	  1.0768
725.0000	  1.0791
724.5000	  1.0799
724.0000	  1.0831
723.5000	  1.0834
723.0000	  1.0883
722.5000	  1.0885
722.0000	  1.0931
721.5000	  1.0957
721.0000	  1.0977
720.5000	  1.1038
720.0000	  1.1047
719.5000	  1.1087
719.0000	  1.1117
718.5000	  1.1119
718.0000	  1.1160
717.5000	  1.1142
717.0000	  1.1138
716.5000	  1.1128
716.0000	  1.1080
715.5000	  1.1082
715.0000	  1.1064
714.5000	  1.1030
714.0000	  1.0967
713.5000	  1.0928
713.0000	  1.0899
712.5000	  1.0854
712.0000	  1.0826
711.5000	  1.0789
711.0000	  1.0758
710.5000	  1.0725
710.0000	  1.0730
709.5000	  1.0676
709.0000	  1.0652
708.5000	  1.0636
708.0000	  1.0619
707.5000	  1.0601
707.0000	  1.0619
706.5000	  1.0593
706.0000	  1.0604
705.5000	  1.0595
705.0000	  1.0621
704.5000	  1.0605
704.0000	  1.0595
703.5000	  1.0600
703.0000	  1.0605
702.5000	  1.0607
702.0000	  1.0609
701.5000	  1.0599
701.0000	  1.0593
700.5000	  1.0607
700.0000	  1.0595
699.5000	  1.0608
699.0000	  1.0593
698.5000	  1.0589
698.0000	  1.0594
697.5000	  1.0602
697.0000	  1.0594
696.5000	  1.0605
696.0000	  1.0590
695.5000	  1.0600
695.0000	  1.0605
694.5000	  1.0591
694.0000	  1.0594
693.5000	  1.0596
693.0000	  1.0594
692.5000	  1.0610
692.0000	  1.0585
691.5000	  1.0594
691.0000	  1.0586
690.5000	  1.0599
690.0000	  1.0592
689.5000	  1.0574
689.0000	  1.0584
688.5000	  1.0588
688.0000	  1.0573
687.5000	  1.0588
687.0000	  1.0589
686.5000	  1.0587
686.0000	  1.0591
685.5000	  1.0596
685.0000	  1.0580
684.5000	  1.0586
684.0000	  1.0574
683.5000	  1.0577
683.0000	  1.0595
682.5000	  1.0580
682.0000	  1.0588
681.5000	  1.0583
681.0000	  1.0594
680.5000	  1.0597
680.0000	  1.0588
679.5000	  1.0586
679.0000	  1.0592
678.5000	  1.0597
678.0000	  1.0602
677.5000	  1.0584
677.0000	  1.0577
676.5000	  1.0579
676.0000	  1.0588
675.5000	  1.0586
675.0000	  1.0576
674.5000	  1.0581
674.0000	  1.0578
673.5000	  1.0583
673.0000	  1.0580
672.5000	  1.0572
672.0000	  1.0587
671.5000	  1.0581
671.0000	  1.0591
670.5000	  1.0575
670.0000	  1.0581
669.5000	  1.0573
669.0000	  1.0596
668.5000	  1.0588
668.0000	  1.0569
667.5000	  1.0586
667.0000	  1.0573
666.5000	  1.0570
666.0000	  1.0580
665.5000	  1.0572
665.0000	  1.0580
664.5000	  1.0584
664.0000	  1.0576
663.5000	  1.0583
663.0000	  1.0564
662.5000	  1.0573
662.0000	  1.0564
661.5000	  1.0582
661.0000	  1.0588
660.5000	  1.0561
660.0000	  1.0568
659.5000	  1.0570
659.0000	  1.0571
658.5000	  1.0580
658.0000	  1.0554
657.5000	  1.0565
657.0000	  1.0572
656.5000	  1.0579
656.0000	  1.0576
655.5000	  1.0560
655.0000	  1.0561
654.5000	  1.0571
654.0000	  1.0556
653.5000	  1.0571
653.0000	  1.0544
652.5000	  1.0559
652.0000	  1.0566
651.5000	  1.0548
651.0000	  1.0562
650.5000	  1.0537
650.0000	  1.0552
649.5000	  1.0550
649.0000	  1.0564
648.5000	  1.0550
648.0000	  1.0534
647.5000	  1.0541
647.0000	  1.0536
646.5000	  1.0531
646.0000	  1.0531
645.5000	  1.0532
645.0000	  1.0529
644.5000	  1.0530
644.0000	  1.0517
643.5000	  1.0513
643.0000	  1.0507
642.5000	  1.0509
642.0000	  1.0516
641.5000	  1.0517
641.0000	  1.0513
640.5000	  1.0496
640.0000	  1.0496
639.5000	  1.0489
639.0000	  1.0492
638.5000	  1.0490
638.0000	  1.0473
637.5000	  1.0465
637.0000	  1.0464
636.5000	  1.0462
636.0000	  1.0461
635.5000	  1.0449
635.0000	  1.0447
634.5000	  1.0433
634.0000	  1.0437
633.5000	  1.0451
633.0000	  1.0416
632.5000	  1.0436
632.0000	  1.0433
631.5000	  1.0435
631.0000	  1.0433
630.5000	  1.0428
630.0000	  1.0453
629.5000	  1.0464
629.0000	  1.0471
628.5000	  1.0511
628.0000	  1.0499
627.5000	  1.0540
627.0000	  1.0542
626.5000	  1.0577
626.0000	  1.0602
625.5000	  1.0604
625.0000	  1.0636
624.5000	  1.0668
624.0000	  1.0676
623.5000	  1.0710
623.0000	  1.0712
622.5000	  1.0718
622.0000	  1.0735
621.5000	  1.0771
621.0000	  1.0772
620.5000	  1.0776
620.0000	  1.0805
619.5000	  1.0809
619.0000	  1.0824
618.5000	  1.0829
618.0000	  1.0806
617.5000	  1.0826
617.0000	  1.0805
616.5000	  1.0812
616.0000	  1.0799
615.5000	  1.0790
615.0000	  1.0796
614.5000	  1.0800
614.0000	  1.0792
613.5000	  1.0806
613.0000	  1.0781
612.5000	  1.0796
612.0000	  1.0772
611.5000	  1.0787
611.0000	  1.0798
610.5000	  1.0780
610.0000	  1.0793
609.5000	  1.0795
609.0000	  1.0793
608.5000	  1.0805
608.0000	  1.0803
607.5000	  1.0804
607.0000	  1.0793
606.5000	  1.0811
606.0000	  1.0818
605.5000	  1.0788
605.0000	  1.0811
604.5000	  1.0810
604.0000	  1.0818
603.5000	  1.0819
603.0000	  1.0793
602.5000	  1.0821
602.0000	  1.0811
601.5000	  1.0817
601.0000	  1.0823
600.5000	  1.0809
600.0000	  1.0837
599.5000	  1.0820
599.0000	  1.0836
598.5000	  1.0837
598.0000	  1.0825
597.5000	  1.0822
597.0000	  1.0834
596.5000	  1.0833
596.0000	  1.0837
595.5000	  1.0831
595.0000	  1.0837
594.5000	  1.0831
594.0000	  1.0851
593.5000	  1.0839
593.0000	  1.0846
592.5000	  1.0834
592.0000	  1.0846
591.5000	  1.0840
591.0000	  1.0853
590.5000	  1.0857
590.0000	  1.0852
589.5000	  1.0863
589.0000	  1.0861
588.5000	  1.0864
588.0000	  1.0853
587.5000	  1.0852
587.0000	  1.0866
586.5000	  1.0878
586.0000	  1.0862
585.5000	  1.0883
585.0000	  1.0881
584.5000	  1.0865
584.0000	  1.0881
583.5000	  1.0890
583.0000	  1.0886
582.5000	  1.0882
582.0000	  1.0881
581.5000	  1.0887
581.0000	  1.0890
580.5000	  1.0887
580.0000	  1.0892
579.5000	  1.0900
579.0000	  1.0897
578.5000	  1.0884
578.0000	  1.0901
577.5000	  1.0889
577.0000	  1.0908
576.5000	  1.0898
576.0000	  1.0912
575.5000	  1.0908
575.0000	  1.0895
574.5000	  1.0907
574.0000	  1.0906
573.5000	  1.0915
573.0000	  1.0929
572.5000	  1.0907
572.0000	  1.0918
571.5000	  1.0910
571.0000	  1.0917
570.5000	  1.0920
570.0000	  1.0924
569.5000	  1.0923
569.0000	  1.0926
568.5000	  1.0942
568.0000	  1.0935
567.5000	  1.0921
567.0000	  1.0931
566.5000	  1.0930
566.0000	  1.0940
565.5000	  1.0935
565.0000	  1.0932
564.5000	  1.0937
564.0000	  1.0942
563.5000	  1.0949
563.0000	  1.0942
562.5000	  1.0950
562.0000	  1.0958
561.5000	  1.0948
561.0000	  1.0965
560.5000	  1.0959
560.0000	  1.0960
559.5000	  1.0960
559.0000	  1.0967
558.5000	  1.0963
558.0000	  1.0962
557.5000	  1.0968
557.0000	  1.0967
556.5000	  1.0958
556.0000	  1.0969
555.5000	  1.0979
555.0000	  1.0980
554.5000	  1.0963
554.0000	  1.0988
553.5000	  1.0979
553.0000	  1.0987
552.5000	  1.0988
552.0000	  1.0970
551.5000	  1.0988
551.0000	  1.0981
550.5000	  1.1002
550.0000	  1.1004
549.5000	  1.0987
549.0000	  1.0996
548.5000	  1.0993
548.0000	  1.1004
547.5000	  1.1005
547.0000	  1.0999
546.5000	  1.1008
546.0000	  1.1006
545.5000	  1.1013
545.0000	  1.1003
544.5000	  1.1005
544.0000	  1.1012
543.5000	  1.0999
543.0000	  1.1012
542.5000	  1.1016
542.0000	  1.1023
541.5000	  1.1029
541.0000	  1.1022
540.5000	  1.1031
540.0000	  1.1035
539.5000	  1.1028
539.0000	  1.1031
538.5000	  1.1023
538.0000	  1.1029
537.5000	  1.1037
537.0000	  1.1042
536.5000	  1.1038
536.0000	  1.1031
535.5000	  1.1045
535.0000	  1.1034
534.5000	  1.1052
534.0000	  1.1039
533.5000	  1.1053
533.0000	  1.1042
532.5000	  1.1044
532.0000	  1.1049
531.5000	  1.1051
531.0000	  1.1043
530.5000	  1.1054
530.0000	  1.1062
529.5000	  1.1052
529.0000	  1.1050
528.5000	  1.1058
528.0000	  1.1056
527.5000	  1.1055
527.0000	  1.1065
526.5000	  1.1050
526.0000	  1.1069
525.5000	  1.1066
525.0000	  1.1061
524.5000	  1.1061
524.0000	  1.1046
523.5000	  1.1059
523.0000	  1.1049
522.5000	  1.1061
522.0000	  1.1063
521.5000	  1.1060
521.0000	  1.1058
520.5000	  1.1061
520.0000	  1.1061
519.5000	  1.1061
519.0000	  1.1069
518.5000	  1.1062
518.0000	  1.1057
517.5000	  1.1056
517.0000	  1.1063
516.5000	  1.1055
516.0000	  1.1057
515.5000	  1.1053
515.0000	  1.1061
514.5000	  1.1060
514.0000	  1.1044
513.5000	  1.1056
513.0000	  1.1051
512.5000	  1.1059
512.0000	  1.1062
511.5000	  1.1054
511.0000	  1.1052
510.5000	  1.1050
510.0000	  1.1064
509.5000	  1.1074
509.0000	  1.1059
508.5000	  1.1085
508.0000	  1.1079
507.5000	  1.1091
507.0000	  1.1104
506.5000	  1.1104
506.0000	  1.1132
505.5000	  1.1136
505.0000	  1.1146
504.5000	  1.1154
504.0000	  1.1175
503.5000	  1.1187
503.0000	  1.1189
502.5000	  1.1235
502.0000	  1.1229
501.5000	  1.1248
501.0000	  1.1264
500.5000	  1.1271
500.0000	  1.1301
499.5000	  1.1304
499.0000	  1.1318
498.5000	  1.1340
498.0000	  1.1332
497.5000	  1.1370
497.0000	  1.1373
496.5000	  1.1373
496.0000	  1.1396
495.5000	  1.1410
495.0000	  1.1413
494.5000	  1.1420
494.0000	  1.1434
493.5000	  1.1437
493.0000	  1.1431
492.5000	  1.1447
492.0000	  1.1456
491.5000	  1.1464
491.0000	  1.1455
490.5000	  1.1459
490.0000	  1.1482
489.5000	  1.1477
489.0000	  1.1492
488.5000	  1.1479
488.0000	  1.1484
487.5000	  1.1476
487.0000	  1.1501
486.5000	  1.1492
486.0000	  1.1500
485.5000	  1.1488
485.0000	  1.1501
484.5000	  1.1521
484.0000	  1.1529
483.5000	  1.1511
483.0000	  1.1522
482.5000	  1.1543
482.0000	  1.1544
481.5000	  1.1554
481.0000	  1.1549
480.5000	  1.1555
480.0000	  1.1574
479.5000	  1.1571
479.0000	  1.1576
478.5000	  1.1594
478.0000	  1.1591
477.5000	  1.1612
477.0000	  1.1629
476.5000	  1.1628
476.0000	  1.1632
475.5000	  1.1648
475.0000	  1.1655
474.5000	  1.1672
474.0000	  1.1685
473.5000	  1.1681
473.0000	  1.1696
472.5000	  1.1729
472.0000	  1.1724
471.5000	  1.1740
471.0000	  1.1748
470.5000	  1.1774
470.0000	  1.1780
469.5000	  1.1800
469.0000	  1.1822
468.5000	  1.1809
468.0000	  1.1847
467.5000	  1.1868
467.0000	  1.1889
466.5000	  1.1893
466.0000	  1.1908
465.5000	  1.1935
465.0000	  1.1937
464.5000	  1.1975
464.0000	  1.1981
463.5000	  1.1982
463.0000	  1.2034
462.5000	  1.2030
462.0000	  1.2055
461.5000	  1.2070
461.0000	  1.2097
460.5000	  1.2094
460.0000	  1.2106
459.5000	  1.2132
459.0000	  1.2144
458.5000	  1.2134
458.0000	  1.2163
457.5000	  1.2160
457.0000	  1.2158
456.5000	  1.2184
456.0000	  1.2166
455.5000	  1.2159
455.0000	  1.2160
454.5000	  1.2175
454.0000	  1.2174
453.5000	  1.2154
453.0000	  1.2118
452.5000	  1.2128
452.0000	  1.2115
451.5000	  1.2107
451.0000	  1.2066
450.5000	  1.2068
450.0000	  1.2026
449.5000	  1.2020
449.0000	  1.2007
448.5000	  1.1990
448.0000	  1.1982
447.5000	  1.1956
447.0000	  1.1918
446.5000	  1.1932
446.0000	  1.1895
445.5000	  1.1898
445.0000	  1.1850
444.5000	  1.1865
444.0000	  1.1841
443.5000	  1.1836
443.0000	  1.1840
442.5000	  1.1814
442.0000	  1.1830
441.5000	  1.1811
441.0000	  1.1809
440.5000	  1.1807
440.0000	  1.1804
439.5000	  1.1811
439.0000	  1.1810
438.5000	  1.1767
438.0000	  1.1810
437.5000	  1.1777
437.0000	  1.1774
436.5000	  1.1776
436.0000	  1.1784
435.5000	  1.1800
435.0000	  1.1778
434.5000	  1.1802
434.0000	  1.1801
433.5000	  1.1765
433.0000	  1.1800
432.5000	  1.1773
432.0000	  1.1811
431.5000	  1.1803
431.0000	  1.1809
430.5000	  1.1796
430.0000	  1.1792
429.5000	  1.1813
429.0000	  1.1816
428.5000	  1.1814
428.0000	  1.1796
427.5000	  1.1810
427.0000	  1.1832
426.5000	  1.1838
426.0000	  1.1831
425.5000	  1.1837
425.0000	  1.1832
424.5000	  1.1856
424.0000	  1.1863
423.5000	  1.1849
423.0000	  1.1854
422.5000	  1.1868
422.0000	  1.1883
421.5000	  1.1896
421.0000	  1.1883
420.5000	  1.1886
420.0000	  1.1922
419.5000	  1.1891
419.0000	  1.1929
418.5000	  1.1925
418.0000	  1.1919
417.5000	  1.1921
417.0000	  1.1914
416.5000	  1.1945
416.0000	  1.1939
415.5000	  1.1954
415.0000	  1.1956
414.5000	  1.1959
414.0000	  1.1978
413.5000	  1.1972
413.0000	  1.1980
412.5000	  1.1954
412.0000	  1.1973
411.5000	  1.2003
411.0000	  1.1977
410.5000	  1.1996
410.0000	  1.2012
409.5000	  1.2002
409.0000	  1.2017
408.5000	  1.1996
408.0000	  1.2005
407.5000	  1.2007
407.0000	  1.2015
406.5000	  1.2017
406.0000	  1.2052
405.5000	  1.2054
405.0000	  1.2022
404.5000	  1.2051
404.0000	  1.2045
403.5000	  1.2072
403.0000	  1.2048
402.5000	  1.2054
402.0000	  1.2066
401.5000	  1.2066
401.0000	  1.2065
400.5000	  1.2066
400.0000	  1.2088
399.5000	  1.2073
399.0000	  1.2091
398.5000	  1.2109
398.0000	  1.2120
397.5000	  1.2110
397.0000	  1.2103
396.5000	  1.2100
396.0000	  1.2089
395.5000	  1.2118
395.0000	  1.2128
394.5000	  1.2107
394.0000	  1.2130
393.5000	  1.2142
393.0000	  1.2160
392.5000	  1.2154
392.0000	  1.2182
391.5000	  1.2148
391.0000	  1.2194
390.5000	  1.2199
390.0000	  1.2220
389.5000	  1.2207
389.0000	  1.2200
388.5000	  1.2213
388.0000	  1.2232
387.5000	  1.2256
387.0000	  1.2262
386.5000	  1.2277
386.0000	  1.2268
385.5000	  1.2329
385.0000	  1.2312
384.5000	  1.2328
384.0000	  1.2319
383.5000	  1.2359
383.0000	  1.2384
382.5000	  1.2372
382.0000	  1.2388
381.5000	  1.2395
381.0000	  1.2397
380.5000	  1.2415
380.0000	  1.2393
379.5000	  1.2412
379.0000	  1.2430
378.5000	  1.2395
378.0000	  1.2414
377.5000	  1.2451
377.0000	  1.2459
376.5000	  1.2467
376.0000	  1.2463
375.5000	  1.2486
375.0000	  1.2497
374.5000	  1.2496
374.0000	  1.2511
373.5000	  1.2498
373.0000	  1.2524
372.5000	  1.2524
372.0000	  1.2520
371.5000	  1.2536
371.0000	  1.2541
370.5000	  1.2553
370.0000	  1.2567
369.5000	  1.2535
369.0000	  1.2585
368.5000	  1.2547
368.0000	  1.2586
367.5000	  1.2601
367.0000	  1.2603
366.5000	  1.2574
366.0000	  1.2584
365.5000	  1.2639
365.0000	  1.2587
364.5000	  1.2661
364.0000	  1.2623
363.5000	  1.2679
363.0000	  1.2666
362.5000	  1.2667
362.0000	  1.2661
361.5000	  1.2647
361.0000	  1.2653
360.5000	  1.2639
360.0000	  1.2695
359.5000	  1.2695
359.0000	  1.2720
358.5000	  1.2695
358.0000	  1.2708
357.5000	  1.2769
357.0000	  1.2742
356.5000	  1.2748
356.0000	  1.2752
355.5000	  1.2728
355.0000	  1.2743
354.5000	  1.2795
354.0000	  1.2806
353.5000	  1.2790
353.0000	  1.2797
352.5000	  1.2777
352.0000	  1.2815
351.5000	  1.2809
351.0000	  1.2825
350.5000	  1.2784
350.0000	  1.2845
349.5000	  1.2886
349.0000	  1.2812
348.5000	  1.2855
348.0000	  1.2833
347.5000	  1.2885
347.0000	  1.2844
346.5000	  1.2849
346.0000	  1.2866
345.5000	  1.2948
345.0000	  1.2879
344.5000	  1.2901
344.0000	  1.2881
343.5000	  1.2916
343.0000	  1.2854
342.5000	  1.2888
342.0000	  1.2856
341.5000	  1.2917
341.0000	  1.2873
340.5000	  1.2920
340.0000	  1.2898
339.5000	  1.3028
339.0000	  1.2977
338.5000	  1.2997
338.0000	  1.3029
337.5000	  1.3017
337.0000	  1.3033
336.5000	  1.3051
336.0000	  1.3102
335.5000	  1.3082
335.0000	  1.2989
334.5000	  1.3109
334.0000	  1.3017
333.5000	  1.2993
333.0000	  1.3074
332.5000	  1.3023
332.0000	  1.3013
331.5000	  1.2963
331.0000	  1.2993
330.5000	  1.3001
330.0000	  1.3045
329.5000	  1.3007
329.0000	  1.2989
328.5000	  1.2979
328.0000	  1.2977
327.5000	  1.2903
327.0000	  1.2911
326.5000	  1.2959
326.0000	  1.2935
325.5000	  1.2854
325.0000	  1.2806
324.5000	  1.2949
324.0000	  1.2791
323.5000	  1.2795
323.0000	  1.2761
322.5000	  1.2782
322.0000	  1.2761
321.5000	  1.2705
321.0000	  1.2660
320.5000	  1.2628
320.0000	  1.2698
319.5000	  1.2607
319.0000	  1.2680
318.5000	  1.2457
318.0000	  1.2480
317.5000	  1.2499
317.0000	  1.2338
316.5000	  1.2380
316.0000	  1.2357
315.5000	  1.2321
315.0000	  1.2249
314.5000	  1.2123
314.0000	  1.2128
313.5000	  1.2079
313.0000	  1.2111
312.5000	  1.1922
312.0000	  1.1871
311.5000	  1.1790
311.0000	  1.1742
310.5000	  1.1660
310.0000	  1.1567
309.5000	  1.1545
309.0000	  1.1448
308.5000	  1.1310
308.0000	  1.1295
307.5000	  1.1242
307.0000	  1.1087
306.5000	  1.0898
306.0000	  1.0878
305.5000	  1.0767
305.0000	  1.0699
304.5000	  1.0590
304.0000	  1.0446
303.5000	  1.0426
303.0000	  1.0190
302.5000	  1.0113
302.0000	  1.0046
301.5000	  0.9838
301.0000	  0.9821
300.5000	  0.9661
300.0000	  0.9551
299.5000	  0.9437
299.0000	  0.9283
298.5000	  0.9193
298.0000	  0.8996
297.5000	  0.8890
297.0000	  0.8744
296.5000	  0.8582
296.0000	  0.8463
295.5000	  0.8316
295.0000	  0.8187
294.5000	  0.8055
294.0000	  0.7887
293.5000	  0.7747
293.0000	  0.7589
292.5000	  0.7418
292.0000	  0.7304
291.5000	  0.7140
291.0000	  0.6978
290.5000	  0.6823
290.0000	  0.6701
289.5000	  0.6499
289.0000	  0.6351
288.5000	  0.6198
288.0000	  0.6043
287.5000	  0.5854
287.0000	  0.5727
286.5000	  0.5536
286.0000	  0.5435
285.5000	  0.5251
285.0000	  0.5084
284.5000	  0.4951
284.0000	  0.4767
283.5000	  0.4680
283.0000	  0.4515
282.5000	  0.4377
282.0000	  0.4189
281.5000	  0.4080
281.0000	  0.3924
280.5000	  0.3801
280.0000	  0.3616
279.5000	  0.3531
279.0000	  0.3388
278.5000	  0.3261
278.0000	  0.3106
277.5000	  0.3020
277.0000	  0.2903
276.5000	  0.2773
276.0000	  0.2641
275.5000	  0.2547
275.0000	  0.2442
274.5000	  0.2351
274.0000	  0.2252
273.5000	  0.2140
273.0000	  0.2038
272.5000	  0.1947
272.0000	  0.1848
271.5000	  0.1778
271.0000	  0.1697
270.5000	  0.1600
270.0000	  0.1567
269.5000	  0.1469
269.0000	  0.1391
268.5000	  0.1331
268.0000	  0.1273
267.5000	  0.1204
267.0000	  0.1137
266.5000	  0.1087
266.0000	  0.1029
265.5000	  0.1000
265.0000	  0.0930
264.5000	  0.0887
264.0000	  0.0857
263.5000	  0.0799
263.0000	  0.0766
262.5000	  0.0725
262.0000	  0.0690
261.5000	  0.0653
261.0000	  0.0623
260.5000	  0.0606
260.0000	  0.0561
259.5000	  0.0531
259.0000	  0.0512
258.5000	  0.0489
258.0000	  0.0469
257.5000	  0.0447
257.0000	  0.0418
256.5000	  0.0403
256.0000	  0.0376
255.5000	  0.0361
255.0000	  0.0335
254.5000	  0.0337
254.0000	  0.0315
253.5000	  0.0292
253.0000	  0.0282
252.5000	  0.0273
252.0000	  0.0262
251.5000	  0.0239
251.0000	  0.0236
250.5000	  0.0221
250.0000	  0.0200
249.5000	  0.0200
249.0000	  0.0189
248.5000	  0.0186
248.0000	  0.0174
247.5000	  0.0161
247.0000	  0.0155
246.5000	  0.0154
246.0000	  0.0151
245.5000	  0.0137
245.0000	  0.0131
244.5000	  0.0122
244.0000	  0.0122
243.5000	  0.0116
243.0000	  0.0113
242.5000	  0.0106
242.0000	  0.0097
241.5000	  0.0096
241.0000	  0.0092
240.5000	  0.0079
240.0000	  0.0080
239.5000	  0.0084
239.0000	  0.0077
238.5000	  0.0079
238.0000	  0.0067
237.5000	  0.0068
237.0000	  0.0067
236.5000	  0.0058
236.0000	  0.0055
235.5000	  0.0056
235.0000	  0.0060
234.5000	  0.0052
234.0000	  0.0059
233.5000	  0.0053
233.0000	  0.0046
232.5000	  0.0041
232.0000	  0.0039
231.5000	  0.0038
231.0000	  0.0039
230.5000	  0.0040
230.0000	  0.0039
229.5000	  0.0033
229.0000	  0.0041
228.5000	  0.0032
228.0000	  0.0030
227.5000	  0.0029
227.0000	  0.0025
226.5000	  0.0027
226.0000	  0.0021
225.5000	  0.0028
225.0000	  0.0025
224.5000	  0.0029
224.0000	  0.0017
223.5000	  0.0025
223.0000	  0.0023
222.5000	  0.0027
222.0000	  0.0026
221.5000	  0.0019
221.0000	  0.0026
220.5000	  0.0015
220.0000	  0.0031
219.5000	  0.0027
219.0000	  0.0011
218.5000	  0.0019
218.0000	  0.0028
217.5000	  0.0024
217.0000	  0.0020
216.5000	  0.0014
216.0000	  0.0041
215.5000	  0.0039
215.0000	  0.0023
214.5000	  0.0033
214.0000	  0.0037
213.5000	  0.0031
213.0000	  0.0057
212.5000	  0.0032
212.0000	  0.0014
211.5000	  0.0034
211.0000	  0.0049
210.5000	  0.0030
210.0000	  0.0030
209.5000	  0.0006
209.0000	 -0.0003
208.5000	  0.0033
208.0000	  0.0021
207.5000	 -0.0038
207.0000	  0.0034
206.5000	  0.0095
206.0000	 -0.0014
205.5000	  0.0049
205.0000	  0.0050
204.5000	  0.0190
204.0000	  0.0030
203.5000	  0.0133
203.0000	 -0.0040
202.5000	 -0.0033
202.0000	 -0.0030
201.5000	  0.0249
201.0000	  0.0132
200.5000	  0.0127
200.0000	  0.0134
