26/03/2024 18.00.33
26/03/2024 18.09.49

350.0000	 99.2600

350.0000	 99.2600

900.0000	 79.6300



  1.0000
900.0000
  3.0000
340.0000
  1.0000
1401.0000
  5.0000
  6.0000
  1.0000
  1.0000
  0.0000
  0.0000
100.0000
  0.0000
  1.0000
  0.0000
500.0000
900.0000
200.0000
  4.0000
  1.0000
 18.0000
  2.0000
  1.0000
255.0000
  1.0387
  1.0000
 30.0000
  4.0000
500.0000
  0.0000
  0.0000
  4.0000
900.0000
200.0000
  0.0000
100.0000
  0.0000
  1.0000
  0.0000
500.0000
  1.0000
  1.0000
  1.0000
  1.0000
  4.0000
  0.0000
  1.0000
  1.0000
  1.0000
  1.0000
  1.0000
  2.0000
  1.0000
  1.0000
  1.0000
  3.0000
  1.0000
  1.0000
  1.0000
  4.0000
  5.0000
555.964
0.000
900.0000	  0.8256
899.5000	  0.8168
899.0000	  0.7957
898.5000	  0.7899
898.0000	  0.7901
897.5000	  0.8090
897.0000	  0.8130
896.5000	  0.7976
896.0000	  0.7799
895.5000	  0.7857
895.0000	  0.8268
894.5000	  0.7805
894.0000	  0.8122
893.5000	  0.8007
893.0000	  0.7999
892.5000	  0.7921
892.0000	  0.7973
891.5000	  0.7810
891.0000	  0.7780
890.5000	  0.7994
890.0000	  0.7872
889.5000	  0.7989
889.0000	  0.8105
888.5000	  0.7969
888.0000	  0.7917
887.5000	  0.7879
887.0000	  0.8039
886.5000	  0.7903
886.0000	  0.7969
885.5000	  0.8081
885.0000	  0.7948
884.5000	  0.7983
884.0000	  0.7881
883.5000	  0.7866
883.0000	  0.7838
882.5000	  0.7988
882.0000	  0.8090
881.5000	  0.7971
881.0000	  0.8121
880.5000	  0.7937
880.0000	  0.7977
879.5000	  0.7911
879.0000	  0.7926
878.5000	  0.8032
878.0000	  0.7991
877.5000	  0.7955
877.0000	  0.8059
876.5000	  0.7878
876.0000	  0.7935
875.5000	  0.7924
875.0000	  0.7953
874.5000	  0.7906
874.0000	  0.7989
873.5000	  0.7981
873.0000	  0.7959
872.5000	  0.8036
872.0000	  0.7983
871.5000	  0.7998
871.0000	  0.7946
870.5000	  0.8050
870.0000	  0.7972
869.5000	  0.7928
869.0000	  0.8020
868.5000	  0.8058
868.0000	  0.7976
867.5000	  0.7941
867.0000	  0.8041
866.5000	  0.7962
866.0000	  0.7978
865.5000	  0.8011
865.0000	  0.7987
864.5000	  0.8046
864.0000	  0.8019
863.5000	  0.7982
863.0000	  0.8021
862.5000	  0.8046
862.0000	  0.8071
861.5000	  0.8018
861.0000	  0.8079
860.5000	  0.8039
860.0000	  0.8106
859.5000	  0.7978
859.0000	  0.8036
858.5000	  0.8045
858.0000	  0.8052
857.5000	  0.8034
857.0000	  0.8089
856.5000	  0.8058
856.0000	  0.8039
855.5000	  0.8061
855.0000	  0.8044
854.5000	  0.8065
854.0000	  0.8071
853.5000	  0.8109
853.0000	  0.8043
852.5000	  0.8087
852.0000	  0.8101
851.5000	  0.8080
851.0000	  0.8096
850.5000	  0.8091
850.0000	  0.8074
849.5000	  0.8096
849.0000	  0.8108
848.5000	  0.8089
848.0000	  0.8103
847.5000	  0.8109
847.0000	  0.8093
846.5000	  0.8097
846.0000	  0.8106
845.5000	  0.8094
845.0000	  0.8087
844.5000	  0.8110
844.0000	  0.8106
843.5000	  0.8105
843.0000	  0.8119
842.5000	  0.8104
842.0000	  0.8102
841.5000	  0.8105
841.0000	  0.8099
840.5000	  0.8088
840.0000	  0.8113
839.5000	  0.8099
839.0000	  0.8094
838.5000	  0.8109
838.0000	  0.8076
837.5000	  0.8078
837.0000	  0.8092
836.5000	  0.8090
836.0000	  0.8076
835.5000	  0.8101
835.0000	  0.8064
834.5000	  0.8077
834.0000	  0.8082
833.5000	  0.8075
833.0000	  0.8077
832.5000	  0.8063
832.0000	  0.8077
831.5000	  0.8090
831.0000	  0.8056
830.5000	  0.8061
830.0000	  0.8087
829.5000	  0.8065
829.0000	  0.8056
828.5000	  0.8053
828.0000	  0.8061
827.5000	  0.8078
827.0000	  0.8060
826.5000	  0.8041
826.0000	  0.8064
825.5000	  0.8062
825.0000	  0.8061
824.5000	  0.8046
824.0000	  0.8034
823.5000	  0.8060
823.0000	  0.8067
822.5000	  0.8042
822.0000	  0.8061
821.5000	  0.8040
821.0000	  0.8046
820.5000	  0.8054
820.0000	  0.8057
819.5000	  0.8047
819.0000	  0.8046
818.5000	  0.8053
818.0000	  0.8045
817.5000	  0.8042
817.0000	  0.8057
816.5000	  0.8046
816.0000	  0.8058
815.5000	  0.8041
815.0000	  0.8048
814.5000	  0.8054
814.0000	  0.8062
813.5000	  0.8048
813.0000	  0.8051
812.5000	  0.8055
812.0000	  0.8040
811.5000	  0.8052
811.0000	  0.8044
810.5000	  0.8051
810.0000	  0.8050
809.5000	  0.8057
809.0000	  0.8051
808.5000	  0.8057
808.0000	  0.8048
807.5000	  0.8050
807.0000	  0.8059
806.5000	  0.8061
806.0000	  0.8053
805.5000	  0.8059
805.0000	  0.8059
804.5000	  0.8059
804.0000	  0.8066
803.5000	  0.8066
803.0000	  0.8051
802.5000	  0.8052
802.0000	  0.8067
801.5000	  0.8054
801.0000	  0.8046
800.5000	  0.8072
800.0000	  0.8060
799.5000	  0.8067
799.0000	  0.8056
798.5000	  0.8062
798.0000	  0.8076
797.5000	  0.8068
797.0000	  0.8064
796.5000	  0.8066
796.0000	  0.8058
795.5000	  0.8072
795.0000	  0.8079
794.5000	  0.8075
794.0000	  0.8084
793.5000	  0.8072
793.0000	  0.8079
792.5000	  0.8063
792.0000	  0.8078
791.5000	  0.8076
791.0000	  0.8080
790.5000	  0.8083
790.0000	  0.8081
789.5000	  0.8078
789.0000	  0.8055
788.5000	  0.8089
788.0000	  0.8081
787.5000	  0.8082
787.0000	  0.8094
786.5000	  0.8069
786.0000	  0.8083
785.5000	  0.8098
785.0000	  0.8076
784.5000	  0.8085
784.0000	  0.8080
783.5000	  0.8101
783.0000	  0.8083
782.5000	  0.8095
782.0000	  0.8098
781.5000	  0.8090
781.0000	  0.8100
780.5000	  0.8094
780.0000	  0.8087
779.5000	  0.8103
779.0000	  0.8089
778.5000	  0.8110
778.0000	  0.8090
777.5000	  0.8093
777.0000	  0.8092
776.5000	  0.8112
776.0000	  0.8120
775.5000	  0.8108
775.0000	  0.8105
774.5000	  0.8102
774.0000	  0.8096
773.5000	  0.8106
773.0000	  0.8102
772.5000	  0.8112
772.0000	  0.8104
771.5000	  0.8106
771.0000	  0.8120
770.5000	  0.8110
770.0000	  0.8110
769.5000	  0.8113
769.0000	  0.8104
768.5000	  0.8114
768.0000	  0.8117
767.5000	  0.8118
767.0000	  0.8106
766.5000	  0.8118
766.0000	  0.8108
765.5000	  0.8123
765.0000	  0.8123
764.5000	  0.8108
764.0000	  0.8122
763.5000	  0.8112
763.0000	  0.8126
762.5000	  0.8122
762.0000	  0.8114
761.5000	  0.8118
761.0000	  0.8129
760.5000	  0.8115
760.0000	  0.8135
759.5000	  0.8124
759.0000	  0.8116
758.5000	  0.8128
758.0000	  0.8124
757.5000	  0.8124
757.0000	  0.8125
756.5000	  0.8120
756.0000	  0.8122
755.5000	  0.8121
755.0000	  0.8112
754.5000	  0.8115
754.0000	  0.8129
753.5000	  0.8133
753.0000	  0.8141
752.5000	  0.8132
752.0000	  0.8124
751.5000	  0.8142
751.0000	  0.8143
750.5000	  0.8135
750.0000	  0.8140
749.5000	  0.8136
749.0000	  0.8143
748.5000	  0.8143
748.0000	  0.8137
747.5000	  0.8141
747.0000	  0.8150
746.5000	  0.8158
746.0000	  0.8148
745.5000	  0.8143
745.0000	  0.8154
744.5000	  0.8149
744.0000	  0.8162
743.5000	  0.8153
743.0000	  0.8162
742.5000	  0.8162
742.0000	  0.8162
741.5000	  0.8158
741.0000	  0.8158
740.5000	  0.8172
740.0000	  0.8168
739.5000	  0.8162
739.0000	  0.8165
738.5000	  0.8177
738.0000	  0.8179
737.5000	  0.8168
737.0000	  0.8180
736.5000	  0.8175
736.0000	  0.8174
735.5000	  0.8198
735.0000	  0.8203
734.5000	  0.8196
734.0000	  0.8204
733.5000	  0.8205
733.0000	  0.8204
732.5000	  0.8216
732.0000	  0.8208
731.5000	  0.8214
731.0000	  0.8242
730.5000	  0.8244
730.0000	  0.8247
729.5000	  0.8244
729.0000	  0.8263
728.5000	  0.8266
728.0000	  0.8269
727.5000	  0.8285
727.0000	  0.8285
726.5000	  0.8310
726.0000	  0.8321
725.5000	  0.8326
725.0000	  0.8345
724.5000	  0.8340
724.0000	  0.8366
723.5000	  0.8394
723.0000	  0.8406
722.5000	  0.8432
722.0000	  0.8447
721.5000	  0.8463
721.0000	  0.8507
720.5000	  0.8518
720.0000	  0.8550
719.5000	  0.8573
719.0000	  0.8587
718.5000	  0.8592
718.0000	  0.8611
717.5000	  0.8620
717.0000	  0.8638
716.5000	  0.8629
716.0000	  0.8611
715.5000	  0.8577
715.0000	  0.8558
714.5000	  0.8554
714.0000	  0.8493
713.5000	  0.8499
713.0000	  0.8447
712.5000	  0.8425
712.0000	  0.8397
711.5000	  0.8357
711.0000	  0.8337
710.5000	  0.8317
710.0000	  0.8296
709.5000	  0.8285
709.0000	  0.8260
708.5000	  0.8264
708.0000	  0.8235
707.5000	  0.8222
707.0000	  0.8226
706.5000	  0.8222
706.0000	  0.8216
705.5000	  0.8227
705.0000	  0.8220
704.5000	  0.8215
704.0000	  0.8226
703.5000	  0.8214
703.0000	  0.8220
702.5000	  0.8218
702.0000	  0.8224
701.5000	  0.8216
701.0000	  0.8219
700.5000	  0.8215
700.0000	  0.8222
699.5000	  0.8236
699.0000	  0.8219
698.5000	  0.8224
698.0000	  0.8222
697.5000	  0.8223
697.0000	  0.8223
696.5000	  0.8221
696.0000	  0.8205
695.5000	  0.8216
695.0000	  0.8218
694.5000	  0.8223
694.0000	  0.8211
693.5000	  0.8216
693.0000	  0.8199
692.5000	  0.8211
692.0000	  0.8214
691.5000	  0.8209
691.0000	  0.8210
690.5000	  0.8216
690.0000	  0.8218
689.5000	  0.8202
689.0000	  0.8209
688.5000	  0.8217
688.0000	  0.8213
687.5000	  0.8223
687.0000	  0.8202
686.5000	  0.8203
686.0000	  0.8214
685.5000	  0.8209
685.0000	  0.8204
684.5000	  0.8216
684.0000	  0.8216
683.5000	  0.8211
683.0000	  0.8217
682.5000	  0.8201
682.0000	  0.8205
681.5000	  0.8205
681.0000	  0.8210
680.5000	  0.8203
680.0000	  0.8205
679.5000	  0.8204
679.0000	  0.8220
678.5000	  0.8211
678.0000	  0.8200
677.5000	  0.8209
677.0000	  0.8209
676.5000	  0.8207
676.0000	  0.8209
675.5000	  0.8205
675.0000	  0.8204
674.5000	  0.8201
674.0000	  0.8213
673.5000	  0.8207
673.0000	  0.8191
672.5000	  0.8215
672.0000	  0.8205
671.5000	  0.8203
671.0000	  0.8206
670.5000	  0.8203
670.0000	  0.8205
669.5000	  0.8204
669.0000	  0.8208
668.5000	  0.8203
668.0000	  0.8200
667.5000	  0.8204
667.0000	  0.8200
666.5000	  0.8203
666.0000	  0.8196
665.5000	  0.8201
665.0000	  0.8205
664.5000	  0.8190
664.0000	  0.8197
663.5000	  0.8201
663.0000	  0.8201
662.5000	  0.8202
662.0000	  0.8191
661.5000	  0.8197
661.0000	  0.8197
660.5000	  0.8203
660.0000	  0.8199
659.5000	  0.8199
659.0000	  0.8197
658.5000	  0.8201
658.0000	  0.8194
657.5000	  0.8186
657.0000	  0.8191
656.5000	  0.8199
656.0000	  0.8186
655.5000	  0.8190
655.0000	  0.8185
654.5000	  0.8197
654.0000	  0.8195
653.5000	  0.8194
653.0000	  0.8187
652.5000	  0.8188
652.0000	  0.8194
651.5000	  0.8187
651.0000	  0.8189
650.5000	  0.8181
650.0000	  0.8182
649.5000	  0.8184
649.0000	  0.8181
648.5000	  0.8169
648.0000	  0.8176
647.5000	  0.8165
647.0000	  0.8174
646.5000	  0.8177
646.0000	  0.8175
645.5000	  0.8169
645.0000	  0.8165
644.5000	  0.8165
644.0000	  0.8158
643.5000	  0.8159
643.0000	  0.8158
642.5000	  0.8161
642.0000	  0.8158
641.5000	  0.8144
641.0000	  0.8148
640.5000	  0.8143
640.0000	  0.8139
639.5000	  0.8143
639.0000	  0.8135
638.5000	  0.8131
638.0000	  0.8136
637.5000	  0.8133
637.0000	  0.8117
636.5000	  0.8123
636.0000	  0.8121
635.5000	  0.8117
635.0000	  0.8117
634.5000	  0.8110
634.0000	  0.8108
633.5000	  0.8112
633.0000	  0.8107
632.5000	  0.8113
632.0000	  0.8109
631.5000	  0.8116
631.0000	  0.8124
630.5000	  0.8121
630.0000	  0.8122
629.5000	  0.8135
629.0000	  0.8145
628.5000	  0.8150
628.0000	  0.8164
627.5000	  0.8178
627.0000	  0.8198
626.5000	  0.8205
626.0000	  0.8221
625.5000	  0.8237
625.0000	  0.8257
624.5000	  0.8260
624.0000	  0.8276
623.5000	  0.8301
623.0000	  0.8305
622.5000	  0.8314
622.0000	  0.8332
621.5000	  0.8347
621.0000	  0.8339
620.5000	  0.8361
620.0000	  0.8364
619.5000	  0.8376
619.0000	  0.8372
618.5000	  0.8386
618.0000	  0.8388
617.5000	  0.8380
617.0000	  0.8383
616.5000	  0.8366
616.0000	  0.8373
615.5000	  0.8359
615.0000	  0.8369
614.5000	  0.8371
614.0000	  0.8359
613.5000	  0.8368
613.0000	  0.8365
612.5000	  0.8357
612.0000	  0.8366
611.5000	  0.8365
611.0000	  0.8363
610.5000	  0.8367
610.0000	  0.8365
609.5000	  0.8359
609.0000	  0.8361
608.5000	  0.8367
608.0000	  0.8367
607.5000	  0.8362
607.0000	  0.8373
606.5000	  0.8370
606.0000	  0.8377
605.5000	  0.8380
605.0000	  0.8378
604.5000	  0.8370
604.0000	  0.8381
603.5000	  0.8376
603.0000	  0.8380
602.5000	  0.8368
602.0000	  0.8382
601.5000	  0.8379
601.0000	  0.8382
600.5000	  0.8368
600.0000	  0.8378
599.5000	  0.8372
599.0000	  0.8386
598.5000	  0.8380
598.0000	  0.8384
597.5000	  0.8386
597.0000	  0.8390
596.5000	  0.8401
596.0000	  0.8393
595.5000	  0.8386
595.0000	  0.8399
594.5000	  0.8398
594.0000	  0.8403
593.5000	  0.8394
593.0000	  0.8395
592.5000	  0.8399
592.0000	  0.8404
591.5000	  0.8400
591.0000	  0.8414
590.5000	  0.8401
590.0000	  0.8410
589.5000	  0.8411
589.0000	  0.8407
588.5000	  0.8418
588.0000	  0.8413
587.5000	  0.8408
587.0000	  0.8415
586.5000	  0.8420
586.0000	  0.8416
585.5000	  0.8422
585.0000	  0.8424
584.5000	  0.8419
584.0000	  0.8421
583.5000	  0.8409
583.0000	  0.8422
582.5000	  0.8429
582.0000	  0.8418
581.5000	  0.8427
581.0000	  0.8424
580.5000	  0.8433
580.0000	  0.8435
579.5000	  0.8429
579.0000	  0.8438
578.5000	  0.8434
578.0000	  0.8431
577.5000	  0.8437
577.0000	  0.8442
576.5000	  0.8437
576.0000	  0.8442
575.5000	  0.8446
575.0000	  0.8431
574.5000	  0.8446
574.0000	  0.8442
573.5000	  0.8443
573.0000	  0.8450
572.5000	  0.8445
572.0000	  0.8447
571.5000	  0.8444
571.0000	  0.8459
570.5000	  0.8446
570.0000	  0.8455
569.5000	  0.8455
569.0000	  0.8458
568.5000	  0.8463
568.0000	  0.8464
567.5000	  0.8462
567.0000	  0.8465
566.5000	  0.8455
566.0000	  0.8469
565.5000	  0.8463
565.0000	  0.8462
564.5000	  0.8465
564.0000	  0.8468
563.5000	  0.8461
563.0000	  0.8475
562.5000	  0.8477
562.0000	  0.8479
561.5000	  0.8476
561.0000	  0.8473
560.5000	  0.8482
560.0000	  0.8491
559.5000	  0.8498
559.0000	  0.8499
558.5000	  0.8497
558.0000	  0.8504
557.5000	  0.8508
557.0000	  0.8504
556.5000	  0.8504
556.0000	  0.8505
555.5000	  0.8507
555.0000	  0.8519
554.5000	  0.8510
554.0000	  0.8503
553.5000	  0.8512
553.0000	  0.8507
552.5000	  0.8517
552.0000	  0.8517
551.5000	  0.8510
551.0000	  0.8519
550.5000	  0.8522
550.0000	  0.8527
549.5000	  0.8534
549.0000	  0.8524
548.5000	  0.8521
548.0000	  0.8532
547.5000	  0.8531
547.0000	  0.8522
546.5000	  0.8523
546.0000	  0.8526
545.5000	  0.8530
545.0000	  0.8534
544.5000	  0.8527
544.0000	  0.8536
543.5000	  0.8542
543.0000	  0.8538
542.5000	  0.8545
542.0000	  0.8542
541.5000	  0.8545
541.0000	  0.8548
540.5000	  0.8544
540.0000	  0.8551
539.5000	  0.8552
539.0000	  0.8544
538.5000	  0.8549
538.0000	  0.8558
537.5000	  0.8545
537.0000	  0.8548
536.5000	  0.8556
536.0000	  0.8557
535.5000	  0.8548
535.0000	  0.8547
534.5000	  0.8553
534.0000	  0.8561
533.5000	  0.8565
533.0000	  0.8557
532.5000	  0.8562
532.0000	  0.8559
531.5000	  0.8562
531.0000	  0.8561
530.5000	  0.8556
530.0000	  0.8554
529.5000	  0.8565
529.0000	  0.8569
528.5000	  0.8572
528.0000	  0.8554
527.5000	  0.8567
527.0000	  0.8567
526.5000	  0.8575
526.0000	  0.8564
525.5000	  0.8561
525.0000	  0.8568
524.5000	  0.8572
524.0000	  0.8565
523.5000	  0.8563
523.0000	  0.8573
522.5000	  0.8568
522.0000	  0.8575
521.5000	  0.8571
521.0000	  0.8561
520.5000	  0.8570
520.0000	  0.8573
519.5000	  0.8574
519.0000	  0.8579
518.5000	  0.8562
518.0000	  0.8569
517.5000	  0.8577
517.0000	  0.8578
516.5000	  0.8575
516.0000	  0.8566
515.5000	  0.8563
515.0000	  0.8572
514.5000	  0.8577
514.0000	  0.8573
513.5000	  0.8568
513.0000	  0.8575
512.5000	  0.8573
512.0000	  0.8577
511.5000	  0.8572
511.0000	  0.8581
510.5000	  0.8586
510.0000	  0.8585
509.5000	  0.8587
509.0000	  0.8581
508.5000	  0.8591
508.0000	  0.8598
507.5000	  0.8604
507.0000	  0.8613
506.5000	  0.8613
506.0000	  0.8613
505.5000	  0.8637
505.0000	  0.8657
504.5000	  0.8651
504.0000	  0.8672
503.5000	  0.8672
503.0000	  0.8686
502.5000	  0.8703
502.0000	  0.8704
501.5000	  0.8712
501.0000	  0.8722
500.5000	  0.8745
500.0000	  0.8757
499.5000	  0.8752
499.0000	  0.8761
498.5000	  0.8767
498.0000	  0.8784
497.5000	  0.8796
497.0000	  0.8796
496.5000	  0.8798
496.0000	  0.8819
495.5000	  0.8827
495.0000	  0.8825
494.5000	  0.8839
494.0000	  0.8834
493.5000	  0.8853
493.0000	  0.8843
492.5000	  0.8843
492.0000	  0.8853
491.5000	  0.8861
491.0000	  0.8872
490.5000	  0.8863
490.0000	  0.8874
489.5000	  0.8874
489.0000	  0.8876
488.5000	  0.8887
488.0000	  0.8879
487.5000	  0.8885
487.0000	  0.8879
486.5000	  0.8883
486.0000	  0.8892
485.5000	  0.8888
485.0000	  0.8900
484.5000	  0.8908
484.0000	  0.8906
483.5000	  0.8900
483.0000	  0.8914
482.5000	  0.8908
482.0000	  0.8921
481.5000	  0.8926
481.0000	  0.8920
480.5000	  0.8939
480.0000	  0.8938
479.5000	  0.8944
479.0000	  0.8948
478.5000	  0.8957
478.0000	  0.8956
477.5000	  0.8964
477.0000	  0.8978
476.5000	  0.8971
476.0000	  0.8981
475.5000	  0.8993
475.0000	  0.9007
474.5000	  0.9016
474.0000	  0.9009
473.5000	  0.9029
473.0000	  0.9039
472.5000	  0.9045
472.0000	  0.9052
471.5000	  0.9062
471.0000	  0.9073
470.5000	  0.9074
470.0000	  0.9078
469.5000	  0.9110
469.0000	  0.9116
468.5000	  0.9119
468.0000	  0.9130
467.5000	  0.9141
467.0000	  0.9147
466.5000	  0.9162
466.0000	  0.9182
465.5000	  0.9209
465.0000	  0.9213
464.5000	  0.9223
464.0000	  0.9219
463.5000	  0.9234
463.0000	  0.9263
462.5000	  0.9267
462.0000	  0.9272
461.5000	  0.9290
461.0000	  0.9319
460.5000	  0.9315
460.0000	  0.9332
459.5000	  0.9338
459.0000	  0.9358
458.5000	  0.9359
458.0000	  0.9381
457.5000	  0.9387
457.0000	  0.9386
456.5000	  0.9395
456.0000	  0.9392
455.5000	  0.9405
455.0000	  0.9390
454.5000	  0.9394
454.0000	  0.9391
453.5000	  0.9395
453.0000	  0.9362
452.5000	  0.9369
452.0000	  0.9368
451.5000	  0.9355
451.0000	  0.9343
450.5000	  0.9312
450.0000	  0.9321
449.5000	  0.9304
449.0000	  0.9285
448.5000	  0.9280
448.0000	  0.9255
447.5000	  0.9246
447.0000	  0.9250
446.5000	  0.9236
446.0000	  0.9187
445.5000	  0.9200
445.0000	  0.9183
444.5000	  0.9183
444.0000	  0.9189
443.5000	  0.9175
443.0000	  0.9146
442.5000	  0.9159
442.0000	  0.9152
441.5000	  0.9141
441.0000	  0.9135
440.5000	  0.9129
440.0000	  0.9140
439.5000	  0.9137
439.0000	  0.9119
438.5000	  0.9123
438.0000	  0.9130
437.5000	  0.9126
437.0000	  0.9130
436.5000	  0.9105
436.0000	  0.9113
435.5000	  0.9132
435.0000	  0.9124
434.5000	  0.9102
434.0000	  0.9118
433.5000	  0.9115
433.0000	  0.9113
432.5000	  0.9116
432.0000	  0.9101
431.5000	  0.9117
431.0000	  0.9104
430.5000	  0.9135
430.0000	  0.9154
429.5000	  0.9114
429.0000	  0.9131
428.5000	  0.9147
428.0000	  0.9133
427.5000	  0.9133
427.0000	  0.9142
426.5000	  0.9134
426.0000	  0.9156
425.5000	  0.9148
425.0000	  0.9158
424.5000	  0.9160
424.0000	  0.9164
423.5000	  0.9162
423.0000	  0.9173
422.5000	  0.9169
422.0000	  0.9165
421.5000	  0.9197
421.0000	  0.9195
420.5000	  0.9183
420.0000	  0.9185
419.5000	  0.9211
419.0000	  0.9218
418.5000	  0.9202
418.0000	  0.9207
417.5000	  0.9201
417.0000	  0.9219
416.5000	  0.9226
416.0000	  0.9244
415.5000	  0.9244
415.0000	  0.9236
414.5000	  0.9254
414.0000	  0.9263
413.5000	  0.9257
413.0000	  0.9251
412.5000	  0.9238
412.0000	  0.9256
411.5000	  0.9250
411.0000	  0.9239
410.5000	  0.9261
410.0000	  0.9276
409.5000	  0.9259
409.0000	  0.9284
408.5000	  0.9269
408.0000	  0.9294
407.5000	  0.9290
407.0000	  0.9292
406.5000	  0.9293
406.0000	  0.9311
405.5000	  0.9293
405.0000	  0.9313
404.5000	  0.9303
404.0000	  0.9311
403.5000	  0.9312
403.0000	  0.9318
402.5000	  0.9318
402.0000	  0.9327
401.5000	  0.9311
401.0000	  0.9313
400.5000	  0.9336
400.0000	  0.9321
399.5000	  0.9330
399.0000	  0.9324
398.5000	  0.9335
398.0000	  0.9337
397.5000	  0.9342
397.0000	  0.9351
396.5000	  0.9352
396.0000	  0.9365
395.5000	  0.9378
395.0000	  0.9375
394.5000	  0.9366
394.0000	  0.9375
393.5000	  0.9382
393.0000	  0.9387
392.5000	  0.9402
392.0000	  0.9408
391.5000	  0.9408
391.0000	  0.9420
390.5000	  0.9435
390.0000	  0.9412
389.5000	  0.9449
389.0000	  0.9431
388.5000	  0.9450
388.0000	  0.9446
387.5000	  0.9484
387.0000	  0.9472
386.5000	  0.9486
386.0000	  0.9490
385.5000	  0.9499
385.0000	  0.9514
384.5000	  0.9529
384.0000	  0.9556
383.5000	  0.9541
383.0000	  0.9551
382.5000	  0.9572
382.0000	  0.9571
381.5000	  0.9593
381.0000	  0.9590
380.5000	  0.9614
380.0000	  0.9587
379.5000	  0.9612
379.0000	  0.9626
378.5000	  0.9636
378.0000	  0.9640
377.5000	  0.9615
377.0000	  0.9664
376.5000	  0.9659
376.0000	  0.9644
375.5000	  0.9646
375.0000	  0.9669
374.5000	  0.9657
374.0000	  0.9677
373.5000	  0.9672
373.0000	  0.9652
372.5000	  0.9654
372.0000	  0.9681
371.5000	  0.9680
371.0000	  0.9673
370.5000	  0.9703
370.0000	  0.9694
369.5000	  0.9711
369.0000	  0.9718
368.5000	  0.9721
368.0000	  0.9682
367.5000	  0.9723
367.0000	  0.9755
366.5000	  0.9746
366.0000	  0.9743
365.5000	  0.9748
365.0000	  0.9784
364.5000	  0.9771
364.0000	  0.9759
363.5000	  0.9784
363.0000	  0.9767
362.5000	  0.9802
362.0000	  0.9794
361.5000	  0.9803
361.0000	  0.9817
360.5000	  0.9839
360.0000	  0.9851
359.5000	  0.9839
359.0000	  0.9839
358.5000	  0.9881
358.0000	  0.9847
357.5000	  0.9865
357.0000	  0.9859
356.5000	  0.9868
356.0000	  0.9866
355.5000	  0.9914
355.0000	  0.9879
354.5000	  0.9929
354.0000	  0.9875
353.5000	  0.9909
353.0000	  0.9934
352.5000	  0.9919
352.0000	  0.9961
351.5000	  0.9922
351.0000	  0.9939
350.5000	  0.9949
350.0000	  0.9997
349.5000	  0.9980
349.0000	  0.9998
348.5000	  0.9947
348.0000	  1.0001
347.5000	  0.9989
347.0000	  1.0003
346.5000	  1.0011
346.0000	  1.0036
345.5000	  0.9991
345.0000	  1.0057
344.5000	  1.0019
344.0000	  1.0050
343.5000	  1.0088
343.0000	  1.0093
342.5000	  1.0077
342.0000	  1.0090
341.5000	  1.0044
341.0000	  1.0077
340.5000	  1.0139
340.0000	  1.0185
339.5000	  1.0215
339.0000	  1.0259
338.5000	  1.0280
338.0000	  1.0356
337.5000	  1.0309
337.0000	  1.0291
336.5000	  1.0286
336.0000	  1.0327
335.5000	  1.0320
335.0000	  1.0335
334.5000	  1.0328
334.0000	  1.0326
333.5000	  1.0291
333.0000	  1.0355
332.5000	  1.0365
332.0000	  1.0320
331.5000	  1.0423
331.0000	  1.0419
330.5000	  1.0365
330.0000	  1.0460
329.5000	  1.0444
329.0000	  1.0469
328.5000	  1.0470
328.0000	  1.0432
327.5000	  1.0443
327.0000	  1.0476
326.5000	  1.0546
326.0000	  1.0521
325.5000	  1.0488
325.0000	  1.0505
324.5000	  1.0590
324.0000	  1.0589
323.5000	  1.0566
323.0000	  1.0557
322.5000	  1.0563
322.0000	  1.0532
321.5000	  1.0639
321.0000	  1.0610
320.5000	  1.0620
320.0000	  1.0591
319.5000	  1.0673
319.0000	  1.0649
318.5000	  1.0613
318.0000	  1.0639
317.5000	  1.0711
317.0000	  1.0675
316.5000	  1.0735
316.0000	  1.0735
315.5000	  1.0790
315.0000	  1.0828
314.5000	  1.0751
314.0000	  1.0781
313.5000	  1.0762
313.0000	  1.0728
312.5000	  1.0810
312.0000	  1.0792
311.5000	  1.0821
311.0000	  1.0819
310.5000	  1.0797
310.0000	  1.0868
309.5000	  1.0801
309.0000	  1.0860
308.5000	  1.0844
308.0000	  1.0931
307.5000	  1.0817
307.0000	  1.0937
306.5000	  1.0890
306.0000	  1.0892
305.5000	  1.0928
305.0000	  1.0984
304.5000	  1.0876
304.0000	  1.0918
303.5000	  1.0924
303.0000	  1.0962
302.5000	  1.0886
302.0000	  1.0991
301.5000	  1.1004
301.0000	  1.0990
300.5000	  1.0915
300.0000	  1.0967
299.5000	  1.1020
299.0000	  1.0974
298.5000	  1.0954
298.0000	  1.0939
297.5000	  1.0955
297.0000	  1.0918
296.5000	  1.0950
296.0000	  1.1012
295.5000	  1.1034
295.0000	  1.0977
294.5000	  1.1046
294.0000	  1.1139
293.5000	  1.0992
293.0000	  1.1012
292.5000	  1.1105
292.0000	  1.1028
291.5000	  1.1048
291.0000	  1.1076
290.5000	  1.1163
290.0000	  1.1123
289.5000	  1.1174
289.0000	  1.1074
288.5000	  1.1086
288.0000	  1.1165
287.5000	  1.1191
287.0000	  1.1120
286.5000	  1.1095
286.0000	  1.1289
285.5000	  1.1184
285.0000	  1.1231
284.5000	  1.1161
284.0000	  1.1254
283.5000	  1.1275
283.0000	  1.1353
282.5000	  1.1257
282.0000	  1.1282
281.5000	  1.1363
281.0000	  1.1322
280.5000	  1.1245
280.0000	  1.1398
279.5000	  1.1465
279.0000	  1.1273
278.5000	  1.1303
278.0000	  1.1442
277.5000	  1.1458
277.0000	  1.1454
276.5000	  1.1560
276.0000	  1.1555
275.5000	  1.1451
275.0000	  1.1580
274.5000	  1.1520
274.0000	  1.1472
273.5000	  1.1498
273.0000	  1.1578
272.5000	  1.1493
272.0000	  1.1493
271.5000	  1.1551
271.0000	  1.1681
270.5000	  1.1567
270.0000	  1.1672
269.5000	  1.1766
269.0000	  1.1666
268.5000	  1.1632
268.0000	  1.1820
267.5000	  1.1826
267.0000	  1.1642
266.5000	  1.1619
266.0000	  1.1599
265.5000	  1.1811
265.0000	  1.1532
264.5000	  1.1647
264.0000	  1.1656
263.5000	  1.1659
263.0000	  1.1602
262.5000	  1.1367
262.0000	  1.2032
261.5000	  1.1932
261.0000	  1.1668
260.5000	  1.1645
260.0000	  1.1678
259.5000	  1.1874
259.0000	  1.1866
258.5000	  1.1844
258.0000	  1.1794
257.5000	  1.2138
257.0000	  1.1795
256.5000	  1.2077
256.0000	  1.1904
255.5000	  1.1514
255.0000	  1.1987
254.5000	  1.2589
254.0000	  1.2559
253.5000	  1.2381
253.0000	  1.2273
252.5000	  1.2190
252.0000	  1.2084
251.5000	  1.1864
251.0000	  1.2113
250.5000	  1.2339
250.0000	  1.1956
249.5000	  1.1903
249.0000	  1.2712
248.5000	  1.2508
248.0000	  1.2806
247.5000	  1.2482
247.0000	  1.2557
246.5000	  1.3158
246.0000	  1.2542
245.5000	  1.2940
245.0000	  1.1350
244.5000	  1.2066
244.0000	  1.3246
243.5000	  1.3024
243.0000	  1.2757
242.5000	  1.3994
242.0000	  1.4516
241.5000	  1.4278
241.0000	  1.2796
240.5000	  1.4308
240.0000	  1.4219
239.5000	  1.4483
239.0000	  1.5476
238.5000	  1.3994
238.0000	  1.4747
237.5000	  1.4264
237.0000	  1.2923
236.5000	  1.3830
236.0000	  1.4282
235.5000	  1.2486
235.0000	  1.3082
234.5000	  1.3282
234.0000	  1.3407
233.5000	  1.1096
233.0000	  1.4704
232.5000	  1.3934
232.0000	  1.7881
231.5000	  1.4148
231.0000	  1.3753
230.5000	  1.5089
230.0000	  1.6549
229.5000	  1.2783
229.0000	  1.1605
228.5000	  1.4423
228.0000	  1.0134
227.5000	  1.8027
227.0000	  1.6345
226.5000	  1.5096
226.0000	  1.4391
225.5000	  2.0114
225.0000	  2.4606
224.5000	  1.0214
224.0000	  1.0739
223.5000	  1.0399
223.0000	  2.2952
222.5000	  1.9291
222.0000	  1.5888
221.5000	  1.2473
221.0000	  5.2152
220.5000	  0.8467
220.0000	  1.7392
219.5000	  0.9335
219.0000	  1.8254
218.5000	  1.9463
218.0000	  0.8893
217.5000	  1.0261
217.0000	  0.9999
216.5000	  0.1393
216.0000	  1.6550
215.5000	  0.8849
215.0000	 -0.2442
214.5000	  2.2891
214.0000	 -2.9816
213.5000	 -2.6839
213.0000	  1.6982
212.5000	  1.6716
212.0000	  1.5516
211.5000	 -0.9436
211.0000	-50.6405
210.5000	  1.6760
210.0000	 -8.9537
209.5000	  1.4396
209.0000	  0.9040
208.5000	  0.9208
208.0000	  3.8423
207.5000	  1.7714
207.0000	  1.5249
206.5000	  0.7024
206.0000	  1.0680
205.5000	  1.5404
205.0000	  0.5680
204.5000	  0.3226
204.0000	  0.9526
203.5000	  0.3917
203.0000	  1.4797
202.5000	  5.0315
202.0000	  1.0870
201.5000	 -0.5971
201.0000	 -1.0606
200.5000	  1.9328
200.0000	  3.8345
