lambda		value

Calibration:
lambda:	900
Abs:	0

Data:
#
900		0.8256
899.5		0.8168
899		0.7957
898.5		0.7899
898		0.7901
897.5		0.809
897		0.813
896.5		0.7976
896		0.7799
895.5		0.7857
895		0.8268
894.5		0.7805
894		0.8122
893.5		0.8007
893		0.7999
892.5		0.7921
892		0.7973
891.5		0.781
891		0.778
890.5		0.7994
890		0.7872
889.5		0.7989
889		0.8105
888.5		0.7969
888		0.7917
887.5		0.7879
887		0.8039
886.5		0.7903
886		0.7969
885.5		0.8081
885		0.7948
884.5		0.7983
884		0.7881
883.5		0.7866
883		0.7838
882.5		0.7988
882		0.809
881.5		0.7971
881		0.8121
880.5		0.7937
880		0.7977
879.5		0.7911
879		0.7926
878.5		0.8032
878		0.7991
877.5		0.7955
877		0.8059
876.5		0.7878
876		0.7935
875.5		0.7924
875		0.7953
874.5		0.7906
874		0.7989
873.5		0.7981
873		0.7959
872.5		0.8036
872		0.7983
871.5		0.7998
871		0.7946
870.5		0.805
870		0.7972
869.5		0.7928
869		0.802
868.5		0.8058
868		0.7976
867.5		0.7941
867		0.8041
866.5		0.7962
866		0.7978
865.5		0.8011
865		0.7987
864.5		0.8046
864		0.8019
863.5		0.7982
863		0.8021
862.5		0.8046
862		0.8071
861.5		0.8018
861		0.8079
860.5		0.8039
860		0.8106
859.5		0.7978
859		0.8036
858.5		0.8045
858		0.8052
857.5		0.8034
857		0.8089
856.5		0.8058
856		0.8039
855.5		0.8061
855		0.8044
854.5		0.8065
854		0.8071
853.5		0.8109
853		0.8043
852.5		0.8087
852		0.8101
851.5		0.808
851		0.8096
850.5		0.8091
850		0.8074
849.5		0.8096
849		0.8108
848.5		0.8089
848		0.8103
847.5		0.8109
847		0.8093
846.5		0.8097
846		0.8106
845.5		0.8094
845		0.8087
844.5		0.811
844		0.8106
843.5		0.8105
843		0.8119
842.5		0.8104
842		0.8102
841.5		0.8105
841		0.8099
840.5		0.8088
840		0.8113
839.5		0.8099
839		0.8094
838.5		0.8109
838		0.8076
837.5		0.8078
837		0.8092
836.5		0.809
836		0.8076
835.5		0.8101
835		0.8064
834.5		0.8077
834		0.8082
833.5		0.8075
833		0.8077
832.5		0.8063
832		0.8077
831.5		0.809
831		0.8056
830.5		0.8061
830		0.8087
829.5		0.8065
829		0.8056
828.5		0.8053
828		0.8061
827.5		0.8078
827		0.806
826.5		0.8041
826		0.8064
825.5		0.8062
825		0.8061
824.5		0.8046
824		0.8034
823.5		0.806
823		0.8067
822.5		0.8042
822		0.8061
821.5		0.804
821		0.8046
820.5		0.8054
820		0.8057
819.5		0.8047
819		0.8046
818.5		0.8053
818		0.8045
817.5		0.8042
817		0.8057
816.5		0.8046
816		0.8058
815.5		0.8041
815		0.8048
814.5		0.8054
814		0.8062
813.5		0.8048
813		0.8051
812.5		0.8055
812		0.804
811.5		0.8052
811		0.8044
810.5		0.8051
810		0.805
809.5		0.8057
809		0.8051
808.5		0.8057
808		0.8048
807.5		0.805
807		0.8059
806.5		0.8061
806		0.8053
805.5		0.8059
805		0.8059
804.5		0.8059
804		0.8066
803.5		0.8066
803		0.8051
802.5		0.8052
802		0.8067
801.5		0.8054
801		0.8046
800.5		0.8072
800		0.806
799.5		0.8067
799		0.8056
798.5		0.8062
798		0.8076
797.5		0.8068
797		0.8064
796.5		0.8066
796		0.8058
795.5		0.8072
795		0.8079
794.5		0.8075
794		0.8084
793.5		0.8072
793		0.8079
792.5		0.8063
792		0.8078
791.5		0.8076
791		0.808
790.5		0.8083
790		0.8081
789.5		0.8078
789		0.8055
788.5		0.8089
788		0.8081
787.5		0.8082
787		0.8094
786.5		0.8069
786		0.8083
785.5		0.8098
785		0.8076
784.5		0.8085
784		0.808
783.5		0.8101
783		0.8083
782.5		0.8095
782		0.8098
781.5		0.809
781		0.81
780.5		0.8094
780		0.8087
779.5		0.8103
779		0.8089
778.5		0.811
778		0.809
777.5		0.8093
777		0.8092
776.5		0.8112
776		0.812
775.5		0.8108
775		0.8105
774.5		0.8102
774		0.8096
773.5		0.8106
773		0.8102
772.5		0.8112
772		0.8104
771.5		0.8106
771		0.812
770.5		0.811
770		0.811
769.5		0.8113
769		0.8104
768.5		0.8114
768		0.8117
767.5		0.8118
767		0.8106
766.5		0.8118
766		0.8108
765.5		0.8123
765		0.8123
764.5		0.8108
764		0.8122
763.5		0.8112
763		0.8126
762.5		0.8122
762		0.8114
761.5		0.8118
761		0.8129
760.5		0.8115
760		0.8135
759.5		0.8124
759		0.8116
758.5		0.8128
758		0.8124
757.5		0.8124
757		0.8125
756.5		0.812
756		0.8122
755.5		0.8121
755		0.8112
754.5		0.8115
754		0.8129
753.5		0.8133
753		0.8141
752.5		0.8132
752		0.8124
751.5		0.8142
751		0.8143
750.5		0.8135
750		0.814
749.5		0.8136
749		0.8143
748.5		0.8143
748		0.8137
747.5		0.8141
747		0.815
746.5		0.8158
746		0.8148
745.5		0.8143
745		0.8154
744.5		0.8149
744		0.8162
743.5		0.8153
743		0.8162
742.5		0.8162
742		0.8162
741.5		0.8158
741		0.8158
740.5		0.8172
740		0.8168
739.5		0.8162
739		0.8165
738.5		0.8177
738		0.8179
737.5		0.8168
737		0.818
736.5		0.8175
736		0.8174
735.5		0.8198
735		0.8203
734.5		0.8196
734		0.8204
733.5		0.8205
733		0.8204
732.5		0.8216
732		0.8208
731.5		0.8214
731		0.8242
730.5		0.8244
730		0.8247
729.5		0.8244
729		0.8263
728.5		0.8266
728		0.8269
727.5		0.8285
727		0.8285
726.5		0.831
726		0.8321
725.5		0.8326
725		0.8345
724.5		0.834
724		0.8366
723.5		0.8394
723		0.8406
722.5		0.8432
722		0.8447
721.5		0.8463
721		0.8507
720.5		0.8518
720		0.855
719.5		0.8573
719		0.8587
718.5		0.8592
718		0.8611
717.5		0.862
717		0.8638
716.5		0.8629
716		0.8611
715.5		0.8577
715		0.8558
714.5		0.8554
714		0.8493
713.5		0.8499
713		0.8447
712.5		0.8425
712		0.8397
711.5		0.8357
711		0.8337
710.5		0.8317
710		0.8296
709.5		0.8285
709		0.826
708.5		0.8264
708		0.8235
707.5		0.8222
707		0.8226
706.5		0.8222
706		0.8216
705.5		0.8227
705		0.822
704.5		0.8215
704		0.8226
703.5		0.8214
703		0.822
702.5		0.8218
702		0.8224
701.5		0.8216
701		0.8219
700.5		0.8215
700		0.8222
699.5		0.8236
699		0.8219
698.5		0.8224
698		0.8222
697.5		0.8223
697		0.8223
696.5		0.8221
696		0.8205
695.5		0.8216
695		0.8218
694.5		0.8223
694		0.8211
693.5		0.8216
693		0.8199
692.5		0.8211
692		0.8214
691.5		0.8209
691		0.821
690.5		0.8216
690		0.8218
689.5		0.8202
689		0.8209
688.5		0.8217
688		0.8213
687.5		0.8223
687		0.8202
686.5		0.8203
686		0.8214
685.5		0.8209
685		0.8204
684.5		0.8216
684		0.8216
683.5		0.8211
683		0.8217
682.5		0.8201
682		0.8205
681.5		0.8205
681		0.821
680.5		0.8203
680		0.8205
679.5		0.8204
679		0.822
678.5		0.8211
678		0.82
677.5		0.8209
677		0.8209
676.5		0.8207
676		0.8209
675.5		0.8205
675		0.8204
674.5		0.8201
674		0.8213
673.5		0.8207
673		0.8191
672.5		0.8215
672		0.8205
671.5		0.8203
671		0.8206
670.5		0.8203
670		0.8205
669.5		0.8204
669		0.8208
668.5		0.8203
668		0.82
667.5		0.8204
667		0.82
666.5		0.8203
666		0.8196
665.5		0.8201
665		0.8205
664.5		0.819
664		0.8197
663.5		0.8201
663		0.8201
662.5		0.8202
662		0.8191
661.5		0.8197
661		0.8197
660.5		0.8203
660		0.8199
659.5		0.8199
659		0.8197
658.5		0.8201
658		0.8194
657.5		0.8186
657		0.8191
656.5		0.8199
656		0.8186
655.5		0.819
655		0.8185
654.5		0.8197
654		0.8195
653.5		0.8194
653		0.8187
652.5		0.8188
652		0.8194
651.5		0.8187
651		0.8189
650.5		0.8181
650		0.8182
649.5		0.8184
649		0.8181
648.5		0.8169
648		0.8176
647.5		0.8165
647		0.8174
646.5		0.8177
646		0.8175
645.5		0.8169
645		0.8165
644.5		0.8165
644		0.8158
643.5		0.8159
643		0.8158
642.5		0.8161
642		0.8158
641.5		0.8144
641		0.8148
640.5		0.8143
640		0.8139
639.5		0.8143
639		0.8135
638.5		0.8131
638		0.8136
637.5		0.8133
637		0.8117
636.5		0.8123
636		0.8121
635.5		0.8117
635		0.8117
634.5		0.811
634		0.8108
633.5		0.8112
633		0.8107
632.5		0.8113
632		0.8109
631.5		0.8116
631		0.8124
630.5		0.8121
630		0.8122
629.5		0.8135
629		0.8145
628.5		0.815
628		0.8164
627.5		0.8178
627		0.8198
626.5		0.8205
626		0.8221
625.5		0.8237
625		0.8257
624.5		0.826
624		0.8276
623.5		0.8301
623		0.8305
622.5		0.8314
622		0.8332
621.5		0.8347
621		0.8339
620.5		0.8361
620		0.8364
619.5		0.8376
619		0.8372
618.5		0.8386
618		0.8388
617.5		0.838
617		0.8383
616.5		0.8366
616		0.8373
615.5		0.8359
615		0.8369
614.5		0.8371
614		0.8359
613.5		0.8368
613		0.8365
612.5		0.8357
612		0.8366
611.5		0.8365
611		0.8363
610.5		0.8367
610		0.8365
609.5		0.8359
609		0.8361
608.5		0.8367
608		0.8367
607.5		0.8362
607		0.8373
606.5		0.837
606		0.8377
605.5		0.838
605		0.8378
604.5		0.837
604		0.8381
603.5		0.8376
603		0.838
602.5		0.8368
602		0.8382
601.5		0.8379
601		0.8382
600.5		0.8368
600		0.8378
599.5		0.8372
599		0.8386
598.5		0.838
598		0.8384
597.5		0.8386
597		0.839
596.5		0.8401
596		0.8393
595.5		0.8386
595		0.8399
594.5		0.8398
594		0.8403
593.5		0.8394
593		0.8395
592.5		0.8399
592		0.8404
591.5		0.84
591		0.8414
590.5		0.8401
590		0.841
589.5		0.8411
589		0.8407
588.5		0.8418
588		0.8413
587.5		0.8408
587		0.8415
586.5		0.842
586		0.8416
585.5		0.8422
585		0.8424
584.5		0.8419
584		0.8421
583.5		0.8409
583		0.8422
582.5		0.8429
582		0.8418
581.5		0.8427
581		0.8424
580.5		0.8433
580		0.8435
579.5		0.8429
579		0.8438
578.5		0.8434
578		0.8431
577.5		0.8437
577		0.8442
576.5		0.8437
576		0.8442
575.5		0.8446
575		0.8431
574.5		0.8446
574		0.8442
573.5		0.8443
573		0.845
572.5		0.8445
572		0.8447
571.5		0.8444
571		0.8459
570.5		0.8446
570		0.8455
569.5		0.8455
569		0.8458
568.5		0.8463
568		0.8464
567.5		0.8462
567		0.8465
566.5		0.8455
566		0.8469
565.5		0.8463
565		0.8462
564.5		0.8465
564		0.8468
563.5		0.8461
563		0.8475
562.5		0.8477
562		0.8479
561.5		0.8476
561		0.8473
560.5		0.8482
560		0.8491
559.5		0.8498
559		0.8499
558.5		0.8497
558		0.8504
557.5		0.8508
557		0.8504
556.5		0.8504
556		0.8505
555.5		0.8507
555		0.8519
554.5		0.851
554		0.8503
553.5		0.8512
553		0.8507
552.5		0.8517
552		0.8517
551.5		0.851
551		0.8519
550.5		0.8522
550		0.8527
549.5		0.8534
549		0.8524
548.5		0.8521
548		0.8532
547.5		0.8531
547		0.8522
546.5		0.8523
546		0.8526
545.5		0.853
545		0.8534
544.5		0.8527
544		0.8536
543.5		0.8542
543		0.8538
542.5		0.8545
542		0.8542
541.5		0.8545
541		0.8548
540.5		0.8544
540		0.8551
539.5		0.8552
539		0.8544
538.5		0.8549
538		0.8558
537.5		0.8545
537		0.8548
536.5		0.8556
536		0.8557
535.5		0.8548
535		0.8547
534.5		0.8553
534		0.8561
533.5		0.8565
533		0.8557
532.5		0.8562
532		0.8559
531.5		0.8562
531		0.8561
530.5		0.8556
530		0.8554
529.5		0.8565
529		0.8569
528.5		0.8572
528		0.8554
527.5		0.8567
527		0.8567
526.5		0.8575
526		0.8564
525.5		0.8561
525		0.8568
524.5		0.8572
524		0.8565
523.5		0.8563
523		0.8573
522.5		0.8568
522		0.8575
521.5		0.8571
521		0.8561
520.5		0.857
520		0.8573
519.5		0.8574
519		0.8579
518.5		0.8562
518		0.8569
517.5		0.8577
517		0.8578
516.5		0.8575
516		0.8566
515.5		0.8563
515		0.8572
514.5		0.8577
514		0.8573
513.5		0.8568
513		0.8575
512.5		0.8573
512		0.8577
511.5		0.8572
511		0.8581
510.5		0.8586
510		0.8585
509.5		0.8587
509		0.8581
508.5		0.8591
508		0.8598
507.5		0.8604
507		0.8613
506.5		0.8613
506		0.8613
505.5		0.8637
505		0.8657
504.5		0.8651
504		0.8672
503.5		0.8672
503		0.8686
502.5		0.8703
502		0.8704
501.5		0.8712
501		0.8722
500.5		0.8745
500		0.8757
499.5		0.8752
499		0.8761
498.5		0.8767
498		0.8784
497.5		0.8796
497		0.8796
496.5		0.8798
496		0.8819
495.5		0.8827
495		0.8825
494.5		0.8839
494		0.8834
493.5		0.8853
493		0.8843
492.5		0.8843
492		0.8853
491.5		0.8861
491		0.8872
490.5		0.8863
490		0.8874
489.5		0.8874
489		0.8876
488.5		0.8887
488		0.8879
487.5		0.8885
487		0.8879
486.5		0.8883
486		0.8892
485.5		0.8888
485		0.89
484.5		0.8908
484		0.8906
483.5		0.89
483		0.8914
482.5		0.8908
482		0.8921
481.5		0.8926
481		0.892
480.5		0.8939
480		0.8938
479.5		0.8944
479		0.8948
478.5		0.8957
478		0.8956
477.5		0.8964
477		0.8978
476.5		0.8971
476		0.8981
475.5		0.8993
475		0.9007
474.5		0.9016
474		0.9009
473.5		0.9029
473		0.9039
472.5		0.9045
472		0.9052
471.5		0.9062
471		0.9073
470.5		0.9074
470		0.9078
469.5		0.911
469		0.9116
468.5		0.9119
468		0.913
467.5		0.9141
467		0.9147
466.5		0.9162
466		0.9182
465.5		0.9209
465		0.9213
464.5		0.9223
464		0.9219
463.5		0.9234
463		0.9263
462.5		0.9267
462		0.9272
461.5		0.929
461		0.9319
460.5		0.9315
460		0.9332
459.5		0.9338
459		0.9358
458.5		0.9359
458		0.9381
457.5		0.9387
457		0.9386
456.5		0.9395
456		0.9392
455.5		0.9405
455		0.939
454.5		0.9394
454		0.9391
453.5		0.9395
453		0.9362
452.5		0.9369
452		0.9368
451.5		0.9355
451		0.9343
450.5		0.9312
450		0.9321
449.5		0.9304
449		0.9285
448.5		0.928
448		0.9255
447.5		0.9246
447		0.925
446.5		0.9236
446		0.9187
445.5		0.92
445		0.9183
444.5		0.9183
444		0.9189
443.5		0.9175
443		0.9146
442.5		0.9159
442		0.9152
441.5		0.9141
441		0.9135
440.5		0.9129
440		0.914
439.5		0.9137
439		0.9119
438.5		0.9123
438		0.913
437.5		0.9126
437		0.913
436.5		0.9105
436		0.9113
435.5		0.9132
435		0.9124
434.5		0.9102
434		0.9118
433.5		0.9115
433		0.9113
432.5		0.9116
432		0.9101
431.5		0.9117
431		0.9104
430.5		0.9135
430		0.9154
429.5		0.9114
429		0.9131
428.5		0.9147
428		0.9133
427.5		0.9133
427		0.9142
426.5		0.9134
426		0.9156
425.5		0.9148
425		0.9158
424.5		0.916
424		0.9164
423.5		0.9162
423		0.9173
422.5		0.9169
422		0.9165
421.5		0.9197
421		0.9195
420.5		0.9183
420		0.9185
419.5		0.9211
419		0.9218
418.5		0.9202
418		0.9207
417.5		0.9201
417		0.9219
416.5		0.9226
416		0.9244
415.5		0.9244
415		0.9236
414.5		0.9254
414		0.9263
413.5		0.9257
413		0.9251
412.5		0.9238
412		0.9256
411.5		0.925
411		0.9239
410.5		0.9261
410		0.9276
409.5		0.9259
409		0.9284
408.5		0.9269
408		0.9294
407.5		0.929
407		0.9292
406.5		0.9293
406		0.9311
405.5		0.9293
405		0.9313
404.5		0.9303
404		0.9311
403.5		0.9312
403		0.9318
402.5		0.9318
402		0.9327
401.5		0.9311
401		0.9313
400.5		0.9336
400		0.9321
399.5		0.933
399		0.9324
398.5		0.9335
398		0.9337
397.5		0.9342
397		0.9351
396.5		0.9352
396		0.9365
395.5		0.9378
395		0.9375
394.5		0.9366
394		0.9375
393.5		0.9382
393		0.9387
392.5		0.9402
392		0.9408
391.5		0.9408
391		0.942
390.5		0.9435
390		0.9412
389.5		0.9449
389		0.9431
388.5		0.945
388		0.9446
387.5		0.9484
387		0.9472
386.5		0.9486
386		0.949
385.5		0.9499
385		0.9514
384.5		0.9529
384		0.9556
383.5		0.9541
383		0.9551
382.5		0.9572
382		0.9571
381.5		0.9593
381		0.959
380.5		0.9614
380		0.9587
379.5		0.9612
379		0.9626
378.5		0.9636
378		0.964
377.5		0.9615
377		0.9664
376.5		0.9659
376		0.9644
375.5		0.9646
375		0.9669
374.5		0.9657
374		0.9677
373.5		0.9672
373		0.9652
372.5		0.9654
372		0.9681
371.5		0.968
371		0.9673
370.5		0.9703
370		0.9694
369.5		0.9711
369		0.9718
368.5		0.9721
368		0.9682
367.5		0.9723
367		0.9755
366.5		0.9746
366		0.9743
365.5		0.9748
365		0.9784
364.5		0.9771
364		0.9759
363.5		0.9784
363		0.9767
362.5		0.9802
362		0.9794
361.5		0.9803
361		0.9817
360.5		0.9839
360		0.9851
359.5		0.9839
359		0.9839
358.5		0.9881
358		0.9847
357.5		0.9865
357		0.9859
356.5		0.9868
356		0.9866
355.5		0.9914
355		0.9879
354.5		0.9929
354		0.9875
353.5		0.9909
353		0.9934
352.5		0.9919
352		0.9961
351.5		0.9922
351		0.9939
350.5		0.9949
350		0.9997
349.5		0.998
349		0.9998
348.5		0.9947
348		1.0001
347.5		0.9989
347		1.0003
346.5		1.0011
346		1.0036
345.5		0.9991
345		1.0057
344.5		1.0019
344		1.005
343.5		1.0088
343		1.0093
342.5		1.0077
342		1.009
341.5		1.0044
341		1.0077
340.5		1.0139
340		1.0185
339.5		1.0215
339		1.0259
338.5		1.028
338		1.0356
337.5		1.0309
337		1.0291
336.5		1.0286
336		1.0327
335.5		1.032
335		1.0335
334.5		1.0328
334		1.0326
333.5		1.0291
333		1.0355
332.5		1.0365
332		1.032
331.5		1.0423
331		1.0419
330.5		1.0365
330		1.046
329.5		1.0444
329		1.0469
328.5		1.047
328		1.0432
327.5		1.0443
327		1.0476
326.5		1.0546
326		1.0521
325.5		1.0488
325		1.0505
324.5		1.059
324		1.0589
323.5		1.0566
323		1.0557
322.5		1.0563
322		1.0532
321.5		1.0639
321		1.061
320.5		1.062
320		1.0591
319.5		1.0673
319		1.0649
318.5		1.0613
318		1.0639
317.5		1.0711
317		1.0675
316.5		1.0735
316		1.0735
315.5		1.079
315		1.0828
314.5		1.0751
314		1.0781
313.5		1.0762
313		1.0728
312.5		1.081
312		1.0792
311.5		1.0821
311		1.0819
310.5		1.0797
310		1.0868
309.5		1.0801
309		1.086
308.5		1.0844
308		1.0931
307.5		1.0817
307		1.0937
306.5		1.089
306		1.0892
305.5		1.0928
305		1.0984
304.5		1.0876
304		1.0918
303.5		1.0924
303		1.0962
302.5		1.0886
302		1.0991
301.5		1.1004
301		1.099
300.5		1.0915
300		1.0967
299.5		1.102
299		1.0974
298.5		1.0954
298		1.0939
297.5		1.0955
297		1.0918
296.5		1.095
296		1.1012
295.5		1.1034
295		1.0977
294.5		1.1046
294		1.1139
293.5		1.0992
293		1.1012
292.5		1.1105
292		1.1028
291.5		1.1048
291		1.1076
290.5		1.1163
290		1.1123
289.5		1.1174
289		1.1074
288.5		1.1086
288		1.1165
287.5		1.1191
287		1.112
286.5		1.1095
286		1.1289
285.5		1.1184
285		1.1231
284.5		1.1161
284		1.1254
283.5		1.1275
283		1.1353
282.5		1.1257
282		1.1282
281.5		1.1363
281		1.1322
280.5		1.1245
280		1.1398
279.5		1.1465
279		1.1273
278.5		1.1303
278		1.1442
277.5		1.1458
277		1.1454
276.5		1.156
276		1.1555
275.5		1.1451
275		1.158
274.5		1.152
274		1.1472
273.5		1.1498
273		1.1578
272.5		1.1493
272		1.1493
271.5		1.1551
271		1.1681
270.5		1.1567
270		1.1672
269.5		1.1766
269		1.1666
268.5		1.1632
268		1.182
267.5		1.1826
267		1.1642
266.5		1.1619
266		1.1599
265.5		1.1811
265		1.1532
264.5		1.1647
264		1.1656
263.5		1.1659
263		1.1602
262.5		1.1367
262		1.2032
261.5		1.1932
261		1.1668
260.5		1.1645
260		1.1678
259.5		1.1874
259		1.1866
258.5		1.1844
258		1.1794
257.5		1.2138
257		1.1795
256.5		1.2077
256		1.1904
255.5		1.1514
255		1.1987
254.5		1.2589
254		1.2559
253.5		1.2381
253		1.2273
252.5		1.219
252		1.2084
251.5		1.1864
251		1.2113
250.5		1.2339
250		1.1956
249.5		1.1903
249		1.2712
248.5		1.2508
248		1.2806
247.5		1.2482
247		1.2557
246.5		1.3158
246		1.2542
245.5		1.294
245		1.135
244.5		1.2066
244		1.3246
243.5		1.3024
243		1.2757
242.5		1.3994
242		1.4516
241.5		1.4278
241		1.2796
240.5		1.4308
240		1.4219
239.5		1.4483
239		1.5476
238.5		1.3994
238		1.4747
237.5		1.4264
237		1.2923
236.5		1.383
236		1.4282
235.5		1.2486
235		1.3082
234.5		1.3282
234		1.3407
233.5		1.1096
233		1.4704
232.5		1.3934
232		1.7881
231.5		1.4148
231		1.3753
230.5		1.5089
230		1.6549
229.5		1.2783
229		1.1605
228.5		1.4423
228		1.0134
227.5		1.8027
227		1.6345
226.5		1.5096
226		1.4391
225.5		2.0114
225		2.4606
224.5		1.0214
224		1.0739
223.5		1.0399
223		2.2952
222.5		1.9291
222		1.5888
221.5		1.2473
221		5.2152
220.5		0.8467
220		1.7392
219.5		0.9335
219		1.8254
218.5		1.9463
218		0.8893
217.5		1.0261
217		0.9999
216.5		0.1393
216		1.655
215.5		0.8849
215		-0.2442
214.5		2.2891
214		-2.9816
213.5		-2.6839
213		1.6982
212.5		1.6716
212		1.5516
211.5		-0.9436
211		-50.6405
210.5		1.676
210		-8.9537
209.5		1.4396
209		0.904
208.5		0.9208
208		3.8423
207.5		1.7714
207		1.5249
206.5		0.7024
206		1.068
205.5		1.5404
205		0.568
204.5		0.3226
204		0.9526
203.5		0.3917
203		1.4797
202.5		5.0315
202		1.087
201.5		-0.5971
201		-1.0606
200.5		1.9328
200		3.8345
lambda		value

Calibration:
lambda:	0
Abs:	0

Data:
#
900		0.8256
899.5		0.803225
899		0.802683
898.5		0.788953
898		0.781117
897.5		0.797437
897		0.83599
896.5		0.816126
896		0.777645
895.5		0.77158
895		0.816109
894.5		0.783949
894		0.798623
893.5		0.822665
893		0.836891
892.5		0.774746
892		0.805842
891.5		0.778586
891		0.786971
890.5		0.8002
890		0.774041
889.5		0.802673
889		0.813184
888.5		0.821546
888		0.79464
887.5		0.792576
887		0.793505
886.5		0.798848
886		0.812252
885.5		0.802802
885		0.781437
884.5		0.808569
884		0.808971
883.5		0.785657
883		0.805964
882.5		0.806624
882		0.808192
881.5		0.788115
881		0.808784
880.5		0.798812
880		0.809355
879.5		0.802495
879		0.803609
878.5		0.805859
878		0.801907
877.5		0.794626
877		0.821007
876.5		0.793513
876		0.799496
875.5		0.804059
875		0.807165
874.5		0.800364
874		0.804856
873.5		0.809514
873		0.803371
872.5		0.811717
872		0.794566
871.5		0.802046
871		0.803682
870.5		0.799722
870		0.797519
869.5		0.790902
869		0.80184
868.5		0.806768
868		0.79577
867.5		0.793545
867		0.802976
866.5		0.797476
866		0.794384
865.5		0.80046
865		0.803521
864.5		0.796161
864		0.799661
863.5		0.796925
863		0.797395
862.5		0.803395
862		0.799267
861.5		0.798685
861		0.811715
860.5		0.805996
860		0.803609
859.5		0.794542
859		0.796748
858.5		0.798908
858		0.798889
857.5		0.801796
857		0.803038
856.5		0.798217
856		0.796493
855.5		0.797803
855		0.797067
854.5		0.797962
854		0.799901
853.5		0.804145
853		0.797284
852.5		0.79667
852		0.799783
851.5		0.802144
851		0.799368
850.5		0.800297
850		0.799248
849.5		0.799131
849		0.801027
848.5		0.796005
848		0.799664
847.5		0.800573
847		0.798599
846.5		0.79797
846		0.800434
845.5		0.800831
845		0.798953
844.5		0.800513
844		0.800514
843.5		0.796873
843		0.80156
842.5		0.801028
842		0.798777
841.5		0.801999
841		0.799427
840.5		0.799684
840		0.801284
839.5		0.799191
839		0.800673
838.5		0.800889
838		0.799604
837.5		0.798932
837		0.801109
836.5		0.80242
836		0.798813
835.5		0.801841
835		0.799921
834.5		0.801847
834		0.802184
833.5		0.800932
833		0.801687
832.5		0.801252
832		0.803042
831.5		0.803935
831		0.801034
830.5		0.803208
830		0.804276
829.5		0.803207
829		0.8
828.5		0.802251
828		0.802569
827.5		0.805063
827		0.803029
826.5		0.800577
826		0.804389
825.5		0.803148
825		0.80425
824.5		0.802754
824		0.801956
823.5		0.805195
823		0.804929
822.5		0.804522
822		0.803849
821.5		0.802716
821		0.803235
820.5		0.802591
820		0.804092
819.5		0.804378
819		0.8046
818.5		0.803693
818		0.804902
817.5		0.806054
817		0.805217
816.5		0.803636
816		0.803871
815.5		0.801535
815		0.805525
814.5		0.805078
814		0.8062
813.5		0.805042
813		0.804859
812.5		0.804695
812		0.803598
811.5		0.805603
811		0.803918
810.5		0.803333
810		0.804517
809.5		0.80337
809		0.805342
808.5		0.805781
808		0.80472
807.5		0.805403
807		0.805578
806.5		0.806584
806		0.805864
805.5		0.805095
805		0.806626
804.5		0.805256
804		0.805633
803.5		0.807004
803		0.803894
802.5		0.804959
802		0.804769
801.5		0.804756
801		0.805889
800.5		0.804465
800		0.805758
799.5		0.806458
799		0.803671
798.5		0.805395
798		0.806793
797.5		0.807931
797		0.805514
796.5		0.805392
796		0.803951
795.5		0.80575
795		0.807496
794.5		0.806855
794		0.807028
793.5		0.805187
793		0.807658
792.5		0.805575
792		0.808447
791.5		0.805345
791		0.8039
790.5		0.806928
790		0.804961
789.5		0.807154
789		0.803812
788.5		0.808496
788		0.806165
787.5		0.806426
787		0.808591
786.5		0.804647
786		0.804599
785.5		0.808829
785		0.803662
784.5		0.806645
784		0.805985
783.5		0.807516
783		0.807815
782.5		0.807481
782		0.806815
781.5		0.807224
781		0.807416
780.5		0.806899
780		0.80596
779.5		0.80836
779		0.806883
778.5		0.807769
778		0.807546
777.5		0.805594
777		0.806056
776.5		0.808532
776		0.808282
775.5		0.806606
775		0.809286
774.5		0.805688
774		0.808468
773.5		0.807934
773		0.80649
772.5		0.808935
772		0.805807
771.5		0.80874
771		0.808282
770.5		0.806885
770		0.808252
769.5		0.808148
769		0.807091
768.5		0.807444
768		0.807581
767.5		0.808405
767		0.805926
766.5		0.808485
766		0.808375
765.5		0.809064
765		0.806093
764.5		0.808133
764		0.808401
763.5		0.808854
763		0.807593
762.5		0.808803
762		0.807524
761.5		0.806077
761		0.809258
760.5		0.807784
760		0.81042
759.5		0.808197
759		0.806519
758.5		0.808434
758		0.807154
757.5		0.807635
757		0.807654
756.5		0.806676
756		0.808159
755.5		0.807578
755		0.806442
754.5		0.807141
754		0.805969
753.5		0.809737
753		0.81013
752.5		0.807387
752		0.807394
751.5		0.806618
751		0.809122
750.5		0.807845
750		0.808342
749.5		0.808828
749		0.807117
748.5		0.80872
748		0.808284
747.5		0.807879
747		0.810381
746.5		0.808603
746		0.809458
745.5		0.807917
745		0.808848
744.5		0.807872
744		0.808119
743.5		0.808188
743		0.809321
742.5		0.80916
742		0.808759
741.5		0.807563
741		0.807563
740.5		0.809349
740		0.808153
739.5		0.80916
739		0.807297
738.5		0.808803
738		0.809241
737.5		0.807514
737		0.808141
736.5		0.807567
736		0.807708
735.5		0.809359
735		0.810253
734.5		0.807011
734		0.809153
733.5		0.809012
733		0.808834
732.5		0.808343
732		0.80597
731.5		0.806876
731		0.808991
730.5		0.810221
730		0.808371
729.5		0.807839
729		0.808038
728.5		0.806203
728		0.807914
727.5		0.806326
727		0.807426
726.5		0.809547
726		0.807081
725.5		0.807801
725		0.807294
724.5		0.804786
724		0.805352
723.5		0.807348
723		0.806563
722.5		0.807431
722		0.80509
721.5		0.80485
721		0.805358
720.5		0.804648
720		0.807442
719.5		0.805052
719		0.807808
718.5		0.80472
718		0.806953
717.5		0.808024
717		0.808801
716.5		0.808489
716		0.808014
715.5		0.80664
715		0.810033
714.5		0.812114
714		0.808318
713.5		0.811748
713		0.808712
712.5		0.809551
712		0.809818
711.5		0.808221
711		0.807927
710.5		0.808025
710		0.809761
709.5		0.808924
709		0.808773
708.5		0.810991
708		0.808304
707.5		0.809332
707		0.810364
706.5		0.80989
706		0.810736
705.5		0.810382
705		0.809932
704.5		0.808881
704		0.811083
703.5		0.808703
703		0.809374
702.5		0.810054
702		0.810885
701.5		0.809299
701		0.810233
700.5		0.810238
700		0.809411
699.5		0.81295
699		0.809116
698.5		0.810566
698		0.811328
697.5		0.810787
697		0.810947
696.5		0.81171
696		0.808693
695.5		0.809378
695		0.809097
694.5		0.811747
694		0.809604
693.5		0.810336
693		0.808819
692.5		0.809125
692		0.811099
691.5		0.810605
691		0.809425
690.5		0.811617
690		0.811014
689.5		0.809834
689		0.811246
688.5		0.811155
688		0.812444
687.5		0.811427
687		0.809754
686.5		0.809773
686		0.811821
685.5		0.810525
685		0.810032
684.5		0.811136
684		0.811537
683.5		0.811524
683		0.811636
682.5		0.810135
682		0.809571
681.5		0.81053
681		0.809904
680.5		0.810493
680		0.81045
679.5		0.809792
679		0.8137
678.5		0.811604
678		0.810757
677.5		0.811567
677		0.811246
676.5		0.812735
676		0.81229
675.5		0.811573
675		0.812116
674.5		0.810776
674		0.812846
673.5		0.812092
673		0.810188
672.5		0.812321
672		0.811492
671.5		0.811455
671		0.811832
670.5		0.811616
670		0.812457
669.5		0.811153
669		0.812352
668.5		0.811937
668		0.810517
667.5		0.811233
667		0.811479
666.5		0.811054
666		0.812531
665.5		0.810936
665		0.812376
664.5		0.811856
664		0.81014
663.5		0.812382
663		0.812141
662.5		0.811677
662		0.81107
661.5		0.811504
661		0.811423
660.5		0.812178
660		0.812104
659.5		0.812506
659		0.811906
658.5		0.812865
658		0.812574
657.5		0.810896
657		0.811794
656.5		0.812265
656		0.811298
655.5		0.813145
655		0.811199
654.5		0.812147
654		0.812835
653.5		0.812574
653		0.812928
652.5		0.811899
652		0.812736
651.5		0.813413
651		0.811113
650.5		0.811768
650		0.812029
649.5		0.813115
649		0.812736
648.5		0.81106
648		0.812804
647.5		0.811388
647		0.813819
646.5		0.812904
646		0.812382
645.5		0.811705
645		0.8126
644.5		0.812438
644		0.812955
643.5		0.812488
643		0.812955
642.5		0.814227
642		0.813522
641.5		0.812774
641		0.812687
640.5		0.812026
640		0.814144
639.5		0.814137
639		0.813175
638.5		0.813995
638		0.814659
637.5		0.816157
637		0.814387
636.5		0.815153
636		0.816181
635.5		0.815369
635		0.816928
634.5		0.816388
634		0.816598
633.5		0.818154
633		0.818145
632.5		0.819164
632		0.819505
631.5		0.819053
631		0.820357
630.5		0.820303
630		0.819246
629.5		0.820474
629		0.819746
628.5		0.819755
628		0.819596
627.5		0.818619
627		0.821032
626.5		0.818454
626		0.818662
625.5		0.818381
625		0.816716
624.5		0.816851
624		0.815691
623.5		0.816947
623		0.815976
622.5		0.813901
622		0.816863
621.5		0.816492
621		0.81372
620.5		0.814595
620		0.81346
619.5		0.813915
619		0.813447
618.5		0.813622
618		0.813106
617.5		0.812409
617		0.814042
616.5		0.813497
616		0.814257
615.5		0.8125
615		0.81466
614.5		0.813271
614		0.813766
613.5		0.813929
613		0.814112
612.5		0.81365
612		0.813734
611.5		0.814588
611		0.813284
610.5		0.81502
610		0.813399
609.5		0.812105
609		0.812931
608.5		0.813436
608		0.813515
607.5		0.813108
607		0.814653
606.5		0.813174
606		0.815042
605.5		0.814383
605		0.814426
604.5		0.813569
604		0.814955
603.5		0.814152
603		0.813592
602.5		0.81298
602		0.81434
601.5		0.813258
601		0.815449
600.5		0.811797
600		0.813319
599.5		0.813052
599		0.811889
598.5		0.813119
598		0.812561
597.5		0.814491
597		0.814959
596.5		0.814445
596		0.81438
595.5		0.812125
595		0.813462
594.5		0.814075
594		0.81385
593.5		0.814082
593		0.813311
592.5		0.813384
592		0.814183
591.5		0.812772
591		0.814048
590.5		0.813499
590		0.81374
589.5		0.813994
589		0.813213
588.5		0.814041
588		0.814345
587.5		0.814255
587		0.813672
586.5		0.813291
586		0.812669
585.5		0.814664
585		0.812735
584.5		0.813116
584		0.813545
583.5		0.81121
583		0.814664
582.5		0.81416
582		0.812784
581.5		0.813574
581		0.812265
580.5		0.814389
580		0.813796
579.5		0.813453
579		0.814007
578.5		0.812446
578		0.813803
577.5		0.813205
577		0.814079
576.5		0.813362
576		0.813765
575.5		0.81596
575		0.812705
574.5		0.813994
574		0.813216
573.5		0.812139
573		0.815165
572.5		0.813976
572		0.813228
571.5		0.812861
571		0.814383
570.5		0.812975
570		0.81439
569.5		0.813607
569		0.813269
568.5		0.813437
568		0.81244
567.5		0.814515
567		0.814021
566.5		0.81259
566		0.813701
565.5		0.81211
565		0.81381
564.5		0.813551
564		0.81337
563.5		0.812386
563		0.812171
562.5		0.814861
562		0.813724
561.5		0.812344
561		0.813773
560.5		0.812997
560		0.815345
559.5		0.817823
559		0.815565
558.5		0.815999
558		0.816985
557.5		0.815802
557		0.816045
556.5		0.81581
556		0.815358
555.5		0.816019
555		0.816074
554.5		0.816307
554		0.814854
553.5		0.815716
553		0.815472
552.5		0.815414
552		0.815726
551.5		0.815368
551		0.816074
550.5		0.81644
550		0.814422
549.5		0.817746
549		0.814914
548.5		0.815719
548		0.815835
547.5		0.814571
547		0.815658
546.5		0.815052
546		0.815573
545.5		0.816815
545		0.81548
544.5		0.815669
544		0.815593
543.5		0.815777
543		0.816408
542.5		0.815207
542		0.816245
541.5		0.815207
541		0.815493
540.5		0.815034
540		0.814226
539.5		0.816966
539		0.814956
538.5		0.8152
538		0.816369
537.5		0.81412
537		0.816038
536.5		0.815634
536		0.815807
535.5		0.813708
535		0.81338
534.5		0.814106
534		0.815722
533.5		0.814706
533		0.815108
532.5		0.815739
532		0.814677
531.5		0.815273
531		0.814248
530.5		0.81478
530		0.814046
529.5		0.814396
529		0.816328
528.5		0.815371
528		0.813659
527.5		0.815749
527		0.814586
526.5		0.8162
526		0.815076
525.5		0.814248
525		0.816233
524.5		0.815371
524		0.814938
523.5		0.815757
523		0.815932
522.5		0.815146
522		0.815579
521.5		0.81613
521		0.815489
520.5		0.814949
520		0.815467
519.5		0.815174
519		0.816503
518.5		0.815662
518		0.815241
517.5		0.816313
517		0.81633
516.5		0.815424
516		0.816587
515.5		0.815446
515		0.816459
514.5		0.818104
514		0.816088
513.5		0.817479
513		0.817211
512.5		0.817878
512		0.819119
511.5		0.816459
511		0.819501
510.5		0.818884
510		0.818242
509.5		0.819448
509		0.817082
508.5		0.819361
508		0.818389
507.5		0.819039
507		0.819583
506.5		0.817716
506		0.816863
505.5		0.819217
505		0.819636
504.5		0.818061
504		0.818577
503.5		0.817188
503		0.818276
502.5		0.817567
502		0.816664
501.5		0.815501
501		0.815445
500.5		0.818514
500		0.816884
499.5		0.816037
499		0.81566
498.5		0.81402
498		0.816433
497.5		0.816258
497		0.815502
496.5		0.814554
496		0.81597
495.5		0.816257
495		0.814265
494.5		0.814579
494		0.813893
493.5		0.814818
493		0.814198
492.5		0.81285
492		0.813844
491.5		0.813085
491		0.813273
490.5		0.813343
490		0.814951
489.5		0.813531
489		0.813342
488.5		0.813828
488		0.812649
487.5		0.815362
487		0.812203
486.5		0.812866
486		0.813988
485.5		0.811541
485		0.814645
484.5		0.814706
484		0.813705
483.5		0.811525
483		0.812876
482.5		0.812551
482		0.812921
481.5		0.812563
481		0.811204
480.5		0.81212
480		0.812915
479.5		0.813239
479		0.811757
478.5		0.812721
478		0.811158
477.5		0.810855
477		0.813077
476.5		0.810388
476		0.811879
475.5		0.810472
475		0.811295
474.5		0.812838
474		0.810235
473.5		0.811814
473		0.811983
472.5		0.811211
472		0.811766
471.5		0.812153
471		0.810162
470.5		0.810179
470		0.809019
469.5		0.812595
469		0.811682
468.5		0.81029
468		0.811051
467.5		0.809726
467		0.809254
466.5		0.809221
466		0.810415
465.5		0.811652
465		0.810575
464.5		0.811312
464		0.808897
463.5		0.810284
463		0.810057
462.5		0.80984
462		0.808793
461.5		0.811141
461		0.812184
460.5		0.809648
460		0.810914
459.5		0.81045
459		0.811059
458.5		0.809532
458		0.811856
457.5		0.810832
457		0.809487
456.5		0.812295
456		0.810284
455.5		0.813089
455		0.811933
454.5		0.812419
454		0.812511
453.5		0.812505
453		0.810072
452.5		0.813211
452		0.81383
451.5		0.813125
451		0.814134
450.5		0.812565
450		0.813067
449.5		0.813429
449		0.810917
448.5		0.814607
448		0.811344
447.5		0.812121
447		0.814691
446.5		0.812313
446		0.810141
445.5		0.811359
445		0.810217
444.5		0.812511
444		0.811893
443.5		0.811086
443		0.8106
442.5		0.811536
442		0.811995
441.5		0.810085
441		0.80984
440.5		0.810602
440		0.812589
439.5		0.812828
439		0.810506
438.5		0.810573
438		0.810979
437.5		0.811489
437		0.812639
436.5		0.809765
436		0.810765
435.5		0.812889
435		0.810806
434.5		0.811085
434		0.810921
433.5		0.809287
433		0.810982
432.5		0.811827
432		0.808547
431.5		0.810616
431		0.808598
430.5		0.814389
430		0.813111
429.5		0.809701
429		0.811717
428.5		0.81148
428		0.81175
427.5		0.810669
427		0.811396
426.5		0.80925
426		0.811199
425.5		0.81049
425		0.810658
424.5		0.81105
424		0.810328
423.5		0.81051
423		0.811698
422.5		0.81156
422		0.808272
421.5		0.813318
421		0.810918
420.5		0.809646
420		0.810894
419.5		0.811828
419		0.811515
418.5		0.810392
418		0.809691
417.5		0.809093
417		0.807905
416.5		0.810222
416		0.81216
415.5		0.810735
415		0.809749
414.5		0.810475
414		0.812045
413.5		0.810879
413		0.809503
412.5		0.809925
412		0.809091
411.5		0.809912
411		0.808099
410.5		0.808186
410		0.812615
409.5		0.807377
409		0.809063
408.5		0.807193
408		0.810924
407.5		0.811141
407		0.808351
406.5		0.809918
406		0.811487
405.5		0.807315
405		0.811803
404.5		0.808957
404		0.809863
403.5		0.809247
403		0.808924
402.5		0.809135
402		0.809987
401.5		0.808878
401		0.807719
400.5		0.808732
400		0.809747
399.5		0.810811
399		0.808112
398.5		0.807177
398		0.808188
397.5		0.808761
397		0.80968
396.5		0.809907
396		0.810823
395.5		0.811737
395		0.809865
394.5		0.81105
394		0.808259
393.5		0.812505
393		0.808945
392.5		0.808844
392		0.811524
391.5		0.810127
391		0.81109
390.5		0.810776
390		0.807689
389.5		0.809683
389		0.808903
388.5		0.808868
388		0.807696
387.5		0.809215
387		0.808191
386.5		0.808696
386		0.80766
385.5		0.808082
385		0.807709
384.5		0.80604
384		0.810242
383.5		0.807533
383		0.807149
382.5		0.80586
382		0.808976
381.5		0.808581
381		0.807375
380.5		0.807085
380		0.808279
379.5		0.803813
379		0.808636
378.5		0.808186
378		0.806897
377.5		0.804737
377		0.808365
376.5		0.805588
376		0.805479
375.5		0.805444
375		0.806019
374.5		0.807037
374		0.806753
373.5		0.808831
373		0.803864
372.5		0.803763
372		0.807625
371.5		0.802986
371		0.803873
370.5		0.805362
370		0.805283
369.5		0.807836
369		0.805003
368.5		0.804652
368		0.80262
367.5		0.801368
367		0.805599
366.5		0.805854
366		0.804276
365.5		0.804556
365		0.805201
364.5		0.80559
364		0.804269
363.5		0.805334
363		0.803736
362.5		0.80582
362		0.803577
361.5		0.802538
361		0.804606
360.5		0.806938
360		0.806467
359.5		0.806013
359		0.806013
358.5		0.80242
358		0.806536
357.5		0.804059
357		0.804094
356.5		0.805748
356		0.803551
355.5		0.80641
355		0.804741
354.5		0.804684
354		0.800957
353.5		0.804955
353		0.804959
352.5		0.804526
352		0.803436
351.5		0.804443
351		0.805299
350.5		0.80409
350		0.808557
349.5		0.805033
349		0.805706
348.5		0.798827
348		0.801105
347.5		0.80375
347		0.806368
346.5		0.803193
346		0.802752
345.5		0.795209
345		0.804818
344.5		0.803191
344		0.803293
343.5		0.804787
343		0.80673
342.5		0.802565
342		0.804689
341.5		0.802749
341		0.800206
340.5		0.804044
340		0.80603
339.5		0.799734
339		0.803304
338.5		0.809959
338		0.816462
337.5		0.808676
337		0.808215
336.5		0.802716
336		0.810978
335.5		0.805998
335		0.804656
334.5		0.804299
334		0.80177
333.5		0.798123
333		0.805022
332.5		0.805299
332		0.7987
331.5		0.806546
331		0.80874
330.5		0.798844
330		0.809911
329.5		0.803261
329		0.806176
328.5		0.802114
328		0.79951
327.5		0.801951
327		0.802144
326.5		0.806516
326		0.803805
325.5		0.801957
325		0.801786
324.5		0.811681
324		0.808012
323.5		0.805213
323		0.80847
322.5		0.806151
322		0.802133
321.5		0.803975
321		0.805008
320.5		0.805705
320		0.79914
319.5		0.804659
319		0.803577
318.5		0.801768
318		0.803065
317.5		0.807768
317		0.798191
316.5		0.803999
316		0.802197
315.5		0.808421
315		0.806435
314.5		0.80064
314		0.800787
313.5		0.799257
313		0.801794
312.5		0.803717
312		0.796458
311.5		0.8034
311		0.79904
310.5		0.798181
310		0.805574
309.5		0.789085
309		0.800236
308.5		0.797236
308		0.803632
307.5		0.790197
307		0.806623
306.5		0.800559
306		0.795733
305.5		0.795805
305		0.803982
304.5		0.794623
304		0.797516
303.5		0.801173
303		0.802665
302.5		0.798679
302		0.797316
301.5		0.802275
301		0.795858
300.5		0.795264
300		0.80262
299.5		0.801105
299		0.799272
298.5		0.792562
298		0.787942
297.5		0.792233
297		0.787848
296.5		0.789189
296		0.795263
295.5		0.797485
295		0.793939
294.5		0.792908
294		0.794565
293.5		0.787788
293		0.78764
292.5		0.794122
292		0.787602
291.5		0.781551
291		0.787767
290.5		0.794124
290		0.790547
289.5		0.792145
289		0.778872
288.5		0.780979
288		0.784224
287.5		0.785554
287		0.776049
286.5		0.771611
286		0.788834
285.5		0.776882
285		0.775086
284.5		0.775716
284		0.784798
283.5		0.775927
283		0.784426
282.5		0.773039
282		0.777801
281.5		0.781822
281		0.773836
280.5		0.765539
280		0.774742
279.5		0.775343
279		0.761638
278.5		0.767606
278		0.771492
277.5		0.771375
277		0.767077
276.5		0.778608
276		0.772238
275.5		0.766466
275		0.769589
274.5		0.766416
274		0.760945
273.5		0.762063
273		0.762965
272.5		0.757464
272		0.754134
271.5		0.756054
271		0.766621
270.5		0.75125
270		0.756203
269.5		0.766814
269		0.75352
268.5		0.750161
268		0.762531
267.5		0.759879
267		0.742001
266.5		0.743093
266		0.742716
265.5		0.750429
265		0.727342
264.5		0.735198
264		0.737908
263.5		0.736932
263		0.725533
262.5		0.707299
262		0.750921
261.5		0.74659
261		0.724585
260.5		0.72226
260		0.723186
259.5		0.729809
259		0.722128
258.5		0.722195
258		0.71919
257.5		0.735904
257		0.718725
256.5		0.733184
256		0.716461
255.5		0.69328
255		0.71624
254.5		0.753426
254		0.747248
253.5		0.732647
253		0.726471
252.5		0.717354
252		0.708075
251.5		0.700892
251		0.705516
250.5		0.716176
250		0.695076
249.5		0.688114
249		0.730029
248.5		0.723675
248		0.736273
247.5		0.703687
247		0.715132
246.5		0.750128
246		0.709951
245.5		0.724686
245		0.637354
244.5		0.677066
244		0.734868
243.5		0.718883
243		0.699742
242.5		0.763948
242		0.786306
241.5		0.774757
241		0.692087
240.5		0.766692
240		0.756853
239.5		0.765851
239		0.814098
238.5		0.739797
238		0.767393
237.5		0.743265
237		0.672547
236.5		0.708069
236		0.738622
235.5		0.632747
235		0.662179
234.5		0.674658
234		0.675926
233.5		0.559359
233		0.731251
232.5		0.693165
232		0.880144
231.5		0.701855
231		0.66892
230.5		0.736732
230		0.795549
229.5		0.605571
229		0.556595
228.5		0.683911
228		0.486533
227.5		0.851013
227		0.766543
226.5		0.7084
226		0.669131
225.5		0.939907
225		1.13543
224.5		0.468919
224		0.485884
223.5		0.458186
223		1.02204
222.5		0.859287
222		0.69386
221.5		0.548071
221		2.27997
220.5		0.370742
220		0.758714
219.5		0.397894
219		0.789157
218.5		0.839284
218		0.392662
217.5		0.425009
217		0.414243
216.5		0.0586675
216		0.670855
215.5		0.366707
215		-0.0983884
214.5		0.893482
214		-1.17715
213.5		-1.05367
213		0.654513
212.5		0.661208
212		0.605077
211.5		-0.369836
211		-19.5516
210.5		0.64813
210		-3.34931
209.5		0.552502
209		0.344132
208.5		0.353108
208		1.38651
207.5		0.642766
207		0.518004
206.5		0.254456
206		0.378388
205.5		0.538357
205		0.204118
204.5		0.10885
204		0.372808
203.5		0.141388
203		0.486375
202.5		1.65865
202		0.336251
201.5		-0.196505
201		-0.339338
200.5		0.63648
200		1.50314
