lambda		value

Calibration:
lambda:	900
Abs:	0

Data:
#
900		0.0289
899.5		0.0375
899		0.03
898.5		0.0399
898		0.0503
897.5		0.0319
897		0.0439
896.5		0.0334
896		0.0371
895.5		0.0343
895		0.0412
894.5		0.0348
894		0.0322
893.5		0.037
893		0.0428
892.5		0.0367
892		0.0301
891.5		0.0354
891		0.0391
890.5		0.0388
890		0.0373
889.5		0.0451
889		0.0341
888.5		0.0396
888		0.0458
887.5		0.0386
887		0.0457
886.5		0.04
886		0.0311
885.5		0.0473
885		0.0363
884.5		0.0366
884		0.0318
883.5		0.0278
883		0.0402
882.5		0.0358
882		0.0395
881.5		0.0447
881		0.0442
880.5		0.032
880		0.0368
879.5		0.0342
879		0.0444
878.5		0.0372
878		0.0419
877.5		0.0422
877		0.0378
876.5		0.0454
876		0.041
875.5		0.0416
875		0.0364
874.5		0.04
874		0.0392
873.5		0.0387
873		0.0328
872.5		0.0379
872		0.0348
871.5		0.0335
871		0.0394
870.5		0.041
870		0.0396
869.5		0.0413
869		0.036
868.5		0.0383
868		0.0373
867.5		0.0408
867		0.0338
866.5		0.0354
866		0.0384
865.5		0.0412
865		0.037
864.5		0.0387
864		0.0325
863.5		0.0361
863		0.0364
862.5		0.037
862		0.038
861.5		0.0333
861		0.0343
860.5		0.0366
860		0.0322
859.5		0.0356
859		0.033
858.5		0.0316
858		0.0342
857.5		0.0352
857		0.0316
856.5		0.0319
856		0.0323
855.5		0.0333
855		0.0327
854.5		0.0329
854		0.0341
853.5		0.0325
853		0.0317
852.5		0.0295
852		0.0298
851.5		0.0317
851		0.0311
850.5		0.0306
850		0.0305
849.5		0.0293
849		0.0308
848.5		0.031
848		0.0297
847.5		0.0307
847		0.0301
846.5		0.0301
846		0.0307
845.5		0.0292
845		0.029
844.5		0.0295
844		0.028
843.5		0.0298
843		0.0319
842.5		0.0284
842		0.0298
841.5		0.0294
841		0.0318
840.5		0.0296
840		0.0302
839.5		0.0296
839		0.0298
838.5		0.0303
838		0.0308
837.5		0.0297
837		0.029
836.5		0.0304
836		0.0294
835.5		0.0312
835		0.0287
834.5		0.0299
834		0.0313
833.5		0.0306
833		0.0313
832.5		0.0301
832		0.0307
831.5		0.0309
831		0.0309
830.5		0.0309
830		0.0313
829.5		0.0315
829		0.0314
828.5		0.0324
828		0.0308
827.5		0.0314
827		0.031
826.5		0.0316
826		0.0319
825.5		0.0311
825		0.0308
824.5		0.0318
824		0.0321
823.5		0.0319
823		0.0325
822.5		0.0327
822		0.0326
821.5		0.0324
821		0.0319
820.5		0.0327
820		0.0319
819.5		0.0331
819		0.0329
818.5		0.0324
818		0.033
817.5		0.0332
817		0.0318
816.5		0.0334
816		0.0326
815.5		0.032
815		0.033
814.5		0.0331
814		0.0319
813.5		0.0326
813		0.0317
812.5		0.033
812		0.0323
811.5		0.0326
811		0.0326
810.5		0.0326
810		0.0321
809.5		0.0327
809		0.0324
808.5		0.0328
808		0.0327
807.5		0.0324
807		0.0321
806.5		0.032
806		0.0326
805.5		0.0324
805		0.0317
804.5		0.0328
804		0.0318
803.5		0.0316
803		0.0322
802.5		0.0322
802		0.0316
801.5		0.0327
801		0.0318
800.5		0.0318
800		0.0318
799.5		0.032
799		0.0311
798.5		0.0326
798		0.0317
797.5		0.0319
797		0.0313
796.5		0.0311
796		0.0325
795.5		0.0309
795		0.0322
794.5		0.0309
794		0.0315
793.5		0.0314
793		0.0314
792.5		0.0311
792		0.0304
791.5		0.0305
791		0.0314
790.5		0.0303
790		0.0309
789.5		0.031
789		0.0309
788.5		0.0309
788		0.0314
787.5		0.0303
787		0.0309
786.5		0.0316
786		0.031
785.5		0.0314
785		0.0302
784.5		0.0311
784		0.0304
783.5		0.0306
783		0.0304
782.5		0.0308
782		0.0295
781.5		0.0299
781		0.0302
780.5		0.0293
780		0.0308
779.5		0.0299
779		0.0293
778.5		0.0304
778		0.0285
777.5		0.0306
777		0.0292
776.5		0.0298
776		0.0293
775.5		0.0288
775		0.0297
774.5		0.0293
774		0.0299
773.5		0.0292
773		0.0293
772.5		0.029
772		0.0249
771.5		0.0148
771		0.0795
770.5		-0.0842
770		0.147
769.5		-0.1313
769		-0.0382
768.5		0.1723
768		-0.8879
767.5		0.1696
767		-0.0769
766.5		-0.0734
766		0.1778
765.5		-0.7175
765		0.1564
764.5		-0.0209
764		-0.1398
763.5		0.1846
763		-0.5424
762.5		0.127
762		0.0589
761.5		-0.312
761		0.1857
760.5		-0.3544
760		0.0758
759.5		0.1229
759		-0.6251
758.5		0.1775
758		-0.2052
757.5		0.0209
757		0.1516
756.5		-0.6285
756		0.1631
755.5		-0.1122
755		-0.0455
754.5		0.1705
754		-0.5573
753.5		0.1413
753		-0.0155
752.5		-0.1312
752		0.177
751.5		-0.4183
751		0.1095
750.5		0.0647
750		-0.2783
749.5		0.1756
749		-0.2774
748.5		0.0685
748		0.098
747.5		-0.2602
747		0.1395
746.5		-0.1191
746		0.0282
745.5		0.1125
745		-0.2451
744.5		0.1236
744		-0.071
743.5		-0.0173
743		0.1386
742.5		-0.3236
742		0.1139
741.5		-0.0131
741		-0.0155
740.5		0.1036
740		0.0847
739.5		0.2683
739		0.0596
738.5		0.0292
738		0.1363
737.5		-0.0855
737		0.1204
736.5		0.0381
736		0.0056
735.5		0.1137
735		-0.1235
734.5		0.1241
734		0.029
733.5		0.0254
733		0.1341
732.5		-0.0847
732		0.1209
731.5		0.0129
731		0.0349
730.5		0.1171
730		-0.0973
729.5		0.1304
729		-0.0418
728.5		0.0587
728		0.1187
727.5		-0.0677
727		0.0825
726.5		-0.0403
726		0.039
725.5		0.0374
725		-0.033
724.5		0.0658
724		-0.072
723.5		0.1572
723		1.1031
722.5		7
722		1.0611
721.5		-0.2617
721		1.6095
720.5		0.619
720		7
719.5		0.9392
719		-0.0932
718.5		0.4885
718		-0.5875
717.5		0.0739
717		0.0752
716.5		7
716		0.2141
715.5		7
715		0.1292
714.5		0.7029
714		7
713.5		1.1079
713		7
712.5		1.7273
712		2.0716
711.5		7
711		1.0873
710.5		7
710		1.4249
709.5		0.3971
709		0.0804
708.5		-0.0292
708		7
707.5		1.3969
707		7
706.5		1.8332
706		1.728
705.5		7
705		0.0549
704.5		-0.1487
704		0.1432
703.5		-0.2706
703		0.1106
702.5		-0.0311
702		-0.0167
701.5		0.0886
701		-0.0352
700.5		1.0996
700		0.0121
699.5		0.1731
699		0.2869
698.5		0.0395
698		0.0578
697.5		-0.0158
697		0.0405
696.5		0.0201
696		0.0105
695.5		0.0539
695		-0.0269
694.5		0.0871
694		-0.0628
693.5		0.0106
693		0.1101
692.5		-0.2542
692		0.1336
691.5		-0.1491
691		0.056
690.5		0.0705
690		-0.1396
689.5		0.1344
689		-0.202
688.5		0.0931
688		0.0005
687.5		-0.0466
687		0.1255
686.5		-0.229
686		0.1171
685.5		-0.0711
685		0.0148
684.5		0.1027
684		-0.2159
683.5		0.1303
683		-0.1335
682.5		0.0623
682		0.0527
681.5		-0.0956
681		0.1293
680.5		-0.1864
680		0.0974
679.5		-0.0355
679		-0.0085
678.5		0.1119
678		-0.1959
677.5		0.1198
677		-0.1023
676.5		0.0418
676		0.0762
675.5		-0.1285
675		0.1218
674.5		-0.15
674		0.0785
673.5		0.0172
673		-0.0416
672.5		0.1158
672		-0.168
671.5		0.0804
671		0.0131
670.5		0.0236
670		0.0375
669.5		0.0039
669		0.0886
668.5		0.051
668		0.068
667.5		0.0719
667		0.0529
666.5		0.0757
666		0.0525
665.5		0.0684
665		0.0649
664.5		0.0589
664		0.0708
663.5		0.0562
663		0.0667
662.5		0.061
662		0.0591
661.5		0.0739
661		0.0508
660.5		0.0684
660		0.0517
659.5		0.05
659		0.1173
658.5		-0.0519
658		0.1246
657.5		0.0023
657		0.0564
656.5		0.1113
656		-0.0421
655.5		0.1227
655		-0.0008
654.5		0.0429
654		0.0815
653.5		-0.0837
653		0.0947
652.5		-0.0416
652		0.0385
651.5		0.0472
651		0.0065
650.5		0.0828
650		-0.0379
649.5		-0.0451
649		0.0666
648.5		-0.0473
648		0.0513
647.5		0.0082
647		0.0091
646.5		0.0307
646		0.0188
645.5		0.0397
645		0.0173
644.5		0.0181
644		0.0178
643.5		0.0187
643		0.0349
642.5		0.0125
642		0.0227
641.5		0.0305
641		0.0312
640.5		0.048
640		0.0523
639.5		0.0537
639		0.0556
638.5		0.0724
638		0.0668
637.5		0.0387
637		0.072
636.5		0.0975
636		0.098
635.5		0.1132
635		0.0419
634.5		0.0813
634		0.0582
633.5		0.032
633		0.056
632.5		0.0078
632		0.0443
631.5		0.0227
631		0.0284
630.5		0.0347
630		-0.0422
629.5		0.0428
629		-0.0231
628.5		0.0315
628		0.0146
627.5		-0.037
627		0.0237
626.5		-0.0223
626		0.0136
625.5		0.0567
625		-0.0584
624.5		0.0247
624		-0.0355
623.5		0.0213
623		0.0801
622.5		-0.0681
622		7
621.5		0.0097
621		0.0094
620.5		0.0155
620		-0.0538
619.5		0.024
619		-0.0677
618.5		-0.0102
618		0.0756
617.5		-0.1459
617		0.0191
616.5		7
616		-0.5668
615.5		0.7906
615		-0.0398
614.5		0.0299
614		-0.046
613.5		0.0117
613		0.0276
612.5		-0.1142
612		0.0434
611.5		-0.036
611		-0.0254
610.5		0.0835
610		-0.1439
609.5		0.0437
609		-0.0333
608.5		-0.0094
608		0.0828
607.5		-0.1469
607		0.046
606.5		-0.035
606		-0.013
605.5		0.0807
605		-0.1371
604.5		0.0376
604		-0.0319
603.5		-0.0196
603		0.0833
602.5		-0.1312
602		0.043
601.5		-0.0331
601		-0.0251
600.5		0.0787
600		-0.1449
599.5		0.0419
599		-0.0439
598.5		-0.0164
598		0.081
597.5		-0.143
597		0.0492
596.5		-0.0624
596		-0.0025
595.5		0.0755
595		-0.0917
594.5		0.0003
594		-0.0327
593.5		0.0079
593		0.0924
592.5		-0.1177
592		-0.0103
591.5		-0.0418
591		0.0042
590.5		-0.0047
590		-0.0067
589.5		-0.0471
589		0.0073
588.5		0.413
588		0.018
587.5		-0.0214
587		-0.0044
586.5		-0.0325
586		0.0162
585.5		0.0129
585		-0.0116
584.5		-0.0067
584		-0.0246
583.5		0.017
583		0.0141
582.5		-0.0117
582		-0.0049
581.5		-0.0219
581		0.0004
580.5		0.0083
580		-0.0142
579.5		-0.0153
579		-0.0306
578.5		0.013
578		0.0122
577.5		-0.0164
577		-0.0076
576.5		-0.025
576		0.0061
575.5		0.0132
575		-0.0269
574.5		0.0313
574		-0.0105
573.5		-0.0033
573		0.0164
572.5		-0.0263
572		-0.021
571.5		7
571		0.002
570.5		0.0554
570		0.1459
569.5		0.034
569		-0.0023
568.5		0.0215
568		-0.0193
567.5		-0.0121
567		0.0645
566.5		0.1111
566		0.3115
565.5		0.3858
565		0.0226
564.5		0.0439
564		0.0787
563.5		0.0469
563		0.0511
562.5		0.0171
562		0.0151
561.5		0
561		0.0049
560.5		0.042
560		0.0441
559.5		0.0497
559		0.0426
558.5		0.051
558		0.0464
557.5		0.0413
557		0.0554
556.5		0.0499
556		0.0474
555.5		0.0436
555		0.0498
554.5		0.0454
554		0.0377
553.5		0.0462
553		0.0403
552.5		0.0453
552		0.0492
551.5		0.039
551		0.0472
550.5		0.0423
550		0.046
549.5		0.0484
549		0.0498
548.5		0.4588
548		0.0417
547.5		0.0319
547		0.0378
546.5		0.1017
546		0.0517
545.5		0.106
545		0.1454
544.5		0.0599
544		0.0085
543.5		0.1609
543		7
542.5		7
542		0.775
541.5		1.0608
541		0.625
540.5		1.0852
540		0.9052
539.5		1.184
539		0.4661
538.5		7
538		7
537.5		7
537		0.4547
536.5		0.0686
536		0.0138
535.5		0.0482
535		0.038
534.5		0.0314
534		0.0262
533.5		0.0136
533		0.0458
532.5		-0.0364
532		-0.0133
531.5		0.021
531		0.014
530.5		0.0438
530		0.0497
529.5		0.0067
529		0.0456
528.5		0.056
528		0.0325
527.5		0.03
527		0.0243
526.5		0.273
526		7
525.5		7
525		7
524.5		-0.0368
524		0.0297
523.5		0.0334
523		0.0791
522.5		-0.0064
522		0.0263
521.5		0.0714
521		0.0561
520.5		0.0494
520		0.0038
519.5		0.0292
519		7
518.5		7
518		-0.0113
517.5		-0.0934
517		0.0409
516.5		0.0355
516		0.0421
515.5		0.0336
515		0.024
514.5		0.0225
514		0.0007
513.5		0.0441
513		7
512.5		-1.3031
512		-0.5985
511.5		0.0345
511		0.0397
510.5		0.0335
510		0.0377
509.5		0.0334
509		0.0375
508.5		0.0419
508		0.0302
507.5		0.0369
507		0.2332
506.5		2.1588
506		1.3921
505.5		0.1499
505		0.2004
504.5		0.0303
504		0.0455
503.5		0.0204
503		0.0472
502.5		0.0307
502		0.032
501.5		0.036
501		0.0309
500.5		2.3753
500		7
499.5		1.5854
499		0.0379
498.5		0.019
498		0.1213
497.5		1.7502
497		0.9692
496.5		0.0417
496		0.0187
495.5		0.0135
495		0.3079
494.5		0.0151
494		0.032
493.5		-0.0524
493		0.0269
492.5		-0.0246
492		0.0266
491.5		0.0427
491		-0.0138
490.5		0.0393
490		-0.0364
489.5		0.0396
489		0.0149
488.5		-0.0171
488		0.0318
487.5		-0.0144
487		0.0342
486.5		-0.007
486		0.0017
485.5		0.0126
485		0.009
484.5		0.0494
484		-0.0352
483.5		0.0168
483		-0.0168
482.5		0.0758
482		0.0335
481.5		-0.0414
481		0.0132
480.5		0.0288
480		0.0381
479.5		0.0252
479		-0.0465
478.5		0.0165
478		-0.0345
477.5		0.0192
477		0.0617
476.5		-0.0471
476		0.0652
475.5		-0.0894
475		0.4422
474.5		7
474		0.9128
473.5		1.0691
473		0.5305
472.5		7
472		7
471.5		7
471		1.6682
470.5		7
470		0.1719
469.5		-0.0613
469		0.5007
468.5		0.437
468		0.1609
467.5		-0.084
467		0.0032
466.5		1.3341
466		0.0628
465.5		0.0088
465		0.0719
464.5		-0.2488
464		-1.2621
463.5		0.0595
463		0.2505
462.5		0.173
462		0.0167
461.5		7
461		0.311
460.5		-0.2456
460		0.2011
459.5		0.2654
459		7
458.5		7
458		0.9873
457.5		7
457		0.5039
456.5		7
456		7
455.5		-0.1517
455		7
454.5		-0.3282
454		-0.1076
453.5		0.0074
453		0.0056
452.5		-0.1039
452		-0.0215
451.5		-0.1229
451		-0.0226
450.5		0.1242
450		-0.8753
449.5		0.1052
449		-0.2068
448.5		0.0043
448		0.1167
447.5		-0.559
447		0.1358
446.5		-0.2659
446		0.0434
445.5		0.0887
445		-0.3427
444.5		0.1289
444		-0.2947
443.5		0.0774
443		0.0782
442.5		-0.0923
442		0.0231
441.5		-0.0876
441		0.0431
440.5		0.0056
440		0.0032
439.5		0.082
439		-0.2848
438.5		0.0786
438		-0.0288
437.5		0.0015
437		0.0264
436.5		0.011
436		0.0218
435.5		0.0169
435		0.017
434.5		0.0165
434		0.0149
433.5		0.0169
433		0.016
432.5		0.0163
432		0.016
431.5		0.0154
431		0.016
430.5		0.0152
430		0.0158
429.5		0.0154
429		0.0159
428.5		0.0152
428		0.0152
427.5		0.0154
427		0.014
426.5		0.0147
426		0.0146
425.5		0.0144
425		0.0144
424.5		0.0136
424		0.0138
423.5		0.0138
423		0.0127
422.5		0.0128
422		0.0127
421.5		0.0129
421		0.0126
420.5		0.0115
420		0.0124
419.5		0.0112
419		0.0116
418.5		0.0119
418		0.0107
417.5		0.0109
417		0.0104
416.5		0.0106
416		0.011
415.5		0.01
415		0.0101
414.5		0.0101
414		0.0095
413.5		0.0103
413		0.0094
412.5		0.0094
412		0.0088
411.5		0.0091
411		0.0088
410.5		0.0084
410		0.0084
409.5		0.0077
409		0.008
408.5		0.0085
408		0.008
407.5		0.0077
407		0.0082
406.5		0.0079
406		0.0074
405.5		0.0068
405		0.0069
404.5		0.0068
404		0.007
403.5		0.006
403		0.0071
402.5		0.006
402		0.0068
401.5		0.0062
401		0.006
400.5		0.0056
400		0.0059
399.5		0.0058
399		0.0054
398.5		0.0051
398		0.0049
397.5		0.0048
397		0.005
396.5		0.0041
396		0.0045
395.5		0.0047
395		0.0035
394.5		0.0046
394		0.0048
393.5		0.0032
393		0.0033
392.5		0.0031
392		0.0021
391.5		0.003
391		0.0019
390.5		0.0023
390		0.002
389.5		0.0007
389		0.0004
388.5		0
388		-0.0011
387.5		0.0002
387		-0.0015
386.5		-0.0019
386		-0.0023
385.5		-0.0029
385		-0.0023
384.5		-0.0025
384		-0.0038
383.5		-0.0033
383		-0.0039
382.5		-0.0043
382		-0.0051
381.5		-0.005
381		-0.0055
380.5		-0.0055
380		-0.0065
379.5		-0.0063
379		-0.0062
378.5		-0.0081
378		-0.0074
377.5		-0.008
377		-0.0072
376.5		-0.0087
376		-0.0089
375.5		-0.0084
375		-0.0093
374.5		-0.0091
374		-0.0092
373.5		-0.0093
373		-0.0099
372.5		-0.01
372		-0.0109
371.5		-0.0109
371		-0.011
370.5		-0.0112
370		-0.0108
369.5		-0.012
369		-0.0114
368.5		-0.012
368		-0.0126
367.5		-0.0121
367		-0.0124
366.5		-0.0128
366		-0.0131
365.5		-0.0132
365		-0.0142
364.5		-0.0133
364		-0.0141
363.5		-0.0152
363		-0.0134
362.5		-0.0174
362		-0.0154
361.5		-0.0148
361		-0.0163
360.5		-0.014
360		-0.0387
359.5		0.0035
359		0.0242
358.5		7
358		0.2464
357.5		-0.1269
357		-0.0033
356.5		-0.017
356		-0.0185
355.5		-0.0182
355		-0.0176
354.5		-0.017
354		-0.0197
353.5		-0.0208
353		-0.0196
352.5		-0.0202
352		-0.0199
351.5		-0.0198
351		-0.0185
350.5		-0.0208
350		-0.0211
349.5		-0.0197
349		-0.0215
348.5		-0.0214
348		-0.022
347.5		-0.0236
347		-0.0213
346.5		-0.022
346		-0.0211
345.5		-0.0213
345		-0.0221
344.5		-0.0249
344		-0.0253
343.5		-0.0231
343		-0.0228
342.5		-0.0218
342		-0.024
341.5		-0.0236
341		-0.0237
340.5		-0.0214
340		-0.0275
339.5		-0.026
339		-0.0298
338.5		-0.0276
338		-0.0298
337.5		-0.029
337		-0.0296
336.5		-0.0275
336		-0.0269
335.5		-0.0286
335		-0.0287
334.5		-0.0266
334		-0.0304
333.5		-0.0274
333		-0.0283
332.5		-0.0282
332		-0.0258
331.5		-0.0283
331		-0.026
330.5		-0.0271
330		-0.0261
329.5		-0.027
329		-0.025
328.5		-0.0241
328		-0.0276
327.5		-0.0256
327		-0.0243
326.5		-0.0232
326		-0.0243
325.5		-0.0233
325		-0.0236
324.5		-0.0228
324		-0.022
323.5		-0.0217
323		-0.02
322.5		-0.0193
322		-0.0171
321.5		-0.0197
321		-0.0178
320.5		-0.0171
320		-0.0149
319.5		-0.0123
319		-0.013
318.5		-0.0121
318		-0.0085
317.5		-0.0101
317		-0.0081
316.5		-0.0043
316		-0.0065
315.5		-0.0039
315		-0.0014
314.5		-0.0016
314		0.0015
313.5		0.0072
313		0.0069
312.5		0.0104
312		0.0126
311.5		0.0146
311		0.02
310.5		0.0217
310		0.0211
309.5		0.0259
309		0.0298
308.5		0.0321
308		0.0348
307.5		0.0389
307		0.0462
306.5		0.048
306		0.0504
305.5		0.0549
305		0.0591
304.5		0.0628
304		0.0682
303.5		0.0705
303		0.0778
302.5		0.0792
302		0.0881
301.5		0.0944
301		0.095
300.5		0.1032
300		0.1051
299.5		0.1144
299		0.119
298.5		0.122
298		0.1308
297.5		0.1396
297		0.1449
296.5		0.1507
296		0.1574
295.5		0.1658
295		0.1736
294.5		0.181
294		0.1894
293.5		0.1971
293		0.2056
292.5		0.2148
292		0.2226
291.5		0.2329
291		0.2432
290.5		0.2525
290		0.2627
289.5		0.2703
289		0.2807
288.5		0.2908
288		0.3049
287.5		0.3168
287		0.3286
286.5		0.3403
286		0.3492
285.5		0.3624
285		0.3782
284.5		0.3891
284		0.4045
283.5		0.4166
283		0.4308
282.5		0.4457
282		0.4591
281.5		0.4742
281		0.4902
280.5		0.5045
280		0.5214
279.5		0.5388
279		0.5548
278.5		0.5671
278		0.5853
277.5		0.6056
277		0.6208
276.5		0.6402
276		0.6605
275.5		0.6742
275		0.6943
274.5		0.718
274		0.7341
273.5		0.7536
273		0.7748
272.5		0.79
272		0.8114
271.5		0.8344
271		0.8609
270.5		0.8731
270		0.8927
269.5		0.9153
269		0.9357
268.5		0.9584
268		0.9778
267.5		1.0001
267		1.0172
266.5		1.0392
266		1.0615
265.5		1.0889
265		1.1071
264.5		1.1267
264		1.1503
263.5		1.1761
263		1.1975
262.5		1.2121
262		1.2358
261.5		1.2581
261		1.2794
260.5		1.3042
260		1.3217
259.5		1.3419
259		1.3684
258.5		1.3891
258		1.4113
257.5		1.4347
257		1.4511
256.5		1.4709
256		1.5007
255.5		1.5143
255		1.5366
254.5		1.5545
254		1.5966
253.5		1.6008
253		1.6235
252.5		1.645
252		1.671
251.5		1.7085
251		1.7202
250.5		1.7325
250		1.7486
249.5		1.7766
249		1.7768
248.5		1.8242
248		1.837
247.5		1.8514
247		1.8818
246.5		1.8857
246		1.9026
245.5		1.9444
245		1.9434
244.5		1.9588
244		2.0065
243.5		2.0156
243		2.0437
242.5		2.0603
242		2.0759
241.5		2.0869
241		2.1298
240.5		2.1155
240		2.1601
239.5		2.173
239		2.1516
238.5		2.1706
238		2.1881
237.5		2.2729
237		2.3035
236.5		2.253
236		2.2839
235.5		2.3165
235		2.2985
234.5		2.3902
234		2.4168
233.5		2.3872
233		2.4388
232.5		2.4385
232		2.4387
231.5		2.48
231		2.4739
230.5		2.5516
230		2.5877
229.5		2.5493
229		2.4319
228.5		2.6068
228		2.671
227.5		2.5254
227		2.6592
226.5		2.7684
226		2.5026
225.5		2.7064
225		2.8463
224.5		2.6742
224		2.5587
223.5		2.6563
223		2.6545
222.5		2.8195
222		2.6893
221.5		2.8294
221		2.8423
220.5		2.878
220		2.6786
219.5		2.6126
219		3.0959
218.5		2.9775
218		2.8077
217.5		2.6849
217		2.5328
216.5		2.6937
216		2.7018
215.5		7
215		2.8339
214.5		2.7863
214		2.4298
213.5		2.9412
213		2.63
212.5		7
212		2.7967
211.5		2.237
211		7
210.5		2.6612
210		2.6638
209.5		2.8832
209		2.2668
208.5		4.6386
208		7
207.5		2.3574
207		2.9094
206.5		2.596
206		2.3902
205.5		2.2909
205		1.8738
204.5		2.3774
204		2.1998
203.5		2.4178
203		2.1913
202.5		1.8757
202		1.9209
201.5		3.5871
201		7
200.5		1.7139
200		1.7098
lambda		value

Calibration:
lambda:	0
Abs:	0

Data:
#
900		0.0289
899.5		0.0368768
899		0.0302633
898.5		0.0398522
898		0.0497281
897.5		0.0314441
897		0.0451414
896.5		0.0341758
896		0.0369927
895.5		0.0336836
895		0.0406673
894.5		0.0349538
894		0.0316618
893.5		0.038015
893		0.0447792
892.5		0.0358959
892		0.0304225
891.5		0.0352906
891		0.0395509
890.5		0.0388388
890		0.0366765
889.5		0.045313
889		0.0342129
888.5		0.0408247
888		0.0459701
887.5		0.0388291
887		0.0451091
886.5		0.0404326
886		0.0316991
885.5		0.0469899
885		0.0356897
884.5		0.0370708
884		0.0326422
883.5		0.0277667
883		0.0413368
882.5		0.0361507
882		0.0394605
881.5		0.0441962
881		0.0440195
880.5		0.0322061
880		0.0373377
879.5		0.0346926
879		0.0450167
878.5		0.0373232
878		0.0420472
877.5		0.0421536
877		0.0385086
876.5		0.0457293
876		0.0413098
875.5		0.0422121
875		0.0369431
874.5		0.040494
874		0.0394922
873.5		0.0392535
873		0.0331079
872.5		0.0382828
872		0.0346372
871.5		0.0335941
871		0.0398503
870.5		0.0407312
870		0.0396158
869.5		0.0412011
869		0.0359928
868.5		0.038346
868		0.0372144
867.5		0.0407715
867		0.0337527
866.5		0.0354567
866		0.0382356
865.5		0.0411671
865		0.0372233
864.5		0.0382941
864		0.0324093
863.5		0.0360423
863		0.0361865
862.5		0.0369446
862		0.0376312
861.5		0.0331706
861		0.034462
860.5		0.0366954
860		0.0319223
859.5		0.0354546
859		0.0327186
858.5		0.0313803
858		0.0339319
857.5		0.0351297
857		0.031371
856.5		0.0315998
856		0.0320024
855.5		0.0329572
855		0.0324019
854.5		0.0325517
854		0.0337958
853.5		0.0322293
853		0.0314235
852.5		0.0290612
852		0.0294205
851.5		0.0314703
851		0.030707
850.5		0.0302671
850		0.030192
849.5		0.0289211
849		0.0304288
848.5		0.0305058
848		0.0293102
847.5		0.030309
847		0.029702
846.5		0.0296639
846		0.030315
845.5		0.0288909
845		0.0286505
844.5		0.0291185
844		0.0276516
843.5		0.029299
843		0.0314937
842.5		0.0280716
842		0.0293799
841.5		0.0290916
841		0.0313888
840.5		0.0292664
840		0.0298272
839.5		0.0292086
839		0.0294787
838.5		0.0299259
838		0.030495
837.5		0.0293739
837		0.02871
836.5		0.0301527
836		0.0290801
835.5		0.0308819
835		0.0284694
834.5		0.0296833
834		0.031067
833.5		0.0303511
833		0.031067
832.5		0.0299116
832		0.030523
831.5		0.0307065
831		0.0307249
830.5		0.0307892
830		0.0311288
829.5		0.0313714
829		0.0311817
828.5		0.0322773
828		0.0306651
827.5		0.0312936
827		0.0308857
826.5		0.0314616
826		0.0318204
825.5		0.0309823
825		0.0307293
824.5		0.031727
824		0.0320423
823.5		0.0318681
823		0.0324287
822.5		0.0327131
822		0.032509
821.5		0.0323482
821		0.0318459
820.5		0.0325859
820		0.0318363
819.5		0.0330868
819		0.0329
818.5		0.0323353
818		0.0330165
817.5		0.0332765
817		0.0317809
816.5		0.03336
816		0.0325219
815.5		0.0318979
815		0.0330297
814.5		0.0330868
814		0.0319
813.5		0.0326098
813		0.0316905
812.5		0.032967
812		0.0322839
811.5		0.0326163
811		0.0325805
810.5		0.0325284
810		0.0320808
809.5		0.0326054
809		0.0324097
808.5		0.0328033
808		0.0326967
807.5		0.0324162
807		0.0320872
806.5		0.0320192
806		0.0326228
805.5		0.0323676
805		0.0317286
804.5		0.0327738
804		0.0317619
803.5		0.0316158
803		0.0321518
802.5		0.0321903
802		0.0315243
801.5		0.0326739
801		0.031851
800.5		0.0316922
800		0.0317905
799.5		0.0319904
799		0.0310255
798.5		0.0325674
798		0.0316683
797.5		0.0319447
797		0.0312656
796.5		0.0310534
796		0.0324254
795.5		0.0308445
795		0.0321839
794.5		0.0308753
794		0.0314465
793.5		0.0313217
793		0.0313906
792.5		0.031072
792		0.0304243
791.5		0.0304148
791		0.0312407
790.5		0.0302486
790		0.03078
789.5		0.0309752
789		0.0308352
788.5		0.0308846
788		0.0313248
787.5		0.0302335
787		0.0308691
786.5		0.0315118
786		0.0308581
785.5		0.0313624
785		0.0300527
784.5		0.0310286
784		0.0303242
783.5		0.0305024
783		0.0303818
782.5		0.0307232
782		0.0293913
781.5		0.0298344
781		0.0301037
780.5		0.0292095
780		0.0306956
779.5		0.0298284
779		0.0292269
778.5		0.0302789
778		0.0284488
777.5		0.0304599
777		0.0290866
776.5		0.029702
776		0.0291658
775.5		0.028651
775		0.0296555
774.5		0.0291368
774		0.0298582
773.5		0.029104
773		0.0291658
772.5		0.028919
772		0.0247589
771.5		0.014766
771		0.079136
770.5		-0.0837728
770		0.146502
769.5		-0.13079
769		-0.038044
768.5		0.17146
768		-0.883395
767.5		0.168891
767		-0.0764566
766.5		-0.0731003
766		0.177268
765.5		-0.714641
765		0.155205
764.5		-0.0208313
764		-0.139146
763.5		0.184066
763		-0.539058
762.5		0.126469
762		0.0586186
761.5		-0.3098
761		0.184868
760.5		-0.352777
760		0.0755131
759.5		0.122264
759		-0.621187
758.5		0.176547
758		-0.203875
757.5		0.0207774
757		0.150696
756.5		-0.624379
756		0.162289
755.5		-0.111575
755		-0.0452331
754.5		0.169584
754		-0.552548
753.5		0.140681
753		-0.0154244
752.5		-0.130262
752		0.175909
751.5		-0.414405
751		0.108804
750.5		0.0642502
750		-0.276365
749.5		0.17457
749		-0.274953
748.5		0.0680306
748		0.0973478
747.5		-0.258212
747		0.138709
746.5		-0.118049
746		0.0280151
745.5		0.111618
745		-0.243131
744.5		0.122534
744		-0.070297
743.5		-0.0171491
743		0.137432
742.5		-0.320809
742		0.112862
741.5		-0.0129677
741		-0.0153435
740.5		0.102605
740		0.0838033
739.5		0.265986
739		0.0589282
738.5		0.0288823
738		0.134857
737.5		-0.0845279
737		0.118949
736.5		0.0376371
736		0.0055336
735.5		0.112252
735		-0.121987
734.5		0.122194
734		0.0286024
733.5		0.0250444
733		0.132209
732.5		-0.0833333
732		0.118716
731.5		0.0126719
731		0.034256
730.5		0.115086
730		-0.0953735
729.5		0.12778
729		-0.0408762
728.5		0.0572515
728		0.115975
727.5		-0.0658881
727		0.0804015
726.5		-0.0392596
726		0.0378274
725.5		0.036286
725		-0.0319242
724.5		0.0634951
724		-0.0693107
723.5		0.151197
723		1.05843
722.5		6.70305
722		1.01134
721.5		-0.248883
721		1.52371
720.5		0.584735
720		6.61063
719.5		0.881961
719		-0.0876764
718.5		0.457526
718		-0.550558
717.5		0.0692726
717		0.070412
716.5		6.55861
716		0.200901
715.5		6.58328
715		0.122291
714.5		0.667331
714		6.66223
713.5		1.05817
713		6.70177
712.5		1.65975
712		1.99788
711.5		6.76983
711		1.05369
710.5		6.80074
710		1.39082
709.5		0.387717
709		0.0787232
708.5		-0.0286555
708		6.87083
707.5		1.37504
707		6.89587
706.5		1.80575
706		1.70515
705.5		6.89519
705		0.054094
704.5		-0.146416
704		0.141195
703.5		-0.266417
703		0.108901
702.5		-0.0306555
702		-0.0164662
701.5		0.0872734
701		-0.0347003
700.5		1.08453
700		0.0119118
699.5		0.170862
699		0.282437
698.5		0.0389316
698		0.0570357
697.5		-0.0155788
697		0.0399408
696.5		0.019846
696		0.0103489
695.5		0.0530982
695		-0.0264842
694.5		0.0859822
694		-0.0619207
693.5		0.0104547
693		0.108612
692.5		-0.250493
692		0.131925
691.5		-0.14723
691		0.0552105
690.5		0.0696434
690		-0.137768
689.5		0.132701
689		-0.199624
688.5		0.0919052
688		0.000494609
687.5		-0.0459838
687		0.123902
686.5		-0.226061
686		0.115734
685.5		-0.0702014
685		0.014613
684.5		0.101392
684		-0.213256
683.5		0.12878
683		-0.131865
682.5		0.061543
682		0.051998
681.5		-0.0944384
681		0.127553
680.5		-0.184172
680		0.096207
679.5		-0.035041
679		-0.00841418
678.5		0.110606
678		-0.193692
677.5		0.118438
677		-0.101097
676.5		0.0413943
676		0.0754008
675.5		-0.127102
675		0.12057
674.5		-0.148295
674		0.077692
673.5		0.0170196
673		-0.0411474
672.5		0.114506
672		-0.166156
671.5		0.0795331
671		0.01296
670.5		0.0233502
670		0.0371324
669.5		0.00385604
669		0.087688
668.5		0.0504801
668		0.0672136
667.5		0.0710966
667		0.0523503
666.5		0.0748467
666		0.0520472
665.5		0.0676357
665		0.0642574
664.5		0.0583862
664		0.0699743
663.5		0.0556711
663		0.0660527
662.5		0.0603662
662		0.0585206
661.5		0.0731611
661		0.0502871
660.5		0.0677228
660		0.0512084
659.5		0.0495491
659		0.116185
658.5		-0.0514422
658		0.123562
657.5		0.00227836
657		0.0558969
656.5		0.110264
656		-0.0417245
655.5		0.121823
655		-0.000792864
654.5		0.0425047
654		0.0808371
653.5		-0.0830028
653		0.0940324
652.5		-0.0412494
652		0.0381869
651.5		0.0468952
651		0.00643819
650.5		0.0821592
650		-0.0376141
649.5		-0.0448087
649		0.0661633
648.5		-0.0469619
648		0.0509991
647.5		0.00814866
647		0.00906014
646.5		0.0305199
646		0.0186823
645.5		0.0394475
645		0.0172174
644.5		0.01801
644		0.0177379
643.5		0.0186218
643		0.0347783
642.5		0.0124713
642		0.0226366
641.5		0.0304391
641		0.0311191
640.5		0.047866
640		0.0523157
639.5		0.0536893
639		0.0555778
638.5		0.0724797
638		0.066887
637.5		0.0388359
637		0.0722384
636.5		0.0978424
636		0.0984925
635.5		0.113712
635		0.0421699
634.5		0.0818401
634		0.0586162
633.5		0.0322743
633		0.0565143
632.5		0.00787561
632		0.0447701
631.5		0.0229085
631		0.0286782
630.5		0.0350505
630		-0.0425661
629.5		0.0431669
629		-0.0232488
628.5		0.0316838
628		0.0146572
627.5		-0.037037
627		0.0237356
626.5		-0.0222444
626		0.0135431
625.5		0.0563338
625		-0.0577646
624.5		0.0244264
624		-0.0349892
623.5		0.0209625
623		0.0786992
622.5		-0.0666667
622		6.86275
621.5		0.00948841
621		0.00917252
620.5		0.0151013
620		-0.0523245
619.5		0.0233213
619		-0.0657792
618.5		-0.00989619
618		0.0732842
617.5		-0.141444
617		0.0185473
616.5		6.80669
616		-0.551201
615.5		0.768468
615		-0.0387423
614.5		0.0290489
614		-0.0447819
613.5		0.0113802
613		0.0268613
612.5		-0.111187
612		0.0422138
611.5		-0.035057
611		-0.024701
610.5		0.0813365
610		-0.139926
609.5		0.042456
609		-0.0323772
608.5		-0.00913864
608		0.0805056
607.5		-0.142843
607		0.0447558
606.5		-0.0340037
606		-0.0126484
605.5		0.0784257
605		-0.133275
604.5		0.0365474
604		-0.0310191
603.5		-0.0190513
603		0.0808738
602.5		-0.127465
602		0.041776
601.5		-0.0321266
601		-0.0244187
600.5		0.0763485
600		-0.140666
599.5		0.0406915
599		-0.0425017
598.5		-0.0159131
598		0.0785036
597.5		-0.138889
597		0.0477902
596.5		-0.0604944
596		-0.00242577
595.5		0.0731164
595		-0.0888136
594.5		0.00029081
594		-0.0316707
593.5		0.00766172
593		0.0895175
592.5		-0.113984
592		-0.00997869
591.5		-0.0404451
591		0.00406347
590.5		-0.00455118
590		-0.00648283
589.5		-0.0455821
589		0.00706133
588.5		0.399381
588		0.0174233
587.5		-0.0207244
587		-0.0042545
586.5		-0.0313919
586		0.0156431
585.5		0.0124782
585		-0.0111915
584.5		-0.00647093
584		-0.0237658
583.5		0.0163998
583		0.013639
582.5		-0.0113011
582		-0.0047311
581.5		-0.0211431
581		0.000385691
580.5		0.00801545
580		-0.0137
579.5		-0.0147655
579		-0.0295196
578.5		0.0125229
578		0.0117761
577.5		-0.0158072
577		-0.00732883
576.5		-0.024101
576		0.00588008
575.5		0.0127524
575		-0.0259302
574.5		0.0301658
574		-0.0101146
573.5		-0.0031743
573		0.015821
572.5		-0.0253494
572		-0.0202176
571.5		6.73854
571		0.00192548
570.5		0.0533256
570		0.140532
569.5		0.0327175
569		-0.00221154
568.5		0.0206651
568		-0.0185256
567.5		-0.0116469
567		0.0620252
566.5		0.106776
566		0.299289
565.5		0.370214
565		0.0217349
564.5		0.0421913
564		0.0755931
563.5		0.0450312
563		0.0489698
562.5		0.0164376
562		0.0144914
561.5		0
561		0.00470611
560.5		0.0402569
560		0.0423468
559.5		0.0478299
559		0.040879
558.5		0.0489772
558		0.0445768
557.5		0.0396011
557		0.0531619
556.5		0.0478703
556		0.0454415
555.5		0.0418225
555		0.0477057
554.5		0.0435492
554		0.0361284
553.5		0.0442741
553		0.0386311
552.5		0.04337
552		0.0471219
551.5		0.0373671
551		0.0452151
550.5		0.040525
550		0.0439351
549.5		0.0463779
549		0.0476099
548.5		0.439211
548		0.0398738
547.5		0.0304593
547		0.0361792
546.5		0.0972554
546		0.0494548
545.5		0.101503
545		0.138939
544.5		0.0572986
544		0.00812154
543.5		0.153662
543		6.69344
542.5		6.67811
542		0.740564
541.5		1.01202
541		0.59626
540.5		1.0352
540		0.861931
539.5		1.13107
539		0.444582
538.5		6.67493
538		6.67748
537.5		6.66921
537		0.434081
536.5		0.0653956
536		0.0131566
535.5		0.0458829
535		0.0361629
534.5		0.0298877
534		0.0249643
533.5		0.0129364
533		0.0436274
532.5		-0.0346799
532		-0.0126594
531.5		0.0199962
531		0.0133156
530.5		0.0417103
530		0.0472973
529.5		0.00637064
529		0.043441
528.5		0.0532674
528		0.0309141
527.5		0.028566
527		0.0231054
526.5		0.259852
526		6.66223
525.5		6.65779
525		6.66857
524.5		-0.0350043
524		0.0282588
523.5		0.0318186
523		0.0752831
522.5		-0.00608886
522		0.0250143
521.5		0.0679871
521		0.0534388
520.5		0.046976
520		0.00361457
519.5		0.0277619
519		6.66223
518.5		6.66857
518		-0.0107506
517.5		-0.0888931
517		0.0389227
516.5		0.0337581
516		0.0401335
515.5		0.031997
515		0.0228593
514.5		0.0214613
514		0.000666349
513.5		0.0420761
513		6.67111
512.5		-1.24318
512		-0.571579
511.5		0.0328603
511		0.0379142
510.5		0.0319504
510		0.0359321
509.5		0.0318733
509		0.0357075
508.5		0.0399619
508		0.0287455
507.5		0.0351261
507		0.221905
506.5		2.04956
506		1.32028
505.5		0.14218
505		0.189737
504.5		0.0286525
504		0.0429488
503.5		0.0192235
503		0.0444654
502.5		0.0288398
502		0.0300244
501.5		0.0336984
501		0.0288893
500.5		2.22323
500		6.52985
499.5		1.47823
499		0.0352854
498.5		0.0176416
498		0.112743
497.5		1.62416
497		0.898572
496.5		0.0386075
496		0.017302
495.5		0.0124838
495		0.284093
494.5		0.0139158
494		0.0294822
493.5		-0.0482283
493		0.0247675
492.5		-0.0226124
492		0.024453
491.5		0.0391815
491		-0.0126501
490.5		0.036065
490		-0.0334282
489.5		0.0363036
489		0.0136534
488.5		-0.0156593
488		0.0291049
487.5		-0.0132146
487		0.0312843
486.5		-0.00640556
486		0.00155621
485.5		0.0115047
485		0.00823799
484.5		0.0451802
484		-0.0321608
483.5		0.0153187
483		-0.0153201
482.5		0.0691417
482		0.0305267
481.5		-0.0376878
481		0.0120044
480.5		0.0261652
480		0.0346521
479.5		0.0229133
479		-0.0421845
478.5		0.0149714
478		-0.0312472
477.5		0.0173677
477		0.0558776
476.5		-0.0425474
476		0.0589405
475.5		-0.0805696
475		0.398307
474.5		6.31085
474		0.820937
473.5		0.961248
473		0.476554
472.5		6.27803
472		6.27746
471.5		6.27353
471		1.4896
470.5		6.25
470		0.153195
469.5		-0.0546784
469		0.44582
468.5		0.388306
468		0.142933
467.5		-0.0744087
467		0.00283111
466.5		1.17833
466		0.0554281
465.5		0.00775604
465		0.0632588
464.5		-0.21886
464		-1.1074
463.5		0.0522113
463		0.219064
462.5		0.151184
462		0.0145673
461.5		6.11194
461		0.271048
460.5		-0.213472
460		0.174748
459.5		0.230342
459		6.06691
458.5		6.05484
458		0.854435
457.5		6.04647
457		0.434584
456.5		6.05222
456		6.03917
455.5		-0.131149
455		6.05275
454.5		-0.283836
454		-0.0930957
453.5		0.00639972
453		0.00484555
452.5		-0.0901831
452		-0.0186778
451.5		-0.106823
451		-0.0196933
450.5		0.108377
450		-0.763521
449.5		0.0919741
449		-0.180611
448.5		0.00377458
448		0.102306
447.5		-0.490997
447		0.119605
446.5		-0.233861
446		0.0382716
445.5		0.0782256
445		-0.302365
444.5		0.114051
444		-0.260382
443.5		0.0684229
443		0.0693078
442.5		-0.0817827
442		0.0204951
441.5		-0.077632
441		0.0382092
440.5		0.00497247
440		0.00284495
439.5		0.0729472
439		-0.253133
438.5		0.0698356
438		-0.0255818
437.5		0.00133381
437		0.023498
436.5		0.009783
436		0.019395
435.5		0.0150436
435		0.0151071
434.5		0.0147033
434		0.0132515
433.5		0.0150049
433		0.0142387
432.5		0.014516
432		0.0142146
431.5		0.0136925
431		0.0142109
430.5		0.0135509
430		0.0140345
429.5		0.0136816
429		0.0141346
428.5		0.0134847
428		0.0135099
427.5		0.0136694
427		0.0124257
426.5		0.0130238
426		0.0129352
425.5		0.012758
425		0.0127467
424.5		0.0120418
424		0.0122027
423.5		0.0122081
423		0.0112379
422.5		0.0113294
422		0.0112003
421.5		0.0114079
421		0.0111121
420.5		0.0101393
420		0.0109473
419.5		0.00987132
419		0.0102122
418.5		0.01048
418		0.0094099
417.5		0.00958495
417		0.00911401
416.5		0.00930886
416		0.00966438
415.5		0.00877039
415		0.00885499
414.5		0.00884568
414		0.00832822
413.5		0.00902242
413		0.00822541
412.5		0.00824128
412		0.00769231
411.5		0.00796778
411		0.00769702
410.5		0.00733048
410		0.00735874
409.5		0.00671434
409		0.00697168
408.5		0.00740225
408		0.00698019
407.5		0.00672313
407		0.00713354
406.5		0.00688513
406		0.00644936
405.5		0.00590739
405		0.00601464
404.5		0.00591304
404		0.00608854
403.5		0.00521422
403		0.00616373
402.5		0.00521014
402		0.00590534
401.5		0.00538615
401		0.00520382
400.5		0.004851
400		0.00512553
399.5		0.00504041
399		0.00468019
398.5		0.00440986
398		0.00424132
397.5		0.00415548
397		0.00432938
396.5		0.00355071
396		0.0038961
395.5		0.00406821
395		0.0030235
394.5		0.00398337
394		0.00413829
393.5		0.00277128
393		0.00284385
392.5		0.0026669
392		0.00181144
391.5		0.00258331
391		0.00163596
390.5		0.00197645
390		0.0017163
389.5		0.000599829
389		0.000343083
388.5		0
388		-0.000940573
387.5		0.000170648
387		-0.00127986
386.5		-0.00161978
386		-0.00195745
385.5		-0.00246704
385		-0.00195263
384.5		-0.0021147
384		-0.00322198
383.5		-0.00279306
383		-0.00329587
382.5		-0.00362014
382		-0.00431071
381.5		-0.00421443
381		-0.00463041
380.5		-0.00461719
380		-0.00548015
379.5		-0.00526844
379		-0.00520833
378.5		-0.00679359
378		-0.00619402
377.5		-0.00669568
377		-0.00602258
376.5		-0.00725605
376		-0.00743339
375.5		-0.00701403
375		-0.00775258
374.5		-0.00760488
374		-0.00766986
373.5		-0.00777722
373		-0.00824519
372.5		-0.0083257
372		-0.00909318
371.5		-0.00904189
371		-0.00914153
370.5		-0.00929615
370		-0.00897159
369.5		-0.00998253
369		-0.00944334
368.5		-0.00993295
368		-0.0104452
367.5		-0.0099728
367		-0.0102403
366.5		-0.0105838
366		-0.0108139
365.5		-0.0108947
365		-0.0116863
364.5		-0.0109655
364		-0.0116202
363.5		-0.0125113
363		-0.011027
362.5		-0.0143045
362		-0.0126354
361.5		-0.0121163
361		-0.0133596
360.5		-0.011482
360		-0.0316824
359.5		0.00286721
359		0.0198247
358.5		5.68459
358		0.201818
357.5		-0.103431
357		-0.00269146
356.5		-0.013881
356		-0.0150676
355.5		-0.014804
355		-0.0143369
354.5		-0.0137775
354		-0.0159786
353.5		-0.0168968
353		-0.015882
352.5		-0.0163841
352		-0.016051
351.5		-0.0160532
351		-0.0149895
350.5		-0.0168108
350		-0.0170657
349.5		-0.0158909
349		-0.0173261
348.5		-0.017186
348		-0.0176226
347.5		-0.0189894
347		-0.0171705
346.5		-0.0176508
346		-0.0168773
345.5		-0.0169532
345		-0.0176857
344.5		-0.0199615
344		-0.0202222
343.5		-0.0184284
343		-0.018224
342.5		-0.0173622
342		-0.0191403
341.5		-0.0188619
341		-0.01882
340.5		-0.0169707
340		-0.0217632
339.5		-0.0203554
339		-0.0233341
338.5		-0.021746
338		-0.0234942
337.5		-0.0227487
337		-0.0232467
336.5		-0.0214609
336		-0.0211245
335.5		-0.0223368
335		-0.0223451
334.5		-0.0207149
334		-0.0236043
333.5		-0.0212502
333		-0.0220011
332.5		-0.0219097
332		-0.0199675
331.5		-0.0218989
331		-0.0201816
330.5		-0.0208863
330		-0.0202091
329.5		-0.020766
329		-0.0192515
328.5		-0.0184632
328		-0.0211527
327.5		-0.019659
327		-0.0186064
326.5		-0.0177424
326		-0.0185652
325.5		-0.0178162
325		-0.0180125
324.5		-0.0174753
324		-0.0167875
323.5		-0.0165371
323		-0.0153163
322.5		-0.0147295
322		-0.0130236
321.5		-0.014887
321		-0.0135053
320.5		-0.0129732
320		-0.0112427
319.5		-0.00927322
319		-0.00980984
318.5		-0.00914104
318		-0.00641606
317.5		-0.00761689
317		-0.00605653
316.5		-0.00322049
316		-0.00485727
315.5		-0.002922
315		-0.00104268
314.5		-0.00119154
314		0.00111416
313.5		0.0053472
313		0.00515695
312.5		0.00773234
312		0.00929889
311.5		0.0108397
311		0.014771
310.5		0.016042
310		0.0156401
309.5		0.0189217
309		0.0219586
308.5		0.0235995
308		0.0255845
307.5		0.028417
307		0.0340733
306.5		0.0352863
306		0.0368206
305.5		0.0399796
305		0.0432587
304.5		0.045883
304		0.0498174
303.5		0.0517052
303		0.0569671
302.5		0.0581071
302		0.06391
301.5		0.0688247
301		0.0687957
300.5		0.0751913
300		0.0769174
299.5		0.0831637
299		0.0866715
298.5		0.0882715
298		0.0942159
297.5		0.100955
297		0.104561
296.5		0.108613
296		0.113671
295.5		0.119832
295		0.125561
294.5		0.129926
294		0.135102
293.5		0.14126
293		0.147057
292.5		0.153604
292		0.158977
291.5		0.164757
291		0.172973
290.5		0.179626
290		0.186709
289.5		0.191621
289		0.197426
288.5		0.204861
288		0.21416
287.5		0.222378
287		0.229325
286.5		0.236665
286		0.244008
285.5		0.251737
285		0.261008
284.5		0.270434
284		0.282078
283.5		0.286697
283		0.297658
282.5		0.306071
282		0.316512
281.5		0.326269
281		0.335042
280.5		0.343454
280		0.354405
279.5		0.364374
279		0.37484
278.5		0.385127
278		0.394646
277.5		0.407702
277		0.415751
276.5		0.431198
276		0.441422
275.5		0.451272
275		0.461421
274.5		0.477679
274		0.486933
273.5		0.49947
273		0.510577
272.5		0.520662
272		0.532415
271.5		0.546145
271		0.565006
270.5		0.567059
270		0.578361
269.5		0.59652
269		0.604379
268.5		0.618083
268		0.630798
267.5		0.642614
267		0.648311
266.5		0.66462
266		0.679708
265.5		0.691848
265		0.698266
264.5		0.711211
264		0.728222
263.5		0.743379
263		0.748859
262.5		0.754216
262		0.771266
261.5		0.787198
261		0.79451
260.5		0.808907
260		0.818491
259.5		0.82477
259		0.832765
258.5		0.847012
258		0.860601
257.5		0.869831
257		0.884224
256.5		0.89297
256		0.90322
255.5		0.911789
255		0.918141
254.5		0.930337
254		0.949961
253.5		0.947275
253		0.960992
252.5		0.968046
252		0.97914
251.5		1.00933
251		1.00192
250.5		1.00557
250		1.01657
249.5		1.02706
249		1.02039
248.5		1.05543
248		1.05617
247.5		1.04375
247		1.0717
246.5		1.07502
246		1.07698
245.5		1.08893
245		1.09131
244.5		1.09915
244		1.11318
243.5		1.11255
243		1.121
242.5		1.12474
242		1.12448
241.5		1.1324
241		1.15193
240.5		1.13359
240		1.14978
239.5		1.14907
239		1.13183
238.5		1.14749
238		1.13863
237.5		1.18436
237		1.1988
236.5		1.15349
236		1.18116
235.5		1.17392
235		1.16344
234.5		1.2141
234		1.21845
233.5		1.20341
233		1.21285
232.5		1.21306
232		1.20038
231.5		1.23028
231		1.20326
230.5		1.24584
230		1.24397
229.5		1.20768
229		1.16638
228.5		1.23609
228		1.28235
227.5		1.19218
227		1.2471
226.5		1.29911
226		1.16362
225.5		1.26467
225		1.31341
224.5		1.22771
224		1.15768
223.5		1.17038
223		1.18204
222.5		1.2559
222		1.17447
221.5		1.24326
221		1.24259
220.5		1.26018
220		1.16852
219.5		1.11359
219		1.33842
218.5		1.28396
218		1.23971
217.5		1.11208
217		1.0493
216.5		1.13448
216		1.09518
215.5		2.90083
215		1.14178
214.5		1.08755
214		0.959296
213.5		1.15468
213		1.01364
212.5		2.76888
212		1.09063
211.5		0.876774
211		2.7026
210.5		1.02912
210		0.996446
209.5		1.10654
209		0.862918
208.5		1.77881
208		2.52598
207.5		0.855401
207		0.988314
206.5		0.940443
206		0.846838
205.5		0.80065
205		0.673375
204.5		0.802173
204		0.860911
203.5		0.872726
203		0.720277
202.5		0.618329
202		0.594209
201.5		1.18051
201		2.23964
200.5		0.564396
200		0.670247
