10/04/2024 17.15.11
10/04/2024 17.24.10

800.0000	 16.7200

800.0000	 16.7200

900.0000	 15.9500



  1.0000
900.0000
  3.0000
340.0000
  1.0000
1401.0000
  5.0000
  6.0000
  1.0000
  1.0000
  0.0000
  0.0000
100.0000
  0.0000
  1.0000
  0.0000
500.0000
900.0000
200.0000
  4.0000
  1.0000
 18.0000
  2.0000
  1.0000
255.0000
  0.8219
  1.0000
 30.0000
  4.0000
500.0000
  0.0000
  0.0000
  4.0000
900.0000
200.0000
  0.0000
100.0000
  0.0000
  1.0000
  0.0000
500.0000
  1.0000
  1.0000
  1.0000
  1.0000
  4.0000
  0.0000
  1.0000
  1.0000
  1.0000
  1.0000
  1.0000
  2.0000
  1.0000
  1.0000
  1.0000
  3.0000
  1.0000
  1.0000
  1.0000
  4.0000
  5.0000
538.985
0.000

Lambda:	800
Abs:		-0.0001
ID:			0
Run:		2
Temp:		0
#

900.0000	  0.1716
899.5000	  0.1673
899.0000	  0.1704
898.5000	  0.1680
898.0000	  0.1654
897.5000	  0.1624
897.0000	  0.1609
896.5000	  0.1634
896.0000	  0.1612
895.5000	  0.1670
895.0000	  0.1742
894.5000	  0.1671
894.0000	  0.1605
893.5000	  0.1661
893.0000	  0.1644
892.5000	  0.1642
892.0000	  0.1664
891.5000	  0.1588
891.0000	  0.1693
890.5000	  0.1700
890.0000	  0.1614
889.5000	  0.1709
889.0000	  0.1698
888.5000	  0.1639
888.0000	  0.1636
887.5000	  0.1642
887.0000	  0.1682
886.5000	  0.1613
886.0000	  0.1599
885.5000	  0.1674
885.0000	  0.1727
884.5000	  0.1655
884.0000	  0.1673
883.5000	  0.1626
883.0000	  0.1668
882.5000	  0.1617
882.0000	  0.1674
881.5000	  0.1657
881.0000	  0.1665
880.5000	  0.1662
880.0000	  0.1614
879.5000	  0.1645
879.0000	  0.1617
878.5000	  0.1648
878.0000	  0.1644
877.5000	  0.1657
877.0000	  0.1671
876.5000	  0.1686
876.0000	  0.1679
875.5000	  0.1639
875.0000	  0.1725
874.5000	  0.1640
874.0000	  0.1652
873.5000	  0.1678
873.0000	  0.1656
872.5000	  0.1654
872.0000	  0.1663
871.5000	  0.1635
871.0000	  0.1668
870.5000	  0.1680
870.0000	  0.1668
869.5000	  0.1632
869.0000	  0.1672
868.5000	  0.1678
868.0000	  0.1667
867.5000	  0.1685
867.0000	  0.1699
866.5000	  0.1673
866.0000	  0.1686
865.5000	  0.1665
865.0000	  0.1682
864.5000	  0.1697
864.0000	  0.1680
863.5000	  0.1678
863.0000	  0.1681
862.5000	  0.1667
862.0000	  0.1669
861.5000	  0.1680
861.0000	  0.1676
860.5000	  0.1702
860.0000	  0.1699
859.5000	  0.1699
859.0000	  0.1702
858.5000	  0.1698
858.0000	  0.1689
857.5000	  0.1702
857.0000	  0.1697
856.5000	  0.1707
856.0000	  0.1696
855.5000	  0.1707
855.0000	  0.1692
854.5000	  0.1696
854.0000	  0.1706
853.5000	  0.1700
853.0000	  0.1713
852.5000	  0.1697
852.0000	  0.1711
851.5000	  0.1705
851.0000	  0.1705
850.5000	  0.1712
850.0000	  0.1705
849.5000	  0.1714
849.0000	  0.1714
848.5000	  0.1703
848.0000	  0.1715
847.5000	  0.1708
847.0000	  0.1706
846.5000	  0.1716
846.0000	  0.1715
845.5000	  0.1715
845.0000	  0.1717
844.5000	  0.1705
844.0000	  0.1718
843.5000	  0.1718
843.0000	  0.1727
842.5000	  0.1713
842.0000	  0.1709
841.5000	  0.1712
841.0000	  0.1718
840.5000	  0.1719
840.0000	  0.1718
839.5000	  0.1711
839.0000	  0.1711
838.5000	  0.1712
838.0000	  0.1720
837.5000	  0.1708
837.0000	  0.1713
836.5000	  0.1717
836.0000	  0.1709
835.5000	  0.1706
835.0000	  0.1716
834.5000	  0.1712
834.0000	  0.1707
833.5000	  0.1702
833.0000	  0.1710
832.5000	  0.1710
832.0000	  0.1717
831.5000	  0.1705
831.0000	  0.1710
830.5000	  0.1709
830.0000	  0.1707
829.5000	  0.1708
829.0000	  0.1702
828.5000	  0.1710
828.0000	  0.1702
827.5000	  0.1706
827.0000	  0.1702
826.5000	  0.1703
826.0000	  0.1705
825.5000	  0.1696
825.0000	  0.1707
824.5000	  0.1697
824.0000	  0.1703
823.5000	  0.1694
823.0000	  0.1697
822.5000	  0.1702
822.0000	  0.1697
821.5000	  0.1699
821.0000	  0.1697
820.5000	  0.1696
820.0000	  0.1702
819.5000	  0.1698
819.0000	  0.1700
818.5000	  0.1697
818.0000	  0.1699
817.5000	  0.1693
817.0000	  0.1690
816.5000	  0.1691
816.0000	  0.1693
815.5000	  0.1697
815.0000	  0.1686
814.5000	  0.1690
814.0000	  0.1688
813.5000	  0.1698
813.0000	  0.1690
812.5000	  0.1693
812.0000	  0.1689
811.5000	  0.1688
811.0000	  0.1687
810.5000	  0.1687
810.0000	  0.1690
809.5000	  0.1688
809.0000	  0.1685
808.5000	  0.1685
808.0000	  0.1683
807.5000	  0.1692
807.0000	  0.1687
806.5000	  0.1684
806.0000	  0.1688
805.5000	  0.1685
805.0000	  0.1687
804.5000	  0.1679
804.0000	  0.1680
803.5000	  0.1678
803.0000	  0.1680
802.5000	  0.1682
802.0000	  0.1678
801.5000	  0.1680
801.0000	  0.1674
800.5000	  0.1674
800.0000	  0.1678
799.5000	  0.1676
799.0000	  0.1667
798.5000	  0.1679
798.0000	  0.1677
797.5000	  0.1676
797.0000	  0.1676
796.5000	  0.1670
796.0000	  0.1674
795.5000	  0.1664
795.0000	  0.1674
794.5000	  0.1666
794.0000	  0.1667
793.5000	  0.1664
793.0000	  0.1664
792.5000	  0.1668
792.0000	  0.1665
791.5000	  0.1661
791.0000	  0.1663
790.5000	  0.1659
790.0000	  0.1667
789.5000	  0.1656
789.0000	  0.1657
788.5000	  0.1659
788.0000	  0.1658
787.5000	  0.1658
787.0000	  0.1655
786.5000	  0.1658
786.0000	  0.1650
785.5000	  0.1653
785.0000	  0.1653
784.5000	  0.1655
784.0000	  0.1657
783.5000	  0.1653
783.0000	  0.1656
782.5000	  0.1647
782.0000	  0.1650
781.5000	  0.1647
781.0000	  0.1645
780.5000	  0.1644
780.0000	  0.1645
779.5000	  0.1638
779.0000	  0.1642
778.5000	  0.1640
778.0000	  0.1641
777.5000	  0.1644
777.0000	  0.1640
776.5000	  0.1628
776.0000	  0.1634
775.5000	  0.1636
775.0000	  0.1636
774.5000	  0.1633
774.0000	  0.1633
773.5000	  0.1631
773.0000	  0.1628
772.5000	  0.1630
772.0000	  0.1632
771.5000	  0.1622
771.0000	  0.1622
770.5000	  0.1620
770.0000	  0.1623
769.5000	  0.1619
769.0000	  0.1618
768.5000	  0.1621
768.0000	  0.1617
767.5000	  0.1619
767.0000	  0.1613
766.5000	  0.1614
766.0000	  0.1612
765.5000	  0.1611
765.0000	  0.1612
764.5000	  0.1609
764.0000	  0.1609
763.5000	  0.1606
763.0000	  0.1604
762.5000	  0.1606
762.0000	  0.1603
761.5000	  0.1602
761.0000	  0.1599
760.5000	  0.1602
760.0000	  0.1598
759.5000	  0.1600
759.0000	  0.1595
758.5000	  0.1596
758.0000	  0.1595
757.5000	  0.1591
757.0000	  0.1586
756.5000	  0.1585
756.0000	  0.1589
755.5000	  0.1586
755.0000	  0.1583
754.5000	  0.1582
754.0000	  0.1583
753.5000	  0.1576
753.0000	  0.1579
752.5000	  0.1582
752.0000	  0.1577
751.5000	  0.1577
751.0000	  0.1576
750.5000	  0.1575
750.0000	  0.1574
749.5000	  0.1570
749.0000	  0.1570
748.5000	  0.1569
748.0000	  0.1573
747.5000	  0.1564
747.0000	  0.1563
746.5000	  0.1559
746.0000	  0.1564
745.5000	  0.1565
745.0000	  0.1566
744.5000	  0.1557
744.0000	  0.1555
743.5000	  0.1556
743.0000	  0.1554
742.5000	  0.1555
742.0000	  0.1552
741.5000	  0.1551
741.0000	  0.1545
740.5000	  0.1551
740.0000	  0.1551
739.5000	  0.1546
739.0000	  0.1545
738.5000	  0.1546
738.0000	  0.1544
737.5000	  0.1542
737.0000	  0.1541
736.5000	  0.1542
736.0000	  0.1539
735.5000	  0.1540
735.0000	  0.1538
734.5000	  0.1535
734.0000	  0.1536
733.5000	  0.1533
733.0000	  0.1534
732.5000	  0.1536
732.0000	  0.1535
731.5000	  0.1531
731.0000	  0.1536
730.5000	  0.1537
730.0000	  0.1536
729.5000	  0.1531
729.0000	  0.1530
728.5000	  0.1534
728.0000	  0.1534
727.5000	  0.1535
727.0000	  0.1532
726.5000	  0.1534
726.0000	  0.1533
725.5000	  0.1536
725.0000	  0.1536
724.5000	  0.1544
724.0000	  0.1537
723.5000	  0.1544
723.0000	  0.1543
722.5000	  0.1548
722.0000	  0.1549
721.5000	  0.1549
721.0000	  0.1555
720.5000	  0.1554
720.0000	  0.1559
719.5000	  0.1565
719.0000	  0.1566
718.5000	  0.1568
718.0000	  0.1571
717.5000	  0.1569
717.0000	  0.1569
716.5000	  0.1565
716.0000	  0.1561
715.5000	  0.1552
715.0000	  0.1552
714.5000	  0.1543
714.0000	  0.1533
713.5000	  0.1529
713.0000	  0.1523
712.5000	  0.1513
712.0000	  0.1506
711.5000	  0.1503
711.0000	  0.1497
710.5000	  0.1494
710.0000	  0.1481
709.5000	  0.1483
709.0000	  0.1476
708.5000	  0.1474
708.0000	  0.1465
707.5000	  0.1468
707.0000	  0.1466
706.5000	  0.1461
706.0000	  0.1461
705.5000	  0.1456
705.0000	  0.1455
704.5000	  0.1461
704.0000	  0.1454
703.5000	  0.1451
703.0000	  0.1451
702.5000	  0.1454
702.0000	  0.1448
701.5000	  0.1448
701.0000	  0.1449
700.5000	  0.1446
700.0000	  0.1444
699.5000	  0.1446
699.0000	  0.1445
698.5000	  0.1444
698.0000	  0.1441
697.5000	  0.1440
697.0000	  0.1440
696.5000	  0.1437
696.0000	  0.1432
695.5000	  0.1436
695.0000	  0.1433
694.5000	  0.1431
694.0000	  0.1431
693.5000	  0.1430
693.0000	  0.1430
692.5000	  0.1431
692.0000	  0.1428
691.5000	  0.1425
691.0000	  0.1428
690.5000	  0.1424
690.0000	  0.1425
689.5000	  0.1422
689.0000	  0.1427
688.5000	  0.1420
688.0000	  0.1420
687.5000	  0.1418
687.0000	  0.1416
686.5000	  0.1414
686.0000	  0.1415
685.5000	  0.1412
685.0000	  0.1410
684.5000	  0.1411
684.0000	  0.1412
683.5000	  0.1410
683.0000	  0.1409
682.5000	  0.1405
682.0000	  0.1407
681.5000	  0.1405
681.0000	  0.1401
680.5000	  0.1401
680.0000	  0.1405
679.5000	  0.1400
679.0000	  0.1401
678.5000	  0.1402
678.0000	  0.1400
677.5000	  0.1401
677.0000	  0.1396
676.5000	  0.1396
676.0000	  0.1400
675.5000	  0.1396
675.0000	  0.1398
674.5000	  0.1395
674.0000	  0.1397
673.5000	  0.1396
673.0000	  0.1393
672.5000	  0.1395
672.0000	  0.1391
671.5000	  0.1391
671.0000	  0.1391
670.5000	  0.1392
670.0000	  0.1391
669.5000	  0.1386
669.0000	  0.1390
668.5000	  0.1388
668.0000	  0.1391
667.5000	  0.1390
667.0000	  0.1386
666.5000	  0.1386
666.0000	  0.1385
665.5000	  0.1384
665.0000	  0.1390
664.5000	  0.1386
664.0000	  0.1384
663.5000	  0.1386
663.0000	  0.1383
662.5000	  0.1385
662.0000	  0.1385
661.5000	  0.1384
661.0000	  0.1385
660.5000	  0.1379
660.0000	  0.1384
659.5000	  0.1381
659.0000	  0.1381
658.5000	  0.1383
658.0000	  0.1382
657.5000	  0.1382
657.0000	  0.1382
656.5000	  0.1380
656.0000	  0.1383
655.5000	  0.1383
655.0000	  0.1384
654.5000	  0.1380
654.0000	  0.1379
653.5000	  0.1383
653.0000	  0.1381
652.5000	  0.1380
652.0000	  0.1379
651.5000	  0.1380
651.0000	  0.1381
650.5000	  0.1385
650.0000	  0.1380
649.5000	  0.1380
649.0000	  0.1379
648.5000	  0.1381
648.0000	  0.1379
647.5000	  0.1382
647.0000	  0.1379
646.5000	  0.1380
646.0000	  0.1382
645.5000	  0.1382
645.0000	  0.1381
644.5000	  0.1381
644.0000	  0.1384
643.5000	  0.1382
643.0000	  0.1383
642.5000	  0.1384
642.0000	  0.1382
641.5000	  0.1380
641.0000	  0.1384
640.5000	  0.1384
640.0000	  0.1384
639.5000	  0.1384
639.0000	  0.1382
638.5000	  0.1382
638.0000	  0.1386
637.5000	  0.1385
637.0000	  0.1383
636.5000	  0.1385
636.0000	  0.1385
635.5000	  0.1386
635.0000	  0.1385
634.5000	  0.1386
634.0000	  0.1387
633.5000	  0.1386
633.0000	  0.1388
632.5000	  0.1389
632.0000	  0.1388
631.5000	  0.1391
631.0000	  0.1392
630.5000	  0.1396
630.0000	  0.1396
629.5000	  0.1398
629.0000	  0.1401
628.5000	  0.1403
628.0000	  0.1408
627.5000	  0.1411
627.0000	  0.1416
626.5000	  0.1418
626.0000	  0.1424
625.5000	  0.1426
625.0000	  0.1430
624.5000	  0.1435
624.0000	  0.1438
623.5000	  0.1441
623.0000	  0.1446
622.5000	  0.1450
622.0000	  0.1451
621.5000	  0.1457
621.0000	  0.1460
620.5000	  0.1463
620.0000	  0.1464
619.5000	  0.1470
619.0000	  0.1470
618.5000	  0.1471
618.0000	  0.1476
617.5000	  0.1473
617.0000	  0.1475
616.5000	  0.1478
616.0000	  0.1483
615.5000	  0.1483
615.0000	  0.1480
614.5000	  0.1485
614.0000	  0.1487
613.5000	  0.1491
613.0000	  0.1492
612.5000	  0.1493
612.0000	  0.1495
611.5000	  0.1499
611.0000	  0.1502
610.5000	  0.1501
610.0000	  0.1507
609.5000	  0.1511
609.0000	  0.1510
608.5000	  0.1512
608.0000	  0.1514
607.5000	  0.1517
607.0000	  0.1520
606.5000	  0.1521
606.0000	  0.1527
605.5000	  0.1529
605.0000	  0.1530
604.5000	  0.1533
604.0000	  0.1536
603.5000	  0.1540
603.0000	  0.1543
602.5000	  0.1545
602.0000	  0.1549
601.5000	  0.1553
601.0000	  0.1557
600.5000	  0.1560
600.0000	  0.1563
599.5000	  0.1566
599.0000	  0.1571
598.5000	  0.1574
598.0000	  0.1578
597.5000	  0.1579
597.0000	  0.1583
596.5000	  0.1586
596.0000	  0.1592
595.5000	  0.1594
595.0000	  0.1598
594.5000	  0.1602
594.0000	  0.1606
593.5000	  0.1610
593.0000	  0.1613
592.5000	  0.1618
592.0000	  0.1619
591.5000	  0.1625
591.0000	  0.1628
590.5000	  0.1630
590.0000	  0.1636
589.5000	  0.1640
589.0000	  0.1642
588.5000	  0.1651
588.0000	  0.1651
587.5000	  0.1658
587.0000	  0.1660
586.5000	  0.1664
586.0000	  0.1669
585.5000	  0.1674
585.0000	  0.1677
584.5000	  0.1684
584.0000	  0.1687
583.5000	  0.1693
583.0000	  0.1699
582.5000	  0.1701
582.0000	  0.1706
581.5000	  0.1712
581.0000	  0.1712
580.5000	  0.1717
580.0000	  0.1725
579.5000	  0.1730
579.0000	  0.1737
578.5000	  0.1738
578.0000	  0.1746
577.5000	  0.1750
577.0000	  0.1755
576.5000	  0.1761
576.0000	  0.1766
575.5000	  0.1769
575.0000	  0.1776
574.5000	  0.1781
574.0000	  0.1786
573.5000	  0.1790
573.0000	  0.1799
572.5000	  0.1800
572.0000	  0.1807
571.5000	  0.1816
571.0000	  0.1819
570.5000	  0.1825
570.0000	  0.1835
569.5000	  0.1838
569.0000	  0.1848
568.5000	  0.1845
568.0000	  0.1854
567.5000	  0.1863
567.0000	  0.1869
566.5000	  0.1877
566.0000	  0.1880
565.5000	  0.1889
565.0000	  0.1894
564.5000	  0.1898
564.0000	  0.1908
563.5000	  0.1912
563.0000	  0.1917
562.5000	  0.1929
562.0000	  0.1933
561.5000	  0.1940
561.0000	  0.1947
560.5000	  0.1952
560.0000	  0.1960
559.5000	  0.1967
559.0000	  0.1975
558.5000	  0.1980
558.0000	  0.1986
557.5000	  0.1996
557.0000	  0.2003
556.5000	  0.2010
556.0000	  0.2017
555.5000	  0.2022
555.0000	  0.2033
554.5000	  0.2042
554.0000	  0.2046
553.5000	  0.2055
553.0000	  0.2061
552.5000	  0.2068
552.0000	  0.2076
551.5000	  0.2079
551.0000	  0.2091
550.5000	  0.2098
550.0000	  0.2105
549.5000	  0.2114
549.0000	  0.2120
548.5000	  0.2127
548.0000	  0.2137
547.5000	  0.2146
547.0000	  0.2153
546.5000	  0.2161
546.0000	  0.2168
545.5000	  0.2178
545.0000	  0.2186
544.5000	  0.2189
544.0000	  0.2198
543.5000	  0.2206
543.0000	  0.2215
542.5000	  0.2225
542.0000	  0.2232
541.5000	  0.2239
541.0000	  0.2248
540.5000	  0.2257
540.0000	  0.2264
539.5000	  0.2272
539.0000	  0.2278
538.5000	  0.2289
538.0000	  0.2294
537.5000	  0.2303
537.0000	  0.2315
536.5000	  0.2319
536.0000	  0.2330
535.5000	  0.2339
535.0000	  0.2346
534.5000	  0.2355
534.0000	  0.2365
533.5000	  0.2370
533.0000	  0.2381
532.5000	  0.2386
532.0000	  0.2398
531.5000	  0.2404
531.0000	  0.2415
530.5000	  0.2421
530.0000	  0.2434
529.5000	  0.2443
529.0000	  0.2450
528.5000	  0.2459
528.0000	  0.2467
527.5000	  0.2476
527.0000	  0.2485
526.5000	  0.2492
526.0000	  0.2505
525.5000	  0.2506
525.0000	  0.2521
524.5000	  0.2530
524.0000	  0.2535
523.5000	  0.2547
523.0000	  0.2552
522.5000	  0.2564
522.0000	  0.2570
521.5000	  0.2576
521.0000	  0.2588
520.5000	  0.2595
520.0000	  0.2604
519.5000	  0.2613
519.0000	  0.2621
518.5000	  0.2628
518.0000	  0.2635
517.5000	  0.2642
517.0000	  0.2652
516.5000	  0.2660
516.0000	  0.2665
515.5000	  0.2673
515.0000	  0.2684
514.5000	  0.2691
514.0000	  0.2699
513.5000	  0.2702
513.0000	  0.2710
512.5000	  0.2718
512.0000	  0.2725
511.5000	  0.2734
511.0000	  0.2740
510.5000	  0.2744
510.0000	  0.2752
509.5000	  0.2761
509.0000	  0.2768
508.5000	  0.2772
508.0000	  0.2781
507.5000	  0.2790
507.0000	  0.2800
506.5000	  0.2802
506.0000	  0.2806
505.5000	  0.2819
505.0000	  0.2828
504.5000	  0.2837
504.0000	  0.2837
503.5000	  0.2852
503.0000	  0.2854
502.5000	  0.2861
502.0000	  0.2876
501.5000	  0.2879
501.0000	  0.2887
500.5000	  0.2890
500.0000	  0.2897
499.5000	  0.2905
499.0000	  0.2904
498.5000	  0.2912
498.0000	  0.2922
497.5000	  0.2921
497.0000	  0.2928
496.5000	  0.2929
496.0000	  0.2933
495.5000	  0.2937
495.0000	  0.2939
494.5000	  0.2935
494.0000	  0.2938
493.5000	  0.2945
493.0000	  0.2943
492.5000	  0.2949
492.0000	  0.2943
491.5000	  0.2942
491.0000	  0.2947
490.5000	  0.2941
490.0000	  0.2946
489.5000	  0.2937
489.0000	  0.2941
488.5000	  0.2935
488.0000	  0.2937
487.5000	  0.2932
487.0000	  0.2925
486.5000	  0.2922
486.0000	  0.2921
485.5000	  0.2914
485.0000	  0.2915
484.5000	  0.2916
484.0000	  0.2910
483.5000	  0.2905
483.0000	  0.2899
482.5000	  0.2896
482.0000	  0.2898
481.5000	  0.2888
481.0000	  0.2886
480.5000	  0.2880
480.0000	  0.2881
479.5000	  0.2870
479.0000	  0.2867
478.5000	  0.2863
478.0000	  0.2858
477.5000	  0.2856
477.0000	  0.2847
476.5000	  0.2849
476.0000	  0.2843
475.5000	  0.2837
475.0000	  0.2834
474.5000	  0.2829
474.0000	  0.2826
473.5000	  0.2824
473.0000	  0.2817
472.5000	  0.2811
472.0000	  0.2807
471.5000	  0.2805
471.0000	  0.2796
470.5000	  0.2798
470.0000	  0.2788
469.5000	  0.2793
469.0000	  0.2782
468.5000	  0.2783
468.0000	  0.2774
467.5000	  0.2773
467.0000	  0.2765
466.5000	  0.2764
466.0000	  0.2757
465.5000	  0.2761
465.0000	  0.2759
464.5000	  0.2751
464.0000	  0.2744
463.5000	  0.2743
463.0000	  0.2742
462.5000	  0.2740
462.0000	  0.2737
461.5000	  0.2732
461.0000	  0.2727
460.5000	  0.2724
460.0000	  0.2727
459.5000	  0.2714
459.0000	  0.2713
458.5000	  0.2713
458.0000	  0.2704
457.5000	  0.2701
457.0000	  0.2692
456.5000	  0.2693
456.0000	  0.2681
455.5000	  0.2675
455.0000	  0.2677
454.5000	  0.2659
454.0000	  0.2657
453.5000	  0.2655
453.0000	  0.2639
452.5000	  0.2628
452.0000	  0.2623
451.5000	  0.2611
451.0000	  0.2604
450.5000	  0.2594
450.0000	  0.2581
449.5000	  0.2571
449.0000	  0.2560
448.5000	  0.2551
448.0000	  0.2547
447.5000	  0.2535
447.0000	  0.2519
446.5000	  0.2513
446.0000	  0.2504
445.5000	  0.2495
445.0000	  0.2486
444.5000	  0.2486
444.0000	  0.2479
443.5000	  0.2469
443.0000	  0.2459
442.5000	  0.2448
442.0000	  0.2444
441.5000	  0.2441
441.0000	  0.2430
440.5000	  0.2421
440.0000	  0.2420
439.5000	  0.2415
439.0000	  0.2408
438.5000	  0.2396
438.0000	  0.2396
437.5000	  0.2390
437.0000	  0.2384
436.5000	  0.2377
436.0000	  0.2370
435.5000	  0.2368
435.0000	  0.2363
434.5000	  0.2354
434.0000	  0.2353
433.5000	  0.2345
433.0000	  0.2343
432.5000	  0.2334
432.0000	  0.2335
431.5000	  0.2326
431.0000	  0.2323
430.5000	  0.2320
430.0000	  0.2316
429.5000	  0.2311
429.0000	  0.2306
428.5000	  0.2306
428.0000	  0.2300
427.5000	  0.2293
427.0000	  0.2292
426.5000	  0.2288
426.0000	  0.2280
425.5000	  0.2280
425.0000	  0.2271
424.5000	  0.2270
424.0000	  0.2268
423.5000	  0.2265
423.0000	  0.2261
422.5000	  0.2254
422.0000	  0.2257
421.5000	  0.2249
421.0000	  0.2247
420.5000	  0.2241
420.0000	  0.2238
419.5000	  0.2236
419.0000	  0.2231
418.5000	  0.2231
418.0000	  0.2232
417.5000	  0.2221
417.0000	  0.2224
416.5000	  0.2217
416.0000	  0.2219
415.5000	  0.2213
415.0000	  0.2203
414.5000	  0.2202
414.0000	  0.2200
413.5000	  0.2193
413.0000	  0.2192
412.5000	  0.2188
412.0000	  0.2185
411.5000	  0.2177
411.0000	  0.2189
410.5000	  0.2174
410.0000	  0.2178
409.5000	  0.2172
409.0000	  0.2165
408.5000	  0.2160
408.0000	  0.2159
407.5000	  0.2152
407.0000	  0.2157
406.5000	  0.2150
406.0000	  0.2146
405.5000	  0.2143
405.0000	  0.2144
404.5000	  0.2135
404.0000	  0.2136
403.5000	  0.2128
403.0000	  0.2124
402.5000	  0.2125
402.0000	  0.2127
401.5000	  0.2113
401.0000	  0.2119
400.5000	  0.2110
400.0000	  0.2106
399.5000	  0.2102
399.0000	  0.2101
398.5000	  0.2095
398.0000	  0.2095
397.5000	  0.2094
397.0000	  0.2096
396.5000	  0.2094
396.0000	  0.2084
395.5000	  0.2086
395.0000	  0.2076
394.5000	  0.2081
394.0000	  0.2078
393.5000	  0.2075
393.0000	  0.2067
392.5000	  0.2068
392.0000	  0.2063
391.5000	  0.2069
391.0000	  0.2063
390.5000	  0.2058
390.0000	  0.2063
389.5000	  0.2057
389.0000	  0.2058
388.5000	  0.2056
388.0000	  0.2053
387.5000	  0.2048
387.0000	  0.2055
386.5000	  0.2050
386.0000	  0.2049
385.5000	  0.2052
385.0000	  0.2046
384.5000	  0.2044
384.0000	  0.2047
383.5000	  0.2049
383.0000	  0.2048
382.5000	  0.2042
382.0000	  0.2044
381.5000	  0.2039
381.0000	  0.2039
380.5000	  0.2036
380.0000	  0.2036
379.5000	  0.2033
379.0000	  0.2033
378.5000	  0.2034
378.0000	  0.2029
377.5000	  0.2027
377.0000	  0.2024
376.5000	  0.2031
376.0000	  0.2026
375.5000	  0.2027
375.0000	  0.2017
374.5000	  0.2021
374.0000	  0.2024
373.5000	  0.2022
373.0000	  0.2024
372.5000	  0.2024
372.0000	  0.2012
371.5000	  0.2015
371.0000	  0.2010
370.5000	  0.2016
370.0000	  0.2014
369.5000	  0.2004
369.0000	  0.2001
368.5000	  0.2007
368.0000	  0.1999
367.5000	  0.2001
367.0000	  0.2001
366.5000	  0.1996
366.0000	  0.1997
365.5000	  0.2004
365.0000	  0.1999
364.5000	  0.1999
364.0000	  0.1993
363.5000	  0.1992
363.0000	  0.1990
362.5000	  0.1993
362.0000	  0.1986
361.5000	  0.1988
361.0000	  0.1994
360.5000	  0.1994
360.0000	  0.1986
359.5000	  0.1982
359.0000	  0.1984
358.5000	  0.1986
358.0000	  0.1992
357.5000	  0.1991
357.0000	  0.1970
356.5000	  0.1985
356.0000	  0.1985
355.5000	  0.1987
355.0000	  0.1968
354.5000	  0.1982
354.0000	  0.1978
353.5000	  0.1968
353.0000	  0.1959
352.5000	  0.1972
352.0000	  0.1981
351.5000	  0.1967
351.0000	  0.1962
350.5000	  0.1966
350.0000	  0.1956
349.5000	  0.1962
349.0000	  0.1951
348.5000	  0.1956
348.0000	  0.1943
347.5000	  0.1954
347.0000	  0.1943
346.5000	  0.1942
346.0000	  0.1952
345.5000	  0.1950
345.0000	  0.1939
344.5000	  0.1937
344.0000	  0.1908
343.5000	  0.1932
343.0000	  0.1934
342.5000	  0.1931
342.0000	  0.1903
341.5000	  0.1913
341.0000	  0.1922
340.5000	  0.1915
340.0000	  0.1917
339.5000	  0.1903
339.0000	  0.1908
338.5000	  0.1917
338.0000	  0.1902
337.5000	  0.1913
337.0000	  0.1886
336.5000	  0.1897
336.0000	  0.1890
335.5000	  0.1904
335.0000	  0.1880
334.5000	  0.1896
334.0000	  0.1895
333.5000	  0.1892
333.0000	  0.1865
332.5000	  0.1884
332.0000	  0.1876
331.5000	  0.1843
331.0000	  0.1861
330.5000	  0.1866
330.0000	  0.1858
329.5000	  0.1858
329.0000	  0.1828
328.5000	  0.1848
328.0000	  0.1847
327.5000	  0.1826
327.0000	  0.1839
326.5000	  0.1839
326.0000	  0.1820
325.5000	  0.1841
325.0000	  0.1811
324.5000	  0.1818
324.0000	  0.1808
323.5000	  0.1804
323.0000	  0.1795
322.5000	  0.1796
322.0000	  0.1799
321.5000	  0.1803
321.0000	  0.1803
320.5000	  0.1782
320.0000	  0.1782
319.5000	  0.1775
319.0000	  0.1819
318.5000	  0.1806
318.0000	  0.1785
317.5000	  0.1773
317.0000	  0.1805
316.5000	  0.1780
316.0000	  0.1808
315.5000	  0.1795
315.0000	  0.1825
314.5000	  0.1789
314.0000	  0.1798
313.5000	  0.1812
313.0000	  0.1822
312.5000	  0.1825
312.0000	  0.1806
311.5000	  0.1786
311.0000	  0.1784
310.5000	  0.1846
310.0000	  0.1856
309.5000	  0.1833
309.0000	  0.1898
308.5000	  0.1865
308.0000	  0.1844
307.5000	  0.1864
307.0000	  0.1881
306.5000	  0.1810
306.0000	  0.1848
305.5000	  0.1845
305.0000	  0.1882
304.5000	  0.1959
304.0000	  0.2001
303.5000	  0.2003
303.0000	  0.1975
302.5000	  0.1968
302.0000	  0.1915
301.5000	  0.1880
301.0000	  0.1878
300.5000	  0.1963
300.0000	  0.2087
299.5000	  0.2257
299.0000	  0.1647
298.5000	  0.1986
298.0000	  0.2189
297.5000	  0.2486
297.0000	  0.2776
296.5000	  0.2747
296.0000	  0.1898
295.5000	 -0.0103
295.0000	 -0.1968
294.5000	  0.1892
294.0000	  0.3086
293.5000	  0.3662
293.0000	  0.4096
292.5000	  0.1406
292.0000	  0.9482
291.5000	  1.1525
291.0000	  0.2395
290.5000	  0.5256
290.0000	  8.8030
289.5000	  0.3512
289.0000	  0.8371
288.5000	  0.4037
288.0000	  0.5167
287.5000	 -0.1828
287.0000	  0.9094
286.5000	 -0.5585
286.0000	 -0.6278
285.5000	  0.6659
285.0000	  1.2768
284.5000	 -0.2577
284.0000	 -0.6770
283.5000	  0.0000
283.0000	  0.3392
282.5000	  0.8525
282.0000	  1.2594
281.5000	  0.3986
281.0000	 -1.6965
280.5000	  1.2123
280.0000	  2.5335
279.5000	 -0.4001
279.0000	 -4.3288
278.5000	  1.6070
278.0000	  1.1521
277.5000	  0.3526
277.0000	  0.8138
276.5000	  1.4791
276.0000	  0.2342
275.5000	 16.3698
275.0000	 -2.4336
274.5000	  0.2839
274.0000	 -0.6190
273.5000	  0.8221
273.0000	  0.1914
272.5000	 -0.7961
272.0000	 -0.5409
271.5000	  1.1016
271.0000	 -0.5392
270.5000	  1.6319
270.0000	  1.0665
269.5000	  0.1546
269.0000	 -0.3133
268.5000	  1.3962
268.0000	  0.8023
267.5000	 -0.0266
267.0000	 -0.6723
266.5000	  0.1341
266.0000	 11.4367
265.5000	  1.8405
265.0000	  0.7162
264.5000	  0.7586
264.0000	  0.7300
263.5000	 -0.8359
263.0000	  0.2102
262.5000	  0.4142
262.0000	  0.5151
261.5000	  1.0172
261.0000	  0.1875
260.5000	  0.8441
260.0000	  0.5024
259.5000	  0.0180
259.0000	 -5.6239
258.5000	 41.0193
258.0000	  0.5615
257.5000	-78.3888
257.0000	 -1.1988
256.5000	  1.1507
256.0000	 -0.2449
255.5000	 -2.4673
255.0000	 -0.1792
254.5000	  2.2432
254.0000	 -1.9415
253.5000	 -8.6082
253.0000	  2.6170
252.5000	  0.9556
252.0000	  3.0700
251.5000	  0.4990
251.0000	 -1.8756
250.5000	  0.5576
250.0000	  0.9304
249.5000	  3.9593
249.0000	 -0.6339
248.5000	  3.4979
248.0000	 21.1701
247.5000	 -2.6223
247.0000	  1.3116
246.5000	 -1.6962
246.0000	 -0.1938
245.5000	  0.1669
245.0000	  2.8066
244.5000	  0.8546
244.0000	  0.5022
243.5000	  1.0085
243.0000	  0.7447
242.5000	  1.7640
242.0000	  1.7639
241.5000	  0.2824
241.0000	 -0.0158
240.5000	 -0.6721
240.0000	  0.2472
239.5000	  2.4844
239.0000	  0.6786
238.5000	  0.8822
238.0000	 -0.0233
237.5000	  3.1799
237.0000	 -0.3145
236.5000	  8.6727
236.0000	  0.0520
235.5000	  0.0685
235.0000	 -1.8401
234.5000	 12.5723
234.0000	 -0.2077
233.5000	  3.4930
233.0000	  1.7381
232.5000	  0.3076
232.0000	  0.2390
231.5000	  0.1325
231.0000	  3.8638
230.5000	  0.1546
230.0000	  2.5550
229.5000	  0.0094
229.0000	 -0.1214
228.5000	 57.5155
228.0000	  1.3772
227.5000	  0.7443
227.0000	  1.8203
226.5000	 -0.9803
226.0000	  8.5696
225.5000	  0.2356
225.0000	 -1.1943
224.5000	 -0.6192
224.0000	 -0.3136
223.5000	 -0.2873
223.0000	  1.2318
222.5000	 -0.2763
222.0000	  0.2637
221.5000	  1.4055
221.0000	  0.7732
220.5000	  0.8037
220.0000	 -1.7183
219.5000	 -2.9550
219.0000	 -1.0760
218.5000	  1.4219
218.0000	  0.7794
217.5000	 -0.1672
217.0000	  0.9981
216.5000	  1.4640
216.0000	  0.6193
215.5000	  0.0406
215.0000	-14.3195
214.5000	  1.2009
214.0000	 -0.1127
213.5000	  0.1509
213.0000	 -3.5467
212.5000	  1.2939
212.0000	  2.3856
211.5000	  0.3864
211.0000	 -0.2583
210.5000	 -1.8502
210.0000	  1.8617
209.5000	 13.8701
209.0000	  1.6571
208.5000	 -3.0419
208.0000	 -2.6308
207.5000	  1.3482
207.0000	  0.3372
206.5000	  0.7397
206.0000	 -0.7510
205.5000	  1.2072
205.0000	 -4.0227
204.5000	 -3.5742
204.0000	 -0.0309
203.5000	  0.0213
203.0000	 -0.1461
202.5000	 -0.8851
202.0000	 -0.1108
201.5000	  0.7375
201.0000	  5.4197
200.5000	  0.0572
200.0000	  0.7899



