23/04/2024 16.20.45
23/04/2024 16.29.44

800.0000	 16.3100

800.0000	 16.3100

900.0000	 15.9700



  1.0000
900.0000
  3.0000
340.0000
  1.0000
1401.0000
  5.0000
  6.0000
  1.0000
  1.0000
  0.0000
  0.0000
100.0000
  0.0000
  1.0000
  0.0000
500.0000
900.0000
200.0000
  4.0000
  1.0000
 18.0000
  2.0000
  1.0000
255.0000
  0.8109
  1.0000
 30.0000
  4.0000
500.0000
  0.0000
  0.0000
  4.0000
900.0000
200.0000
  0.0000
100.0000
  0.0000
  1.0000
  0.0000
500.0000
  1.0000
  1.0000
  1.0000
  1.0000
  4.0000
  0.0000
  1.0000
  1.0000
  1.0000
  1.0000
  1.0000
  2.0000
  1.0000
  1.0000
  1.0000
  3.0000
  1.0000
  1.0000
  1.0000
  4.0000
  5.0000
538.785
0.000

Lambda:	800
Abs:		0.0005
ID:			0
RERun:	2
Temp:		0
#

900.0000	  0.1513
899.5000	  0.1548
899.0000	  0.1738
898.5000	  0.1550
898.0000	  0.1451
897.5000	  0.1555
897.0000	  0.1588
896.5000	  0.1645
896.0000	  0.1613
895.5000	  0.1553
895.0000	  0.1543
894.5000	  0.1628
894.0000	  0.1552
893.5000	  0.1507
893.0000	  0.1605
892.5000	  0.1564
892.0000	  0.1516
891.5000	  0.1586
891.0000	  0.1623
890.5000	  0.1556
890.0000	  0.1643
889.5000	  0.1608
889.0000	  0.1593
888.5000	  0.1560
888.0000	  0.1585
887.5000	  0.1589
887.0000	  0.1461
886.5000	  0.1600
886.0000	  0.1522
885.5000	  0.1641
885.0000	  0.1586
884.5000	  0.1591
884.0000	  0.1588
883.5000	  0.1685
883.0000	  0.1590
882.5000	  0.1507
882.0000	  0.1597
881.5000	  0.1586
881.0000	  0.1600
880.5000	  0.1605
880.0000	  0.1610
879.5000	  0.1616
879.0000	  0.1632
878.5000	  0.1546
878.0000	  0.1531
877.5000	  0.1601
877.0000	  0.1618
876.5000	  0.1583
876.0000	  0.1660
875.5000	  0.1578
875.0000	  0.1611
874.5000	  0.1606
874.0000	  0.1557
873.5000	  0.1629
873.0000	  0.1602
872.5000	  0.1610
872.0000	  0.1527
871.5000	  0.1630
871.0000	  0.1605
870.5000	  0.1589
870.0000	  0.1599
869.5000	  0.1597
869.0000	  0.1609
868.5000	  0.1599
868.0000	  0.1594
867.5000	  0.1576
867.0000	  0.1646
866.5000	  0.1594
866.0000	  0.1648
865.5000	  0.1616
865.0000	  0.1613
864.5000	  0.1606
864.0000	  0.1623
863.5000	  0.1618
863.0000	  0.1612
862.5000	  0.1623
862.0000	  0.1601
861.5000	  0.1628
861.0000	  0.1616
860.5000	  0.1623
860.0000	  0.1630
859.5000	  0.1634
859.0000	  0.1635
858.5000	  0.1638
858.0000	  0.1617
857.5000	  0.1636
857.0000	  0.1606
856.5000	  0.1627
856.0000	  0.1633
855.5000	  0.1641
855.0000	  0.1633
854.5000	  0.1660
854.0000	  0.1633
853.5000	  0.1650
853.0000	  0.1638
852.5000	  0.1634
852.0000	  0.1634
851.5000	  0.1646
851.0000	  0.1641
850.5000	  0.1634
850.0000	  0.1640
849.5000	  0.1647
849.0000	  0.1644
848.5000	  0.1654
848.0000	  0.1650
847.5000	  0.1642
847.0000	  0.1638
846.5000	  0.1649
846.0000	  0.1644
845.5000	  0.1663
845.0000	  0.1653
844.5000	  0.1664
844.0000	  0.1656
843.5000	  0.1663
843.0000	  0.1667
842.5000	  0.1659
842.0000	  0.1653
841.5000	  0.1659
841.0000	  0.1660
840.5000	  0.1659
840.0000	  0.1660
839.5000	  0.1672
839.0000	  0.1661
838.5000	  0.1664
838.0000	  0.1671
837.5000	  0.1655
837.0000	  0.1661
836.5000	  0.1663
836.0000	  0.1659
835.5000	  0.1666
835.0000	  0.1670
834.5000	  0.1655
834.0000	  0.1660
833.5000	  0.1659
833.0000	  0.1657
832.5000	  0.1666
832.0000	  0.1665
831.5000	  0.1665
831.0000	  0.1660
830.5000	  0.1660
830.0000	  0.1660
829.5000	  0.1660
829.0000	  0.1659
828.5000	  0.1656
828.0000	  0.1663
827.5000	  0.1661
827.0000	  0.1652
826.5000	  0.1659
826.0000	  0.1650
825.5000	  0.1652
825.0000	  0.1664
824.5000	  0.1650
824.0000	  0.1654
823.5000	  0.1653
823.0000	  0.1658
822.5000	  0.1652
822.0000	  0.1655
821.5000	  0.1654
821.0000	  0.1656
820.5000	  0.1651
820.0000	  0.1648
819.5000	  0.1651
819.0000	  0.1648
818.5000	  0.1652
818.0000	  0.1647
817.5000	  0.1645
817.0000	  0.1654
816.5000	  0.1649
816.0000	  0.1648
815.5000	  0.1647
815.0000	  0.1647
814.5000	  0.1649
814.0000	  0.1643
813.5000	  0.1645
813.0000	  0.1647
812.5000	  0.1650
812.0000	  0.1641
811.5000	  0.1650
811.0000	  0.1641
810.5000	  0.1639
810.0000	  0.1637
809.5000	  0.1639
809.0000	  0.1641
808.5000	  0.1637
808.0000	  0.1644
807.5000	  0.1643
807.0000	  0.1643
806.5000	  0.1646
806.0000	  0.1636
805.5000	  0.1640
805.0000	  0.1643
804.5000	  0.1631
804.0000	  0.1638
803.5000	  0.1637
803.0000	  0.1637
802.5000	  0.1642
802.0000	  0.1640
801.5000	  0.1638
801.0000	  0.1639
800.5000	  0.1631
800.0000	  0.1634
799.5000	  0.1633
799.0000	  0.1635
798.5000	  0.1633
798.0000	  0.1628
797.5000	  0.1631
797.0000	  0.1628
796.5000	  0.1631
796.0000	  0.1632
795.5000	  0.1630
795.0000	  0.1632
794.5000	  0.1627
794.0000	  0.1624
793.5000	  0.1627
793.0000	  0.1624
792.5000	  0.1624
792.0000	  0.1626
791.5000	  0.1625
791.0000	  0.1627
790.5000	  0.1626
790.0000	  0.1621
789.5000	  0.1623
789.0000	  0.1627
788.5000	  0.1622
788.0000	  0.1615
787.5000	  0.1620
787.0000	  0.1620
786.5000	  0.1620
786.0000	  0.1619
785.5000	  0.1616
785.0000	  0.1615
784.5000	  0.1616
784.0000	  0.1618
783.5000	  0.1614
783.0000	  0.1611
782.5000	  0.1613
782.0000	  0.1610
781.5000	  0.1610
781.0000	  0.1612
780.5000	  0.1608
780.0000	  0.1609
779.5000	  0.1609
779.0000	  0.1606
778.5000	  0.1602
778.0000	  0.1606
777.5000	  0.1605
777.0000	  0.1608
776.5000	  0.1598
776.0000	  0.1599
775.5000	  0.1600
775.0000	  0.1598
774.5000	  0.1599
774.0000	  0.1589
773.5000	  0.1596
773.0000	  0.1595
772.5000	  0.1598
772.0000	  0.1594
771.5000	  0.1597
771.0000	  0.1592
770.5000	  0.1590
770.0000	  0.1588
769.5000	  0.1588
769.0000	  0.1587
768.5000	  0.1585
768.0000	  0.1583
767.5000	  0.1582
767.0000	  0.1581
766.5000	  0.1581
766.0000	  0.1583
765.5000	  0.1576
765.0000	  0.1579
764.5000	  0.1574
764.0000	  0.1578
763.5000	  0.1575
763.0000	  0.1576
762.5000	  0.1572
762.0000	  0.1570
761.5000	  0.1570
761.0000	  0.1572
760.5000	  0.1566
760.0000	  0.1565
759.5000	  0.1567
759.0000	  0.1564
758.5000	  0.1562
758.0000	  0.1561
757.5000	  0.1561
757.0000	  0.1559
756.5000	  0.1558
756.0000	  0.1559
755.5000	  0.1559
755.0000	  0.1557
754.5000	  0.1555
754.0000	  0.1551
753.5000	  0.1552
753.0000	  0.1545
752.5000	  0.1550
752.0000	  0.1550
751.5000	  0.1539
751.0000	  0.1547
750.5000	  0.1544
750.0000	  0.1544
749.5000	  0.1543
749.0000	  0.1542
748.5000	  0.1540
748.0000	  0.1541
747.5000	  0.1538
747.0000	  0.1536
746.5000	  0.1537
746.0000	  0.1535
745.5000	  0.1535
745.0000	  0.1534
744.5000	  0.1526
744.0000	  0.1533
743.5000	  0.1530
743.0000	  0.1526
742.5000	  0.1529
742.0000	  0.1523
741.5000	  0.1523
741.0000	  0.1525
740.5000	  0.1524
740.0000	  0.1520
739.5000	  0.1521
739.0000	  0.1518
738.5000	  0.1521
738.0000	  0.1520
737.5000	  0.1520
737.0000	  0.1516
736.5000	  0.1515
736.0000	  0.1517
735.5000	  0.1517
735.0000	  0.1514
734.5000	  0.1514
734.0000	  0.1511
733.5000	  0.1513
733.0000	  0.1511
732.5000	  0.1509
732.0000	  0.1513
731.5000	  0.1511
731.0000	  0.1511
730.5000	  0.1511
730.0000	  0.1509
729.5000	  0.1512
729.0000	  0.1515
728.5000	  0.1508
728.0000	  0.1508
727.5000	  0.1513
727.0000	  0.1515
726.5000	  0.1513
726.0000	  0.1514
725.5000	  0.1517
725.0000	  0.1515
724.5000	  0.1523
724.0000	  0.1521
723.5000	  0.1522
723.0000	  0.1525
722.5000	  0.1527
722.0000	  0.1532
721.5000	  0.1533
721.0000	  0.1538
720.5000	  0.1541
720.0000	  0.1545
719.5000	  0.1543
719.0000	  0.1547
718.5000	  0.1553
718.0000	  0.1547
717.5000	  0.1549
717.0000	  0.1545
716.5000	  0.1546
716.0000	  0.1538
715.5000	  0.1534
715.0000	  0.1526
714.5000	  0.1516
714.0000	  0.1518
713.5000	  0.1504
713.0000	  0.1499
712.5000	  0.1491
712.0000	  0.1484
711.5000	  0.1477
711.0000	  0.1478
710.5000	  0.1470
710.0000	  0.1459
709.5000	  0.1458
709.0000	  0.1454
708.5000	  0.1445
708.0000	  0.1447
707.5000	  0.1443
707.0000	  0.1438
706.5000	  0.1438
706.0000	  0.1436
705.5000	  0.1439
705.0000	  0.1436
704.5000	  0.1438
704.0000	  0.1436
703.5000	  0.1434
703.0000	  0.1430
702.5000	  0.1430
702.0000	  0.1427
701.5000	  0.1430
701.0000	  0.1424
700.5000	  0.1431
700.0000	  0.1425
699.5000	  0.1424
699.0000	  0.1424
698.5000	  0.1422
698.0000	  0.1420
697.5000	  0.1422
697.0000	  0.1414
696.5000	  0.1416
696.0000	  0.1418
695.5000	  0.1415
695.0000	  0.1416
694.5000	  0.1414
694.0000	  0.1413
693.5000	  0.1410
693.0000	  0.1409
692.5000	  0.1406
692.0000	  0.1402
691.5000	  0.1405
691.0000	  0.1404
690.5000	  0.1403
690.0000	  0.1401
689.5000	  0.1400
689.0000	  0.1398
688.5000	  0.1398
688.0000	  0.1397
687.5000	  0.1395
687.0000	  0.1397
686.5000	  0.1394
686.0000	  0.1395
685.5000	  0.1392
685.0000	  0.1391
684.5000	  0.1392
684.0000	  0.1391
683.5000	  0.1389
683.0000	  0.1388
682.5000	  0.1388
682.0000	  0.1385
681.5000	  0.1386
681.0000	  0.1383
680.5000	  0.1385
680.0000	  0.1385
679.5000	  0.1384
679.0000	  0.1381
678.5000	  0.1378
678.0000	  0.1380
677.5000	  0.1381
677.0000	  0.1380
676.5000	  0.1376
676.0000	  0.1376
675.5000	  0.1376
675.0000	  0.1374
674.5000	  0.1380
674.0000	  0.1375
673.5000	  0.1373
673.0000	  0.1374
672.5000	  0.1372
672.0000	  0.1372
671.5000	  0.1371
671.0000	  0.1370
670.5000	  0.1370
670.0000	  0.1369
669.5000	  0.1367
669.0000	  0.1368
668.5000	  0.1370
668.0000	  0.1371
667.5000	  0.1367
667.0000	  0.1369
666.5000	  0.1367
666.0000	  0.1366
665.5000	  0.1365
665.0000	  0.1365
664.5000	  0.1365
664.0000	  0.1366
663.5000	  0.1364
663.0000	  0.1367
662.5000	  0.1364
662.0000	  0.1364
661.5000	  0.1366
661.0000	  0.1363
660.5000	  0.1364
660.0000	  0.1363
659.5000	  0.1364
659.0000	  0.1361
658.5000	  0.1364
658.0000	  0.1362
657.5000	  0.1360
657.0000	  0.1365
656.5000	  0.1363
656.0000	  0.1359
655.5000	  0.1359
655.0000	  0.1360
654.5000	  0.1360
654.0000	  0.1361
653.5000	  0.1362
653.0000	  0.1362
652.5000	  0.1361
652.0000	  0.1360
651.5000	  0.1361
651.0000	  0.1361
650.5000	  0.1363
650.0000	  0.1360
649.5000	  0.1363
649.0000	  0.1359
648.5000	  0.1360
648.0000	  0.1361
647.5000	  0.1361
647.0000	  0.1361
646.5000	  0.1361
646.0000	  0.1363
645.5000	  0.1361
645.0000	  0.1361
644.5000	  0.1362
644.0000	  0.1362
643.5000	  0.1361
643.0000	  0.1360
642.5000	  0.1362
642.0000	  0.1361
641.5000	  0.1360
641.0000	  0.1361
640.5000	  0.1361
640.0000	  0.1361
639.5000	  0.1358
639.0000	  0.1361
638.5000	  0.1360
638.0000	  0.1360
637.5000	  0.1361
637.0000	  0.1360
636.5000	  0.1363
636.0000	  0.1362
635.5000	  0.1361
635.0000	  0.1363
634.5000	  0.1365
634.0000	  0.1363
633.5000	  0.1363
633.0000	  0.1365
632.5000	  0.1362
632.0000	  0.1366
631.5000	  0.1367
631.0000	  0.1370
630.5000	  0.1370
630.0000	  0.1372
629.5000	  0.1376
629.0000	  0.1381
628.5000	  0.1382
628.0000	  0.1383
627.5000	  0.1388
627.0000	  0.1393
626.5000	  0.1397
626.0000	  0.1402
625.5000	  0.1405
625.0000	  0.1410
624.5000	  0.1414
624.0000	  0.1417
623.5000	  0.1422
623.0000	  0.1425
622.5000	  0.1430
622.0000	  0.1435
621.5000	  0.1438
621.0000	  0.1441
620.5000	  0.1443
620.0000	  0.1449
619.5000	  0.1448
619.0000	  0.1451
618.5000	  0.1454
618.0000	  0.1452
617.5000	  0.1457
617.0000	  0.1454
616.5000	  0.1457
616.0000	  0.1460
615.5000	  0.1463
615.0000	  0.1461
614.5000	  0.1467
614.0000	  0.1470
613.5000	  0.1468
613.0000	  0.1473
612.5000	  0.1473
612.0000	  0.1473
611.5000	  0.1476
611.0000	  0.1481
610.5000	  0.1481
610.0000	  0.1487
609.5000	  0.1486
609.0000	  0.1491
608.5000	  0.1493
608.0000	  0.1495
607.5000	  0.1497
607.0000	  0.1503
606.5000	  0.1504
606.0000	  0.1503
605.5000	  0.1507
605.0000	  0.1513
604.5000	  0.1513
604.0000	  0.1521
603.5000	  0.1519
603.0000	  0.1523
602.5000	  0.1526
602.0000	  0.1530
601.5000	  0.1533
601.0000	  0.1536
600.5000	  0.1539
600.0000	  0.1542
599.5000	  0.1544
599.0000	  0.1550
598.5000	  0.1550
598.0000	  0.1555
597.5000	  0.1560
597.0000	  0.1563
596.5000	  0.1567
596.0000	  0.1571
595.5000	  0.1575
595.0000	  0.1576
594.5000	  0.1575
594.0000	  0.1586
593.5000	  0.1591
593.0000	  0.1590
592.5000	  0.1596
592.0000	  0.1600
591.5000	  0.1606
591.0000	  0.1607
590.5000	  0.1612
590.0000	  0.1616
589.5000	  0.1619
589.0000	  0.1624
588.5000	  0.1626
588.0000	  0.1631
587.5000	  0.1637
587.0000	  0.1642
586.5000	  0.1643
586.0000	  0.1647
585.5000	  0.1652
585.0000	  0.1657
584.5000	  0.1660
584.0000	  0.1666
583.5000	  0.1670
583.0000	  0.1677
582.5000	  0.1680
582.0000	  0.1682
581.5000	  0.1691
581.0000	  0.1694
580.5000	  0.1699
580.0000	  0.1702
579.5000	  0.1708
579.0000	  0.1712
578.5000	  0.1717
578.0000	  0.1721
577.5000	  0.1726
577.0000	  0.1730
576.5000	  0.1738
576.0000	  0.1739
575.5000	  0.1746
575.0000	  0.1750
574.5000	  0.1758
574.0000	  0.1760
573.5000	  0.1768
573.0000	  0.1773
572.5000	  0.1777
572.0000	  0.1786
571.5000	  0.1787
571.0000	  0.1798
570.5000	  0.1802
570.0000	  0.1805
569.5000	  0.1813
569.0000	  0.1820
568.5000	  0.1822
568.0000	  0.1830
567.5000	  0.1830
567.0000	  0.1840
566.5000	  0.1849
566.0000	  0.1855
565.5000	  0.1859
565.0000	  0.1865
564.5000	  0.1872
564.0000	  0.1879
563.5000	  0.1884
563.0000	  0.1892
562.5000	  0.1899
562.0000	  0.1906
561.5000	  0.1910
561.0000	  0.1917
560.5000	  0.1921
560.0000	  0.1927
559.5000	  0.1939
559.0000	  0.1944
558.5000	  0.1951
558.0000	  0.1957
557.5000	  0.1962
557.0000	  0.1969
556.5000	  0.1978
556.0000	  0.1981
555.5000	  0.1989
555.0000	  0.1996
554.5000	  0.2003
554.0000	  0.2008
553.5000	  0.2019
553.0000	  0.2027
552.5000	  0.2032
552.0000	  0.2041
551.5000	  0.2044
551.0000	  0.2056
550.5000	  0.2061
550.0000	  0.2069
549.5000	  0.2076
549.0000	  0.2083
548.5000	  0.2093
548.0000	  0.2099
547.5000	  0.2106
547.0000	  0.2113
546.5000	  0.2123
546.0000	  0.2129
545.5000	  0.2139
545.0000	  0.2145
544.5000	  0.2150
544.0000	  0.2160
543.5000	  0.2166
543.0000	  0.2176
542.5000	  0.2183
542.0000	  0.2191
541.5000	  0.2197
541.0000	  0.2204
540.5000	  0.2214
540.0000	  0.2219
539.5000	  0.2230
539.0000	  0.2239
538.5000	  0.2245
538.0000	  0.2251
537.5000	  0.2261
537.0000	  0.2269
536.5000	  0.2277
536.0000	  0.2287
535.5000	  0.2292
535.0000	  0.2300
534.5000	  0.2308
534.0000	  0.2316
533.5000	  0.2324
533.0000	  0.2333
532.5000	  0.2340
532.0000	  0.2351
531.5000	  0.2360
531.0000	  0.2365
530.5000	  0.2376
530.0000	  0.2383
529.5000	  0.2390
529.0000	  0.2397
528.5000	  0.2411
528.0000	  0.2416
527.5000	  0.2425
527.0000	  0.2431
526.5000	  0.2441
526.0000	  0.2451
525.5000	  0.2461
525.0000	  0.2466
524.5000	  0.2473
524.0000	  0.2484
523.5000	  0.2490
523.0000	  0.2500
522.5000	  0.2505
522.0000	  0.2516
521.5000	  0.2526
521.0000	  0.2531
520.5000	  0.2540
520.0000	  0.2547
519.5000	  0.2554
519.0000	  0.2561
518.5000	  0.2573
518.0000	  0.2577
517.5000	  0.2586
517.0000	  0.2595
516.5000	  0.2600
516.0000	  0.2608
515.5000	  0.2614
515.0000	  0.2619
514.5000	  0.2630
514.0000	  0.2636
513.5000	  0.2641
513.0000	  0.2643
512.5000	  0.2655
512.0000	  0.2664
511.5000	  0.2671
511.0000	  0.2672
510.5000	  0.2678
510.0000	  0.2690
509.5000	  0.2697
509.0000	  0.2699
508.5000	  0.2709
508.0000	  0.2714
507.5000	  0.2720
507.0000	  0.2732
506.5000	  0.2739
506.0000	  0.2744
505.5000	  0.2754
505.0000	  0.2760
504.5000	  0.2769
504.0000	  0.2771
503.5000	  0.2783
503.0000	  0.2791
502.5000	  0.2798
502.0000	  0.2804
501.5000	  0.2812
501.0000	  0.2817
500.5000	  0.2825
500.0000	  0.2830
499.5000	  0.2838
499.0000	  0.2840
498.5000	  0.2845
498.0000	  0.2850
497.5000	  0.2854
497.0000	  0.2856
496.5000	  0.2862
496.0000	  0.2867
495.5000	  0.2868
495.0000	  0.2872
494.5000	  0.2872
494.0000	  0.2877
493.5000	  0.2877
493.0000	  0.2876
492.5000	  0.2874
492.0000	  0.2877
491.5000	  0.2879
491.0000	  0.2881
490.5000	  0.2877
490.0000	  0.2876
489.5000	  0.2876
489.0000	  0.2876
488.5000	  0.2869
488.0000	  0.2862
487.5000	  0.2863
487.0000	  0.2859
486.5000	  0.2853
486.0000	  0.2855
485.5000	  0.2851
485.0000	  0.2849
484.5000	  0.2844
484.0000	  0.2841
483.5000	  0.2835
483.0000	  0.2830
482.5000	  0.2829
482.0000	  0.2827
481.5000	  0.2820
481.0000	  0.2818
480.5000	  0.2813
480.0000	  0.2810
479.5000	  0.2805
479.0000	  0.2800
478.5000	  0.2796
478.0000	  0.2790
477.5000	  0.2789
477.0000	  0.2783
476.5000	  0.2775
476.0000	  0.2777
475.5000	  0.2771
475.0000	  0.2764
474.5000	  0.2762
474.0000	  0.2757
473.5000	  0.2748
473.0000	  0.2751
472.5000	  0.2741
472.0000	  0.2738
471.5000	  0.2736
471.0000	  0.2731
470.5000	  0.2732
470.0000	  0.2723
469.5000	  0.2722
469.0000	  0.2718
468.5000	  0.2713
468.0000	  0.2714
467.5000	  0.2708
467.0000	  0.2705
466.5000	  0.2698
466.0000	  0.2701
465.5000	  0.2688
465.0000	  0.2686
464.5000	  0.2690
464.0000	  0.2682
463.5000	  0.2676
463.0000	  0.2670
462.5000	  0.2670
462.0000	  0.2671
461.5000	  0.2674
461.0000	  0.2661
460.5000	  0.2660
460.0000	  0.2653
459.5000	  0.2647
459.0000	  0.2643
458.5000	  0.2636
458.0000	  0.2633
457.5000	  0.2631
457.0000	  0.2621
456.5000	  0.2611
456.0000	  0.2607
455.5000	  0.2612
455.0000	  0.2592
454.5000	  0.2589
454.0000	  0.2581
453.5000	  0.2565
453.0000	  0.2560
452.5000	  0.2550
452.0000	  0.2541
451.5000	  0.2536
451.0000	  0.2523
450.5000	  0.2509
450.0000	  0.2498
449.5000	  0.2486
449.0000	  0.2475
448.5000	  0.2471
448.0000	  0.2460
447.5000	  0.2449
447.0000	  0.2440
446.5000	  0.2438
446.0000	  0.2428
445.5000	  0.2415
445.0000	  0.2407
444.5000	  0.2397
444.0000	  0.2389
443.5000	  0.2387
443.0000	  0.2376
442.5000	  0.2368
442.0000	  0.2362
441.5000	  0.2358
441.0000	  0.2351
440.5000	  0.2346
440.0000	  0.2339
439.5000	  0.2333
439.0000	  0.2331
438.5000	  0.2320
438.0000	  0.2317
437.5000	  0.2307
437.0000	  0.2301
436.5000	  0.2298
436.0000	  0.2296
435.5000	  0.2289
435.0000	  0.2286
434.5000	  0.2274
434.0000	  0.2277
433.5000	  0.2267
433.0000	  0.2267
432.5000	  0.2258
432.0000	  0.2257
431.5000	  0.2252
431.0000	  0.2247
430.5000	  0.2245
430.0000	  0.2239
429.5000	  0.2236
429.0000	  0.2228
428.5000	  0.2229
428.0000	  0.2223
427.5000	  0.2217
427.0000	  0.2211
426.5000	  0.2209
426.0000	  0.2202
425.5000	  0.2205
425.0000	  0.2200
424.5000	  0.2195
424.0000	  0.2191
423.5000	  0.2186
423.0000	  0.2191
422.5000	  0.2183
422.0000	  0.2183
421.5000	  0.2170
421.0000	  0.2176
420.5000	  0.2169
420.0000	  0.2167
419.5000	  0.2160
419.0000	  0.2153
418.5000	  0.2156
418.0000	  0.2156
417.5000	  0.2149
417.0000	  0.2148
416.5000	  0.2144
416.0000	  0.2142
415.5000	  0.2135
415.0000	  0.2135
414.5000	  0.2130
414.0000	  0.2124
413.5000	  0.2121
413.0000	  0.2118
412.5000	  0.2116
412.0000	  0.2108
411.5000	  0.2114
411.0000	  0.2107
410.5000	  0.2103
410.0000	  0.2100
409.5000	  0.2100
409.0000	  0.2089
408.5000	  0.2089
408.0000	  0.2084
407.5000	  0.2082
407.0000	  0.2083
406.5000	  0.2072
406.0000	  0.2070
405.5000	  0.2072
405.0000	  0.2070
404.5000	  0.2070
404.0000	  0.2065
403.5000	  0.2055
403.0000	  0.2057
402.5000	  0.2053
402.0000	  0.2051
401.5000	  0.2043
401.0000	  0.2040
400.5000	  0.2039
400.0000	  0.2036
399.5000	  0.2033
399.0000	  0.2029
398.5000	  0.2022
398.0000	  0.2027
397.5000	  0.2017
397.0000	  0.2016
396.5000	  0.2015
396.0000	  0.2020
395.5000	  0.2014
395.0000	  0.2010
394.5000	  0.1993
394.0000	  0.1995
393.5000	  0.2007
393.0000	  0.1995
392.5000	  0.1996
392.0000	  0.1993
391.5000	  0.1985
391.0000	  0.1994
390.5000	  0.1981
390.0000	  0.1981
389.5000	  0.1982
389.0000	  0.1990
388.5000	  0.1983
388.0000	  0.1980
387.5000	  0.1980
387.0000	  0.1984
386.5000	  0.1981
386.0000	  0.1985
385.5000	  0.1974
385.0000	  0.1974
384.5000	  0.1977
384.0000	  0.1979
383.5000	  0.1977
383.0000	  0.1976
382.5000	  0.1974
382.0000	  0.1966
381.5000	  0.1975
381.0000	  0.1971
380.5000	  0.1965
380.0000	  0.1967
379.5000	  0.1966
379.0000	  0.1968
378.5000	  0.1961
378.0000	  0.1964
377.5000	  0.1960
377.0000	  0.1955
376.5000	  0.1961
376.0000	  0.1956
375.5000	  0.1950
375.0000	  0.1946
374.5000	  0.1953
374.0000	  0.1952
373.5000	  0.1952
373.0000	  0.1951
372.5000	  0.1948
372.0000	  0.1949
371.5000	  0.1951
371.0000	  0.1943
370.5000	  0.1938
370.0000	  0.1944
369.5000	  0.1938
369.0000	  0.1940
368.5000	  0.1929
368.0000	  0.1934
367.5000	  0.1924
367.0000	  0.1936
366.5000	  0.1929
366.0000	  0.1926
365.5000	  0.1927
365.0000	  0.1930
364.5000	  0.1927
364.0000	  0.1933
363.5000	  0.1928
363.0000	  0.1926
362.5000	  0.1922
362.0000	  0.1922
361.5000	  0.1932
361.0000	  0.1923
360.5000	  0.1924
360.0000	  0.1916
359.5000	  0.1905
359.0000	  0.1911
358.5000	  0.1919
358.0000	  0.1913
357.5000	  0.1908
357.0000	  0.1920
356.5000	  0.1911
356.0000	  0.1912
355.5000	  0.1906
355.0000	  0.1921
354.5000	  0.1903
354.0000	  0.1901
353.5000	  0.1904
353.0000	  0.1902
352.5000	  0.1895
352.0000	  0.1909
351.5000	  0.1898
351.0000	  0.1901
350.5000	  0.1892
350.0000	  0.1895
349.5000	  0.1902
349.0000	  0.1880
348.5000	  0.1895
348.0000	  0.1880
347.5000	  0.1888
347.0000	  0.1882
346.5000	  0.1895
346.0000	  0.1868
345.5000	  0.1878
345.0000	  0.1868
344.5000	  0.1866
344.0000	  0.1862
343.5000	  0.1864
343.0000	  0.1842
342.5000	  0.1838
342.0000	  0.1855
341.5000	  0.1846
341.0000	  0.1845
340.5000	  0.1860
340.0000	  0.1833
339.5000	  0.1830
339.0000	  0.1835
338.5000	  0.1809
338.0000	  0.1815
337.5000	  0.1810
337.0000	  0.1820
336.5000	  0.1818
336.0000	  0.1804
335.5000	  0.1802
335.0000	  0.1794
334.5000	  0.1809
334.0000	  0.1801
333.5000	  0.1790
333.0000	  0.1791
332.5000	  0.1774
332.0000	  0.1778
331.5000	  0.1788
331.0000	  0.1778
330.5000	  0.1779
330.0000	  0.1766
329.5000	  0.1775
329.0000	  0.1748
328.5000	  0.1765
328.0000	  0.1753
327.5000	  0.1758
327.0000	  0.1753
326.5000	  0.1744
326.0000	  0.1746
325.5000	  0.1739
325.0000	  0.1759
324.5000	  0.1745
324.0000	  0.1726
323.5000	  0.1712
323.0000	  0.1720
322.5000	  0.1708
322.0000	  0.1716
321.5000	  0.1717
321.0000	  0.1746
320.5000	  0.1705
320.0000	  0.1734
319.5000	  0.1710
319.0000	  0.1716
318.5000	  0.1711
318.0000	  0.1708
317.5000	  0.1707
317.0000	  0.1714
316.5000	  0.1703
316.0000	  0.1696
315.5000	  0.1702
315.0000	  0.1692
314.5000	  0.1691
314.0000	  0.1709
313.5000	  0.1703
313.0000	  0.1690
312.5000	  0.1726
312.0000	  0.1725
311.5000	  0.1699
311.0000	  0.1749
310.5000	  0.1714
310.0000	  0.1766
309.5000	  0.1751
309.0000	  0.1738
308.5000	  0.1760
308.0000	  0.1779
307.5000	  0.1707
307.0000	  0.1775
306.5000	  0.1701
306.0000	  0.1761
305.5000	  0.1811
305.0000	  0.1819
304.5000	  0.1833
304.0000	  0.1867
303.5000	  0.1750
303.0000	  0.1879
302.5000	  0.1768
302.0000	  0.2227
301.5000	  0.2253
301.0000	  0.1914
300.5000	  0.2076
300.0000	  0.2042
299.5000	  0.1791
299.0000	  0.1663
298.5000	  0.1342
298.0000	  0.1284
297.5000	  0.1306
297.0000	  0.3648
296.5000	 -0.0118
296.0000	 -0.3720
295.5000	  0.5094
295.0000	  1.1189
294.5000	 -0.7519
294.0000	 -0.0956
293.5000	  7.4065
293.0000	  5.5838
292.5000	 -0.3997
292.0000	 -0.3422
291.5000	 43.3289
291.0000	  0.2172
290.5000	  0.4662
290.0000	  0.5527
289.5000	  1.3701
289.0000	  0.2168
288.5000	  2.5083
288.0000	  3.0093
287.5000	  0.3344
287.0000	  0.6085
286.5000	  2.9467
286.0000	  1.4835
285.5000	  0.4111
285.0000	  0.3935
284.5000	 -0.6370
284.0000	 -3.2547
283.5000	  0.5258
283.0000	  1.4296
282.5000	 -4.9283
282.0000	  0.8074
281.5000	  0.0822
281.0000	  0.6406
280.5000	-41.5860
280.0000	  1.6831
279.5000	  1.6242
279.0000	  0.8966
278.5000	 -0.6929
278.0000	 -0.7311
277.5000	  0.0274
277.0000	  2.3273
276.5000	  0.2040
276.0000	  2.1834
275.5000	  3.1601
275.0000	  1.2496
274.5000	 -1.1799
274.0000	 -0.3880
273.5000	 -1.1270
273.0000	  2.2778
272.5000	 -0.3372
272.0000	  0.4356
271.5000	  1.5678
271.0000	-12.1087
270.5000	  0.8692
270.0000	  0.7214
269.5000	 -0.8882
269.0000	  1.9607
268.5000	 -0.0200
268.0000	 -2.3988
267.5000	  0.8024
267.0000	 -1.0981
266.5000	 -0.2346
266.0000	 -4.5222
265.5000	  0.5298
265.0000	  0.3233
264.5000	  5.5445
264.0000	 -0.0904
263.5000	 -1.0639
263.0000	  0.9221
262.5000	 -3.4209
262.0000	 -1.7529
261.5000	  0.9511
261.0000	  0.8317
260.5000	  0.3664
260.0000	  0.8775
259.5000	 -0.2639
259.0000	  0.5877
258.5000	 -0.3758
258.0000	  1.6330
257.5000	  0.1611
257.0000	  0.7485
256.5000	  1.0905
256.0000	  1.9940
255.5000	  4.8756
255.0000	  0.1553
254.5000	 -0.4359
254.0000	 -0.6271
253.5000	  0.5566
253.0000	  1.0299
252.5000	  0.6556
252.0000	 -0.8108
251.5000	  2.8728
251.0000	  0.0948
250.5000	-46.2231
250.0000	  1.8216
249.5000	  0.8895
249.0000	  0.1494
248.5000	  1.2396
248.0000	  1.5369
247.5000	  1.1966
247.0000	  2.0846
246.5000	 -1.8700
246.0000	  0.7342
245.5000	  0.1778
245.0000	 -1.1285
244.5000	 -4.5197
244.0000	  1.6700
243.5000	  0.0817
243.0000	 -0.1613
242.5000	 -2.2446
242.0000	 -2.3039
241.5000	  3.2708
241.0000	 -0.9358
240.5000	  0.3276
240.0000	 -0.7741
239.5000	  0.1409
239.0000	 -2.4608
238.5000	 -2.5764
238.0000	 -0.1429
237.5000	  0.8001
237.0000	  2.3203
236.5000	  1.0960
236.0000	 -0.7221
235.5000	 -0.8462
235.0000	  0.8251
234.5000	 15.0316
234.0000	  1.1992
233.5000	  1.8299
233.0000	  2.1348
232.5000	  1.8911
232.0000	  1.2507
231.5000	  0.5405
231.0000	 -0.6247
230.5000	 11.6914
230.0000	 -1.4031
229.5000	  7.1256
229.0000	  0.4243
228.5000	  0.1277
228.0000	  1.2434
227.5000	  1.5843
227.0000	 -3.9837
226.5000	 -1.1285
226.0000	 -0.5177
225.5000	  0.8660
225.0000	 -0.2329
224.5000	 -1.9352
224.0000	 -0.0583
223.5000	  2.0838
223.0000	  0.5578
222.5000	  0.9752
222.0000	 -1.6777
221.5000	-24.1517
221.0000	 -2.8014
220.5000	  0.1319
220.0000	  0.0575
219.5000	 -0.1952
219.0000	  1.5965
218.5000	  1.7740
218.0000	  0.7931
217.5000	 -6.9651
217.0000	 13.8152
216.5000	 -0.4491
216.0000	 -0.4160
215.5000	  0.2209
215.0000	  0.9930
214.5000	  0.3161
214.0000	  0.8780
213.5000	  0.2869
213.0000	  0.5891
212.5000	  0.3298
212.0000	 -1.1698
211.5000	 -0.3302
211.0000	  3.8413
210.5000	  0.4808
210.0000	  0.6272
209.5000	  0.7610
209.0000	  1.3277
208.5000	  2.0697
208.0000	  0.9586
207.5000	 -1.6464
207.0000	 -7.8414
206.5000	  0.9208
206.0000	  1.2870
205.5000	  1.9223
205.0000	  0.9883
204.5000	 -0.3848
204.0000	  0.5118
203.5000	  1.9642
203.0000	 -0.2312
202.5000	  0.7503
202.0000	  1.0277
201.5000	  1.5452
201.0000	  1.3449
200.5000	  1.2686
200.0000	  0.4793

