08/05/2024 17.30.49
08/05/2024 17.39.48

800.0000	 41.5400

800.0000	 41.5400

900.0000	 42.7900



  1.0000
900.0000
  3.0000
340.0000
  1.0000
1401.0000
  5.0000
  6.0000
  1.0000
  1.0000
  0.0000
  0.0000
100.0000
  0.0000
  1.0000
  0.0000
500.0000
900.0000
200.0000
  4.0000
  1.0000
 18.0000
  2.0000
  1.0000
255.0000
  0.8391
  1.0000
 30.0000
  4.0000
500.0000
  0.0000
  0.0000
  4.0000
900.0000
200.0000
  0.0000
100.0000
  0.0000
  1.0000
  0.0000
500.0000
  1.0000
  1.0000
  1.0000
  1.0000
  4.0000
  0.0000
  1.0000
  1.0000
  1.0000
  1.0000
  1.0000
  2.0000
  1.0000
  1.0000
  1.0000
  3.0000
  1.0000
  1.0000
  1.0000
  4.0000
  5.0000
538.908
0.000

lamda: 800
Abs:   -0.0003
ID:    B

#
900.0000	  0.4193
899.5000	  0.4485
899.0000	  0.4266
898.5000	  0.4382
898.0000	  0.4246
897.5000	  0.4242
897.0000	  0.4300
896.5000	  0.4306
896.0000	  0.4325
895.5000	  0.4396
895.0000	  0.4381
894.5000	  0.4300
894.0000	  0.4454
893.5000	  0.4353
893.0000	  0.4276
892.5000	  0.4323
892.0000	  0.4320
891.5000	  0.4286
891.0000	  0.4251
890.5000	  0.4347
890.0000	  0.4334
889.5000	  0.4280
889.0000	  0.4330
888.5000	  0.4454
888.0000	  0.4254
887.5000	  0.4274
887.0000	  0.4355
886.5000	  0.4210
886.0000	  0.4244
885.5000	  0.4167
885.0000	  0.4175
884.5000	  0.4322
884.0000	  0.4247
883.5000	  0.4237
883.0000	  0.4227
882.5000	  0.4232
882.0000	  0.4340
881.5000	  0.4231
881.0000	  0.4198
880.5000	  0.4305
880.0000	  0.4270
879.5000	  0.4262
879.0000	  0.4212
878.5000	  0.4278
878.0000	  0.4235
877.5000	  0.4284
877.0000	  0.4271
876.5000	  0.4337
876.0000	  0.4242
875.5000	  0.4297
875.0000	  0.4326
874.5000	  0.4250
874.0000	  0.4280
873.5000	  0.4249
873.0000	  0.4250
872.5000	  0.4272
872.0000	  0.4240
871.5000	  0.4250
871.0000	  0.4256
870.5000	  0.4212
870.0000	  0.4290
869.5000	  0.4280
869.0000	  0.4305
868.5000	  0.4267
868.0000	  0.4282
867.5000	  0.4261
867.0000	  0.4285
866.5000	  0.4314
866.0000	  0.4265
865.5000	  0.4281
865.0000	  0.4270
864.5000	  0.4255
864.0000	  0.4292
863.5000	  0.4270
863.0000	  0.4258
862.5000	  0.4299
862.0000	  0.4259
861.5000	  0.4280
861.0000	  0.4320
860.5000	  0.4295
860.0000	  0.4294
859.5000	  0.4271
859.0000	  0.4292
858.5000	  0.4288
858.0000	  0.4238
857.5000	  0.4298
857.0000	  0.4272
856.5000	  0.4288
856.0000	  0.4282
855.5000	  0.4265
855.0000	  0.4273
854.5000	  0.4281
854.0000	  0.4284
853.5000	  0.4270
853.0000	  0.4252
852.5000	  0.4279
852.0000	  0.4268
851.5000	  0.4260
851.0000	  0.4261
850.5000	  0.4269
850.0000	  0.4258
849.5000	  0.4270
849.0000	  0.4262
848.5000	  0.4275
848.0000	  0.4290
847.5000	  0.4255
847.0000	  0.4265
846.5000	  0.4280
846.0000	  0.4268
845.5000	  0.4264
845.0000	  0.4278
844.5000	  0.4262
844.0000	  0.4248
843.5000	  0.4263
843.0000	  0.4254
842.5000	  0.4259
842.0000	  0.4244
841.5000	  0.4249
841.0000	  0.4268
840.5000	  0.4263
840.0000	  0.4254
839.5000	  0.4236
839.0000	  0.4227
838.5000	  0.4231
838.0000	  0.4243
837.5000	  0.4236
837.0000	  0.4230
836.5000	  0.4232
836.0000	  0.4218
835.5000	  0.4228
835.0000	  0.4238
834.5000	  0.4224
834.0000	  0.4228
833.5000	  0.4215
833.0000	  0.4217
832.5000	  0.4203
832.0000	  0.4211
831.5000	  0.4220
831.0000	  0.4215
830.5000	  0.4213
830.0000	  0.4203
829.5000	  0.4203
829.0000	  0.4205
828.5000	  0.4205
828.0000	  0.4205
827.5000	  0.4187
827.0000	  0.4196
826.5000	  0.4201
826.0000	  0.4199
825.5000	  0.4195
825.0000	  0.4189
824.5000	  0.4189
824.0000	  0.4187
823.5000	  0.4191
823.0000	  0.4190
822.5000	  0.4176
822.0000	  0.4184
821.5000	  0.4192
821.0000	  0.4183
820.5000	  0.4178
820.0000	  0.4161
819.5000	  0.4173
819.0000	  0.4176
818.5000	  0.4167
818.0000	  0.4182
817.5000	  0.4167
817.0000	  0.4166
816.5000	  0.4168
816.0000	  0.4169
815.5000	  0.4171
815.0000	  0.4169
814.5000	  0.4172
814.0000	  0.4170
813.5000	  0.4163
813.0000	  0.4170
812.5000	  0.4160
812.0000	  0.4165
811.5000	  0.4154
811.0000	  0.4157
810.5000	  0.4166
810.0000	  0.4161
809.5000	  0.4163
809.0000	  0.4171
808.5000	  0.4170
808.0000	  0.4155
807.5000	  0.4164
807.0000	  0.4156
806.5000	  0.4159
806.0000	  0.4163
805.5000	  0.4154
805.0000	  0.4164
804.5000	  0.4159
804.0000	  0.4154
803.5000	  0.4166
803.0000	  0.4152
802.5000	  0.4156
802.0000	  0.4167
801.5000	  0.4165
801.0000	  0.4154
800.5000	  0.4160
800.0000	  0.4153
799.5000	  0.4162
799.0000	  0.4155
798.5000	  0.4157
798.0000	  0.4159
797.5000	  0.4167
797.0000	  0.4163
796.5000	  0.4160
796.0000	  0.4157
795.5000	  0.4164
795.0000	  0.4160
794.5000	  0.4162
794.0000	  0.4159
793.5000	  0.4157
793.0000	  0.4156
792.5000	  0.4164
792.0000	  0.4166
791.5000	  0.4160
791.0000	  0.4162
790.5000	  0.4164
790.0000	  0.4164
789.5000	  0.4168
789.0000	  0.4170
788.5000	  0.4167
788.0000	  0.4166
787.5000	  0.4166
787.0000	  0.4169
786.5000	  0.4168
786.0000	  0.4163
785.5000	  0.4166
785.0000	  0.4175
784.5000	  0.4167
784.0000	  0.4176
783.5000	  0.4164
783.0000	  0.4166
782.5000	  0.4176
782.0000	  0.4172
781.5000	  0.4167
781.0000	  0.4165
780.5000	  0.4173
780.0000	  0.4173
779.5000	  0.4173
779.0000	  0.4174
778.5000	  0.4180
778.0000	  0.4164
777.5000	  0.4167
777.0000	  0.4174
776.5000	  0.4176
776.0000	  0.4170
775.5000	  0.4172
775.0000	  0.4178
774.5000	  0.4186
774.0000	  0.4184
773.5000	  0.4181
773.0000	  0.4171
772.5000	  0.4179
772.0000	  0.4186
771.5000	  0.4176
771.0000	  0.4186
770.5000	  0.4177
770.0000	  0.4186
769.5000	  0.4191
769.0000	  0.4190
768.5000	  0.4181
768.0000	  0.4185
767.5000	  0.4194
767.0000	  0.4191
766.5000	  0.4188
766.0000	  0.4193
765.5000	  0.4194
765.0000	  0.4192
764.5000	  0.4200
764.0000	  0.4200
763.5000	  0.4202
763.0000	  0.4193
762.5000	  0.4206
762.0000	  0.4206
761.5000	  0.4201
761.0000	  0.4202
760.5000	  0.4206
760.0000	  0.4212
759.5000	  0.4211
759.0000	  0.4205
758.5000	  0.4212
758.0000	  0.4213
757.5000	  0.4213
757.0000	  0.4217
756.5000	  0.4218
756.0000	  0.4218
755.5000	  0.4220
755.0000	  0.4226
754.5000	  0.4225
754.0000	  0.4224
753.5000	  0.4228
753.0000	  0.4233
752.5000	  0.4238
752.0000	  0.4237
751.5000	  0.4233
751.0000	  0.4246
750.5000	  0.4240
750.0000	  0.4243
749.5000	  0.4244
749.0000	  0.4248
748.5000	  0.4242
748.0000	  0.4250
747.5000	  0.4250
747.0000	  0.4257
746.5000	  0.4256
746.0000	  0.4258
745.5000	  0.4257
745.0000	  0.4262
744.5000	  0.4265
744.0000	  0.4261
743.5000	  0.4272
743.0000	  0.4273
742.5000	  0.4277
742.0000	  0.4278
741.5000	  0.4279
741.0000	  0.4278
740.5000	  0.4287
740.0000	  0.4293
739.5000	  0.4289
739.0000	  0.4288
738.5000	  0.4300
738.0000	  0.4302
737.5000	  0.4308
737.0000	  0.4307
736.5000	  0.4310
736.0000	  0.4321
735.5000	  0.4314
735.0000	  0.4320
734.5000	  0.4327
734.0000	  0.4330
733.5000	  0.4337
733.0000	  0.4336
732.5000	  0.4350
732.0000	  0.4349
731.5000	  0.4355
731.0000	  0.4358
730.5000	  0.4362
730.0000	  0.4374
729.5000	  0.4379
729.0000	  0.4381
728.5000	  0.4395
728.0000	  0.4387
727.5000	  0.4407
727.0000	  0.4413
726.5000	  0.4424
726.0000	  0.4431
725.5000	  0.4427
725.0000	  0.4457
724.5000	  0.4459
724.0000	  0.4467
723.5000	  0.4479
723.0000	  0.4499
722.5000	  0.4511
722.0000	  0.4512
721.5000	  0.4548
721.0000	  0.4553
720.5000	  0.4558
720.0000	  0.4570
719.5000	  0.4583
719.0000	  0.4609
718.5000	  0.4610
718.0000	  0.4623
717.5000	  0.4626
717.0000	  0.4620
716.5000	  0.4630
716.0000	  0.4617
715.5000	  0.4624
715.0000	  0.4602
714.5000	  0.4605
714.0000	  0.4603
713.5000	  0.4582
713.0000	  0.4578
712.5000	  0.4576
712.0000	  0.4558
711.5000	  0.4558
711.0000	  0.4533
710.5000	  0.4547
710.0000	  0.4532
709.5000	  0.4533
709.0000	  0.4531
708.5000	  0.4523
708.0000	  0.4518
707.5000	  0.4532
707.0000	  0.4521
706.5000	  0.4523
706.0000	  0.4534
705.5000	  0.4528
705.0000	  0.4539
704.5000	  0.4545
704.0000	  0.4546
703.5000	  0.4559
703.0000	  0.4564
702.5000	  0.4563
702.0000	  0.4574
701.5000	  0.4573
701.0000	  0.4578
700.5000	  0.4576
700.0000	  0.4584
699.5000	  0.4586
699.0000	  0.4598
698.5000	  0.4605
698.0000	  0.4608
697.5000	  0.4616
697.0000	  0.4615
696.5000	  0.4621
696.0000	  0.4618
695.5000	  0.4629
695.0000	  0.4632
694.5000	  0.4638
694.0000	  0.4638
693.5000	  0.4649
693.0000	  0.4664
692.5000	  0.4662
692.0000	  0.4669
691.5000	  0.4667
691.0000	  0.4680
690.5000	  0.4685
690.0000	  0.4684
689.5000	  0.4696
689.0000	  0.4701
688.5000	  0.4700
688.0000	  0.4717
687.5000	  0.4717
687.0000	  0.4725
686.5000	  0.4729
686.0000	  0.4734
685.5000	  0.4748
685.0000	  0.4751
684.5000	  0.4755
684.0000	  0.4760
683.5000	  0.4772
683.0000	  0.4776
682.5000	  0.4787
682.0000	  0.4787
681.5000	  0.4793
681.0000	  0.4800
680.5000	  0.4803
680.0000	  0.4815
679.5000	  0.4814
679.0000	  0.4830
678.5000	  0.4835
678.0000	  0.4843
677.5000	  0.4850
677.0000	  0.4853
676.5000	  0.4859
676.0000	  0.4867
675.5000	  0.4883
675.0000	  0.4883
674.5000	  0.4894
674.0000	  0.4902
673.5000	  0.4901
673.0000	  0.4918
672.5000	  0.4926
672.0000	  0.4930
671.5000	  0.4932
671.0000	  0.4943
670.5000	  0.4949
670.0000	  0.4953
669.5000	  0.4966
669.0000	  0.4971
668.5000	  0.4982
668.0000	  0.4991
667.5000	  0.4993
667.0000	  0.5005
666.5000	  0.5012
666.0000	  0.5009
665.5000	  0.5021
665.0000	  0.5034
664.5000	  0.5044
664.0000	  0.5051
663.5000	  0.5056
663.0000	  0.5066
662.5000	  0.5069
662.0000	  0.5085
661.5000	  0.5087
661.0000	  0.5093
660.5000	  0.5098
660.0000	  0.5113
659.5000	  0.5116
659.0000	  0.5126
658.5000	  0.5137
658.0000	  0.5141
657.5000	  0.5151
657.0000	  0.5163
656.5000	  0.5167
656.0000	  0.5177
655.5000	  0.5179
655.0000	  0.5197
654.5000	  0.5204
654.0000	  0.5209
653.5000	  0.5217
653.0000	  0.5231
652.5000	  0.5235
652.0000	  0.5244
651.5000	  0.5252
651.0000	  0.5267
650.5000	  0.5269
650.0000	  0.5282
649.5000	  0.5294
649.0000	  0.5298
648.5000	  0.5309
648.0000	  0.5311
647.5000	  0.5320
647.0000	  0.5337
646.5000	  0.5341
646.0000	  0.5346
645.5000	  0.5356
645.0000	  0.5362
644.5000	  0.5375
644.0000	  0.5386
643.5000	  0.5391
643.0000	  0.5399
642.5000	  0.5407
642.0000	  0.5411
641.5000	  0.5432
641.0000	  0.5435
640.5000	  0.5441
640.0000	  0.5454
639.5000	  0.5461
639.0000	  0.5459
638.5000	  0.5472
638.0000	  0.5482
637.5000	  0.5492
637.0000	  0.5496
636.5000	  0.5505
636.0000	  0.5521
635.5000	  0.5524
635.0000	  0.5534
634.5000	  0.5538
634.0000	  0.5549
633.5000	  0.5560
633.0000	  0.5567
632.5000	  0.5582
632.0000	  0.5585
631.5000	  0.5594
631.0000	  0.5608
630.5000	  0.5614
630.0000	  0.5628
629.5000	  0.5638
629.0000	  0.5662
628.5000	  0.5671
628.0000	  0.5685
627.5000	  0.5700
627.0000	  0.5718
626.5000	  0.5733
626.0000	  0.5756
625.5000	  0.5766
625.0000	  0.5785
624.5000	  0.5802
624.0000	  0.5830
623.5000	  0.5846
623.0000	  0.5865
622.5000	  0.5876
622.0000	  0.5891
621.5000	  0.5908
621.0000	  0.5923
620.5000	  0.5941
620.0000	  0.5950
619.5000	  0.5962
619.0000	  0.5982
618.5000	  0.5997
618.0000	  0.5998
617.5000	  0.6018
617.0000	  0.6018
616.5000	  0.6033
616.0000	  0.6043
615.5000	  0.6047
615.0000	  0.6051
614.5000	  0.6062
614.0000	  0.6083
613.5000	  0.6091
613.0000	  0.6100
612.5000	  0.6110
612.0000	  0.6114
611.5000	  0.6126
611.0000	  0.6146
610.5000	  0.6148
610.0000	  0.6161
609.5000	  0.6171
609.0000	  0.6181
608.5000	  0.6197
608.0000	  0.6199
607.5000	  0.6212
607.0000	  0.6228
606.5000	  0.6236
606.0000	  0.6260
605.5000	  0.6258
605.0000	  0.6264
604.5000	  0.6291
604.0000	  0.6298
603.5000	  0.6305
603.0000	  0.6317
602.5000	  0.6333
602.0000	  0.6339
601.5000	  0.6360
601.0000	  0.6360
600.5000	  0.6376
600.0000	  0.6381
599.5000	  0.6399
599.0000	  0.6409
598.5000	  0.6420
598.0000	  0.6425
597.5000	  0.6449
597.0000	  0.6456
596.5000	  0.6470
596.0000	  0.6477
595.5000	  0.6487
595.0000	  0.6508
594.5000	  0.6505
594.0000	  0.6521
593.5000	  0.6527
593.0000	  0.6541
592.5000	  0.6554
592.0000	  0.6561
591.5000	  0.6571
591.0000	  0.6588
590.5000	  0.6591
590.0000	  0.6601
589.5000	  0.6626
589.0000	  0.6627
588.5000	  0.6633
588.0000	  0.6657
587.5000	  0.6663
587.0000	  0.6664
586.5000	  0.6686
586.0000	  0.6692
585.5000	  0.6710
585.0000	  0.6717
584.5000	  0.6723
584.0000	  0.6733
583.5000	  0.6743
583.0000	  0.6758
582.5000	  0.6767
582.0000	  0.6782
581.5000	  0.6783
581.0000	  0.6798
580.5000	  0.6805
580.0000	  0.6818
579.5000	  0.6828
579.0000	  0.6838
578.5000	  0.6851
578.0000	  0.6867
577.5000	  0.6877
577.0000	  0.6875
576.5000	  0.6893
576.0000	  0.6901
575.5000	  0.6917
575.0000	  0.6930
574.5000	  0.6932
574.0000	  0.6947
573.5000	  0.6963
573.0000	  0.6966
572.5000	  0.6977
572.0000	  0.6979
571.5000	  0.6990
571.0000	  0.7016
570.5000	  0.7013
570.0000	  0.7030
569.5000	  0.7030
569.0000	  0.7045
568.5000	  0.7065
568.0000	  0.7069
567.5000	  0.7073
567.0000	  0.7091
566.5000	  0.7092
566.0000	  0.7108
565.5000	  0.7116
565.0000	  0.7127
564.5000	  0.7135
564.0000	  0.7149
563.5000	  0.7156
563.0000	  0.7172
562.5000	  0.7167
562.0000	  0.7186
561.5000	  0.7202
561.0000	  0.7207
560.5000	  0.7226
560.0000	  0.7237
559.5000	  0.7243
559.0000	  0.7261
558.5000	  0.7276
558.0000	  0.7279
557.5000	  0.7284
557.0000	  0.7289
556.5000	  0.7311
556.0000	  0.7317
555.5000	  0.7328
555.0000	  0.7334
554.5000	  0.7341
554.0000	  0.7351
553.5000	  0.7359
553.0000	  0.7366
552.5000	  0.7372
552.0000	  0.7388
551.5000	  0.7396
551.0000	  0.7408
550.5000	  0.7413
550.0000	  0.7419
549.5000	  0.7432
549.0000	  0.7435
548.5000	  0.7447
548.0000	  0.7456
547.5000	  0.7466
547.0000	  0.7479
546.5000	  0.7481
546.0000	  0.7496
545.5000	  0.7492
545.0000	  0.7501
544.5000	  0.7525
544.0000	  0.7525
543.5000	  0.7535
543.0000	  0.7536
542.5000	  0.7546
542.0000	  0.7559
541.5000	  0.7560
541.0000	  0.7569
540.5000	  0.7575
540.0000	  0.7579
539.5000	  0.7591
539.0000	  0.7602
538.5000	  0.7596
538.0000	  0.7616
537.5000	  0.7620
537.0000	  0.7630
536.5000	  0.7641
536.0000	  0.7643
535.5000	  0.7650
535.0000	  0.7659
534.5000	  0.7663
534.0000	  0.7667
533.5000	  0.7667
533.0000	  0.7680
532.5000	  0.7694
532.0000	  0.7704
531.5000	  0.7711
531.0000	  0.7706
530.5000	  0.7707
530.0000	  0.7722
529.5000	  0.7729
529.0000	  0.7732
528.5000	  0.7738
528.0000	  0.7744
527.5000	  0.7748
527.0000	  0.7761
526.5000	  0.7762
526.0000	  0.7766
525.5000	  0.7776
525.0000	  0.7783
524.5000	  0.7789
524.0000	  0.7789
523.5000	  0.7797
523.0000	  0.7804
522.5000	  0.7802
522.0000	  0.7812
521.5000	  0.7818
521.0000	  0.7819
520.5000	  0.7825
520.0000	  0.7826
519.5000	  0.7831
519.0000	  0.7834
518.5000	  0.7839
518.0000	  0.7850
517.5000	  0.7856
517.0000	  0.7856
516.5000	  0.7863
516.0000	  0.7852
515.5000	  0.7869
515.0000	  0.7864
514.5000	  0.7879
514.0000	  0.7878
513.5000	  0.7877
513.0000	  0.7881
512.5000	  0.7879
512.0000	  0.7877
511.5000	  0.7878
511.0000	  0.7886
510.5000	  0.7896
510.0000	  0.7898
509.5000	  0.7905
509.0000	  0.7913
508.5000	  0.7912
508.0000	  0.7928
507.5000	  0.7926
507.0000	  0.7933
506.5000	  0.7946
506.0000	  0.7949
505.5000	  0.7964
505.0000	  0.7957
504.5000	  0.7974
504.0000	  0.7978
503.5000	  0.7983
503.0000	  0.8009
502.5000	  0.8011
502.0000	  0.8017
501.5000	  0.8027
501.0000	  0.8022
500.5000	  0.8050
500.0000	  0.8054
499.5000	  0.8075
499.0000	  0.8062
498.5000	  0.8084
498.0000	  0.8088
497.5000	  0.8091
497.0000	  0.8091
496.5000	  0.8104
496.0000	  0.8112
495.5000	  0.8125
495.0000	  0.8116
494.5000	  0.8112
494.0000	  0.8125
493.5000	  0.8121
493.0000	  0.8139
492.5000	  0.8133
492.0000	  0.8136
491.5000	  0.8138
491.0000	  0.8133
490.5000	  0.8134
490.0000	  0.8148
489.5000	  0.8136
489.0000	  0.8136
488.5000	  0.8144
488.0000	  0.8143
487.5000	  0.8133
487.0000	  0.8133
486.5000	  0.8126
486.0000	  0.8129
485.5000	  0.8118
485.0000	  0.8125
484.5000	  0.8119
484.0000	  0.8120
483.5000	  0.8132
483.0000	  0.8116
482.5000	  0.8121
482.0000	  0.8122
481.5000	  0.8123
481.0000	  0.8127
480.5000	  0.8125
480.0000	  0.8111
479.5000	  0.8120
479.0000	  0.8120
478.5000	  0.8125
478.0000	  0.8135
477.5000	  0.8125
477.0000	  0.8124
476.5000	  0.8135
476.0000	  0.8119
475.5000	  0.8137
475.0000	  0.8128
474.5000	  0.8130
474.0000	  0.8128
473.5000	  0.8130
473.0000	  0.8138
472.5000	  0.8135
472.0000	  0.8135
471.5000	  0.8151
471.0000	  0.8141
470.5000	  0.8151
470.0000	  0.8143
469.5000	  0.8164
469.0000	  0.8166
468.5000	  0.8158
468.0000	  0.8166
467.5000	  0.8186
467.0000	  0.8169
466.5000	  0.8185
466.0000	  0.8182
465.5000	  0.8197
465.0000	  0.8186
464.5000	  0.8207
464.0000	  0.8210
463.5000	  0.8211
463.0000	  0.8229
462.5000	  0.8222
462.0000	  0.8238
461.5000	  0.8252
461.0000	  0.8245
460.5000	  0.8257
460.0000	  0.8237
459.5000	  0.8271
459.0000	  0.8270
458.5000	  0.8269
458.0000	  0.8255
457.5000	  0.8255
457.0000	  0.8282
456.5000	  0.8273
456.0000	  0.8260
455.5000	  0.8257
455.0000	  0.8265
454.5000	  0.8251
454.0000	  0.8254
453.5000	  0.8238
453.0000	  0.8238
452.5000	  0.8222
452.0000	  0.8212
451.5000	  0.8182
451.0000	  0.8172
450.5000	  0.8162
450.0000	  0.8163
449.5000	  0.8127
449.0000	  0.8118
448.5000	  0.8099
448.0000	  0.8080
447.5000	  0.8074
447.0000	  0.8057
446.5000	  0.8029
446.0000	  0.8016
445.5000	  0.8004
445.0000	  0.7989
444.5000	  0.8004
444.0000	  0.7966
443.5000	  0.7963
443.0000	  0.7951
442.5000	  0.7940
442.0000	  0.7949
441.5000	  0.7943
441.0000	  0.7923
440.5000	  0.7914
440.0000	  0.7905
439.5000	  0.7897
439.0000	  0.7901
438.5000	  0.7883
438.0000	  0.7886
437.5000	  0.7870
437.0000	  0.7880
436.5000	  0.7876
436.0000	  0.7868
435.5000	  0.7855
435.0000	  0.7856
434.5000	  0.7845
434.0000	  0.7849
433.5000	  0.7849
433.0000	  0.7831
432.5000	  0.7838
432.0000	  0.7826
431.5000	  0.7832
431.0000	  0.7819
430.5000	  0.7831
430.0000	  0.7831
429.5000	  0.7825
429.0000	  0.7812
428.5000	  0.7804
428.0000	  0.7801
427.5000	  0.7806
427.0000	  0.7805
426.5000	  0.7808
426.0000	  0.7810
425.5000	  0.7807
425.0000	  0.7798
424.5000	  0.7800
424.0000	  0.7797
423.5000	  0.7797
423.0000	  0.7802
422.5000	  0.7810
422.0000	  0.7803
421.5000	  0.7797
421.0000	  0.7803
420.5000	  0.7801
420.0000	  0.7790
419.5000	  0.7796
419.0000	  0.7793
418.5000	  0.7799
418.0000	  0.7797
417.5000	  0.7799
417.0000	  0.7804
416.5000	  0.7804
416.0000	  0.7798
415.5000	  0.7793
415.0000	  0.7821
414.5000	  0.7798
414.0000	  0.7802
413.5000	  0.7805
413.0000	  0.7799
412.5000	  0.7801
412.0000	  0.7791
411.5000	  0.7796
411.0000	  0.7794
410.5000	  0.7795
410.0000	  0.7791
409.5000	  0.7800
409.0000	  0.7788
408.5000	  0.7788
408.0000	  0.7795
407.5000	  0.7783
407.0000	  0.7789
406.5000	  0.7800
406.0000	  0.7784
405.5000	  0.7792
405.0000	  0.7798
404.5000	  0.7785
404.0000	  0.7784
403.5000	  0.7794
403.0000	  0.7788
402.5000	  0.7794
402.0000	  0.7783
401.5000	  0.7787
401.0000	  0.7787
400.5000	  0.7778
400.0000	  0.7803
399.5000	  0.7791
399.0000	  0.7792
398.5000	  0.7783
398.0000	  0.7780
397.5000	  0.7789
397.0000	  0.7783
396.5000	  0.7795
396.0000	  0.7772
395.5000	  0.7788
395.0000	  0.7789
394.5000	  0.7785
394.0000	  0.7791
393.5000	  0.7783
393.0000	  0.7790
392.5000	  0.7795
392.0000	  0.7776
391.5000	  0.7789
391.0000	  0.7798
390.5000	  0.7811
390.0000	  0.7802
389.5000	  0.7812
389.0000	  0.7814
388.5000	  0.7826
388.0000	  0.7808
387.5000	  0.7816
387.0000	  0.7849
386.5000	  0.7835
386.0000	  0.7831
385.5000	  0.7870
385.0000	  0.7850
384.5000	  0.7873
384.0000	  0.7883
383.5000	  0.7874
383.0000	  0.7874
382.5000	  0.7889
382.0000	  0.7861
381.5000	  0.7887
381.0000	  0.7880
380.5000	  0.7916
380.0000	  0.7914
379.5000	  0.7893
379.0000	  0.7931
378.5000	  0.7898
378.0000	  0.7904
377.5000	  0.7923
377.0000	  0.7908
376.5000	  0.7919
376.0000	  0.7920
375.5000	  0.7927
375.0000	  0.7928
374.5000	  0.7927
374.0000	  0.7934
373.5000	  0.7960
373.0000	  0.7958
372.5000	  0.7955
372.0000	  0.7930
371.5000	  0.7962
371.0000	  0.7942
370.5000	  0.7975
370.0000	  0.7966
369.5000	  0.7940
369.0000	  0.7962
368.5000	  0.7958
368.0000	  0.7997
367.5000	  0.7972
367.0000	  0.7981
366.5000	  0.7991
366.0000	  0.7978
365.5000	  0.7985
365.0000	  0.7964
364.5000	  0.7984
364.0000	  0.7988
363.5000	  0.8004
363.0000	  0.8001
362.5000	  0.7977
362.0000	  0.8003
361.5000	  0.8015
361.0000	  0.8011
360.5000	  0.8011
360.0000	  0.8031
359.5000	  0.8016
359.0000	  0.8031
358.5000	  0.8059
358.0000	  0.8017
357.5000	  0.8038
357.0000	  0.8028
356.5000	  0.8053
356.0000	  0.8065
355.5000	  0.8078
355.0000	  0.8065
354.5000	  0.8055
354.0000	  0.8070
353.5000	  0.8067
353.0000	  0.8092
352.5000	  0.8130
352.0000	  0.8092
351.5000	  0.8114
351.0000	  0.8093
350.5000	  0.8115
350.0000	  0.8104
349.5000	  0.8101
349.0000	  0.8130
348.5000	  0.8127
348.0000	  0.8112
347.5000	  0.8116
347.0000	  0.8150
346.5000	  0.8128
346.0000	  0.8151
345.5000	  0.8150
345.0000	  0.8155
344.5000	  0.8138
344.0000	  0.8157
343.5000	  0.8149
343.0000	  0.8153
342.5000	  0.8153
342.0000	  0.8150
341.5000	  0.8168
341.0000	  0.8188
340.5000	  0.8180
340.0000	  0.8255
339.5000	  0.8221
339.0000	  0.8230
338.5000	  0.8287
338.0000	  0.8204
337.5000	  0.8247
337.0000	  0.8296
336.5000	  0.8273
336.0000	  0.8287
335.5000	  0.8275
335.0000	  0.8256
334.5000	  0.8263
334.0000	  0.8327
333.5000	  0.8381
333.0000	  0.8255
332.5000	  0.8289
332.0000	  0.8320
331.5000	  0.8281
331.0000	  0.8275
330.5000	  0.8363
330.0000	  0.8351
329.5000	  0.8364
329.0000	  0.8357
328.5000	  0.8336
328.0000	  0.8351
327.5000	  0.8368
327.0000	  0.8338
326.5000	  0.8417
326.0000	  0.8342
325.5000	  0.8356
325.0000	  0.8416
324.5000	  0.8289
324.0000	  0.8370
323.5000	  0.8375
323.0000	  0.8412
322.5000	  0.8383
322.0000	  0.8432
321.5000	  0.8503
321.0000	  0.8418
320.5000	  0.8480
320.0000	  0.8408
319.5000	  0.8485
319.0000	  0.8415
318.5000	  0.8515
318.0000	  0.8475
317.5000	  0.8540
317.0000	  0.8427
316.5000	  0.8481
316.0000	  0.8495
315.5000	  0.8543
315.0000	  0.8541
314.5000	  0.8484
314.0000	  0.8568
313.5000	  0.8569
313.0000	  0.8642
312.5000	  0.8524
312.0000	  0.8547
311.5000	  0.8532
311.0000	  0.8604
310.5000	  0.8715
310.0000	  0.8683
309.5000	  0.8599
309.0000	  0.8551
308.5000	  0.8756
308.0000	  0.8617
307.5000	  0.8652
307.0000	  0.8687
306.5000	  0.8621
306.0000	  0.8760
305.5000	  0.8632
305.0000	  0.8670
304.5000	  0.8985
304.0000	  0.8676
303.5000	  0.9027
303.0000	  0.8627
302.5000	  0.8544
302.0000	  0.8590
301.5000	  0.8397
301.0000	  0.8626
300.5000	  0.8751
300.0000	  0.8673
299.5000	  0.8790
299.0000	  0.8324
298.5000	  0.9592
298.0000	  0.9467
297.5000	  0.8290
297.0000	  0.9881
296.5000	  0.9226
296.0000	  0.8880
295.5000	  0.8137
295.0000	  0.7847
294.5000	  1.1035
294.0000	  0.7549
293.5000	  0.8715
293.0000	  2.7455
292.5000	  0.8306
292.0000	  0.6851
291.5000	  1.2642
291.0000	  0.1199
290.5000	  0.3049
290.0000	  4.0455
289.5000	  0.7707
289.0000	  0.4966
288.5000	  0.2502
288.0000	  0.1472
287.5000	 -1.5334
287.0000	  0.5149
286.5000	 -0.2772
286.0000	  0.9898
285.5000	  2.3078
285.0000	  0.5481
284.5000	  0.7693
284.0000	  1.8137
283.5000	  7.4535
283.0000	 23.1994
282.5000	  0.7836
282.0000	  2.4301
281.5000	  0.0748
281.0000	 -1.4253
280.5000	 -0.2981
280.0000	  1.0419
279.5000	  0.3460
279.0000	  0.9931
278.5000	  0.1806
278.0000	 -0.2199
277.5000	  0.5113
277.0000	  1.0552
276.5000	 -0.6296
276.0000	  1.1422
275.5000	  0.6998
275.0000	  0.7556
274.5000	  0.9846
274.0000	  2.1587
273.5000	  0.6470
273.0000	 -0.0463
272.5000	  1.9552
272.0000	  2.5027
271.5000	  1.1027
271.0000	  0.2211
270.5000	  1.5062
270.0000	  0.7627
269.5000	  0.1846
269.0000	 10.9711
268.5000	  0.7832
268.0000	  0.2861
267.5000	  0.6494
267.0000	  2.1317
266.5000	 -0.6585
266.0000	  1.1871
265.5000	  1.1969
265.0000	  1.1295
264.5000	 35.9511
264.0000	 -0.5945
263.5000	  0.2995
263.0000	  1.8585
262.5000	  0.4334
262.0000	  0.0571
261.5000	  0.7271
261.0000	  1.7136
260.5000	  0.4783
260.0000	  0.6445
259.5000	  2.0681
259.0000	  0.1007
258.5000	  0.1451
258.0000	  0.8603
257.5000	  0.5230
257.0000	  0.9695
256.5000	  0.4596
256.0000	  0.3416
255.5000	  0.2078
255.0000	  1.7558
254.5000	  0.9972
254.0000	  0.0371
253.5000	  0.3842
253.0000	  0.9591
252.5000	  1.5004
252.0000	  3.4536
251.5000	  0.6666
251.0000	 -1.1736
250.5000	  2.4508
250.0000	  2.6988
249.5000	  0.1559
249.0000	  7.6336
248.5000	  0.3178
248.0000	  0.7656
247.5000	  0.1136
247.0000	  1.1859
246.5000	  0.2384
246.0000	  0.6689
245.5000	 -1.2273
245.0000	 23.3583
244.5000	  0.7240
244.0000	  0.3337
243.5000	  0.0996
243.0000	  2.3835
242.5000	  1.4897
242.0000	  1.8910
241.5000	  3.9613
241.0000	  0.6254
240.5000	  2.7645
240.0000	  0.2872
239.5000	  1.4917
239.0000	  0.7543
238.5000	  1.3419
238.0000	  3.9380
237.5000	  0.1443
237.0000	 -1.3174
236.5000	  0.0405
236.0000	  0.0502
235.5000	  2.7924
235.0000	 -0.0862
234.5000	 -1.3545
234.0000	  0.2180
233.5000	  2.9794
233.0000	 -3.6408
232.5000	  1.5115
232.0000	  1.9993
231.5000	  1.5843
231.0000	 -3.2030
230.5000	  0.6746
230.0000	  1.0084
229.5000	 -2.7950
229.0000	 -5.3801
228.5000	  2.0536
228.0000	  1.6411
227.5000	 -0.7367
227.0000	  0.4087
226.5000	 -0.3501
226.0000	  0.4262
225.5000	  0.7032
225.0000	  0.6085
224.5000	 -8.2508
224.0000	  0.5735
223.5000	  0.3289
223.0000	  0.8602
222.5000	  0.2096
222.0000	  1.1021
221.5000	  0.8982
221.0000	  2.9971
220.5000	  1.1449
220.0000	 -0.0934
219.5000	 -0.5710
219.0000	  0.1104
218.5000	 -2.5002
218.0000	  1.0692
217.5000	 -0.0192
217.0000	  0.6693
216.5000	 -2.5338
216.0000	  0.6338
215.5000	  1.3275
215.0000	 -0.4599
214.5000	  0.2063
214.0000	  1.3001
213.5000	  0.5664
213.0000	  0.6656
212.5000	  1.9246
212.0000	  3.8980
211.5000	  0.0985
211.0000	  1.0668
210.5000	  0.0605
210.0000	 27.1123
209.5000	  1.8003
209.0000	 -1.2270
208.5000	  0.5482
208.0000	  1.3370
207.5000	 -2.5919
207.0000	  3.4738
206.5000	 -0.2438
206.0000	  0.6146
205.5000	  1.6685
205.0000	  0.3487
204.5000	  1.1533
204.0000	  0.8523
203.5000	 -1.0919
203.0000	  1.5564
202.5000	  1.2702
202.0000	  8.5477
201.5000	  0.8765
201.0000	 -0.4419
200.5000	 -7.8082
200.0000	  0.7283
