lambda		value

Calibration:
lambda:	800
Abs:	-10

Data:
#
900		0.0312372
899.5		0.0314253
899		0.0313256
898.5		0.0300612
898		0.0311319
897.5		0.0305787
897		0.0319261
896.5		0.0316389
896		0.0315744
895.5		0.0303685
895		0.0288755
894.5		0.0302129
894		0.0314069
893.5		0.0316231
893		0.0293095
892.5		0.031083
892		0.0307032
891.5		0.0310012
891		0.0310967
890.5		0.0309673
890		0.0309076
889.5		0.0313597
889		0.0314467
888.5		0.0325077
888		0.0310113
887.5		0.0304353
887		0.0309186
886.5		0.0317135
886		0.0312363
885.5		0.0316728
885		0.0312341
884.5		0.0312096
884		0.0313836
883.5		0.0306157
883		0.0309327
882.5		0.0310737
882		0.0313253
881.5		0.0311595
881		0.0313165
880.5		0.0315829
880		0.0305681
879.5		0.0315689
879		0.0320044
878.5		0.032065
878		0.0319474
877.5		0.0316886
877		0.0316811
876.5		0.0314487
876		0.0322774
875.5		0.0324345
875		0.0313063
874.5		0.0317543
874		0.0317586
873.5		0.0322149
873		0.0323282
872.5		0.0322302
872		0.0322053
871.5		0.0318272
871		0.0322522
870.5		0.0321634
870		0.0317838
869.5		0.0323756
869		0.0323821
868.5		0.0320589
868		0.0322214
867.5		0.0322897
867		0.0323604
866.5		0.0323419
866		0.0323064
865.5		0.0323622
865		0.032364
864.5		0.0322607
864		0.0324381
863.5		0.0326416
863		0.0325107
862.5		0.032451
862		0.0326355
861.5		0.0326348
861		0.0327785
860.5		0.0329087
860		0.0327659
859.5		0.0328523
859		0.0329751
858.5		0.0326165
858		0.0325684
857.5		0.033213
857		0.0330789
856.5		0.0330723
856		0.0329367
855.5		0.0331695
855		0.0331459
854.5		0.0334048
854		0.0334826
853.5		0.03333
853		0.0335377
852.5		0.0334278
852		0.0335252
851.5		0.0333788
851		0.03358
850.5		0.0336128
850		0.0337333
849.5		0.0336608
849		0.0335183
848.5		0.0337966
848		0.0335331
847.5		0.0337613
847		0.0337235
846.5		0.0338103
846		0.0338255
845.5		0.0338498
845		0.033936
844.5		0.0339877
844		0.0340256
843.5		0.0340843
843		0.0340156
842.5		0.0340919
842		0.0340657
841.5		0.0341771
841		0.0341239
840.5		0.0343381
840		0.0341803
839.5		0.0343137
839		0.0342488
838.5		0.0342348
838		0.034297
837.5		0.0343299
837		0.0343058
836.5		0.0344934
836		0.0344665
835.5		0.0344687
835		0.0345482
834.5		0.0345235
834		0.0344956
833.5		0.0344843
833		0.0344229
832.5		0.0345448
832		0.0346827
831.5		0.034563
831		0.0346103
830.5		0.0346896
830		0.0346473
829.5		0.0346971
829		0.0348606
828.5		0.0347526
828		0.0348688
827.5		0.0348265
827		0.0347256
826.5		0.0347779
826		0.0349203
825.5		0.0349616
825		0.0349391
824.5		0.0349391
824		0.0350043
823.5		0.0350069
823		0.0349212
822.5		0.0350931
822		0.0352102
821.5		0.0351413
821		0.0351592
820.5		0.0352534
820		0.0351946
819.5		0.0353088
819		0.0352191
818.5		0.0353127
818		0.0353571
817.5		0.0353811
817		0.0354354
816.5		0.0353244
816		0.0354569
815.5		0.0355361
815		0.0354584
814.5		0.0355633
814		0.0355101
813.5		0.035611
813		0.0356545
812.5		0.0357614
812		0.0357993
811.5		0.0358299
811		0.0357627
810.5		0.0359029
810		0.0359172
809.5		0.0358552
809		0.0359565
808.5		0.036074
808		0.0360643
807.5		0.0361026
807		0.036136
806.5		0.0361939
806		0.0361669
805.5		0.0361886
805		0.0362494
804.5		0.0362984
804		0.0363788
803.5		0.0363572
803		0.0364051
802.5		0.0364727
802		0.0365112
801.5		0.0365438
801		0.036479
800.5		0.0366624
800		0.0366091
799.5		0.0366182
799		0.0366566
798.5		0.0367613
798		0.036834
797.5		0.0368875
797		0.0368791
796.5		0.0369687
796		0.036966
795.5		0.0370949
795		0.0370721
794.5		0.037171
794		0.0371589
793.5		0.0371744
793		0.0371636
792.5		0.0372889
792		0.0373492
791.5		0.0372915
791		0.0374019
790.5		0.037368
790		0.0374605
789.5		0.0375619
789		0.0375575
788.5		0.0376266
788		0.0375928
787.5		0.0376935
787		0.037734
786.5		0.0376733
786		0.0377489
785.5		0.0378151
785		0.0377842
784.5		0.037884
784		0.037947
783.5		0.0379536
783		0.0380353
782.5		0.0380288
782		0.0381337
781.5		0.0381843
781		0.0381536
780.5		0.0382175
780		0.0382983
779.5		0.0384563
779		0.0383287
778.5		0.0384598
778		0.0385402
777.5		0.038494
777		0.0385601
776.5		0.0385531
776		0.0386576
775.5		0.0386555
775		0.0387776
774.5		0.0387722
774		0.0388234
773.5		0.0388258
773		0.0388575
772.5		0.0389548
772		0.0390081
771.5		0.0391202
771		0.0390938
770.5		0.0392192
770		0.0392071
769.5		0.0392508
769		0.0393591
768.5		0.0393017
768		0.0394101
767.5		0.0394315
767		0.0394167
766.5		0.03955
766		0.0396085
765.5		0.0396049
765		0.0396279
764.5		0.0397619
764		0.0398386
763.5		0.0397724
763		0.0398514
762.5		0.0398949
762		0.0399291
761.5		0.0399208
761		0.040112
760.5		0.0401479
760		0.0401327
759.5		0.0402003
759		0.0402144
758.5		0.0403177
758		0.0403409
757.5		0.0403976
757		0.0404972
756.5		0.0405495
756		0.0404827
755.5		0.0405078
755		0.0405703
754.5		0.0407357
754		0.0408056
753.5		0.040803
753		0.0409283
752.5		0.0408744
752		0.0408417
751.5		0.0409934
751		0.0410409
750.5		0.041075
750		0.0411749
749.5		0.0411881
749		0.0412496
748.5		0.0412661
748		0.0413396
747.5		0.0414176
747		0.0414978
746.5		0.0415312
746		0.0415853
745.5		0.041644
745		0.0417159
744.5		0.0418408
744		0.0417723
743.5		0.0418949
743		0.0418597
742.5		0.0419407
742		0.042066
741.5		0.0421076
741		0.0421802
740.5		0.0421458
740		0.0421965
739.5		0.0422677
739		0.04233
738.5		0.0424042
738		0.0424235
737.5		0.0425839
737		0.0425176
736.5		0.0426535
736		0.0427091
735.5		0.042751
735		0.0428256
734.5		0.0429221
734		0.0430014
733.5		0.0431001
733		0.0431905
732.5		0.0432004
732		0.0432924
731.5		0.043303
731		0.0434542
730.5		0.0435864
730		0.0435757
729.5		0.0436743
729		0.0437477
728.5		0.0438186
728		0.0440072
727.5		0.0439277
727		0.0441691
726.5		0.0442854
726		0.0443852
725.5		0.0444408
725		0.0446916
724.5		0.0446629
724		0.0448974
723.5		0.045084
723		0.0451824
722.5		0.0451829
722		0.0454887
721.5		0.0455878
721		0.0456494
720.5		0.0458389
720		0.0458648
719.5		0.0461291
719		0.0463901
718.5		0.0464517
718		0.0465808
717.5		0.0467266
717		0.0467396
716.5		0.0468239
716		0.0468035
715.5		0.0467052
715		0.0467159
714.5		0.0466751
714		0.0465323
713.5		0.0465207
713		0.0464226
712.5		0.0463842
712		0.0463096
711.5		0.0461858
711		0.0462308
710.5		0.0460967
710		0.0461439
709.5		0.0461089
709		0.0460212
708.5		0.0460308
708		0.0459591
707.5		0.0460801
707		0.0460471
706.5		0.046074
706		0.0461814
705.5		0.046192
705		0.046284
704.5		0.0462629
704		0.0463687
703.5		0.046435
703		0.046499
702.5		0.0466035
702		0.0465593
701.5		0.0466731
701		0.0467219
700.5		0.0467604
700		0.0467614
699.5		0.0468909
699		0.0468703
698.5		0.046939
698		0.0471166
697.5		0.0470769
697		0.0470233
696.5		0.0471827
696		0.0472295
695.5		0.0473908
695		0.0473882
694.5		0.0474089
694		0.0474855
693.5		0.0475503
693		0.0475875
692.5		0.0475827
692		0.047728
691.5		0.0477371
691		0.0478754
690.5		0.0478932
690		0.0479524
689.5		0.0480272
689		0.0480312
688.5		0.0481989
688		0.0481445
687.5		0.0482698
687		0.0483719
686.5		0.0483169
686		0.0484857
685.5		0.0483814
685		0.0485358
684.5		0.0485989
684		0.0486828
683.5		0.0487127
683		0.0487736
682.5		0.0488376
682		0.0488959
681.5		0.0490647
681		0.0489949
680.5		0.0490746
680		0.0491187
679.5		0.0492155
679		0.0493465
678.5		0.0492399
678		0.0493502
677.5		0.0494042
677		0.0495387
676.5		0.0494936
676		0.0495718
675.5		0.0496426
675		0.0497007
674.5		0.049822
674		0.049827
673.5		0.0498806
673		0.0499423
672.5		0.0500045
672		0.0501144
671.5		0.0501335
671		0.0501794
670.5		0.0502707
670		0.0502561
669.5		0.0503764
669		0.0503719
668.5		0.0504905
668		0.0504659
667.5		0.0506403
667		0.0505985
666.5		0.0506398
666		0.0507885
665.5		0.0507856
665		0.0508552
664.5		0.0509152
664		0.0509831
663.5		0.0510936
663		0.0511286
662.5		0.0511344
662		0.0512553
661.5		0.0512271
661		0.0512993
660.5		0.0514455
660		0.0514111
659.5		0.0515133
659		0.051511
658.5		0.0516142
658		0.0516892
657.5		0.0516295
657		0.0517863
656.5		0.0518571
656		0.0518772
655.5		0.051922
655		0.051968
654.5		0.0520029
654		0.0520444
653.5		0.0521616
653		0.0521314
652.5		0.0522247
652		0.0522443
651.5		0.0522887
651		0.0523739
650.5		0.0523643
650		0.0524652
649.5		0.0525795
649		0.0526062
648.5		0.0526306
648		0.052655
647.5		0.052753
647		0.0527985
646.5		0.0528549
646		0.0528257
645.5		0.0529161
645		0.0529602
644.5		0.0530228
644		0.0530664
643.5		0.0530448
643		0.0531482
642.5		0.0531903
642		0.0532424
641.5		0.0532645
641		0.0532525
640.5		0.0533424
640		0.0533938
639.5		0.0533914
639		0.0534632
638.5		0.0534704
638		0.0535351
637.5		0.053564
637		0.0536812
636.5		0.0536003
636		0.0537168
635.5		0.0537325
635		0.0537418
634.5		0.0538156
634		0.0538089
633.5		0.0538158
633		0.0538278
632.5		0.0539304
632		0.0540076
631.5		0.054028
631		0.054131
630.5		0.054178
630		0.0543258
629.5		0.0543344
629		0.0544786
628.5		0.0545757
628		0.0546481
627.5		0.0547792
627		0.0549363
626.5		0.0550435
626		0.0552713
625.5		0.055396
625		0.0553825
624.5		0.0556903
624		0.0557729
623.5		0.0559015
623		0.0560835
622.5		0.0561373
622		0.0562901
621.5		0.0564144
621		0.056447
620.5		0.0565749
620		0.0566291
619.5		0.0567514
619		0.0568688
618.5		0.0570877
618		0.0569561
617.5		0.0570835
617		0.0571286
616.5		0.0570996
616		0.0572089
615.5		0.0571338
615		0.0571778
614.5		0.0572853
614		0.0573053
613.5		0.0573278
613		0.0573944
612.5		0.05746
612		0.0574276
611.5		0.0574883
611		0.0574628
610.5		0.0575714
610		0.0575802
609.5		0.0577206
609		0.0576431
608.5		0.057697
608		0.0578698
607.5		0.0578431
607		0.0579551
606.5		0.0579291
606		0.058073
605.5		0.0580576
605		0.0581317
604.5		0.0581312
604		0.0582875
603.5		0.0582581
603		0.0583334
602.5		0.0584278
602		0.0584187
601.5		0.058495
601		0.0585894
600.5		0.0586374
600		0.0586955
599.5		0.0586705
599		0.0587169
598.5		0.0587745
598		0.0588769
597.5		0.0589158
597		0.0589435
596.5		0.0590507
596		0.0590283
595.5		0.0590629
595		0.0590272
594.5		0.0591136
594		0.0591813
593.5		0.0592795
593		0.0592554
592.5		0.0593167
592		0.0594911
591.5		0.0593935
591		0.0595198
590.5		0.0594703
590		0.0595657
589.5		0.0595939
589		0.0597181
588.5		0.0597346
588		0.0597491
587.5		0.0598878
587		0.059861
586.5		0.0600091
586		0.0598353
585.5		0.0599085
585		0.060066
584.5		0.0600357
584		0.0601733
583.5		0.0601107
583		0.0602166
582.5		0.0601994
582		0.0602969
581.5		0.060251
581		0.060253
580.5		0.0604158
580		0.0602834
579.5		0.0604844
579		0.0604369
578.5		0.0605374
578		0.0606214
577.5		0.0605951
577		0.0606431
576.5		0.0606234
576		0.0608403
575.5		0.0607351
575		0.0608493
574.5		0.0608392
574		0.0608817
573.5		0.0609097
573		0.0609896
572.5		0.0610753
572		0.0610324
571.5		0.0610681
571		0.0610505
570.5		0.0611853
570		0.061162
569.5		0.0611746
569		0.0611701
568.5		0.0612585
568		0.0613504
567.5		0.0613665
567		0.0614696
566.5		0.0614572
566		0.0614827
565.5		0.0614211
565		0.0614974
564.5		0.0615478
564		0.0616169
563.5		0.0616147
563		0.0615764
562.5		0.0616123
562		0.0617387
561.5		0.0618124
561		0.061725
560.5		0.0617314
560		0.0618507
559.5		0.0619361
559		0.0619374
558.5		0.0619781
558		0.0619803
557.5		0.0619872
557		0.0620008
556.5		0.0620806
556		0.0620857
555.5		0.0620529
555		0.0621265
554.5		0.0621344
554		0.0622102
553.5		0.0621197
553		0.0622119
552.5		0.062268
552		0.062225
551.5		0.0622363
551		0.0622623
550.5		0.0623625
550		0.0623082
549.5		0.062436
549		0.0624044
548.5		0.0623851
548		0.0623693
547.5		0.0624785
547		0.0624564
546.5		0.0624876
546		0.0625074
545.5		0.0625045
545		0.0625011
544.5		0.0624892
544		0.0625549
543.5		0.0625611
543		0.0625775
542.5		0.0625187
542		0.0626369
541.5		0.0626363
541		0.0625639
540.5		0.0626991
540		0.0625707
539.5		0.0626714
539		0.0626624
538.5		0.0626697
538		0.0626991
537.5		0.0626375
537		0.0627399
536.5		0.0626952
536		0.0628134
535.5		0.0626685
535		0.0626759
534.5		0.0627313
534		0.0627014
533.5		0.062664
533		0.0626182
532.5		0.062737
532		0.0627042
531.5		0.0627064
531		0.0627358
530.5		0.0626527
530		0.062694
529.5		0.0626436
529		0.0627998
528.5		0.0626459
528		0.0626097
527.5		0.0626431
527		0.0626255
526.5		0.0626137
526		0.0626131
525.5		0.062573
525		0.0625735
524.5		0.0625735
524		0.0624485
523.5		0.0625283
523		0.0625498
522.5		0.0624027
522		0.0625549
521.5		0.0624169
521		0.0624463
520.5		0.062418
520		0.0624197
519.5		0.0623354
519		0.062224
518.5		0.0622839
518		0.0622308
517.5		0.0623054
517		0.062142
516.5		0.0621103
516		0.0621521
515.5		0.0620554
515		0.0620203
514.5		0.0620288
514		0.0619536
513.5		0.0619218
513		0.061897
512.5		0.0618036
512		0.0618098
511.5		0.0617307
511		0.0616559
510.5		0.0617386
510		0.0615627
509.5		0.0616061
509		0.0616386
508.5		0.0615666
508		0.0615277
507.5		0.0614559
507		0.061517
506.5		0.0614403
506		0.0614795
505.5		0.06148
505		0.061379
504.5		0.0614532
504		0.0614064
503.5		0.061523
503		0.0613857
502.5		0.0614143
502		0.0614523
501.5		0.0614293
501		0.0614041
500.5		0.0613294
500		0.0614088
499.5		0.0613067
499		0.061343
498.5		0.0612728
498		0.0612518
497.5		0.0612243
497		0.0612278
496.5		0.0612285
496		0.0610442
495.5		0.0611492
495		0.0610096
494.5		0.0609393
494		0.0609106
493.5		0.0607061
493		0.0607263
492.5		0.0605812
492		0.0606178
491.5		0.0603905
491		0.0603664
490.5		0.0603279
490		0.0602871
489.5		0.0601325
489		0.0600036
488.5		0.0600179
488		0.0598794
487.5		0.0597057
487		0.0594885
486.5		0.0593915
486		0.0593936
485.5		0.0592254
485		0.0592759
484.5		0.0590728
484		0.0588596
483.5		0.0588659
483		0.0587763
482.5		0.0586878
482		0.0585919
481.5		0.0584689
481		0.058301
480.5		0.0582772
480		0.0580672
479.5		0.0580837
479		0.0579715
478.5		0.0578465
478		0.0578991
477.5		0.0577297
477		0.0576734
476.5		0.0576859
476		0.05751
475.5		0.0574294
475		0.0572822
474.5		0.0572604
474		0.0572375
473.5		0.0571459
473		0.0570508
472.5		0.0570326
472		0.0568881
471.5		0.0567676
471		0.0567646
470.5		0.0566652
470		0.0565826
469.5		0.0565697
469		0.0564786
468.5		0.0564489
468		0.0564294
467.5		0.0563773
467		0.0562803
466.5		0.0564324
466		0.0561409
465.5		0.0562227
465		0.0560958
464.5		0.0561038
464		0.0560533
463.5		0.0560538
463		0.0559085
462.5		0.0559673
462		0.0559119
461.5		0.0558367
461		0.0557724
460.5		0.0559183
460		0.0557284
459.5		0.0557842
459		0.0555969
458.5		0.0555317
458		0.0556332
457.5		0.0554699
457		0.0554699
456.5		0.0552961
456		0.0551851
455.5		0.0551343
455		0.0550815
454.5		0.0549839
454		0.0548339
453.5		0.0547867
453		0.0544759
452.5		0.0545024
452		0.0542921
451.5		0.0540708
451		0.0541387
450.5		0.0538145
450		0.0537497
449.5		0.0535649
449		0.0533348
448.5		0.0532189
448		0.0531579
447.5		0.052926
447		0.052797
446.5		0.0526458
446		0.0525252
445.5		0.0525077
445		0.0522765
444.5		0.0520939
444		0.0519786
443.5		0.0519455
443		0.0518961
442.5		0.0516791
442		0.051731
441.5		0.0516081
441		0.0513853
440.5		0.0513846
440		0.0511843
439.5		0.0511606
439		0.051147
438.5		0.0510193
438		0.0508651
437.5		0.0508886
437		0.0507947
436.5		0.0506288
436		0.0506216
435.5		0.0504805
435		0.0504449
434.5		0.05045
434		0.0503501
433.5		0.0502337
433		0.0501555
432.5		0.0501412
432		0.0500121
431.5		0.0500881
431		0.049858
430.5		0.0498948
430		0.0498405
429.5		0.0497964
429		0.0497906
428.5		0.0496994
428		0.0496099
427.5		0.0496391
427		0.0496027
426.5		0.0494501
426		0.0494411
425.5		0.0494501
425		0.0493468
424.5		0.0493751
424		0.0492516
423.5		0.0492628
423		0.0492552
422.5		0.0492475
422		0.0492294
421.5		0.0490544
421		0.0491036
420.5		0.0491203
420		0.0491179
419.5		0.0490107
419		0.0488793
418.5		0.0490247
418		0.048856
417.5		0.0489274
417		0.0488385
416.5		0.0487413
416		0.0487345
415.5		0.0486809
415		0.0487689
414.5		0.0486021
414		0.0485799
413.5		0.0486478
413		0.0485349
412.5		0.0485086
412		0.0484399
411.5		0.048511
411		0.048416
410.5		0.0483509
410		0.0483431
409.5		0.0482932
409		0.0482274
408.5		0.0482149
408		0.0481975
407.5		0.0482189
407		0.0481021
406.5		0.0481201
406		0.0481022
405.5		0.0480952
405		0.0479685
404.5		0.0479834
404		0.0479577
403.5		0.0479265
403		0.0479214
402.5		0.0478151
402		0.0477348
401.5		0.0478082
401		0.0477553
400.5		0.0477582
400		0.0476916
399.5		0.0478099
399		0.0475456
398.5		0.0476775
398		0.0476109
397.5		0.0475401
397		0.0476395
396.5		0.0475328
396		0.0475674
395.5		0.0474137
395		0.0474667
394.5		0.0474965
394		0.0473673
393.5		0.0474701
393		0.0473472
392.5		0.0473925
392		0.0473071
391.5		0.0473345
391		0.047352
390.5		0.0472974
390		0.0473892
389.5		0.0473372
389		0.0474224
388.5		0.0473943
388		0.0473803
387.5		0.0473249
387		0.0474234
386.5		0.047455
386		0.0473659
385.5		0.0474801
385		0.047452
384.5		0.0476037
384		0.0476067
383.5		0.0474994
383		0.0475633
382.5		0.0476693
382		0.047582
381.5		0.0475143
381		0.0475799
380.5		0.0476101
380		0.0476139
379.5		0.0476173
379		0.0475152
378.5		0.0476501
378		0.0474702
377.5		0.0476931
377		0.0476901
376.5		0.047568
376		0.0477449
375.5		0.0476811
375		0.047503
374.5		0.0474978
374		0.0476463
373.5		0.0473762
373		0.0474983
372.5		0.0475591
372		0.0475604
371.5		0.0476029
371		0.0475141
370.5		0.047704
370		0.0474852
369.5		0.0475638
369		0.0474975
368.5		0.0474848
368		0.0476263
367.5		0.0475519
367		0.047464
366.5		0.0474793
366		0.0476581
365.5		0.0474789
365		0.0475622
364.5		0.0474823
364		0.0474802
363.5		0.0475719
363		0.0475082
362.5		0.0475121
362		0.047288
361.5		0.0475439
361		0.0473538
360.5		0.0477226
360		0.0474816
359.5		0.0476275
359		0.0475295
358.5		0.0475822
358		0.0476
357.5		0.0474943
357		0.047667
356.5		0.0475482
356		0.0476152
355.5		0.0475283
355		0.0474647
354.5		0.0475004
354		0.0474601
353.5		0.0473702
353		0.0475974
352.5		0.0473978
352		0.0474131
351.5		0.0476716
351		0.0475881
350.5		0.0473436
350		0.0474631
349.5		0.0473246
349		0.0473106
348.5		0.0472481
348		0.0474836
347.5		0.0473471
347		0.0474369
346.5		0.0473586
346		0.0474226
345.5		0.0469079
345		0.0471496
344.5		0.0470521
344		0.0468678
343.5		0.0467956
343		0.0469478
342.5		0.0470978
342		0.0469894
341.5		0.0470896
341		0.0467626
340.5		0.0467555
340		0.0473218
339.5		0.0467855
339		0.0469637
338.5		0.0470143
338		0.0469822
337.5		0.047062
337		0.0466602
336.5		0.0468483
336		0.0472452
335.5		0.0470031
335		0.0471105
334.5		0.0467573
334		0.046901
333.5		0.0469125
333		0.0468545
332.5		0.0467272
332		0.0464673
331.5		0.0464842
331		0.0465273
330.5		0.0462504
330		0.0463547
329.5		0.0460358
329		0.0463698
328.5		0.04636
328		0.0462559
327.5		0.0461869
327		0.0462599
326.5		0.0463506
326		0.0465221
325.5		0.0461906
325		0.0456856
324.5		0.0459113
324		0.0459497
323.5		0.0458013
323		0.046013
322.5		0.0458621
322		0.0457539
321.5		0.0456858
321		0.0456188
320.5		0.0455301
320		0.0456512
319.5		0.0457086
319		0.0452896
318.5		0.045799
318		0.0453707
317.5		0.0451981
317		0.0449321
316.5		0.0450114
316		0.0450701
315.5		0.0448987
315		0.0449464
314.5		0.0445845
314		0.0444298
313.5		0.0442615
313		0.0444535
312.5		0.0441175
312		0.044017
311.5		0.044304
311		0.0438095
310.5		0.0437617
310		0.0439253
309.5		0.0435414
309		0.0428026
308.5		0.0431254
308		0.043319
307.5		0.0423447
307		0.0424812
306.5		0.0429489
306		0.0427233
305.5		0.0422232
305		0.0423724
304.5		0.0433394
304		0.0424851
303.5		0.0402703
303		0.0413184
302.5		0.0410466
302		0.0398306
301.5		0.0388258
301		0.0408854
300.5		0.0402121
300		0.0389052
299.5		0.0382671
299		0.0445365
298.5		0.0336239
298		0.0387952
297.5		0.0380145
297		0.0459971
296.5		0.0356541
296		0.0494536
295.5		0.053148
295		0.0278327
294.5		0.0467927
294		0.0364686
293.5		0.0614129
293		0.0850164
292.5		0.369202
292		0.0649304
291.5		0.128955
291		0.0309757
290.5		0.0391657
290		0.0995731
289.5		0.0873597
289		0.208869
288.5		0.0855752
288		-0.309514
287.5		0.103551
287		0.122553
286.5		0.0793348
286		0.0856021
285.5		0.41597
285		0.0639985
284.5		0.12777
284		-0.0207982
283.5		-0.0778674
283		0.0223028
282.5		0.0360338
282		0.0022445
281.5		0.169579
281		0.0657954
280.5		0.0842213
280		0.0179759
279.5		0.122787
279		0.117197
278.5		0.0951779
278		0.114415
277.5		0.00749667
277		0.19847
276.5		0.0686148
276		0.260465
275.5		0.108981
275		0.0878186
274.5		-0.0372344
274		0.000938535
273.5		-0.0332363
273		0.0530858
272.5		0.0803161
272		0.108168
271.5		0.117233
271		0.144844
270.5		-0.199889
270		0.0141035
269.5		-0.771807
269		0.0860763
268.5		-0.199025
268		0.115448
267.5		0.0110419
267		0.044897
266.5		-0.0746673
266		0.0897642
265.5		0.146964
265		0.042468
264.5		0.148551
264		0.0986243
263.5		0.0828541
263		0.0186657
262.5		-0.150265
262		0.0411653
261.5		0.0569672
261		-0.120879
260.5		0.0513951
260		-0.00665547
259.5		0.0207196
259		0.195879
258.5		0.0983187
258		0.0730352
257.5		-0.0568542
257		0.186602
256.5		0.0599559
256		-0.0224762
255.5		0.150174
255		0.132473
254.5		0.135546
254		0.2891
253.5		0.0121048
253		0.121156
252.5		0.0831268
252		-0.0117116
251.5		-0.362227
251		0.0621597
250.5		-0.0569669
250		0.00478677
249.5		0.429728
249		-0.109488
248.5		0.0489508
248		0.0211006
247.5		0.0740476
247		0.0442513
246.5		0.745886
246		0.35164
245.5		0.0802865
245		0.042477
244.5		0.0999593
244		-0.010049
243.5		-0.0937653
243		0.0263728
242.5		0.416093
242		0.703524
241.5		-0.108464
241		0.11441
240.5		0.261817
240		0.148816
239.5		0.105922
239		0.202879
238.5		0.0287017
238		0.0429312
237.5		-0.021722
237		0.00234876
236.5		0.0285621
236		0.0677013
235.5		0.0762131
235		-0.0289763
234.5		0.14062
234		0.0691552
233.5		0.0191682
233		-0.175205
232.5		0.0648132
232		-0.328535
231.5		0.0552287
231		0.443956
230.5		0.0487226
230		-0.0723516
229.5		0.0277856
229		0.00307827
228.5		0.134532
228		-0.00857431
227.5		0.15411
227		0.12289
226.5		-0.128921
226		-0.111272
225.5		0.101419
225		0.0521172
224.5		0.0109953
224		0.296939
223.5		-0.0385434
223		0.255737
222.5		0.10674
222		0.408267
221.5		0.0427274
221		0.0253762
220.5		-0.0216062
220		0.0668158
219.5		0.325147
219		0.0376275
218.5		0.0931917
218		-0.211619
217.5		0.0378685
217		0.18115
216.5		0.119249
216		0.420986
215.5		0.0162977
215		-5.7866
214.5		0.0535596
214		0.185508
213.5		0.0724402
213		0.0493318
212.5		-0.033717
212		0.291293
211.5		-0.0886695
211		0.0507792
210.5		-0.057677
210		0.0590468
209.5		-0.0161757
209		0.0411987
208.5		0.273514
208		0.33888
207.5		-0.22329
207		-0.164136
206.5		0.00214732
206		-0.0339099
205.5		-0.177809
205		-0.0404071
204.5		0.161825
204		0.73052
203.5		-1.02887
203		0.0775265
202.5		0.0931391
202		0.0481696
201.5		0.00516939
201		0.0603191
200.5		0.28524
200		0.0388425
