lambda		value

Calibration:
lambda:	800
Abs:	0.0004

Data:
#
900		0.603322
899.5		0.582661
899		0.578639
898.5		0.565217
898		0.574001
897.5		0.570034
897		0.572752
896.5		0.575978
896		0.571343
895.5		0.572425
895		0.571612
894.5		0.586893
894		0.537932
893.5		0.584207
893		0.607162
892.5		0.557013
892		0.579953
891.5		0.560355
891		0.567466
890.5		0.572073
890		0.56076
889.5		0.578826
889		0.566667
888.5		0.588466
888		0.555946
887.5		0.577512
887		0.564204
886.5		0.567368
886		0.572317
885.5		0.578785
885		0.554506
884.5		0.581289
884		0.576271
883.5		0.554123
883		0.579646
882.5		0.557498
882		0.56503
881.5		0.554863
881		0.551724
880.5		0.561789
880		0.563001
879.5		0.592224
879		0.557021
878.5		0.564659
878		0.549508
877.5		0.564774
877		0.578754
876.5		0.568793
876		0.565739
875.5		0.564379
875		0.5714
874.5		0.560733
874		0.564069
873.5		0.56892
873		0.564444
872.5		0.565855
872		0.559661
871.5		0.560361
871		0.566296
870.5		0.558604
870		0.556412
869.5		0.562244
869		0.55908
868.5		0.560665
868		0.561502
867.5		0.5576
867		0.558409
866.5		0.561692
866		0.556397
865.5		0.552145
865		0.562569
864.5		0.553223
864		0.555034
863.5		0.560795
863		0.551333
862.5		0.561451
862		0.552274
861.5		0.554027
861		0.560125
860.5		0.563058
860		0.552183
859.5		0.555511
859		0.556206
858.5		0.552619
858		0.556791
857.5		0.555578
857		0.554143
856.5		0.551745
856		0.552548
855.5		0.553036
855		0.553892
854.5		0.553663
854		0.555886
853.5		0.551851
853		0.555401
852.5		0.549389
852		0.552954
851.5		0.554441
851		0.553799
850.5		0.553598
850		0.552947
849.5		0.547313
849		0.549679
848.5		0.549188
848		0.550958
847.5		0.5492
847		0.548929
846.5		0.548619
846		0.548814
845.5		0.551188
845		0.549679
844.5		0.548104
844		0.551438
843.5		0.546635
843		0.548409
842.5		0.551533
842		0.548836
841.5		0.548965
841		0.54761
840.5		0.548135
840		0.54744
839.5		0.546756
839		0.547713
838.5		0.547045
838		0.547211
837.5		0.546516
837		0.546265
836.5		0.547891
836		0.543799
835.5		0.546355
835		0.546953
834.5		0.547685
834		0.546385
833.5		0.545509
833		0.545193
832.5		0.545843
832		0.544921
831.5		0.545843
831		0.545771
830.5		0.544521
830		0.54369
829.5		0.545246
829		0.541489
828.5		0.543714
828		0.542692
827.5		0.543433
827		0.544965
826.5		0.543688
826		0.543322
825.5		0.542618
825		0.542532
824.5		0.54373
824		0.542503
823.5		0.543737
823		0.540689
822.5		0.542297
822		0.539766
821.5		0.542312
821		0.540759
820.5		0.539589
820		0.540597
819.5		0.540862
819		0.540478
818.5		0.539499
818		0.540248
817.5		0.540421
817		0.538954
816.5		0.53953
816		0.538485
815.5		0.537756
815		0.539764
814.5		0.539062
814		0.538977
813.5		0.538038
813		0.537415
812.5		0.537939
812		0.536807
811.5		0.536544
811		0.535654
810.5		0.535996
810		0.536354
809.5		0.535921
809		0.535536
808.5		0.536729
808		0.535221
807.5		0.535543
807		0.535561
806.5		0.535096
806		0.535149
805.5		0.53374
805		0.534455
804.5		0.534847
804		0.533933
803.5		0.534141
803		0.533673
802.5		0.534014
802		0.531197
801.5		0.532947
801		0.533728
800.5		0.531365
800		0.531913
799.5		0.532113
799		0.530498
798.5		0.531541
798		0.53194
797.5		0.531917
797		0.530788
796.5		0.530975
796		0.530252
795.5		0.529518
795		0.530206
794.5		0.530047
794		0.529271
793.5		0.529048
793		0.530812
792.5		0.528494
792		0.530396
791.5		0.528091
791		0.526683
790.5		0.529071
790		0.526615
789.5		0.528647
789		0.527462
788.5		0.527806
788		0.527104
787.5		0.526311
787		0.526842
786.5		0.527792
786		0.525949
785.5		0.527236
785		0.525792
784.5		0.525958
784		0.525554
783.5		0.525387
783		0.526253
782.5		0.525255
782		0.524128
781.5		0.525112
781		0.525786
780.5		0.523943
780		0.524783
779.5		0.524409
779		0.524656
778.5		0.523074
778		0.524723
777.5		0.52296
777		0.522727
776.5		0.52304
776		0.521666
775.5		0.521055
775		0.523881
774.5		0.521644
774		0.523134
773.5		0.521644
773		0.522562
772.5		0.522203
772		0.519602
771.5		0.522264
771		0.520968
770.5		0.520311
770		0.52229
769.5		0.521033
769		0.520829
768.5		0.519618
768		0.520311
767.5		0.518984
767		0.519451
766.5		0.520132
766		0.520902
765.5		0.520582
765		0.51718
764.5		0.520148
764		0.518426
763.5		0.519258
763		0.517653
762.5		0.518585
762		0.518972
761.5		0.516693
761		0.517633
760.5		0.518378
760		0.518891
759.5		0.517173
759		0.516806
758.5		0.517468
758		0.516803
757.5		0.517907
757		0.516861
756.5		0.516453
756		0.518072
755.5		0.516768
755		0.515818
754.5		0.515875
754		0.514634
753.5		0.51629
753		0.51663
752.5		0.515549
752		0.515365
751.5		0.513929
751		0.51576
750.5		0.515155
750		0.515254
749.5		0.516614
749		0.513985
748.5		0.515504
748		0.514911
747.5		0.513704
747		0.515721
746.5		0.514085
746		0.514763
745.5		0.514098
745		0.512905
744.5		0.513492
744		0.513227
743.5		0.513739
743		0.513792
742.5		0.51379
742		0.514725
741.5		0.513125
741		0.514017
740.5		0.513181
740		0.513465
739.5		0.514385
739		0.512912
738.5		0.513016
738		0.512871
737.5		0.51296
737		0.512111
736.5		0.513147
736		0.513102
735.5		0.512448
735		0.513986
734.5		0.512169
734		0.513719
733.5		0.512087
733		0.513122
732.5		0.512848
732		0.511644
731.5		0.512042
731		0.511738
730.5		0.513474
730		0.511623
729.5		0.51314
729		0.512183
728.5		0.510931
728		0.512221
727.5		0.51081
727		0.512678
726.5		0.514428
726		0.512084
725.5		0.513786
725		0.513069
724.5		0.51265
724		0.51103
723.5		0.513186
723		0.514642
722.5		0.514373
722		0.513114
721.5		0.513989
721		0.513263
720.5		0.513565
720		0.51616
719.5		0.514941
719		0.51605
718.5		0.515651
718		0.517629
717.5		0.516556
717		0.516818
716.5		0.516407
716		0.517465
715.5		0.517128
715		0.517712
714.5		0.517766
714		0.517619
713.5		0.516391
713		0.515233
712.5		0.51625
712		0.514765
711.5		0.514759
711		0.514061
710.5		0.513514
710		0.515042
709.5		0.513825
709		0.513423
708.5		0.51419
708		0.512818
707.5		0.51379
707		0.514196
706.5		0.513948
706		0.514466
705.5		0.513553
705		0.513607
704.5		0.514139
704		0.514948
703.5		0.514483
703		0.513647
702.5		0.515092
702		0.513567
701.5		0.515229
701		0.515438
700.5		0.516482
700		0.515023
699.5		0.515804
699		0.514826
698.5		0.514942
698		0.515947
697.5		0.516034
697		0.516234
696.5		0.516747
696		0.516224
695.5		0.515871
695		0.515862
694.5		0.518325
694		0.51633
693.5		0.517864
693		0.517275
692.5		0.517109
692		0.519368
691.5		0.518182
691		0.517364
690.5		0.519276
690		0.51906
689.5		0.51981
689		0.51968
688.5		0.519312
688		0.520491
687.5		0.519404
687		0.520846
686.5		0.520004
686		0.521017
685.5		0.520897
685		0.521688
684.5		0.520648
684		0.522388
683.5		0.5225
683		0.522783
682.5		0.522934
682		0.522314
681.5		0.523428
681		0.523198
680.5		0.52452
680		0.524068
679.5		0.524002
679		0.525904
678.5		0.525124
678		0.526566
677.5		0.52592
677		0.525811
676.5		0.527698
676		0.527478
675.5		0.528358
675		0.528182
674.5		0.527602
674		0.529266
673.5		0.530052
673		0.530239
672.5		0.52929
672		0.53078
671.5		0.530489
671		0.531235
670.5		0.532079
670		0.531807
669.5		0.53181
669		0.532832
668.5		0.532983
668		0.53274
667.5		0.533742
667		0.534858
666.5		0.534184
666		0.537202
665.5		0.535227
665		0.537006
664.5		0.537843
664		0.536149
663.5		0.53866
663		0.537707
662.5		0.538721
662		0.538843
661.5		0.539033
661		0.540367
660.5		0.540077
660		0.541183
659.5		0.542047
659		0.542175
658.5		0.543345
658		0.543316
657.5		0.543121
657		0.544481
656.5		0.545256
656		0.54577
655.5		0.546945
655		0.546762
654.5		0.546302
654		0.549181
653.5		0.548576
653		0.54998
652.5		0.549811
652		0.549677
651.5		0.552098
651		0.550302
650.5		0.552477
650		0.553382
649.5		0.554484
649		0.554727
648.5		0.555092
648		0.556208
647.5		0.555986
647		0.558334
646.5		0.5576
646		0.557975
645.5		0.558715
645		0.560104
644.5		0.561286
644		0.56083
643.5		0.561933
643		0.563024
642.5		0.563798
642		0.565213
641.5		0.564866
641		0.565625
640.5		0.566411
640		0.568468
639.5		0.569185
639		0.568671
638.5		0.570627
638		0.571643
637.5		0.573007
637		0.573695
636.5		0.574212
636		0.576587
635.5		0.575694
635		0.578306
634.5		0.577617
634		0.579319
633.5		0.580642
633		0.582307
632.5		0.583409
632		0.583232
631.5		0.583922
631		0.585287
630.5		0.586576
630		0.587766
629.5		0.587707
629		0.588176
628.5		0.589532
628		0.590315
627.5		0.590103
627		0.591201
626.5		0.591036
626		0.591829
625.5		0.59306
625		0.591013
624.5		0.59337
624		0.593057
623.5		0.593855
623		0.595812
622.5		0.593946
622		0.597273
621.5		0.596613
621		0.5975
620.5		0.597836
620		0.59747
619.5		0.598503
619		0.599806
618.5		0.600583
618		0.599864
617.5		0.601378
617		0.60412
616.5		0.604359
616		0.605975
615.5		0.605291
615		0.606468
614.5		0.60733
614		0.609255
613.5		0.609986
613		0.612193
612.5		0.611555
612		0.612906
611.5		0.614013
611		0.614831
610.5		0.615557
610		0.61623
609.5		0.616469
609		0.617435
608.5		0.61864
608		0.61977
607.5		0.620804
607		0.621751
606.5		0.622983
606		0.624185
605.5		0.624623
605		0.625584
604.5		0.627663
604		0.629075
603.5		0.628927
603		0.630234
602.5		0.630274
602		0.631149
601.5		0.633159
601		0.63493
600.5		0.633822
600		0.635419
599.5		0.636443
599		0.636698
598.5		0.638994
598		0.637669
597.5		0.641753
597		0.642885
596.5		0.642414
596		0.643752
595.5		0.643667
595		0.644699
594.5		0.647977
594		0.646928
593.5		0.648874
593		0.649636
592.5		0.650548
592		0.651769
591.5		0.65182
591		0.653016
590.5		0.654264
590		0.654725
589.5		0.657176
589		0.657439
588.5		0.657732
588		0.659919
587.5		0.661401
587		0.661151
586.5		0.660835
586		0.662576
585.5		0.664505
585		0.664221
584.5		0.66512
584		0.666183
583.5		0.666667
583		0.669345
582.5		0.670501
582		0.670048
581.5		0.671819
581		0.67252
580.5		0.673947
580		0.674648
579.5		0.675133
579		0.677285
578.5		0.676403
578		0.678354
577.5		0.679302
577		0.680305
576.5		0.68223
576		0.681779
575.5		0.684841
575		0.684865
574.5		0.68483
574		0.686235
573.5		0.686303
573		0.689931
572.5		0.68885
572		0.689788
571.5		0.690878
571		0.692197
570.5		0.693797
570		0.69388
569.5		0.695137
569		0.694987
568.5		0.696355
568		0.696955
567.5		0.698709
567		0.70025
566.5		0.700327
566		0.702721
565.5		0.700499
565		0.703782
564.5		0.705039
564		0.705498
563.5		0.706764
563		0.705025
562.5		0.709504
562		0.708633
561.5		0.7096
561		0.711581
560.5		0.710915
560		0.713462
559.5		0.716968
559		0.716343
558.5		0.716318
558		0.718708
557.5		0.718384
557		0.719704
556.5		0.721705
556		0.720357
555.5		0.722596
555		0.722584
554.5		0.724803
554		0.725163
553.5		0.725067
553		0.726906
552.5		0.726863
552		0.729538
551.5		0.729051
551		0.730061
550.5		0.732049
550		0.72981
549.5		0.733915
549		0.732039
548.5		0.734745
548		0.734284
547.5		0.735525
547		0.737381
546.5		0.737321
546		0.738872
545.5		0.740705
545		0.740868
544.5		0.740883
544		0.741658
543.5		0.741972
543		0.744713
542.5		0.743389
542		0.744693
541.5		0.745012
541		0.745107
540.5		0.746945
540		0.745879
539.5		0.749546
539		0.749069
538.5		0.750477
538		0.750859
537.5		0.750024
537		0.75277
536.5		0.752456
536		0.754913
535.5		0.753191
535		0.754214
534.5		0.755215
534		0.756674
533.5		0.757091
533		0.757316
532.5		0.758032
532		0.758929
531.5		0.760267
531		0.759208
530.5		0.762055
530		0.761356
529.5		0.761465
529		0.764538
528.5		0.763278
528		0.763944
527.5		0.765412
527		0.765176
526.5		0.766835
526		0.767238
525.5		0.767488
525		0.769495
524.5		0.769751
524		0.769209
523.5		0.771878
523		0.772381
522.5		0.771611
522		0.772533
521.5		0.77313
521		0.775045
520.5		0.773718
520		0.775176
519.5		0.774427
519		0.776
518.5		0.777407
518		0.776847
517.5		0.77819
517		0.778402
516.5		0.778285
516		0.780502
515.5		0.77997
515		0.781167
514.5		0.782094
514		0.781768
513.5		0.784037
513		0.783807
512.5		0.783007
512		0.785455
511.5		0.784788
511		0.785933
510.5		0.786123
510		0.785312
509.5		0.787433
509		0.786184
508.5		0.788605
508		0.787313
507.5		0.788436
507		0.789088
506.5		0.788049
506		0.789029
505.5		0.789009
505		0.790147
504.5		0.789459
504		0.789175
503.5		0.789816
503		0.78865
502.5		0.789152
502		0.788471
501.5		0.789341
501		0.787913
500.5		0.790672
500		0.789975
499.5		0.789326
499		0.791131
498.5		0.787513
498		0.790644
497.5		0.790696
497		0.790797
496.5		0.790069
496		0.789464
495.5		0.791339
495		0.789678
494.5		0.790114
494		0.789343
493.5		0.789556
493		0.790492
492.5		0.789183
492		0.790084
491.5		0.788908
491		0.789396
490.5		0.789624
490		0.790296
489.5		0.789469
489		0.789015
488.5		0.788967
488		0.78661
487.5		0.791001
487		0.787094
486.5		0.788847
486		0.789869
485.5		0.787392
485		0.790713
484.5		0.788139
484		0.788718
483.5		0.78677
483		0.787298
482.5		0.786966
482		0.786633
481.5		0.787029
481		0.785331
480.5		0.786636
480		0.785766
479.5		0.787099
479		0.786583
478.5		0.785909
478		0.785209
477.5		0.783219
477		0.785229
476.5		0.783965
476		0.785708
475.5		0.782397
475		0.783236
474.5		0.784032
474		0.782127
473.5		0.784166
473		0.782382
472.5		0.781567
472		0.782215
471.5		0.782172
471		0.779307
470.5		0.780935
470		0.779383
469.5		0.782042
469		0.781629
468.5		0.77843
468		0.779467
467.5		0.778763
467		0.777886
466.5		0.778966
466		0.777003
465.5		0.776347
465		0.776565
464.5		0.778453
464		0.777173
463.5		0.776802
463		0.776601
462.5		0.775971
462		0.775508
461.5		0.775904
461		0.776663
460.5		0.773526
460		0.775063
459.5		0.774815
459		0.77374
458.5		0.773152
458		0.773034
457.5		0.773552
457		0.770884
456.5		0.773683
456		0.771236
455.5		0.772232
455		0.772971
454.5		0.771547
454		0.771708
453.5		0.771634
453		0.770736
452.5		0.771582
452		0.771732
451.5		0.771265
451		0.771297
450.5		0.770977
450		0.768439
449.5		0.770361
449		0.767019
448.5		0.771014
448		0.767368
447.5		0.768325
447		0.770071
446.5		0.766435
446		0.766787
445.5		0.76712
445		0.765869
444.5		0.766268
444		0.766334
443.5		0.764971
443		0.765165
442.5		0.764873
442		0.765803
441.5		0.76421
441		0.764748
440.5		0.76446
440		0.763722
439.5		0.765622
439		0.764941
438.5		0.763602
438		0.762777
437.5		0.762078
437		0.762558
436.5		0.763549
436		0.760972
435.5		0.761913
435		0.760359
434.5		0.763353
434		0.761769
433.5		0.759417
433		0.760107
432.5		0.762431
432		0.759267
431.5		0.759698
431		0.758887
430.5		0.761998
430		0.759488
429.5		0.760156
429		0.758139
428.5		0.758012
428		0.75916
427.5		0.758149
427		0.75897
426.5		0.755408
426		0.755674
425.5		0.755851
425		0.756687
424.5		0.755914
424		0.75553
423.5		0.755599
423		0.756065
422.5		0.755735
422		0.754412
421.5		0.757632
421		0.753706
420.5		0.754742
420		0.754947
419.5		0.75571
419		0.7537
418.5		0.75423
418		0.754048
417.5		0.751078
417		0.750702
416.5		0.752197
416		0.753846
415.5		0.752084
415		0.750855
414.5		0.749365
414		0.750439
413.5		0.751161
413		0.749934
412.5		0.752084
412		0.748885
411.5		0.750307
411		0.750219
410.5		0.747817
410		0.750701
409.5		0.747491
409		0.747122
408.5		0.746514
408		0.748385
407.5		0.748995
407		0.745909
406.5		0.747362
406		0.74649
405.5		0.745132
405		0.747667
404.5		0.74715
404		0.746736
403.5		0.746348
403		0.744788
402.5		0.745764
402		0.744699
401.5		0.744871
401		0.744598
400.5		0.743608
400		0.745132
399.5		0.747565
399		0.743821
398.5		0.743035
398		0.742681
397.5		0.744456
397		0.744065
396.5		0.744194
396		0.744954
395.5		0.742768
395		0.742502
394.5		0.743956
394		0.741028
393.5		0.744801
393		0.742347
392.5		0.740553
392		0.741844
391.5		0.742719
391		0.742225
390.5		0.740413
390		0.73931
389.5		0.739004
389		0.74013
388.5		0.740665
388		0.740589
387.5		0.73952
387		0.738325
386.5		0.740084
386		0.738397
385.5		0.739956
385		0.737258
384.5		0.734998
384		0.737847
383.5		0.736704
383		0.73795
382.5		0.733215
382		0.737229
381.5		0.736696
381		0.735911
380.5		0.735153
380		0.738485
379.5		0.731152
379		0.733462
378.5		0.736069
378		0.734757
377.5		0.734696
377		0.731838
376.5		0.732204
376		0.732492
375.5		0.733228
375		0.734507
374.5		0.735095
374		0.7334
373.5		0.734499
373		0.733333
372.5		0.732839
372		0.733806
371.5		0.730827
371		0.731748
370.5		0.731916
370		0.73294
369.5		0.734726
369		0.732201
368.5		0.731572
368		0.732996
367.5		0.727857
367		0.729549
366.5		0.731943
366		0.728174
365.5		0.731357
365		0.72999
364.5		0.732552
364		0.731921
363.5		0.731181
363		0.730424
362.5		0.729621
362		0.729497
361.5		0.728457
361		0.728637
360.5		0.733301
360		0.72944
359.5		0.731475
359		0.731475
358.5		0.726985
358		0.7307
357.5		0.728348
357		0.727028
356.5		0.73219
356		0.727406
355.5		0.730935
355		0.727688
354.5		0.727376
354		0.728778
353.5		0.731448
353		0.72515
352.5		0.730482
352		0.726253
351.5		0.730916
351		0.730685
350.5		0.729258
350		0.729789
349.5		0.72841
349		0.727221
348.5		0.727923
348		0.724533
347.5		0.729249
347		0.73044
346.5		0.726018
346		0.72597
345.5		0.722545
345		0.728401
344.5		0.730248
344		0.731206
343.5		0.724218
343		0.730326
342.5		0.721253
342		0.727019
341.5		0.729868
341		0.728428
340.5		0.725462
340		0.731966
339.5		0.721839
339		0.71874
338.5		0.724872
338		0.729273
337.5		0.725924
337		0.723558
336.5		0.720543
336		0.726487
335.5		0.724076
335		0.718236
334.5		0.724638
334		0.722032
333.5		0.721735
333		0.723164
332.5		0.721704
332		0.72193
331.5		0.722128
331		0.726623
330.5		0.715608
330		0.727611
329.5		0.726664
329		0.724324
328.5		0.719761
328		0.722644
327.5		0.727315
327		0.723129
326.5		0.720178
326		0.723207
325.5		0.723357
325		0.727682
324.5		0.733282
324		0.727516
323.5		0.729546
323		0.729523
322.5		0.739081
322		0.729406
321.5		0.724558
321		0.733394
320.5		0.733187
320		0.731013
319.5		0.734404
319		0.733635
318.5		0.739985
318		0.739672
317.5		0.739832
317		0.736216
316.5		0.744549
316		0.746617
315.5		0.748201
315		0.746498
314.5		0.741748
314		0.747176
313.5		0.748997
313		0.766395
312.5		0.747303
312		0.760688
311.5		0.768385
311		0.765241
310.5		0.774408
310		0.768763
309.5		0.764199
309		0.784577
308.5		0.771975
308		0.781464
307.5		0.795205
307		0.796414
306.5		0.792586
306		0.802134
305.5		0.801239
305		0.804321
304.5		0.850146
304		0.860484
303.5		0.854784
303		0.835751
302.5		0.852602
302		0.84468
301.5		0.88234
301		0.843936
300.5		0.879356
300		0.917698
299.5		0.892574
299		0.831378
298.5		0.888808
298		0.889594
297.5		1.10433
297		0.951267
296.5		0.818719
296		1.11127
295.5		0.880252
295		0.95745
294.5		0.948291
294		0.774836
293.5		1.42786
293		0.443037
292.5		0.771696
292		1.393
291.5		1.0569
291		0.666477
290.5		0.094306
290		0.423452
289.5		0.029151
289		0.762789
288.5		0.360164
288		0.0860155
287.5		0.591193
287		1.65263
286.5		0.828764
286		0.126468
285.5		1.33394
285		0.762894
284.5		0.390168
284		0.70104
283.5		0.303222
283		1.53505
282.5		0.122982
282		1.16954
281.5		0.44462
281		-0.00991521
280.5		-3.72374
280		0.474668
279.5		0.615832
279		0.40753
278.5		0.669181
278		2.10254
277.5		1.10642
277		0.786198
276.5		0.837601
276		0.448048
275.5		0.0531039
275		-5.09162
274.5		0.348709
274		0.192846
273.5		8.30038
273		-0.999868
272.5		0.559409
272		0.928314
271.5		0.299587
271		1.27781
270.5		2.81553
270		5.80328
269.5		2.10745
269		0.116834
268.5		0.467256
268		-0.280238
267.5		0.152417
267		0.694191
266.5		0.500928
266		0.851505
265.5		0.69686
265		0.749558
264.5		0.339943
264		5.81259
263.5		0.26173
263		0.645333
262.5		1.67493
262		-5.18213
261.5		0.231737
261		0.830765
260.5		0.0290395
260		1.21157
259.5		0.534957
259		0.484749
258.5		-3.43354
258		1.26403
257.5		1.47547
257		0.116374
256.5		1.06001
256		-0.117835
255.5		0.445997
255		0.220754
254.5		0.449467
254		0.451964
253.5		-1.05251
253		0.270326
252.5		0.963087
252		0.294683
251.5		0.718853
251		-2.92821
250.5		0.862966
250		0.72915
249.5		1.29194
249		0.764794
248.5		0.44348
248		0.742436
247.5		1.02899
247		3.04905
246.5		0.0926771
246		-0.436491
245.5		0.681439
245		-0.254929
244.5		0.05462
244		-0.911144
243.5		0.527885
243		2.27442
242.5		0.389165
242		0.281402
241.5		0.57567
241		0.479872
240.5		0.0802466
240		0.803248
239.5		0.31734
239		-0.18155
238.5		2.46412
238		-0.0368037
237.5		0.417014
237		0.455904
236.5		0.76758
236		-0.178178
235.5		1.73507
235		0.607271
234.5		0.223526
234		0.799728
233.5		-16.5609
233		0.953137
232.5		0.400697
232		0.209956
231.5		0.755446
231		0.363402
230.5		0.74597
230		0.0822794
229.5		0.38148
229		1.01732
228.5		-1.048
228		1.12578
227.5		0.300434
227		1.96543
226.5		0.759142
226		0.779535
225.5		0.401066
225		0.250508
224.5		0.148014
224		0.338629
223.5		-0.75151
223		0.393096
222.5		0.602148
222		0.301822
221.5		-1.14224
221		0.396335
220.5		0.168105
220		2.24943
219.5		0.345741
219		-0.305916
218.5		0.0308416
218		-0.0764984
217.5		0.881878
217		1.30985
216.5		0.299575
216		0.670721
215.5		0.0857652
215		0.101278
214.5		1.3383
214		0.728181
213.5		2.21367
213		-0.292764
212.5		1.83062
212		0.863668
211.5		-0.144078
211		0.300301
210.5		0.145289
210		-1.6274
209.5		0.271949
209		2.1073
208.5		0.237745
208		0.256993
207.5		0.0941855
207		2.31433
206.5		0.266804
206		-0.265646
205.5		0.63214
205		0.469986
204.5		-1.02632
204		-1.45766
203.5		0.118099
203		0.0907746
202.5		0.248252
202		11.431
201.5		-0.129102
201		0.384281
200.5		0.306917
200		1.55597
