03/06/2024 16.06.17
03/06/2024 16.15.16

800.0000	 31.6700

800.0000	 31.6700

900.0000	 31.6900



  1.0000
900.0000
  3.0000
340.0000
  1.0000
1401.0000
  5.0000
  6.0000
  1.0000
  1.0000
  0.0000
  0.0000
100.0000
  0.0000
  1.0000
  0.0000
500.0000
900.0000
200.0000
  4.0000
  1.0000
 18.0000
  2.0000
  1.0000
255.0000
  0.8386
  1.0000
 30.0000
  4.0000
500.0000
  0.0000
  0.0000
  4.0000
900.0000
200.0000
  0.0000
100.0000
  0.0000
  1.0000
  0.0000
500.0000
  1.0000
  1.0000
  1.0000
  1.0000
  4.0000
  0.0000
  1.0000
  1.0000
  1.0000
  1.0000
  1.0000
  2.0000
  1.0000
  1.0000
  1.0000
  3.0000
  1.0000
  1.0000
  1.0000
  4.0000
  5.0000
539.543
0.000

Lambda:	800
Abs:		-0.0003
ID:			5
RERun:	1
Temp:		0
#

900.0000	  0.3095
899.5000	  0.3188
899.0000	  0.3222
898.5000	  0.3122
898.0000	  0.3152
897.5000	  0.3232
897.0000	  0.3258
896.5000	  0.3217
896.0000	  0.3189
895.5000	  0.3215
895.0000	  0.3217
894.5000	  0.3224
894.0000	  0.3121
893.5000	  0.3092
893.0000	  0.3160
892.5000	  0.3177
892.0000	  0.3184
891.5000	  0.3230
891.0000	  0.3277
890.5000	  0.3200
890.0000	  0.3155
889.5000	  0.3217
889.0000	  0.3117
888.5000	  0.3163
888.0000	  0.3084
887.5000	  0.3111
887.0000	  0.3109
886.5000	  0.3179
886.0000	  0.3165
885.5000	  0.3170
885.0000	  0.3159
884.5000	  0.3182
884.0000	  0.3155
883.5000	  0.3106
883.0000	  0.3181
882.5000	  0.3209
882.0000	  0.3224
881.5000	  0.3165
881.0000	  0.3153
880.5000	  0.3134
880.0000	  0.3208
879.5000	  0.3144
879.0000	  0.3131
878.5000	  0.3118
878.0000	  0.3187
877.5000	  0.3204
877.0000	  0.3137
876.5000	  0.3178
876.0000	  0.3148
875.5000	  0.3196
875.0000	  0.3170
874.5000	  0.3173
874.0000	  0.3187
873.5000	  0.3164
873.0000	  0.3152
872.5000	  0.3154
872.0000	  0.3192
871.5000	  0.3156
871.0000	  0.3141
870.5000	  0.3170
870.0000	  0.3211
869.5000	  0.3178
869.0000	  0.3146
868.5000	  0.3178
868.0000	  0.3181
867.5000	  0.3159
867.0000	  0.3158
866.5000	  0.3148
866.0000	  0.3159
865.5000	  0.3174
865.0000	  0.3186
864.5000	  0.3167
864.0000	  0.3175
863.5000	  0.3192
863.0000	  0.3186
862.5000	  0.3170
862.0000	  0.3175
861.5000	  0.3191
861.0000	  0.3197
860.5000	  0.3162
860.0000	  0.3174
859.5000	  0.3184
859.0000	  0.3169
858.5000	  0.3184
858.0000	  0.3177
857.5000	  0.3185
857.0000	  0.3177
856.5000	  0.3176
856.0000	  0.3193
855.5000	  0.3191
855.0000	  0.3182
854.5000	  0.3192
854.0000	  0.3189
853.5000	  0.3181
853.0000	  0.3182
852.5000	  0.3189
852.0000	  0.3182
851.5000	  0.3185
851.0000	  0.3182
850.5000	  0.3202
850.0000	  0.3203
849.5000	  0.3184
849.0000	  0.3178
848.5000	  0.3178
848.0000	  0.3178
847.5000	  0.3183
847.0000	  0.3168
846.5000	  0.3190
846.0000	  0.3189
845.5000	  0.3176
845.0000	  0.3188
844.5000	  0.3181
844.0000	  0.3178
843.5000	  0.3172
843.0000	  0.3173
842.5000	  0.3181
842.0000	  0.3182
841.5000	  0.3180
841.0000	  0.3163
840.5000	  0.3173
840.0000	  0.3170
839.5000	  0.3176
839.0000	  0.3183
838.5000	  0.3178
838.0000	  0.3165
837.5000	  0.3173
837.0000	  0.3172
836.5000	  0.3171
836.0000	  0.3160
835.5000	  0.3155
835.0000	  0.3166
834.5000	  0.3158
834.0000	  0.3171
833.5000	  0.3160
833.0000	  0.3159
832.5000	  0.3165
832.0000	  0.3149
831.5000	  0.3156
831.0000	  0.3162
830.5000	  0.3153
830.0000	  0.3152
829.5000	  0.3155
829.0000	  0.3161
828.5000	  0.3157
828.0000	  0.3143
827.5000	  0.3148
827.0000	  0.3154
826.5000	  0.3144
826.0000	  0.3162
825.5000	  0.3149
825.0000	  0.3151
824.5000	  0.3153
824.0000	  0.3148
823.5000	  0.3146
823.0000	  0.3156
822.5000	  0.3146
822.0000	  0.3150
821.5000	  0.3144
821.0000	  0.3157
820.5000	  0.3153
820.0000	  0.3140
819.5000	  0.3155
819.0000	  0.3155
818.5000	  0.3165
818.0000	  0.3154
817.5000	  0.3151
817.0000	  0.3143
816.5000	  0.3156
816.0000	  0.3148
815.5000	  0.3156
815.0000	  0.3156
814.5000	  0.3150
814.0000	  0.3161
813.5000	  0.3153
813.0000	  0.3154
812.5000	  0.3157
812.0000	  0.3152
811.5000	  0.3153
811.0000	  0.3154
810.5000	  0.3160
810.0000	  0.3157
809.5000	  0.3155
809.0000	  0.3159
808.5000	  0.3164
808.0000	  0.3154
807.5000	  0.3162
807.0000	  0.3160
806.5000	  0.3156
806.0000	  0.3164
805.5000	  0.3154
805.0000	  0.3166
804.5000	  0.3162
804.0000	  0.3163
803.5000	  0.3157
803.0000	  0.3166
802.5000	  0.3162
802.0000	  0.3172
801.5000	  0.3166
801.0000	  0.3168
800.5000	  0.3184
800.0000	  0.3175
799.5000	  0.3178
799.0000	  0.3174
798.5000	  0.3176
798.0000	  0.3185
797.5000	  0.3185
797.0000	  0.3185
796.5000	  0.3181
796.0000	  0.3183
795.5000	  0.3189
795.0000	  0.3193
794.5000	  0.3191
794.0000	  0.3187
793.5000	  0.3190
793.0000	  0.3187
792.5000	  0.3192
792.0000	  0.3192
791.5000	  0.3192
791.0000	  0.3187
790.5000	  0.3195
790.0000	  0.3203
789.5000	  0.3200
789.0000	  0.3198
788.5000	  0.3199
788.0000	  0.3204
787.5000	  0.3201
787.0000	  0.3204
786.5000	  0.3213
786.0000	  0.3202
785.5000	  0.3209
785.0000	  0.3211
784.5000	  0.3213
784.0000	  0.3221
783.5000	  0.3214
783.0000	  0.3220
782.5000	  0.3221
782.0000	  0.3224
781.5000	  0.3219
781.0000	  0.3220
780.5000	  0.3222
780.0000	  0.3223
779.5000	  0.3226
779.0000	  0.3229
778.5000	  0.3231
778.0000	  0.3232
777.5000	  0.3223
777.0000	  0.3237
776.5000	  0.3231
776.0000	  0.3243
775.5000	  0.3251
775.0000	  0.3239
774.5000	  0.3241
774.0000	  0.3243
773.5000	  0.3244
773.0000	  0.3255
772.5000	  0.3250
772.0000	  0.3252
771.5000	  0.3256
771.0000	  0.3255
770.5000	  0.3254
770.0000	  0.3260
769.5000	  0.3257
769.0000	  0.3263
768.5000	  0.3265
768.0000	  0.3267
767.5000	  0.3274
767.0000	  0.3275
766.5000	  0.3274
766.0000	  0.3277
765.5000	  0.3279
765.0000	  0.3284
764.5000	  0.3279
764.0000	  0.3282
763.5000	  0.3283
763.0000	  0.3290
762.5000	  0.3294
762.0000	  0.3296
761.5000	  0.3300
761.0000	  0.3295
760.5000	  0.3299
760.0000	  0.3297
759.5000	  0.3305
759.0000	  0.3311
758.5000	  0.3310
758.0000	  0.3307
757.5000	  0.3311
757.0000	  0.3322
756.5000	  0.3312
756.0000	  0.3319
755.5000	  0.3330
755.0000	  0.3331
754.5000	  0.3337
754.0000	  0.3328
753.5000	  0.3341
753.0000	  0.3335
752.5000	  0.3329
752.0000	  0.3346
751.5000	  0.3347
751.0000	  0.3353
750.5000	  0.3350
750.0000	  0.3356
749.5000	  0.3354
749.0000	  0.3361
748.5000	  0.3361
748.0000	  0.3366
747.5000	  0.3367
747.0000	  0.3375
746.5000	  0.3381
746.0000	  0.3375
745.5000	  0.3384
745.0000	  0.3384
744.5000	  0.3392
744.0000	  0.3397
743.5000	  0.3393
743.0000	  0.3390
742.5000	  0.3403
742.0000	  0.3404
741.5000	  0.3406
741.0000	  0.3408
740.5000	  0.3412
740.0000	  0.3418
739.5000	  0.3426
739.0000	  0.3422
738.5000	  0.3431
738.0000	  0.3435
737.5000	  0.3439
737.0000	  0.3447
736.5000	  0.3449
736.0000	  0.3457
735.5000	  0.3453
735.0000	  0.3461
734.5000	  0.3471
734.0000	  0.3477
733.5000	  0.3477
733.0000	  0.3470
732.5000	  0.3476
732.0000	  0.3490
731.5000	  0.3501
731.0000	  0.3509
730.5000	  0.3509
730.0000	  0.3517
729.5000	  0.3526
729.0000	  0.3525
728.5000	  0.3539
728.0000	  0.3539
727.5000	  0.3557
727.0000	  0.3569
726.5000	  0.3577
726.0000	  0.3585
725.5000	  0.3597
725.0000	  0.3607
724.5000	  0.3620
724.0000	  0.3640
723.5000	  0.3637
723.0000	  0.3659
722.5000	  0.3669
722.0000	  0.3690
721.5000	  0.3709
721.0000	  0.3724
720.5000	  0.3752
720.0000	  0.3764
719.5000	  0.3773
719.0000	  0.3799
718.5000	  0.3817
718.0000	  0.3828
717.5000	  0.3841
717.0000	  0.3845
716.5000	  0.3842
716.0000	  0.3848
715.5000	  0.3844
715.0000	  0.3841
714.5000	  0.3821
714.0000	  0.3810
713.5000	  0.3801
713.0000	  0.3775
712.5000	  0.3773
712.0000	  0.3760
711.5000	  0.3746
711.0000	  0.3736
710.5000	  0.3730
710.0000	  0.3722
709.5000	  0.3715
709.0000	  0.3711
708.5000	  0.3707
708.0000	  0.3699
707.5000	  0.3700
707.0000	  0.3701
706.5000	  0.3699
706.0000	  0.3710
705.5000	  0.3719
705.0000	  0.3724
704.5000	  0.3730
704.0000	  0.3724
703.5000	  0.3731
703.0000	  0.3737
702.5000	  0.3739
702.0000	  0.3745
701.5000	  0.3753
701.0000	  0.3753
700.5000	  0.3763
700.0000	  0.3767
699.5000	  0.3773
699.0000	  0.3775
698.5000	  0.3786
698.0000	  0.3785
697.5000	  0.3785
697.0000	  0.3793
696.5000	  0.3805
696.0000	  0.3802
695.5000	  0.3810
695.0000	  0.3810
694.5000	  0.3817
694.0000	  0.3827
693.5000	  0.3830
693.0000	  0.3828
692.5000	  0.3843
692.0000	  0.3842
691.5000	  0.3844
691.0000	  0.3854
690.5000	  0.3855
690.0000	  0.3862
689.5000	  0.3876
689.0000	  0.3874
688.5000	  0.3887
688.0000	  0.3889
687.5000	  0.3896
687.0000	  0.3903
686.5000	  0.3906
686.0000	  0.3914
685.5000	  0.3919
685.0000	  0.3927
684.5000	  0.3933
684.0000	  0.3934
683.5000	  0.3947
683.0000	  0.3951
682.5000	  0.3950
682.0000	  0.3955
681.5000	  0.3963
681.0000	  0.3976
680.5000	  0.3984
680.0000	  0.3983
679.5000	  0.3990
679.0000	  0.3997
678.5000	  0.4000
678.0000	  0.4013
677.5000	  0.4007
677.0000	  0.4017
676.5000	  0.4023
676.0000	  0.4031
675.5000	  0.4042
675.0000	  0.4049
674.5000	  0.4048
674.0000	  0.4063
673.5000	  0.4071
673.0000	  0.4067
672.5000	  0.4081
672.0000	  0.4085
671.5000	  0.4087
671.0000	  0.4097
670.5000	  0.4101
670.0000	  0.4114
669.5000	  0.4112
669.0000	  0.4125
668.5000	  0.4126
668.0000	  0.4136
667.5000	  0.4142
667.0000	  0.4148
666.5000	  0.4146
666.0000	  0.4161
665.5000	  0.4166
665.0000	  0.4175
664.5000	  0.4186
664.0000	  0.4186
663.5000	  0.4188
663.0000	  0.4204
662.5000	  0.4203
662.0000	  0.4221
661.5000	  0.4217
661.0000	  0.4230
660.5000	  0.4233
660.0000	  0.4243
659.5000	  0.4249
659.0000	  0.4262
658.5000	  0.4260
658.0000	  0.4267
657.5000	  0.4276
657.0000	  0.4277
656.5000	  0.4294
656.0000	  0.4294
655.5000	  0.4301
655.0000	  0.4304
654.5000	  0.4312
654.0000	  0.4329
653.5000	  0.4326
653.0000	  0.4333
652.5000	  0.4342
652.0000	  0.4349
651.5000	  0.4349
651.0000	  0.4369
650.5000	  0.4371
650.0000	  0.4376
649.5000	  0.4383
649.0000	  0.4388
648.5000	  0.4400
648.0000	  0.4400
647.5000	  0.4408
647.0000	  0.4420
646.5000	  0.4425
646.0000	  0.4430
645.5000	  0.4435
645.0000	  0.4438
644.5000	  0.4451
644.0000	  0.4457
643.5000	  0.4465
643.0000	  0.4472
642.5000	  0.4469
642.0000	  0.4482
641.5000	  0.4492
641.0000	  0.4495
640.5000	  0.4503
640.0000	  0.4510
639.5000	  0.4513
639.0000	  0.4520
638.5000	  0.4530
638.0000	  0.4531
637.5000	  0.4541
637.0000	  0.4540
636.5000	  0.4549
636.0000	  0.4563
635.5000	  0.4561
635.0000	  0.4579
634.5000	  0.4574
634.0000	  0.4585
633.5000	  0.4596
633.0000	  0.4605
632.5000	  0.4612
632.0000	  0.4619
631.5000	  0.4628
631.0000	  0.4648
630.5000	  0.4657
630.0000	  0.4670
629.5000	  0.4681
629.0000	  0.4688
628.5000	  0.4713
628.0000	  0.4730
627.5000	  0.4741
627.0000	  0.4769
626.5000	  0.4774
626.0000	  0.4801
625.5000	  0.4822
625.0000	  0.4840
624.5000	  0.4855
624.0000	  0.4874
623.5000	  0.4894
623.0000	  0.4919
622.5000	  0.4928
622.0000	  0.4942
621.5000	  0.4967
621.0000	  0.4977
620.5000	  0.5003
620.0000	  0.5005
619.5000	  0.5028
619.0000	  0.5048
618.5000	  0.5046
618.0000	  0.5062
617.5000	  0.5065
617.0000	  0.5073
616.5000	  0.5079
616.0000	  0.5080
615.5000	  0.5091
615.0000	  0.5100
614.5000	  0.5104
614.0000	  0.5108
613.5000	  0.5124
613.0000	  0.5125
612.5000	  0.5144
612.0000	  0.5148
611.5000	  0.5154
611.0000	  0.5166
610.5000	  0.5171
610.0000	  0.5187
609.5000	  0.5187
609.0000	  0.5197
608.5000	  0.5213
608.0000	  0.5223
607.5000	  0.5230
607.0000	  0.5239
606.5000	  0.5256
606.0000	  0.5261
605.5000	  0.5270
605.0000	  0.5275
604.5000	  0.5286
604.0000	  0.5302
603.5000	  0.5308
603.0000	  0.5328
602.5000	  0.5325
602.0000	  0.5336
601.5000	  0.5357
601.0000	  0.5358
600.5000	  0.5372
600.0000	  0.5377
599.5000	  0.5381
599.0000	  0.5398
598.5000	  0.5411
598.0000	  0.5419
597.5000	  0.5431
597.0000	  0.5435
596.5000	  0.5452
596.0000	  0.5458
595.5000	  0.5462
595.0000	  0.5485
594.5000	  0.5485
594.0000	  0.5501
593.5000	  0.5508
593.0000	  0.5523
592.5000	  0.5536
592.0000	  0.5537
591.5000	  0.5546
591.0000	  0.5557
590.5000	  0.5568
590.0000	  0.5580
589.5000	  0.5589
589.0000	  0.5595
588.5000	  0.5612
588.0000	  0.5618
587.5000	  0.5627
587.0000	  0.5641
586.5000	  0.5640
586.0000	  0.5662
585.5000	  0.5657
585.0000	  0.5676
584.5000	  0.5686
584.0000	  0.5686
583.5000	  0.5704
583.0000	  0.5716
582.5000	  0.5725
582.0000	  0.5738
581.5000	  0.5741
581.0000	  0.5757
580.5000	  0.5759
580.0000	  0.5776
579.5000	  0.5793
579.0000	  0.5788
578.5000	  0.5799
578.0000	  0.5817
577.5000	  0.5817
577.0000	  0.5837
576.5000	  0.5845
576.0000	  0.5850
575.5000	  0.5861
575.0000	  0.5875
574.5000	  0.5882
574.0000	  0.5893
573.5000	  0.5890
573.0000	  0.5913
572.5000	  0.5918
572.0000	  0.5933
571.5000	  0.5943
571.0000	  0.5947
570.5000	  0.5962
570.0000	  0.5981
569.5000	  0.5976
569.0000	  0.5998
568.5000	  0.5997
568.0000	  0.6012
567.5000	  0.6020
567.0000	  0.6026
566.5000	  0.6052
566.0000	  0.6047
565.5000	  0.6056
565.0000	  0.6065
564.5000	  0.6074
564.0000	  0.6097
563.5000	  0.6102
563.0000	  0.6110
562.5000	  0.6126
562.0000	  0.6126
561.5000	  0.6142
561.0000	  0.6153
560.5000	  0.6151
560.0000	  0.6183
559.5000	  0.6191
559.0000	  0.6201
558.5000	  0.6216
558.0000	  0.6229
557.5000	  0.6224
557.0000	  0.6242
556.5000	  0.6254
556.0000	  0.6260
555.5000	  0.6278
555.0000	  0.6276
554.5000	  0.6295
554.0000	  0.6300
553.5000	  0.6305
553.0000	  0.6321
552.5000	  0.6316
552.0000	  0.6338
551.5000	  0.6341
551.0000	  0.6356
550.5000	  0.6368
550.0000	  0.6372
549.5000	  0.6376
549.0000	  0.6391
548.5000	  0.6395
548.0000	  0.6411
547.5000	  0.6412
547.0000	  0.6420
546.5000	  0.6435
546.0000	  0.6445
545.5000	  0.6452
545.0000	  0.6465
544.5000	  0.6458
544.0000	  0.6474
543.5000	  0.6484
543.0000	  0.6490
542.5000	  0.6503
542.0000	  0.6501
541.5000	  0.6517
541.0000	  0.6522
540.5000	  0.6530
540.0000	  0.6548
539.5000	  0.6548
539.0000	  0.6555
538.5000	  0.6562
538.0000	  0.6570
537.5000	  0.6578
537.0000	  0.6589
536.5000	  0.6596
536.0000	  0.6608
535.5000	  0.6616
535.0000	  0.6621
534.5000	  0.6631
534.0000	  0.6625
533.5000	  0.6644
533.0000	  0.6644
532.5000	  0.6649
532.0000	  0.6669
531.5000	  0.6662
531.0000	  0.6676
530.5000	  0.6678
530.0000	  0.6687
529.5000	  0.6701
529.0000	  0.6695
528.5000	  0.6703
528.0000	  0.6713
527.5000	  0.6721
527.0000	  0.6731
526.5000	  0.6730
526.0000	  0.6736
525.5000	  0.6745
525.0000	  0.6751
524.5000	  0.6753
524.0000	  0.6763
523.5000	  0.6758
523.0000	  0.6783
522.5000	  0.6775
522.0000	  0.6777
521.5000	  0.6794
521.0000	  0.6787
520.5000	  0.6797
520.0000	  0.6809
519.5000	  0.6801
519.0000	  0.6808
518.5000	  0.6816
518.0000	  0.6818
517.5000	  0.6821
517.0000	  0.6817
516.5000	  0.6827
516.0000	  0.6837
515.5000	  0.6823
515.0000	  0.6842
514.5000	  0.6847
514.0000	  0.6849
513.5000	  0.6862
513.0000	  0.6849
512.5000	  0.6856
512.0000	  0.6859
511.5000	  0.6859
511.0000	  0.6872
510.5000	  0.6869
510.0000	  0.6866
509.5000	  0.6882
509.0000	  0.6879
508.5000	  0.6882
508.0000	  0.6900
507.5000	  0.6886
507.0000	  0.6906
506.5000	  0.6911
506.0000	  0.6916
505.5000	  0.6919
505.0000	  0.6928
504.5000	  0.6936
504.0000	  0.6945
503.5000	  0.6955
503.0000	  0.6965
502.5000	  0.6967
502.0000	  0.6970
501.5000	  0.6991
501.0000	  0.6991
500.5000	  0.6996
500.0000	  0.7008
499.5000	  0.7006
499.0000	  0.7010
498.5000	  0.7017
498.0000	  0.7014
497.5000	  0.7031
497.0000	  0.7024
496.5000	  0.7025
496.0000	  0.7037
495.5000	  0.7035
495.0000	  0.7034
494.5000	  0.7037
494.0000	  0.7030
493.5000	  0.7043
493.0000	  0.7037
492.5000	  0.7031
492.0000	  0.7044
491.5000	  0.7038
491.0000	  0.7028
490.5000	  0.7024
490.0000	  0.7026
489.5000	  0.7023
489.0000	  0.7007
488.5000	  0.6998
488.0000	  0.6994
487.5000	  0.6989
487.0000	  0.6996
486.5000	  0.6982
486.0000	  0.6973
485.5000	  0.6982
485.0000	  0.6965
484.5000	  0.6958
484.0000	  0.6969
483.5000	  0.6949
483.0000	  0.6942
482.5000	  0.6944
482.0000	  0.6943
481.5000	  0.6940
481.0000	  0.6927
480.5000	  0.6920
480.0000	  0.6929
479.5000	  0.6917
479.0000	  0.6913
478.5000	  0.6906
478.0000	  0.6889
477.5000	  0.6894
477.0000	  0.6892
476.5000	  0.6897
476.0000	  0.6899
475.5000	  0.6871
475.0000	  0.6883
474.5000	  0.6875
474.0000	  0.6873
473.5000	  0.6880
473.0000	  0.6863
472.5000	  0.6863
472.0000	  0.6852
471.5000	  0.6860
471.0000	  0.6862
470.5000	  0.6859
470.0000	  0.6853
469.5000	  0.6853
469.0000	  0.6856
468.5000	  0.6846
468.0000	  0.6864
467.5000	  0.6837
467.0000	  0.6855
466.5000	  0.6848
466.0000	  0.6856
465.5000	  0.6853
465.0000	  0.6848
464.5000	  0.6848
464.0000	  0.6856
463.5000	  0.6851
463.0000	  0.6849
462.5000	  0.6863
462.0000	  0.6857
461.5000	  0.6869
461.0000	  0.6872
460.5000	  0.6867
460.0000	  0.6880
459.5000	  0.6855
459.0000	  0.6863
458.5000	  0.6862
458.0000	  0.6853
457.5000	  0.6863
457.0000	  0.6864
456.5000	  0.6864
456.0000	  0.6861
455.5000	  0.6845
455.0000	  0.6837
454.5000	  0.6834
454.0000	  0.6818
453.5000	  0.6808
453.0000	  0.6797
452.5000	  0.6780
452.0000	  0.6777
451.5000	  0.6747
451.0000	  0.6748
450.5000	  0.6733
450.0000	  0.6702
449.5000	  0.6701
449.0000	  0.6667
448.5000	  0.6655
448.0000	  0.6635
447.5000	  0.6618
447.0000	  0.6622
446.5000	  0.6602
446.0000	  0.6571
445.5000	  0.6557
445.0000	  0.6556
444.5000	  0.6543
444.0000	  0.6523
443.5000	  0.6504
443.0000	  0.6498
442.5000	  0.6499
442.0000	  0.6485
441.5000	  0.6469
441.0000	  0.6458
440.5000	  0.6440
440.0000	  0.6438
439.5000	  0.6426
439.0000	  0.6440
438.5000	  0.6416
438.0000	  0.6399
437.5000	  0.6403
437.0000	  0.6386
436.5000	  0.6390
436.0000	  0.6373
435.5000	  0.6368
435.0000	  0.6370
434.5000	  0.6360
434.0000	  0.6361
433.5000	  0.6338
433.0000	  0.6343
432.5000	  0.6338
432.0000	  0.6330
431.5000	  0.6322
431.0000	  0.6328
430.5000	  0.6311
430.0000	  0.6316
429.5000	  0.6309
429.0000	  0.6296
428.5000	  0.6300
428.0000	  0.6280
427.5000	  0.6296
427.0000	  0.6295
426.5000	  0.6271
426.0000	  0.6288
425.5000	  0.6265
425.0000	  0.6270
424.5000	  0.6269
424.0000	  0.6258
423.5000	  0.6271
423.0000	  0.6266
422.5000	  0.6256
422.0000	  0.6254
421.5000	  0.6266
421.0000	  0.6251
420.5000	  0.6256
420.0000	  0.6255
419.5000	  0.6260
419.0000	  0.6250
418.5000	  0.6249
418.0000	  0.6256
417.5000	  0.6229
417.0000	  0.6243
416.5000	  0.6222
416.0000	  0.6228
415.5000	  0.6238
415.0000	  0.6218
414.5000	  0.6215
414.0000	  0.6215
413.5000	  0.6234
413.0000	  0.6228
412.5000	  0.6212
412.0000	  0.6217
411.5000	  0.6210
411.0000	  0.6204
410.5000	  0.6206
410.0000	  0.6214
409.5000	  0.6196
409.0000	  0.6198
408.5000	  0.6193
408.0000	  0.6183
407.5000	  0.6193
407.0000	  0.6176
406.5000	  0.6181
406.0000	  0.6182
405.5000	  0.6177
405.0000	  0.6194
404.5000	  0.6164
404.0000	  0.6177
403.5000	  0.6176
403.0000	  0.6165
402.5000	  0.6175
402.0000	  0.6173
401.5000	  0.6148
401.0000	  0.6160
400.5000	  0.6160
400.0000	  0.6145
399.5000	  0.6145
399.0000	  0.6144
398.5000	  0.6152
398.0000	  0.6146
397.5000	  0.6143
397.0000	  0.6151
396.5000	  0.6145
396.0000	  0.6138
395.5000	  0.6138
395.0000	  0.6127
394.5000	  0.6150
394.0000	  0.6144
393.5000	  0.6133
393.0000	  0.6138
392.5000	  0.6128
392.0000	  0.6141
391.5000	  0.6134
391.0000	  0.6150
390.5000	  0.6141
390.0000	  0.6136
389.5000	  0.6150
389.0000	  0.6151
388.5000	  0.6149
388.0000	  0.6155
387.5000	  0.6157
387.0000	  0.6139
386.5000	  0.6146
386.0000	  0.6157
385.5000	  0.6171
385.0000	  0.6179
384.5000	  0.6165
384.0000	  0.6198
383.5000	  0.6180
383.0000	  0.6180
382.5000	  0.6182
382.0000	  0.6189
381.5000	  0.6165
381.0000	  0.6199
380.5000	  0.6191
380.0000	  0.6191
379.5000	  0.6190
379.0000	  0.6201
378.5000	  0.6197
378.0000	  0.6199
377.5000	  0.6200
377.0000	  0.6205
376.5000	  0.6195
376.0000	  0.6189
375.5000	  0.6195
375.0000	  0.6227
374.5000	  0.6218
374.0000	  0.6196
373.5000	  0.6237
373.0000	  0.6217
372.5000	  0.6210
372.0000	  0.6206
371.5000	  0.6192
371.0000	  0.6218
370.5000	  0.6202
370.0000	  0.6209
369.5000	  0.6202
369.0000	  0.6213
368.5000	  0.6217
368.0000	  0.6199
367.5000	  0.6201
367.0000	  0.6208
366.5000	  0.6219
366.0000	  0.6227
365.5000	  0.6206
365.0000	  0.6201
364.5000	  0.6210
364.0000	  0.6192
363.5000	  0.6223
363.0000	  0.6225
362.5000	  0.6204
362.0000	  0.6218
361.5000	  0.6218
361.0000	  0.6228
360.5000	  0.6241
360.0000	  0.6236
359.5000	  0.6233
359.0000	  0.6240
358.5000	  0.6239
358.0000	  0.6251
357.5000	  0.6213
357.0000	  0.6214
356.5000	  0.6237
356.0000	  0.6213
355.5000	  0.6240
355.0000	  0.6228
354.5000	  0.6276
354.0000	  0.6226
353.5000	  0.6235
353.0000	  0.6261
352.5000	  0.6251
352.0000	  0.6264
351.5000	  0.6231
351.0000	  0.6236
350.5000	  0.6237
350.0000	  0.6247
349.5000	  0.6259
349.0000	  0.6262
348.5000	  0.6264
348.0000	  0.6246
347.5000	  0.6251
347.0000	  0.6265
346.5000	  0.6252
346.0000	  0.6263
345.5000	  0.6252
345.0000	  0.6266
344.5000	  0.6266
344.0000	  0.6253
343.5000	  0.6258
343.0000	  0.6264
342.5000	  0.6201
342.0000	  0.6242
341.5000	  0.6243
341.0000	  0.6238
340.5000	  0.6263
340.0000	  0.6246
339.5000	  0.6278
339.0000	  0.6268
338.5000	  0.6272
338.0000	  0.6308
337.5000	  0.6260
337.0000	  0.6294
336.5000	  0.6265
336.0000	  0.6268
335.5000	  0.6248
335.0000	  0.6298
334.5000	  0.6244
334.0000	  0.6284
333.5000	  0.6266
333.0000	  0.6261
332.5000	  0.6251
332.0000	  0.6224
331.5000	  0.6258
331.0000	  0.6277
330.5000	  0.6254
330.0000	  0.6239
329.5000	  0.6254
329.0000	  0.6240
328.5000	  0.6281
328.0000	  0.6270
327.5000	  0.6262
327.0000	  0.6227
326.5000	  0.6265
326.0000	  0.6237
325.5000	  0.6243
325.0000	  0.6236
324.5000	  0.6232
324.0000	  0.6252
323.5000	  0.6241
323.0000	  0.6230
322.5000	  0.6230
322.0000	  0.6257
321.5000	  0.6244
321.0000	  0.6228
320.5000	  0.6241
320.0000	  0.6241
319.5000	  0.6263
319.0000	  0.6204
318.5000	  0.6221
318.0000	  0.6240
317.5000	  0.6253
317.0000	  0.6216
316.5000	  0.6211
316.0000	  0.6234
315.5000	  0.6273
315.0000	  0.6212
314.5000	  0.6265
314.0000	  0.6233
313.5000	  0.6257
313.0000	  0.6283
312.5000	  0.6284
312.0000	  0.6253
311.5000	  0.6223
311.0000	  0.6209
310.5000	  0.6278
310.0000	  0.6255
309.5000	  0.6288
309.0000	  0.6194
308.5000	  0.6250
308.0000	  0.6258
307.5000	  0.6178
307.0000	  0.6219
306.5000	  0.6273
306.0000	  0.6258
305.5000	  0.6266
305.0000	  0.6238
304.5000	  0.6218
304.0000	  0.6201
303.5000	  0.6216
303.0000	  0.6231
302.5000	  0.6191
302.0000	  0.6176
301.5000	  0.6202
301.0000	  0.6241
300.5000	  0.6210
300.0000	  0.6223
299.5000	  0.6195
299.0000	  0.6210
298.5000	  0.6216
298.0000	  0.6201
297.5000	  0.6243
297.0000	  0.6236
296.5000	  0.6185
296.0000	  0.6221
295.5000	  0.6211
295.0000	  0.6250
294.5000	  0.6207
294.0000	  0.6248
293.5000	  0.6218
293.0000	  0.6248
292.5000	  0.6209
292.0000	  0.6273
291.5000	  0.6295
291.0000	  0.6248
290.5000	  0.6297
290.0000	  0.6310
289.5000	  0.6284
289.0000	  0.6286
288.5000	  0.6304
288.0000	  0.6291
287.5000	  0.6338
287.0000	  0.6318
286.5000	  0.6301
286.0000	  0.6382
285.5000	  0.6362
285.0000	  0.6381
284.5000	  0.6409
284.0000	  0.6429
283.5000	  0.6372
283.0000	  0.6383
282.5000	  0.6441
282.0000	  0.6414
281.5000	  0.6434
281.0000	  0.6457
280.5000	  0.6441
280.0000	  0.6475
279.5000	  0.6455
279.0000	  0.6539
278.5000	  0.6495
278.0000	  0.6562
277.5000	  0.6490
277.0000	  0.6567
276.5000	  0.6548
276.0000	  0.6581
275.5000	  0.6580
275.0000	  0.6567
274.5000	  0.6633
274.0000	  0.6640
273.5000	  0.6644
273.0000	  0.6653
272.5000	  0.6641
272.0000	  0.6767
271.5000	  0.6780
271.0000	  0.6784
270.5000	  0.6763
270.0000	  0.6787
269.5000	  0.6856
269.0000	  0.6837
268.5000	  0.6904
268.0000	  0.6834
267.5000	  0.6952
267.0000	  0.6943
266.5000	  0.6901
266.0000	  0.6896
265.5000	  0.7115
265.0000	  0.7016
264.5000	  0.7209
264.0000	  0.7101
263.5000	  0.7110
263.0000	  0.7179
262.5000	  0.7344
262.0000	  0.7047
261.5000	  0.7266
261.0000	  0.7396
260.5000	  0.7331
260.0000	  0.7320
259.5000	  0.7318
259.0000	  0.7584
258.5000	  0.7577
258.0000	  0.7440
257.5000	  0.7322
257.0000	  0.7311
256.5000	  0.7401
256.0000	  0.7562
255.5000	  0.7526
255.0000	  0.7638
254.5000	  0.7483
254.0000	  0.7625
253.5000	  0.7863
253.0000	  0.7758
252.5000	  0.7895
252.0000	  0.7594
251.5000	  0.7938
251.0000	  0.7888
250.5000	  0.8194
250.0000	  0.7549
249.5000	  0.7981
249.0000	  0.8075
248.5000	  0.8193
248.0000	  0.7955
247.5000	  0.8273
247.0000	  0.8285
246.5000	  0.8171
246.0000	  0.7841
245.5000	  0.8076
245.0000	  0.8688
244.5000	  0.8265
244.0000	  0.8632
243.5000	  0.8057
243.0000	  0.7534
242.5000	  0.8329
242.0000	  0.7759
241.5000	  0.8800
241.0000	  0.8156
240.5000	  0.9050
240.0000	  0.8450
239.5000	  0.8683
239.0000	  0.8986
238.5000	  0.9229
238.0000	  0.9659
237.5000	  0.9365
237.0000	  0.8703
236.5000	  0.7891
236.0000	  0.9576
235.5000	  0.8504
235.0000	  0.9137
234.5000	  0.9431
234.0000	  0.8714
233.5000	  0.9528
233.0000	  0.9481
232.5000	  1.0373
232.0000	  0.9112
231.5000	  0.9420
231.0000	  1.0864
230.5000	  1.0318
230.0000	  1.0528
229.5000	  0.8658
229.0000	  0.8898
228.5000	  0.8973
228.0000	  0.9796
227.5000	  1.2387
227.0000	  0.9079
226.5000	  0.9351
226.0000	  0.5847
225.5000	  0.9760
225.0000	  0.7247
224.5000	  0.8863
224.0000	  0.8031
223.5000	  0.6617
223.0000	  0.7831
222.5000	  0.5910
222.0000	  0.9483
221.5000	  0.7665
221.0000	  0.5704
220.5000	  0.9073
220.0000	  0.8620
219.5000	  0.7298
219.0000	  4.7853
218.5000	  1.0598
218.0000	  0.5122
217.5000	  0.8022
217.0000	  0.6721
216.5000	  0.4531
216.0000	  0.7507
215.5000	 -0.2210
215.0000	  1.8660
214.5000	  1.4734
214.0000	  0.5017
213.5000	  1.2579
213.0000	 -0.0652
212.5000	  1.6477
212.0000	  3.6063
211.5000	  0.5557
211.0000	  9.0027
210.5000	 -0.3215
210.0000	 -0.0246
209.5000	  1.2747
209.0000	  8.5106
208.5000	  2.2857
208.0000	  0.5103
207.5000	  1.6972
207.0000	 -7.1273
206.5000	  1.6867
206.0000	  7.8910
205.5000	 -1.4422
205.0000	 -2.0004
204.5000	  0.7476
204.0000	  0.8893
203.5000	  1.4309
203.0000	-23.1032
202.5000	  0.4828
202.0000	 -0.0538
201.5000	  1.3773
201.0000	  1.9590
200.5000	  1.8383
200.0000	 -4.8891

