30/04/2024 16.46.05
30/04/2024 16.55.04

800.0000	 35.8200

800.0000	 35.8200

900.0000	 32.6500



  1.0000
900.0000
  3.0000
340.0000
  1.0000
1401.0000
  5.0000
  6.0000
  1.0000
  1.0000
  0.0000
  0.0000
100.0000
  0.0000
  1.0000
  0.0000
500.0000
900.0000
200.0000
  4.0000
  1.0000
 18.0000
  2.0000
  1.0000
255.0000
  0.8246
  1.0000
 30.0000
  4.0000
500.0000
  0.0000
  0.0000
  4.0000
900.0000
200.0000
  0.0000
100.0000
  0.0000
  1.0000
  0.0000
500.0000
  1.0000
  1.0000
  1.0000
  1.0000
  4.0000
  0.0000
  1.0000
  1.0000
  1.0000
  1.0000
  1.0000
  2.0000
  1.0000
  1.0000
  1.0000
  3.0000
  1.0000
  1.0000
  1.0000
  4.0000
  5.0000
538.880
0.000

lambda: 800
Abs:    0.0002
ID:     A

#
900.0000	  0.3198
899.5000	  0.3143
899.0000	  0.3161
898.5000	  0.3181
898.0000	  0.3257
897.5000	  0.3182
897.0000	  0.3342
896.5000	  0.3267
896.0000	  0.3261
895.5000	  0.3231
895.0000	  0.3199
894.5000	  0.3206
894.0000	  0.3292
893.5000	  0.3276
893.0000	  0.3220
892.5000	  0.3356
892.0000	  0.3159
891.5000	  0.3336
891.0000	  0.3183
890.5000	  0.3168
890.0000	  0.3286
889.5000	  0.3399
889.0000	  0.3155
888.5000	  0.3282
888.0000	  0.3225
887.5000	  0.3217
887.0000	  0.3257
886.5000	  0.3272
886.0000	  0.3268
885.5000	  0.3287
885.0000	  0.3241
884.5000	  0.3250
884.0000	  0.3286
883.5000	  0.3274
883.0000	  0.3173
882.5000	  0.3325
882.0000	  0.3271
881.5000	  0.3204
881.0000	  0.3309
880.5000	  0.3336
880.0000	  0.3293
879.5000	  0.3341
879.0000	  0.3338
878.5000	  0.3230
878.0000	  0.3196
877.5000	  0.3308
877.0000	  0.3273
876.5000	  0.3336
876.0000	  0.3303
875.5000	  0.3300
875.0000	  0.3264
874.5000	  0.3306
874.0000	  0.3354
873.5000	  0.3285
873.0000	  0.3285
872.5000	  0.3315
872.0000	  0.3299
871.5000	  0.3247
871.0000	  0.3310
870.5000	  0.3297
870.0000	  0.3253
869.5000	  0.3314
869.0000	  0.3284
868.5000	  0.3312
868.0000	  0.3306
867.5000	  0.3298
867.0000	  0.3342
866.5000	  0.3350
866.0000	  0.3310
865.5000	  0.3322
865.0000	  0.3321
864.5000	  0.3308
864.0000	  0.3336
863.5000	  0.3330
863.0000	  0.3282
862.5000	  0.3319
862.0000	  0.3351
861.5000	  0.3317
861.0000	  0.3302
860.5000	  0.3347
860.0000	  0.3372
859.5000	  0.3331
859.0000	  0.3358
858.5000	  0.3367
858.0000	  0.3356
857.5000	  0.3347
857.0000	  0.3359
856.5000	  0.3357
856.0000	  0.3365
855.5000	  0.3372
855.0000	  0.3381
854.5000	  0.3363
854.0000	  0.3377
853.5000	  0.3361
853.0000	  0.3378
852.5000	  0.3375
852.0000	  0.3385
851.5000	  0.3396
851.0000	  0.3388
850.5000	  0.3386
850.0000	  0.3398
849.5000	  0.3405
849.0000	  0.3406
848.5000	  0.3399
848.0000	  0.3400
847.5000	  0.3410
847.0000	  0.3418
846.5000	  0.3419
846.0000	  0.3416
845.5000	  0.3424
845.0000	  0.3420
844.5000	  0.3429
844.0000	  0.3419
843.5000	  0.3428
843.0000	  0.3431
842.5000	  0.3419
842.0000	  0.3432
841.5000	  0.3431
841.0000	  0.3425
840.5000	  0.3431
840.0000	  0.3427
839.5000	  0.3436
839.0000	  0.3441
838.5000	  0.3447
838.0000	  0.3432
837.5000	  0.3440
837.0000	  0.3441
836.5000	  0.3443
836.0000	  0.3438
835.5000	  0.3449
835.0000	  0.3443
834.5000	  0.3440
834.0000	  0.3438
833.5000	  0.3451
833.0000	  0.3445
832.5000	  0.3455
832.0000	  0.3452
831.5000	  0.3451
831.0000	  0.3454
830.5000	  0.3447
830.0000	  0.3452
829.5000	  0.3453
829.0000	  0.3462
828.5000	  0.3465
828.0000	  0.3459
827.5000	  0.3459
827.0000	  0.3458
826.5000	  0.3464
826.0000	  0.3469
825.5000	  0.3464
825.0000	  0.3471
824.5000	  0.3476
824.0000	  0.3474
823.5000	  0.3472
823.0000	  0.3479
822.5000	  0.3479
822.0000	  0.3468
821.5000	  0.3484
821.0000	  0.3478
820.5000	  0.3485
820.0000	  0.3485
819.5000	  0.3478
819.0000	  0.3489
818.5000	  0.3488
818.0000	  0.3497
817.5000	  0.3489
817.0000	  0.3499
816.5000	  0.3496
816.0000	  0.3504
815.5000	  0.3508
815.0000	  0.3501
814.5000	  0.3508
814.0000	  0.3511
813.5000	  0.3517
813.0000	  0.3516
812.5000	  0.3521
812.0000	  0.3528
811.5000	  0.3522
811.0000	  0.3528
810.5000	  0.3523
810.0000	  0.3531
809.5000	  0.3537
809.0000	  0.3539
808.5000	  0.3534
808.0000	  0.3532
807.5000	  0.3545
807.0000	  0.3544
806.5000	  0.3542
806.0000	  0.3549
805.5000	  0.3547
805.0000	  0.3557
804.5000	  0.3567
804.0000	  0.3562
803.5000	  0.3560
803.0000	  0.3553
802.5000	  0.3567
802.0000	  0.3580
801.5000	  0.3577
801.0000	  0.3578
800.5000	  0.3583
800.0000	  0.3583
799.5000	  0.3586
799.0000	  0.3593
798.5000	  0.3588
798.0000	  0.3588
797.5000	  0.3603
797.0000	  0.3604
796.5000	  0.3596
796.0000	  0.3607
795.5000	  0.3606
795.0000	  0.3625
794.5000	  0.3615
794.0000	  0.3619
793.5000	  0.3628
793.0000	  0.3625
792.5000	  0.3628
792.0000	  0.3633
791.5000	  0.3632
791.0000	  0.3645
790.5000	  0.3647
790.0000	  0.3634
789.5000	  0.3644
789.0000	  0.3651
788.5000	  0.3658
788.0000	  0.3659
787.5000	  0.3660
787.0000	  0.3664
786.5000	  0.3665
786.0000	  0.3681
785.5000	  0.3678
785.0000	  0.3682
784.5000	  0.3682
784.0000	  0.3692
783.5000	  0.3694
783.0000	  0.3689
782.5000	  0.3698
782.0000	  0.3699
781.5000	  0.3702
781.0000	  0.3707
780.5000	  0.3706
780.0000	  0.3711
779.5000	  0.3716
779.0000	  0.3722
778.5000	  0.3732
778.0000	  0.3730
777.5000	  0.3731
777.0000	  0.3740
776.5000	  0.3735
776.0000	  0.3738
775.5000	  0.3753
775.0000	  0.3753
774.5000	  0.3753
774.0000	  0.3765
773.5000	  0.3762
773.0000	  0.3768
772.5000	  0.3771
772.0000	  0.3775
771.5000	  0.3777
771.0000	  0.3775
770.5000	  0.3785
770.0000	  0.3791
769.5000	  0.3798
769.0000	  0.3793
768.5000	  0.3805
768.0000	  0.3804
767.5000	  0.3813
767.0000	  0.3809
766.5000	  0.3818
766.0000	  0.3819
765.5000	  0.3831
765.0000	  0.3827
764.5000	  0.3835
764.0000	  0.3837
763.5000	  0.3839
763.0000	  0.3841
762.5000	  0.3854
762.0000	  0.3854
761.5000	  0.3855
761.0000	  0.3861
760.5000	  0.3870
760.0000	  0.3872
759.5000	  0.3874
759.0000	  0.3877
758.5000	  0.3881
758.0000	  0.3886
757.5000	  0.3897
757.0000	  0.3890
756.5000	  0.3896
756.0000	  0.3905
755.5000	  0.3914
755.0000	  0.3913
754.5000	  0.3915
754.0000	  0.3921
753.5000	  0.3928
753.0000	  0.3939
752.5000	  0.3934
752.0000	  0.3941
751.5000	  0.3949
751.0000	  0.3952
750.5000	  0.3952
750.0000	  0.3962
749.5000	  0.3968
749.0000	  0.3962
748.5000	  0.3978
748.0000	  0.3976
747.5000	  0.3988
747.0000	  0.3987
746.5000	  0.3988
746.0000	  0.3997
745.5000	  0.4005
745.0000	  0.4006
744.5000	  0.4018
744.0000	  0.4021
743.5000	  0.4023
743.0000	  0.4025
742.5000	  0.4034
742.0000	  0.4033
741.5000	  0.4043
741.0000	  0.4052
740.5000	  0.4060
740.0000	  0.4056
739.5000	  0.4069
739.0000	  0.4070
738.5000	  0.4068
738.0000	  0.4083
737.5000	  0.4085
737.0000	  0.4102
736.5000	  0.4091
736.0000	  0.4101
735.5000	  0.4109
735.0000	  0.4111
734.5000	  0.4121
734.0000	  0.4121
733.5000	  0.4124
733.0000	  0.4132
732.5000	  0.4148
732.0000	  0.4147
731.5000	  0.4156
731.0000	  0.4156
730.5000	  0.4169
730.0000	  0.4166
729.5000	  0.4169
729.0000	  0.4184
728.5000	  0.4189
728.0000	  0.4192
727.5000	  0.4207
727.0000	  0.4212
726.5000	  0.4221
726.0000	  0.4219
725.5000	  0.4227
725.0000	  0.4228
724.5000	  0.4237
724.0000	  0.4239
723.5000	  0.4254
723.0000	  0.4255
722.5000	  0.4260
722.0000	  0.4261
721.5000	  0.4269
721.0000	  0.4281
720.5000	  0.4269
720.0000	  0.4292
719.5000	  0.4283
719.0000	  0.4283
718.5000	  0.4277
718.0000	  0.4283
717.5000	  0.4286
717.0000	  0.4282
716.5000	  0.4293
716.0000	  0.4281
715.5000	  0.4279
715.0000	  0.4298
714.5000	  0.4309
714.0000	  0.4317
713.5000	  0.4327
713.0000	  0.4338
712.5000	  0.4340
712.0000	  0.4357
711.5000	  0.4363
711.0000	  0.4373
710.5000	  0.4373
710.0000	  0.4391
709.5000	  0.4397
709.0000	  0.4402
708.5000	  0.4405
708.0000	  0.4415
707.5000	  0.4417
707.0000	  0.4436
706.5000	  0.4441
706.0000	  0.4446
705.5000	  0.4451
705.0000	  0.4451
704.5000	  0.4460
704.0000	  0.4468
703.5000	  0.4469
703.0000	  0.4482
702.5000	  0.4490
702.0000	  0.4498
701.5000	  0.4503
701.0000	  0.4511
700.5000	  0.4505
700.0000	  0.4521
699.5000	  0.4527
699.0000	  0.4533
698.5000	  0.4546
698.0000	  0.4549
697.5000	  0.4556
697.0000	  0.4553
696.5000	  0.4567
696.0000	  0.4582
695.5000	  0.4585
695.0000	  0.4592
694.5000	  0.4595
694.0000	  0.4608
693.5000	  0.4617
693.0000	  0.4632
692.5000	  0.4622
692.0000	  0.4638
691.5000	  0.4644
691.0000	  0.4656
690.5000	  0.4663
690.0000	  0.4663
689.5000	  0.4680
689.0000	  0.4685
688.5000	  0.4689
688.0000	  0.4697
687.5000	  0.4704
687.0000	  0.4712
686.5000	  0.4723
686.0000	  0.4723
685.5000	  0.4726
685.0000	  0.4752
684.5000	  0.4749
684.0000	  0.4756
683.5000	  0.4769
683.0000	  0.4768
682.5000	  0.4784
682.0000	  0.4783
681.5000	  0.4802
681.0000	  0.4812
680.5000	  0.4810
680.0000	  0.4823
679.5000	  0.4829
679.0000	  0.4842
678.5000	  0.4847
678.0000	  0.4852
677.5000	  0.4861
677.0000	  0.4871
676.5000	  0.4872
676.0000	  0.4887
675.5000	  0.4900
675.0000	  0.4898
674.5000	  0.4916
674.0000	  0.4928
673.5000	  0.4927
673.0000	  0.4929
672.5000	  0.4945
672.0000	  0.4949
671.5000	  0.4965
671.0000	  0.4969
670.5000	  0.4979
670.0000	  0.4986
669.5000	  0.4993
669.0000	  0.5003
668.5000	  0.5001
668.0000	  0.5023
667.5000	  0.5032
667.0000	  0.5038
666.5000	  0.5046
666.0000	  0.5051
665.5000	  0.5055
665.0000	  0.5071
664.5000	  0.5086
664.0000	  0.5086
663.5000	  0.5092
663.0000	  0.5101
662.5000	  0.5109
662.0000	  0.5119
661.5000	  0.5122
661.0000	  0.5140
660.5000	  0.5146
660.0000	  0.5152
659.5000	  0.5162
659.0000	  0.5170
658.5000	  0.5176
658.0000	  0.5185
657.5000	  0.5191
657.0000	  0.5210
656.5000	  0.5209
656.0000	  0.5220
655.5000	  0.5228
655.0000	  0.5251
654.5000	  0.5246
654.0000	  0.5265
653.5000	  0.5262
653.0000	  0.5272
652.5000	  0.5284
652.0000	  0.5292
651.5000	  0.5299
651.0000	  0.5314
650.5000	  0.5322
650.0000	  0.5328
649.5000	  0.5343
649.0000	  0.5352
648.5000	  0.5351
648.0000	  0.5371
647.5000	  0.5371
647.0000	  0.5381
646.5000	  0.5384
646.0000	  0.5397
645.5000	  0.5408
645.0000	  0.5420
644.5000	  0.5422
644.0000	  0.5432
643.5000	  0.5447
643.0000	  0.5447
642.5000	  0.5456
642.0000	  0.5475
641.5000	  0.5476
641.0000	  0.5485
640.5000	  0.5496
640.0000	  0.5507
639.5000	  0.5508
639.0000	  0.5521
638.5000	  0.5527
638.0000	  0.5536
637.5000	  0.5540
637.0000	  0.5551
636.5000	  0.5564
636.0000	  0.5564
635.5000	  0.5573
635.0000	  0.5577
634.5000	  0.5583
634.0000	  0.5593
633.5000	  0.5595
633.0000	  0.5607
632.5000	  0.5613
632.0000	  0.5627
631.5000	  0.5621
631.0000	  0.5640
630.5000	  0.5643
630.0000	  0.5652
629.5000	  0.5666
629.0000	  0.5666
628.5000	  0.5678
628.0000	  0.5693
627.5000	  0.5691
627.0000	  0.5708
626.5000	  0.5713
626.0000	  0.5727
625.5000	  0.5746
625.0000	  0.5759
624.5000	  0.5764
624.0000	  0.5774
623.5000	  0.5788
623.0000	  0.5801
622.5000	  0.5817
622.0000	  0.5811
621.5000	  0.5835
621.0000	  0.5851
620.5000	  0.5866
620.0000	  0.5867
619.5000	  0.5888
619.0000	  0.5890
618.5000	  0.5903
618.0000	  0.5911
617.5000	  0.5916
617.0000	  0.5926
616.5000	  0.5935
616.0000	  0.5949
615.5000	  0.5963
615.0000	  0.5960
614.5000	  0.5966
614.0000	  0.5987
613.5000	  0.5999
613.0000	  0.5999
612.5000	  0.6005
612.0000	  0.6018
611.5000	  0.6025
611.0000	  0.6046
610.5000	  0.6034
610.0000	  0.6060
609.5000	  0.6066
609.0000	  0.6077
608.5000	  0.6095
608.0000	  0.6089
607.5000	  0.6098
607.0000	  0.6111
606.5000	  0.6125
606.0000	  0.6123
605.5000	  0.6145
605.0000	  0.6147
604.5000	  0.6160
604.0000	  0.6174
603.5000	  0.6170
603.0000	  0.6189
602.5000	  0.6200
602.0000	  0.6208
601.5000	  0.6221
601.0000	  0.6225
600.5000	  0.6235
600.0000	  0.6250
599.5000	  0.6256
599.0000	  0.6265
598.5000	  0.6271
598.0000	  0.6280
597.5000	  0.6294
597.0000	  0.6308
596.5000	  0.6312
596.0000	  0.6324
595.5000	  0.6323
595.0000	  0.6337
594.5000	  0.6340
594.0000	  0.6359
593.5000	  0.6357
593.0000	  0.6373
592.5000	  0.6385
592.0000	  0.6392
591.5000	  0.6403
591.0000	  0.6407
590.5000	  0.6424
590.0000	  0.6425
589.5000	  0.6433
589.0000	  0.6448
588.5000	  0.6451
588.0000	  0.6463
587.5000	  0.6474
587.0000	  0.6479
586.5000	  0.6489
586.0000	  0.6498
585.5000	  0.6507
585.0000	  0.6515
584.5000	  0.6520
584.0000	  0.6530
583.5000	  0.6548
583.0000	  0.6550
582.5000	  0.6558
582.0000	  0.6564
581.5000	  0.6570
581.0000	  0.6585
580.5000	  0.6588
580.0000	  0.6596
579.5000	  0.6603
579.0000	  0.6620
578.5000	  0.6624
578.0000	  0.6640
577.5000	  0.6644
577.0000	  0.6644
576.5000	  0.6659
576.0000	  0.6661
575.5000	  0.6678
575.0000	  0.6686
574.5000	  0.6684
574.0000	  0.6696
573.5000	  0.6708
573.0000	  0.6707
572.5000	  0.6720
572.0000	  0.6737
571.5000	  0.6738
571.0000	  0.6748
570.5000	  0.6760
570.0000	  0.6765
569.5000	  0.6772
569.0000	  0.6774
568.5000	  0.6790
568.0000	  0.6797
567.5000	  0.6805
567.0000	  0.6806
566.5000	  0.6821
566.0000	  0.6823
565.5000	  0.6834
565.0000	  0.6846
564.5000	  0.6848
564.0000	  0.6861
563.5000	  0.6870
563.0000	  0.6880
562.5000	  0.6881
562.0000	  0.6893
561.5000	  0.6902
561.0000	  0.6908
560.5000	  0.6917
560.0000	  0.6927
559.5000	  0.6943
559.0000	  0.6932
558.5000	  0.6954
558.0000	  0.6960
557.5000	  0.6964
557.0000	  0.6979
556.5000	  0.6981
556.0000	  0.6986
555.5000	  0.6994
555.0000	  0.7003
554.5000	  0.7007
554.0000	  0.7017
553.5000	  0.7025
553.0000	  0.7021
552.5000	  0.7042
552.0000	  0.7037
551.5000	  0.7046
551.0000	  0.7061
550.5000	  0.7065
550.0000	  0.7069
549.5000	  0.7070
549.0000	  0.7087
548.5000	  0.7091
548.0000	  0.7098
547.5000	  0.7105
547.0000	  0.7114
546.5000	  0.7116
546.0000	  0.7128
545.5000	  0.7138
545.0000	  0.7130
544.5000	  0.7150
544.0000	  0.7150
543.5000	  0.7153
543.0000	  0.7172
542.5000	  0.7161
542.0000	  0.7169
541.5000	  0.7179
541.0000	  0.7186
540.5000	  0.7192
540.0000	  0.7194
539.5000	  0.7201
539.0000	  0.7217
538.5000	  0.7220
538.0000	  0.7225
537.5000	  0.7229
537.0000	  0.7227
536.5000	  0.7237
536.0000	  0.7251
535.5000	  0.7241
535.0000	  0.7253
534.5000	  0.7258
534.0000	  0.7265
533.5000	  0.7275
533.0000	  0.7277
532.5000	  0.7283
532.0000	  0.7278
531.5000	  0.7296
531.0000	  0.7293
530.5000	  0.7293
530.0000	  0.7307
529.5000	  0.7313
529.0000	  0.7316
528.5000	  0.7314
528.0000	  0.7325
527.5000	  0.7321
527.0000	  0.7333
526.5000	  0.7340
526.0000	  0.7340
525.5000	  0.7346
525.0000	  0.7348
524.5000	  0.7355
524.0000	  0.7362
523.5000	  0.7358
523.0000	  0.7359
522.5000	  0.7364
522.0000	  0.7366
521.5000	  0.7370
521.0000	  0.7376
520.5000	  0.7374
520.0000	  0.7374
519.5000	  0.7389
519.0000	  0.7377
518.5000	  0.7385
518.0000	  0.7392
517.5000	  0.7389
517.0000	  0.7399
516.5000	  0.7385
516.0000	  0.7398
515.5000	  0.7402
515.0000	  0.7407
514.5000	  0.7405
514.0000	  0.7397
513.5000	  0.7407
513.0000	  0.7412
512.5000	  0.7421
512.0000	  0.7402
511.5000	  0.7411
511.0000	  0.7406
510.5000	  0.7409
510.0000	  0.7414
509.5000	  0.7421
509.0000	  0.7412
508.5000	  0.7420
508.0000	  0.7426
507.5000	  0.7423
507.0000	  0.7432
506.5000	  0.7440
506.0000	  0.7445
505.5000	  0.7450
505.0000	  0.7446
504.5000	  0.7463
504.0000	  0.7459
503.5000	  0.7469
503.0000	  0.7487
502.5000	  0.7478
502.0000	  0.7482
501.5000	  0.7490
501.0000	  0.7499
500.5000	  0.7506
500.0000	  0.7508
499.5000	  0.7511
499.0000	  0.7522
498.5000	  0.7526
498.0000	  0.7521
497.5000	  0.7536
497.0000	  0.7546
496.5000	  0.7537
496.0000	  0.7550
495.5000	  0.7551
495.0000	  0.7545
494.5000	  0.7551
494.0000	  0.7544
493.5000	  0.7544
493.0000	  0.7550
492.5000	  0.7544
492.0000	  0.7549
491.5000	  0.7554
491.0000	  0.7535
490.5000	  0.7541
490.0000	  0.7550
489.5000	  0.7536
489.0000	  0.7539
488.5000	  0.7527
488.0000	  0.7524
487.5000	  0.7523
487.0000	  0.7521
486.5000	  0.7509
486.0000	  0.7516
485.5000	  0.7503
485.0000	  0.7506
484.5000	  0.7510
484.0000	  0.7490
483.5000	  0.7492
483.0000	  0.7489
482.5000	  0.7494
482.0000	  0.7484
481.5000	  0.7481
481.0000	  0.7471
480.5000	  0.7466
480.0000	  0.7477
479.5000	  0.7470
479.0000	  0.7470
478.5000	  0.7459
478.0000	  0.7464
477.5000	  0.7460
477.0000	  0.7443
476.5000	  0.7453
476.0000	  0.7454
475.5000	  0.7452
475.0000	  0.7450
474.5000	  0.7438
474.0000	  0.7450
473.5000	  0.7444
473.0000	  0.7459
472.5000	  0.7441
472.0000	  0.7442
471.5000	  0.7437
471.0000	  0.7443
470.5000	  0.7442
470.0000	  0.7437
469.5000	  0.7444
469.0000	  0.7436
468.5000	  0.7441
468.0000	  0.7445
467.5000	  0.7441
467.0000	  0.7462
466.5000	  0.7459
466.0000	  0.7464
465.5000	  0.7460
465.0000	  0.7463
464.5000	  0.7455
464.0000	  0.7473
463.5000	  0.7467
463.0000	  0.7457
462.5000	  0.7462
462.0000	  0.7466
461.5000	  0.7473
461.0000	  0.7484
460.5000	  0.7469
460.0000	  0.7482
459.5000	  0.7476
459.0000	  0.7478
458.5000	  0.7488
458.0000	  0.7471
457.5000	  0.7471
457.0000	  0.7478
456.5000	  0.7472
456.0000	  0.7455
455.5000	  0.7459
455.0000	  0.7445
454.5000	  0.7449
454.0000	  0.7429
453.5000	  0.7422
453.0000	  0.7415
452.5000	  0.7395
452.0000	  0.7383
451.5000	  0.7375
451.0000	  0.7345
450.5000	  0.7339
450.0000	  0.7327
449.5000	  0.7316
449.0000	  0.7285
448.5000	  0.7270
448.0000	  0.7263
447.5000	  0.7240
447.0000	  0.7241
446.5000	  0.7213
446.0000	  0.7209
445.5000	  0.7193
445.0000	  0.7176
444.5000	  0.7181
444.0000	  0.7152
443.5000	  0.7154
443.0000	  0.7147
442.5000	  0.7138
442.0000	  0.7117
441.5000	  0.7113
441.0000	  0.7111
440.5000	  0.7097
440.0000	  0.7087
439.5000	  0.7073
439.0000	  0.7082
438.5000	  0.7062
438.0000	  0.7073
437.5000	  0.7061
437.0000	  0.7042
436.5000	  0.7044
436.0000	  0.7041
435.5000	  0.7036
435.0000	  0.7027
434.5000	  0.7023
434.0000	  0.7014
433.5000	  0.7017
433.0000	  0.7008
432.5000	  0.7003
432.0000	  0.6995
431.5000	  0.6989
431.0000	  0.6995
430.5000	  0.7004
430.0000	  0.6985
429.5000	  0.6981
429.0000	  0.6975
428.5000	  0.6980
428.0000	  0.6974
427.5000	  0.6954
427.0000	  0.6968
426.5000	  0.6970
426.0000	  0.6961
425.5000	  0.6962
425.0000	  0.6962
424.5000	  0.6956
424.0000	  0.6949
423.5000	  0.6975
423.0000	  0.6955
422.5000	  0.6954
422.0000	  0.6946
421.5000	  0.6957
421.0000	  0.6954
420.5000	  0.6946
420.0000	  0.6949
419.5000	  0.6943
419.0000	  0.6950
418.5000	  0.6949
418.0000	  0.6942
417.5000	  0.6939
417.0000	  0.6944
416.5000	  0.6946
416.0000	  0.6923
415.5000	  0.6935
415.0000	  0.6939
414.5000	  0.6931
414.0000	  0.6932
413.5000	  0.6903
413.0000	  0.6922
412.5000	  0.6916
412.0000	  0.6921
411.5000	  0.6922
411.0000	  0.6903
410.5000	  0.6911
410.0000	  0.6908
409.5000	  0.6910
409.0000	  0.6913
408.5000	  0.6918
408.0000	  0.6901
407.5000	  0.6903
407.0000	  0.6910
406.5000	  0.6895
406.0000	  0.6907
405.5000	  0.6909
405.0000	  0.6904
404.5000	  0.6900
404.0000	  0.6901
403.5000	  0.6881
403.0000	  0.6886
402.5000	  0.6890
402.0000	  0.6886
401.5000	  0.6887
401.0000	  0.6871
400.5000	  0.6885
400.0000	  0.6881
399.5000	  0.6871
399.0000	  0.6879
398.5000	  0.6875
398.0000	  0.6883
397.5000	  0.6861
397.0000	  0.6881
396.5000	  0.6871
396.0000	  0.6884
395.5000	  0.6865
395.0000	  0.6853
394.5000	  0.6889
394.0000	  0.6866
393.5000	  0.6882
393.0000	  0.6877
392.5000	  0.6868
392.0000	  0.6855
391.5000	  0.6880
391.0000	  0.6888
390.5000	  0.6869
390.0000	  0.6887
389.5000	  0.6893
389.0000	  0.6898
388.5000	  0.6893
388.0000	  0.6886
387.5000	  0.6906
387.0000	  0.6910
386.5000	  0.6907
386.0000	  0.6923
385.5000	  0.6929
385.0000	  0.6916
384.5000	  0.6922
384.0000	  0.6922
383.5000	  0.6936
383.0000	  0.6955
382.5000	  0.6949
382.0000	  0.6945
381.5000	  0.6955
381.0000	  0.6937
380.5000	  0.6953
380.0000	  0.6963
379.5000	  0.6954
379.0000	  0.6959
378.5000	  0.6950
378.0000	  0.6954
377.5000	  0.6944
377.0000	  0.6975
376.5000	  0.6965
376.0000	  0.6964
375.5000	  0.6967
375.0000	  0.6973
374.5000	  0.6966
374.0000	  0.6973
373.5000	  0.6990
373.0000	  0.6988
372.5000	  0.6981
372.0000	  0.6973
371.5000	  0.7000
371.0000	  0.6975
370.5000	  0.6982
370.0000	  0.6986
369.5000	  0.6963
369.0000	  0.7003
368.5000	  0.6975
368.0000	  0.7002
367.5000	  0.7025
367.0000	  0.6995
366.5000	  0.7012
366.0000	  0.6986
365.5000	  0.6998
365.0000	  0.7023
364.5000	  0.7022
364.0000	  0.7028
363.5000	  0.7026
363.0000	  0.7022
362.5000	  0.7016
362.0000	  0.7020
361.5000	  0.7026
361.0000	  0.7031
360.5000	  0.7030
360.0000	  0.7015
359.5000	  0.7026
359.0000	  0.7040
358.5000	  0.7045
358.0000	  0.7041
357.5000	  0.7060
357.0000	  0.7070
356.5000	  0.7044
356.0000	  0.7050
355.5000	  0.7058
355.0000	  0.7086
354.5000	  0.7085
354.0000	  0.7080
353.5000	  0.7081
353.0000	  0.7066
352.5000	  0.7067
352.0000	  0.7070
351.5000	  0.7095
351.0000	  0.7060
350.5000	  0.7093
350.0000	  0.7074
349.5000	  0.7107
349.0000	  0.7120
348.5000	  0.7123
348.0000	  0.7089
347.5000	  0.7132
347.0000	  0.7124
346.5000	  0.7111
346.0000	  0.7111
345.5000	  0.7142
345.0000	  0.7132
344.5000	  0.7139
344.0000	  0.7065
343.5000	  0.7117
343.0000	  0.7128
342.5000	  0.7112
342.0000	  0.7117
341.5000	  0.7086
341.0000	  0.7110
340.5000	  0.7143
340.0000	  0.7107
339.5000	  0.7114
339.0000	  0.7161
338.5000	  0.7153
338.0000	  0.7171
337.5000	  0.7197
337.0000	  0.7183
336.5000	  0.7198
336.0000	  0.7235
335.5000	  0.7179
335.0000	  0.7200
334.5000	  0.7163
334.0000	  0.7211
333.5000	  0.7226
333.0000	  0.7219
332.5000	  0.7242
332.0000	  0.7216
331.5000	  0.7187
331.0000	  0.7264
330.5000	  0.7243
330.0000	  0.7241
329.5000	  0.7223
329.0000	  0.7216
328.5000	  0.7254
328.0000	  0.7255
327.5000	  0.7306
327.0000	  0.7252
326.5000	  0.7237
326.0000	  0.7331
325.5000	  0.7283
325.0000	  0.7294
324.5000	  0.7307
324.0000	  0.7277
323.5000	  0.7345
323.0000	  0.7365
322.5000	  0.7373
322.0000	  0.7368
321.5000	  0.7355
321.0000	  0.7331
320.5000	  0.7500
320.0000	  0.7459
319.5000	  0.7448
319.0000	  0.7455
318.5000	  0.7502
318.0000	  0.7561
317.5000	  0.7486
317.0000	  0.7475
316.5000	  0.7641
316.0000	  0.7611
315.5000	  0.7601
315.0000	  0.7703
314.5000	  0.7663
314.0000	  0.7689
313.5000	  0.7785
313.0000	  0.7755
312.5000	  0.7814
312.0000	  0.7829
311.5000	  0.7903
311.0000	  0.7926
310.5000	  0.8060
310.0000	  0.8049
309.5000	  0.8086
309.0000	  0.8067
308.5000	  0.8113
308.0000	  0.8367
307.5000	  0.8267
307.0000	  0.8269
306.5000	  0.8571
306.0000	  0.8470
305.5000	  0.8499
305.0000	  0.8505
304.5000	  0.8893
304.0000	  0.8715
303.5000	  0.8761
303.0000	  0.9028
302.5000	  0.9028
302.0000	  0.9102
301.5000	  0.9068
301.0000	  0.9261
300.5000	  0.9961
300.0000	  0.9572
299.5000	  0.9379
299.0000	  0.9505
298.5000	  1.0484
298.0000	  1.0047
297.5000	  0.9809
297.0000	  0.9561
296.5000	  0.8330
296.0000	  0.6802
295.5000	  0.8206
295.0000	  0.7162
294.5000	  0.8652
294.0000	  0.8646
293.5000	  0.7475
293.0000	  0.8091
292.5000	  0.4431
292.0000	  1.1871
291.5000	  0.9851
291.0000	  0.9611
290.5000	  0.4031
290.0000	  1.1340
289.5000	 -4.5278
289.0000	  0.5068
288.5000	  0.2487
288.0000	  0.0314
287.5000	 -0.3756
287.0000	  0.8733
286.5000	  0.2774
286.0000	  0.2831
285.5000	  0.1411
285.0000	  0.8329
284.5000	 28.7598
284.0000	  0.6170
283.5000	  3.1073
283.0000	  2.2496
282.5000	  1.1075
282.0000	  0.3238
281.5000	-41.3958
281.0000	  0.9628
280.5000	  0.5717
280.0000	 -0.2306
279.5000	  0.7840
279.0000	  1.1154
278.5000	  0.4070
278.0000	 -1.6336
277.5000	 -2.1748
277.0000	  2.0702
276.5000	  1.0352
276.0000	  2.6233
275.5000	  1.4333
275.0000	  1.4784
274.5000	 15.1307
274.0000	 -1.0039
273.5000	  0.0137
273.0000	-44.8724
272.5000	  0.9695
272.0000	  0.0915
271.5000	  0.4360
271.0000	  2.3034
270.5000	 -0.1403
270.0000	  0.2679
269.5000	  2.0398
269.0000	 -0.1429
268.5000	 -5.8619
268.0000	 -1.5484
267.5000	 -0.2999
267.0000	  0.9653
266.5000	  3.9690
266.0000	  0.9399
265.5000	  0.5945
265.0000	 -0.0174
264.5000	  0.8561
264.0000	 -0.3138
263.5000	  0.3191
263.0000	  1.1789
262.5000	  1.9600
262.0000	  0.5140
261.5000	 -0.3049
261.0000	  1.3665
260.5000	 -2.4436
260.0000	  0.3523
259.5000	  0.6628
259.0000	  0.5418
258.5000	  1.5836
258.0000	 -1.1391
257.5000	  0.2719
257.0000	 -0.1075
256.5000	  0.7832
256.0000	  1.8498
255.5000	  0.6064
255.0000	 -1.3426
254.5000	  1.1668
254.0000	  1.6781
253.5000	  0.6942
253.0000	  1.0395
252.5000	  3.6383
252.0000	  2.1981
251.5000	  1.1717
251.0000	  1.0856
250.5000	  2.9453
250.0000	  0.7499
249.5000	  0.6636
249.0000	 -0.0997
248.5000	  0.7818
248.0000	  0.0800
247.5000	  1.2655
247.0000	  0.5291
246.5000	-66.2979
246.0000	  2.0133
245.5000	  0.7566
245.0000	  0.6519
244.5000	-72.3617
244.0000	 -1.2130
243.5000	  0.5111
243.0000	  6.7135
242.5000	  0.3878
242.0000	 -0.0982
241.5000	 -0.7992
241.0000	  0.4397
240.5000	 -2.6986
240.0000	 -1.9608
239.5000	  0.2200
239.0000	  1.1594
238.5000	  0.8211
238.0000	  1.1461
237.5000	  0.5351
237.0000	  0.4271
236.5000	  2.1342
236.0000	  2.8852
235.5000	  0.4675
235.0000	  0.6243
234.5000	 -1.7327
234.0000	  0.5149
233.5000	 -0.2697
233.0000	 -2.3155
232.5000	 -1.4343
232.0000	 -1.4805
231.5000	  0.8218
231.0000	  0.8085
230.5000	 -2.1832
230.0000	 -0.8291
229.5000	  1.1611
229.0000	 -0.4968
228.5000	 -0.7454
228.0000	 -1.0171
227.5000	  0.5617
227.0000	  0.2934
226.5000	  1.0780
226.0000	  1.5584
225.5000	  3.4537
225.0000	 -9.6565
224.5000	  0.4866
224.0000	  2.0097
223.5000	  1.1413
223.0000	  4.4699
222.5000	 -0.1086
222.0000	 -0.1868
221.5000	  1.7917
221.0000	  0.3032
220.5000	 -1.9406
220.0000	  1.0444
219.5000	  0.1953
219.0000	  1.6541
218.5000	  0.9563
218.0000	  0.8197
217.5000	  0.2048
217.0000	 -0.4935
216.5000	 -3.9033
216.0000	  2.3379
215.5000	  0.2465
215.0000	  0.6650
214.5000	 -5.7333
214.0000	 36.9892
213.5000	 -0.3539
213.0000	  1.6426
212.5000	  2.9956
212.0000	  0.6017
211.5000	 -1.5357
211.0000	  0.2573
210.5000	  0.6231
210.0000	  0.1617
209.5000	 -0.4067
209.0000	  1.1502
208.5000	 -3.6385
208.0000	  1.4465
207.5000	 -0.2102
207.0000	  6.7568
206.5000	  0.4784
206.0000	  1.8095
205.5000	 -0.2876
205.0000	  2.2591
204.5000	-10.3087
204.0000	 -0.0805
203.5000	  0.4366
203.0000	-11.4059
202.5000	  0.4851
202.0000	  0.0268
201.5000	  1.6913
201.0000	 -0.9481
200.5000	  0.2120
200.0000	  0.0578
