20/03/2024 16.47.21
20/03/2024 16.56.26

900.0000	102.4100 

900.0000	102.4100 

900.0000	 99.6500 



  1.0000
900.0000
  3.0000
340.0000
  1.0000
1401.0000
  5.0000
  6.0000
  1.0000
  1.0000
  0.0000
  0.0000
100.0000
  0.0000
  1.0000
  0.0000
500.0000
900.0000
200.0000
  4.0000
  1.0000
 18.0000
  2.0000
  1.0000
255.0000
  0.7937
  1.0000
 30.0000
  4.0000
500.0000
  0.0000
  0.0000
  4.0000
900.0000
200.0000
  0.0000
100.0000
  0.0000
  1.0000
  0.0000
500.0000
  1.0000
  1.0000
  1.0000
  1.0000
  4.0000
  0.0000
  1.0000
  1.0000
  1.0000
  1.0000
  1.0000
  2.0000
  1.0000
  1.0000
  1.0000
  3.0000
  1.0000
  1.0000
  1.0000
  4.0000
  5.0000
544.631
0.000
#
900.0000	  1.0128
899.5000	  1.0297
899.0000	  1.0041
898.5000	  1.0140
898.0000	  1.0243
897.5000	  1.0273
897.0000	  0.9853
896.5000	  0.9901
896.0000	  1.0157
895.5000	  1.0311
895.0000	  1.0259
894.5000	  1.0084
894.0000	  1.0298
893.5000	  0.9861
893.0000	  0.9686
892.5000	  1.0352
892.0000	  1.0022
891.5000	  1.0159
891.0000	  1.0014
890.5000	  1.0118
890.0000	  1.0298
889.5000	  1.0081
889.0000	  1.0095
888.5000	  0.9828
888.0000	  1.0091
887.5000	  1.0069
887.0000	  1.0259
886.5000	  1.0021
886.0000	  0.9939
885.5000	  1.0194
885.0000	  1.0299
884.5000	  1.0001
884.0000	  0.9870
883.5000	  1.0140
883.0000	  0.9853
882.5000	  1.0031
882.0000	  1.0138
881.5000	  1.0242
881.0000	  1.0169
880.5000	  1.0064
880.0000	  0.9984
879.5000	  0.9986
879.0000	  0.9991
878.5000	  1.0095
878.0000	  1.0093
877.5000	  1.0139
877.0000	  0.9944
876.5000	  1.0056
876.0000	  1.0053
875.5000	  0.9983
875.0000	  0.9981
874.5000	  1.0006
874.0000	  1.0054
873.5000	  0.9987
873.0000	  1.0035
872.5000	  1.0028
872.0000	  1.0175
871.5000	  1.0100
871.0000	  1.0015
870.5000	  1.0194
870.0000	  1.0124
869.5000	  1.0152
869.0000	  1.0130
868.5000	  1.0116
868.0000	  1.0151
867.5000	  1.0135
867.0000	  1.0142
866.5000	  1.0112
866.0000	  1.0171
865.5000	  1.0136
865.0000	  1.0068
864.5000	  1.0234
864.0000	  1.0156
863.5000	  1.0144
863.0000	  1.0187
862.5000	  1.0143
862.0000	  1.0226
861.5000	  1.0167
861.0000	  1.0081
860.5000	  1.0102
860.0000	  1.0215
859.5000	  1.0169
859.0000	  1.0214
858.5000	  1.0198
858.0000	  1.0207
857.5000	  1.0148
857.0000	  1.0201
856.5000	  1.0223
856.0000	  1.0221
855.5000	  1.0232
855.0000	  1.0220
854.5000	  1.0235
854.0000	  1.0218
853.5000	  1.0212
853.0000	  1.0216
852.5000	  1.0279
852.0000	  1.0257
851.5000	  1.0201
851.0000	  1.0256
850.5000	  1.0238
850.0000	  1.0230
849.5000	  1.0259
849.0000	  1.0250
848.5000	  1.0290
848.0000	  1.0261
847.5000	  1.0257
847.0000	  1.0262
846.5000	  1.0275
846.0000	  1.0255
845.5000	  1.0235
845.0000	  1.0250
844.5000	  1.0259
844.0000	  1.0254
843.5000	  1.0299
843.0000	  1.0257
842.5000	  1.0245
842.0000	  1.0271
841.5000	  1.0234
841.0000	  1.0259
840.5000	  1.0242
840.0000	  1.0253
839.5000	  1.0262
839.0000	  1.0237
838.5000	  1.0253
838.0000	  1.0228
837.5000	  1.0239
837.0000	  1.0229
836.5000	  1.0210
836.0000	  1.0238
835.5000	  1.0231
835.0000	  1.0209
834.5000	  1.0201
834.0000	  1.0203
833.5000	  1.0210
833.0000	  1.0203
832.5000	  1.0191
832.0000	  1.0186
831.5000	  1.0191
831.0000	  1.0185
830.5000	  1.0164
830.0000	  1.0183
829.5000	  1.0169
829.0000	  1.0198
828.5000	  1.0166
828.0000	  1.0172
827.5000	  1.0162
827.0000	  1.0165
826.5000	  1.0172
826.0000	  1.0153
825.5000	  1.0166
825.0000	  1.0151
824.5000	  1.0151
824.0000	  1.0146
823.5000	  1.0138
823.0000	  1.0150
822.5000	  1.0124
822.0000	  1.0156
821.5000	  1.0144
821.0000	  1.0145
820.5000	  1.0163
820.0000	  1.0148
819.5000	  1.0132
819.0000	  1.0128
818.5000	  1.0148
818.0000	  1.0123
817.5000	  1.0105
817.0000	  1.0134
816.5000	  1.0140
816.0000	  1.0152
815.5000	  1.0160
815.0000	  1.0119
814.5000	  1.0132
814.0000	  1.0128
813.5000	  1.0125
813.0000	  1.0131
812.5000	  1.0138
812.0000	  1.0133
811.5000	  1.0123
811.0000	  1.0134
810.5000	  1.0150
810.0000	  1.0134
809.5000	  1.0157
809.0000	  1.0125
808.5000	  1.0127
808.0000	  1.0129
807.5000	  1.0123
807.0000	  1.0132
806.5000	  1.0122
806.0000	  1.0121
805.5000	  1.0138
805.0000	  1.0119
804.5000	  1.0136
804.0000	  1.0140
803.5000	  1.0123
803.0000	  1.0143
802.5000	  1.0131
802.0000	  1.0152
801.5000	  1.0136
801.0000	  1.0112
800.5000	  1.0162
800.0000	  1.0131
799.5000	  1.0131
799.0000	  1.0152
798.5000	  1.0138
798.0000	  1.0138
797.5000	  1.0114
797.0000	  1.0139
796.5000	  1.0143
796.0000	  1.0151
795.5000	  1.0146
795.0000	  1.0133
794.5000	  1.0136
794.0000	  1.0145
793.5000	  1.0153
793.0000	  1.0131
792.5000	  1.0137
792.0000	  1.0120
791.5000	  1.0156
791.0000	  1.0179
790.5000	  1.0145
790.0000	  1.0167
789.5000	  1.0136
789.0000	  1.0149
788.5000	  1.0133
788.0000	  1.0152
787.5000	  1.0150
787.0000	  1.0138
786.5000	  1.0156
786.0000	  1.0174
785.5000	  1.0140
785.0000	  1.0177
784.5000	  1.0151
784.0000	  1.0153
783.5000	  1.0160
783.0000	  1.0134
782.5000	  1.0153
782.0000	  1.0165
781.5000	  1.0150
781.0000	  1.0160
780.5000	  1.0159
780.0000	  1.0162
779.5000	  1.0152
779.0000	  1.0153
778.5000	  1.0168
778.0000	  1.0146
777.5000	  1.0174
777.0000	  1.0167
776.5000	  1.0161
776.0000	  1.0174
775.5000	  1.0180
775.0000	  1.0143
774.5000	  1.0184
774.0000	  1.0142
773.5000	  1.0161
773.0000	  1.0174
772.5000	  1.0156
772.0000	  1.0185
771.5000	  1.0151
771.0000	  1.0174
770.5000	  1.0179
770.0000	  1.0162
769.5000	  1.0167
769.0000	  1.0169
768.5000	  1.0177
768.0000	  1.0179
767.5000	  1.0170
767.0000	  1.0186
766.5000	  1.0169
766.0000	  1.0158
765.5000	  1.0168
765.0000	  1.0205
764.5000	  1.0161
764.0000	  1.0175
763.5000	  1.0157
763.0000	  1.0190
762.5000	  1.0170
762.0000	  1.0176
761.5000	  1.0199
761.0000	  1.0173
760.5000	  1.0174
760.0000	  1.0166
759.5000	  1.0180
759.0000	  1.0191
758.5000	  1.0182
758.0000	  1.0193
757.5000	  1.0187
757.0000	  1.0188
756.5000	  1.0194
756.0000	  1.0178
755.5000	  1.0184
755.0000	  1.0187
754.5000	  1.0182
754.0000	  1.0214
753.5000	  1.0172
753.0000	  1.0177
752.5000	  1.0200
752.0000	  1.0190
751.5000	  1.0222
751.0000	  1.0192
750.5000	  1.0198
750.0000	  1.0198
749.5000	  1.0187
749.0000	  1.0217
748.5000	  1.0197
748.0000	  1.0195
747.5000	  1.0205
747.0000	  1.0185
746.5000	  1.0217
746.0000	  1.0194
745.5000	  1.0207
745.0000	  1.0209
744.5000	  1.0215
744.0000	  1.0228
743.5000	  1.0216
743.0000	  1.0213
742.5000	  1.0215
742.0000	  1.0220
741.5000	  1.0230
741.0000	  1.0230
740.5000	  1.0225
740.0000	  1.0235
739.5000	  1.0215
739.0000	  1.0242
738.5000	  1.0238
738.0000	  1.0235
737.5000	  1.0243
737.0000	  1.0250
736.5000	  1.0251
736.0000	  1.0248
735.5000	  1.0257
735.0000	  1.0252
734.5000	  1.0284
734.0000	  1.0267
733.5000	  1.0270
733.0000	  1.0271
732.5000	  1.0292
732.0000	  1.0312
731.5000	  1.0308
731.0000	  1.0316
730.5000	  1.0303
730.0000	  1.0330
729.5000	  1.0333
729.0000	  1.0354
728.5000	  1.0381
728.0000	  1.0363
727.5000	  1.0403
727.0000	  1.0389
726.5000	  1.0393
726.0000	  1.0438
725.5000	  1.0435
725.0000	  1.0465
724.5000	  1.0491
724.0000	  1.0516
723.5000	  1.0525
723.0000	  1.0550
722.5000	  1.0571
722.0000	  1.0620
721.5000	  1.0643
721.0000	  1.0691
720.5000	  1.0714
720.0000	  1.0717
719.5000	  1.0777
719.0000	  1.0758
718.5000	  1.0805
718.0000	  1.0799
717.5000	  1.0796
717.0000	  1.0808
716.5000	  1.0801
716.0000	  1.0785
715.5000	  1.0761
715.0000	  1.0693
714.5000	  1.0661
714.0000	  1.0635
713.5000	  1.0598
713.0000	  1.0573
712.5000	  1.0535
712.0000	  1.0497
711.5000	  1.0468
711.0000	  1.0447
710.5000	  1.0421
710.0000	  1.0373
709.5000	  1.0370
709.0000	  1.0341
708.5000	  1.0318
708.0000	  1.0316
707.5000	  1.0287
707.0000	  1.0279
706.5000	  1.0280
706.0000	  1.0262
705.5000	  1.0280
705.0000	  1.0277
704.5000	  1.0284
704.0000	  1.0270
703.5000	  1.0285
703.0000	  1.0284
702.5000	  1.0273
702.0000	  1.0270
701.5000	  1.0280
701.0000	  1.0272
700.5000	  1.0267
700.0000	  1.0286
699.5000	  1.0259
699.0000	  1.0286
698.5000	  1.0274
698.0000	  1.0262
697.5000	  1.0270
697.0000	  1.0268
696.5000	  1.0256
696.0000	  1.0274
695.5000	  1.0279
695.0000	  1.0285
694.5000	  1.0258
694.0000	  1.0270
693.5000	  1.0267
693.0000	  1.0265
692.5000	  1.0276
692.0000	  1.0255
691.5000	  1.0255
691.0000	  1.0271
690.5000	  1.0251
690.0000	  1.0261
689.5000	  1.0256
689.0000	  1.0247
688.5000	  1.0258
688.0000	  1.0237
687.5000	  1.0262
687.0000	  1.0257
686.5000	  1.0258
686.0000	  1.0246
685.5000	  1.0256
685.0000	  1.0256
684.5000	  1.0257
684.0000	  1.0252
683.5000	  1.0246
683.0000	  1.0252
682.5000	  1.0251
682.0000	  1.0263
681.5000	  1.0251
681.0000	  1.0265
680.5000	  1.0249
680.0000	  1.0252
679.5000	  1.0259
679.0000	  1.0230
678.5000	  1.0245
678.0000	  1.0242
677.5000	  1.0243
677.0000	  1.0247
676.5000	  1.0226
676.0000	  1.0234
675.5000	  1.0238
675.0000	  1.0230
674.5000	  1.0243
674.0000	  1.0232
673.5000	  1.0234
673.0000	  1.0238
672.5000	  1.0241
672.0000	  1.0239
671.5000	  1.0237
671.0000	  1.0236
670.5000	  1.0235
670.0000	  1.0227
669.5000	  1.0242
669.0000	  1.0232
668.5000	  1.0231
668.0000	  1.0245
667.5000	  1.0241
667.0000	  1.0233
666.5000	  1.0242
666.0000	  1.0215
665.5000	  1.0241
665.0000	  1.0228
664.5000	  1.0216
664.0000	  1.0246
663.5000	  1.0223
663.0000	  1.0226
662.5000	  1.0233
662.0000	  1.0227
661.5000	  1.0229
661.0000	  1.0230
660.5000	  1.0228
660.0000	  1.0224
659.5000	  1.0219
659.0000	  1.0224
658.5000	  1.0217
658.0000	  1.0212
657.5000	  1.0223
657.0000	  1.0218
656.5000	  1.0222
656.0000	  1.0218
655.5000	  1.0200
655.0000	  1.0218
654.5000	  1.0221
654.0000	  1.0210
653.5000	  1.0212
653.0000	  1.0199
652.5000	  1.0213
652.0000	  1.0210
651.5000	  1.0193
651.0000	  1.0224
650.5000	  1.0206
650.0000	  1.0204
649.5000	  1.0193
649.0000	  1.0194
648.5000	  1.0200
648.0000	  1.0187
647.5000	  1.0191
647.0000	  1.0172
646.5000	  1.0187
646.0000	  1.0191
645.5000	  1.0192
645.0000	  1.0176
644.5000	  1.0178
644.0000	  1.0163
643.5000	  1.0170
643.0000	  1.0163
642.5000	  1.0151
642.0000	  1.0156
641.5000	  1.0148
641.0000	  1.0154
640.5000	  1.0156
640.0000	  1.0125
639.5000	  1.0130
639.0000	  1.0132
638.5000	  1.0117
638.0000	  1.0115
637.5000	  1.0093
637.0000	  1.0095
636.5000	  1.0093
636.0000	  1.0078
635.5000	  1.0083
635.0000	  1.0064
634.5000	  1.0062
634.0000	  1.0057
633.5000	  1.0043
633.0000	  1.0037
632.5000	  1.0032
632.0000	  1.0023
631.5000	  1.0037
631.0000	  1.0031
630.5000	  1.0028
630.0000	  1.0042
629.5000	  1.0043
629.0000	  1.0064
628.5000	  1.0070
628.0000	  1.0089
627.5000	  1.0118
627.0000	  1.0113
626.5000	  1.0153
626.0000	  1.0170
625.5000	  1.0193
625.0000	  1.0238
624.5000	  1.0240
624.0000	  1.0274
623.5000	  1.0289
623.0000	  1.0306
622.5000	  1.0343
622.0000	  1.0328
621.5000	  1.0351
621.0000	  1.0376
620.5000	  1.0392
620.0000	  1.0410
619.5000	  1.0419
619.0000	  1.0420
618.5000	  1.0435
618.0000	  1.0444
617.5000	  1.0443
617.0000	  1.0426
616.5000	  1.0412
616.0000	  1.0411
615.5000	  1.0416
615.0000	  1.0401
614.5000	  1.0421
614.0000	  1.0400
613.5000	  1.0409
613.0000	  1.0403
612.5000	  1.0399
612.0000	  1.0409
611.5000	  1.0397
611.0000	  1.0411
610.5000	  1.0394
610.0000	  1.0412
609.5000	  1.0421
609.0000	  1.0413
608.5000	  1.0414
608.0000	  1.0413
607.5000	  1.0412
607.0000	  1.0406
606.5000	  1.0421
606.0000	  1.0406
605.5000	  1.0418
605.0000	  1.0415
604.5000	  1.0416
604.0000	  1.0412
603.5000	  1.0416
603.0000	  1.0428
602.5000	  1.0421
602.0000	  1.0421
601.5000	  1.0431
601.0000	  1.0407
600.5000	  1.0436
600.0000	  1.0429
599.5000	  1.0425
599.0000	  1.0457
598.5000	  1.0434
598.0000	  1.0446
597.5000	  1.0424
597.0000	  1.0423
596.5000	  1.0443
596.0000	  1.0434
595.5000	  1.0454
595.0000	  1.0453
594.5000	  1.0444
594.0000	  1.0453
593.5000	  1.0439
593.0000	  1.0450
592.5000	  1.0454
592.0000	  1.0450
591.5000	  1.0463
591.0000	  1.0464
590.5000	  1.0455
590.0000	  1.0463
589.5000	  1.0461
589.0000	  1.0466
588.5000	  1.0469
588.0000	  1.0459
587.5000	  1.0454
587.0000	  1.0470
586.5000	  1.0481
586.0000	  1.0484
585.5000	  1.0466
585.0000	  1.0493
584.5000	  1.0482
584.0000	  1.0479
583.5000	  1.0494
583.0000	  1.0466
582.5000	  1.0481
582.0000	  1.0485
581.5000	  1.0486
581.0000	  1.0499
580.5000	  1.0483
580.0000	  1.0493
579.5000	  1.0490
579.0000	  1.0494
578.5000	  1.0509
578.0000	  1.0488
577.5000	  1.0503
577.0000	  1.0498
576.5000	  1.0501
576.0000	  1.0502
575.5000	  1.0479
575.0000	  1.0502
574.5000	  1.0504
574.0000	  1.0509
573.5000	  1.0524
573.0000	  1.0494
572.5000	  1.0503
572.0000	  1.0515
571.5000	  1.0516
571.0000	  1.0515
570.5000	  1.0517
570.0000	  1.0510
569.5000	  1.0520
569.0000	  1.0528
568.5000	  1.0532
568.0000	  1.0546
567.5000	  1.0517
567.0000	  1.0527
566.5000	  1.0533
566.0000	  1.0536
565.5000	  1.0549
565.0000	  1.0526
564.5000	  1.0533
564.0000	  1.0539
563.5000	  1.0543
563.0000	  1.0563
562.5000	  1.0531
562.0000	  1.0548
561.5000	  1.0562
561.0000	  1.0540
560.5000	  1.0561
560.0000	  1.0542
559.5000	  1.0519
559.0000	  1.0549
558.5000	  1.0541
558.0000	  1.0537
557.5000	  1.0557
557.0000	  1.0549
556.5000	  1.0552
556.0000	  1.0559
555.5000	  1.0553
555.0000	  1.0567
554.5000	  1.0553
554.0000	  1.0563
553.5000	  1.0563
553.0000	  1.0560
552.5000	  1.0573
552.0000	  1.0569
551.5000	  1.0565
551.0000	  1.0567
550.5000	  1.0566
550.0000	  1.0598
549.5000	  1.0564
549.0000	  1.0588
548.5000	  1.0574
548.0000	  1.0586
547.5000	  1.0601
547.0000	  1.0576
546.5000	  1.0585
546.0000	  1.0582
545.5000	  1.0571
545.0000	  1.0593
544.5000	  1.0582
544.0000	  1.0594
543.5000	  1.0599
543.0000	  1.0586
542.5000	  1.0610
542.0000	  1.0593
541.5000	  1.0610
541.0000	  1.0610
540.5000	  1.0611
540.0000	  1.0630
539.5000	  1.0596
539.0000	  1.0612
538.5000	  1.0615
538.0000	  1.0611
537.5000	  1.0624
537.0000	  1.0603
536.5000	  1.0618
536.0000	  1.0617
535.5000	  1.0633
535.0000	  1.0636
534.5000	  1.0634
534.0000	  1.0623
533.5000	  1.0641
533.0000	  1.0626
532.5000	  1.0624
532.0000	  1.0634
531.5000	  1.0630
531.0000	  1.0642
530.5000	  1.0629
530.0000	  1.0636
529.5000	  1.0645
529.0000	  1.0625
528.5000	  1.0641
528.0000	  1.0641
527.5000	  1.0630
527.0000	  1.0645
526.5000	  1.0634
526.0000	  1.0635
525.5000	  1.0642
525.0000	  1.0625
524.5000	  1.0641
524.0000	  1.0638
523.5000	  1.0625
523.0000	  1.0635
522.5000	  1.0639
522.0000	  1.0642
521.5000	  1.0630
521.0000	  1.0626
520.5000	  1.0644
520.0000	  1.0641
519.5000	  1.0646
519.0000	  1.0635
518.5000	  1.0625
518.0000	  1.0639
517.5000	  1.0635
517.0000	  1.0636
516.5000	  1.0644
516.0000	  1.0618
515.5000	  1.0629
515.0000	  1.0627
514.5000	  1.0612
514.0000	  1.0633
513.5000	  1.0609
513.0000	  1.0621
512.5000	  1.0610
512.0000	  1.0599
511.5000	  1.0627
511.0000	  1.0599
510.5000	  1.0613
510.0000	  1.0620
509.5000	  1.0607
509.0000	  1.0630
508.5000	  1.0613
508.0000	  1.0634
507.5000	  1.0633
507.0000	  1.0637
506.5000	  1.0661
506.0000	  1.0672
505.5000	  1.0671
505.0000	  1.0690
504.5000	  1.0703
504.0000	  1.0722
503.5000	  1.0740
503.0000	  1.0743
502.5000	  1.0773
502.0000	  1.0786
501.5000	  1.0811
501.0000	  1.0824
500.5000	  1.0812
500.0000	  1.0848
499.5000	  1.0853
499.0000	  1.0869
498.5000	  1.0898
498.0000	  1.0887
497.5000	  1.0904
497.0000	  1.0914
496.5000	  1.0929
496.0000	  1.0936
495.5000	  1.0942
495.0000	  1.0966
494.5000	  1.0979
494.0000	  1.0982
493.5000	  1.0993
493.0000	  1.0989
492.5000	  1.1007
492.0000	  1.1006
491.5000	  1.1026
491.0000	  1.1037
490.5000	  1.1025
490.0000	  1.1017
489.5000	  1.1036
489.0000	  1.1041
488.5000	  1.1048
488.0000	  1.1054
487.5000	  1.1025
487.0000	  1.1060
486.5000	  1.1056
486.0000	  1.1052
485.5000	  1.1080
485.0000	  1.1053
484.5000	  1.1062
484.0000	  1.1073
483.5000	  1.1095
483.0000	  1.1094
482.5000	  1.1091
482.0000	  1.1102
481.5000	  1.1113
481.0000	  1.1124
480.5000	  1.1135
480.0000	  1.1123
479.5000	  1.1126
479.0000	  1.1151
478.5000	  1.1149
478.0000	  1.1169
477.5000	  1.1183
477.0000	  1.1170
476.5000	  1.1198
476.0000	  1.1190
475.5000	  1.1224
475.0000	  1.1230
474.5000	  1.1220
474.0000	  1.1247
473.5000	  1.1250
473.0000	  1.1260
472.5000	  1.1278
472.0000	  1.1279
471.5000	  1.1286
471.0000	  1.1327
470.5000	  1.1328
470.0000	  1.1349
469.5000	  1.1339
469.0000	  1.1359
468.5000	  1.1382
468.0000	  1.1385
467.5000	  1.1417
467.0000	  1.1431
466.5000	  1.1450
466.0000	  1.1458
465.5000	  1.1474
465.0000	  1.1494
464.5000	  1.1496
464.0000	  1.1525
463.5000	  1.1524
463.0000	  1.1563
462.5000	  1.1571
462.0000	  1.1592
461.5000	  1.1581
461.0000	  1.1602
460.5000	  1.1633
460.0000	  1.1636
459.5000	  1.1650
459.0000	  1.1666
458.5000	  1.1689
458.0000	  1.1683
457.5000	  1.1705
457.0000	  1.1723
456.5000	  1.1694
456.0000	  1.1719
455.5000	  1.1695
455.0000	  1.1693
454.5000	  1.1691
454.0000	  1.1686
453.5000	  1.1691
453.0000	  1.1685
452.5000	  1.1649
452.0000	  1.1639
451.5000	  1.1633
451.0000	  1.1604
450.5000	  1.1588
450.0000	  1.1592
449.5000	  1.1566
449.0000	  1.1578
448.5000	  1.1520
448.0000	  1.1535
447.5000	  1.1513
447.0000	  1.1482
446.5000	  1.1498
446.0000	  1.1468
445.5000	  1.1467
445.0000	  1.1462
444.5000	  1.1430
444.0000	  1.1446
443.5000	  1.1440
443.0000	  1.1411
442.5000	  1.1414
442.0000	  1.1399
441.5000	  1.1412
441.0000	  1.1408
440.5000	  1.1390
440.0000	  1.1376
439.5000	  1.1369
439.0000	  1.1379
438.5000	  1.1383
438.0000	  1.1386
437.5000	  1.1374
437.0000	  1.1363
436.5000	  1.1372
436.0000	  1.1368
435.5000	  1.1362
435.0000	  1.1381
434.5000	  1.1350
434.0000	  1.1372
433.5000	  1.1391
433.0000	  1.1365
432.5000	  1.1357
432.0000	  1.1384
431.5000	  1.1375
431.0000	  1.1387
430.5000	  1.1345
430.0000	  1.1386
429.5000	  1.1384
429.0000	  1.1377
428.5000	  1.1400
428.0000	  1.1379
427.5000	  1.1394
427.0000	  1.1395
426.5000	  1.1415
426.0000	  1.1415
425.5000	  1.1415
425.0000	  1.1425
424.5000	  1.1422
424.0000	  1.1437
423.5000	  1.1432
423.0000	  1.1429
422.5000	  1.1426
422.0000	  1.1467
421.5000	  1.1436
421.0000	  1.1467
420.5000	  1.1470
420.0000	  1.1455
419.5000	  1.1474
419.0000	  1.1487
418.5000	  1.1483
418.0000	  1.1499
417.5000	  1.1500
417.0000	  1.1539
416.5000	  1.1515
416.0000	  1.1510
415.5000	  1.1530
415.0000	  1.1534
414.5000	  1.1546
414.0000	  1.1535
413.5000	  1.1544
413.0000	  1.1556
412.5000	  1.1534
412.0000	  1.1568
411.5000	  1.1549
411.0000	  1.1561
410.5000	  1.1587
410.0000	  1.1543
409.5000	  1.1596
409.0000	  1.1603
408.5000	  1.1611
408.0000	  1.1589
407.5000	  1.1581
407.0000	  1.1623
406.5000	  1.1602
406.0000	  1.1602
405.5000	  1.1639
405.0000	  1.1600
404.5000	  1.1628
404.0000	  1.1625
403.5000	  1.1635
403.0000	  1.1647
402.5000	  1.1644
402.0000	  1.1643
401.5000	  1.1639
401.0000	  1.1658
400.5000	  1.1672
400.0000	  1.1639
399.5000	  1.1635
399.0000	  1.1666
398.5000	  1.1693
398.0000	  1.1681
397.5000	  1.1679
397.0000	  1.1677
396.5000	  1.1675
396.0000	  1.1678
395.5000	  1.1681
395.0000	  1.1704
394.5000	  1.1676
394.0000	  1.1727
393.5000	  1.1675
393.0000	  1.1732
392.5000	  1.1752
392.0000	  1.1721
391.5000	  1.1741
391.0000	  1.1742
390.5000	  1.1765
390.0000	  1.1781
389.5000	  1.1798
389.0000	  1.1787
388.5000	  1.1811
388.0000	  1.1823
387.5000	  1.1848
387.0000	  1.1848
386.5000	  1.1858
386.0000	  1.1878
385.5000	  1.1883
385.0000	  1.1907
384.5000	  1.1950
384.0000	  1.1922
383.5000	  1.1943
383.0000	  1.1961
382.5000	  1.2006
382.0000	  1.1959
381.5000	  1.1992
381.0000	  1.2006
380.5000	  1.2040
380.0000	  1.1989
379.5000	  1.2086
379.0000	  1.2032
378.5000	  1.2051
378.0000	  1.2075
377.5000	  1.2076
377.0000	  1.2083
376.5000	  1.2118
376.0000	  1.2101
375.5000	  1.2104
375.0000	  1.2124
374.5000	  1.2094
374.0000	  1.2123
373.5000	  1.2086
373.0000	  1.2135
372.5000	  1.2139
372.0000	  1.2115
371.5000	  1.2183
371.0000	  1.2161
370.5000	  1.2176
370.0000	  1.2166
369.5000	  1.2149
369.0000	  1.2200
368.5000	  1.2209
368.0000	  1.2191
367.5000	  1.2261
367.0000	  1.2237
366.5000	  1.2222
366.0000	  1.2242
365.5000	  1.2244
365.0000	  1.2279
364.5000	  1.2257
364.0000	  1.2262
363.5000	  1.2277
363.0000	  1.2280
362.5000	  1.2292
362.0000	  1.2316
361.5000	  1.2343
361.0000	  1.2329
360.5000	  1.2321
360.0000	  1.2343
359.5000	  1.2335
359.0000	  1.2335
358.5000	  1.2442
358.0000	  1.2337
357.5000	  1.2397
357.0000	  1.2389
356.5000	  1.2375
356.0000	  1.2406
355.5000	  1.2422
355.0000	  1.2404
354.5000	  1.2467
354.0000	  1.2457
353.5000	  1.2438
353.0000	  1.2469
352.5000	  1.2457
352.0000	  1.2526
351.5000	  1.2462
351.0000	  1.2470
350.5000	  1.2501
350.0000	  1.2492
349.5000	  1.2525
349.0000	  1.2537
348.5000	  1.2580
348.0000	  1.2612
347.5000	  1.2556
347.0000	  1.2533
346.5000	  1.2592
346.0000	  1.2630
345.5000	  1.2692
345.0000	  1.2624
344.5000	  1.2602
344.0000	  1.2639
343.5000	  1.2663
343.0000	  1.2639
342.5000	  1.2684
342.0000	  1.2667
341.5000	  1.2640
341.0000	  1.2721
340.5000	  1.2738
340.0000	  1.2764
339.5000	  1.2901
339.0000	  1.2899
338.5000	  1.2820
338.0000	  1.2812
337.5000	  1.2876
337.0000	  1.2861
336.5000	  1.2942
336.0000	  1.2862
335.5000	  1.2932
335.0000	  1.2972
334.5000	  1.2969
334.0000	  1.3007
333.5000	  1.3022
333.0000	  1.2991
332.5000	  1.2999
332.0000	  1.3049
331.5000	  1.3051
331.0000	  1.3011
330.5000	  1.3103
330.0000	  1.3043
329.5000	  1.3130
329.0000	  1.3114
328.5000	  1.3181
328.0000	  1.3176
327.5000	  1.3150
327.0000	  1.3188
326.5000	  1.3204
326.0000	  1.3217
325.5000	  1.3206
325.0000	  1.3230
324.5000	  1.3175
324.0000	  1.3233
323.5000	  1.3250
323.0000	  1.3186
322.5000	  1.3231
322.0000	  1.3258
321.5000	  1.3361
321.0000	  1.3308
320.5000	  1.3309
320.0000	  1.3381
319.5000	  1.3392
319.0000	  1.3380
318.5000	  1.3365
318.0000	  1.3376
317.5000	  1.3388
317.0000	  1.3502
316.5000	  1.3480
316.0000	  1.3510
315.5000	  1.3475
315.0000	  1.3555
314.5000	  1.3556
314.0000	  1.3591
313.5000	  1.3593
313.0000	  1.3508
312.5000	  1.3578
312.0000	  1.3678
311.5000	  1.3597
311.0000	  1.3668
310.5000	  1.3655
310.0000	  1.3619
309.5000	  1.3816
309.0000	  1.3699
308.5000	  1.3730
308.0000	  1.3730
307.5000	  1.3817
307.0000	  1.3687
306.5000	  1.3731
306.0000	  1.3816
305.5000	  1.3860
305.0000	  1.3790
304.5000	  1.3815
304.0000	  1.3818
303.5000	  1.3763
303.0000	  1.3785
302.5000	  1.3758
302.0000	  1.3913
301.5000	  1.3844
301.0000	  1.3937
300.5000	  1.3853
300.0000	  1.3792
299.5000	  1.3884
299.0000	  1.3858
298.5000	  1.3949
298.0000	  1.4011
297.5000	  1.3956
297.0000	  1.3986
296.5000	  1.4003
296.0000	  1.3975
295.5000	  1.3964
295.0000	  1.3954
294.5000	  1.4059
294.0000	  1.4147
293.5000	  1.4081
293.0000	  1.4109
292.5000	  1.4112
292.0000	  1.4130
291.5000	  1.4264
291.0000	  1.4188
290.5000	  1.4185
290.0000	  1.4198
289.5000	  1.4234
289.0000	  1.4346
288.5000	  1.4323
288.0000	  1.4365
287.5000	  1.4374
287.0000	  1.4457
286.5000	  1.4507
286.0000	  1.4439
285.5000	  1.4524
285.0000	  1.4618
284.5000	  1.4516
284.0000	  1.4468
283.5000	  1.4659
283.0000	  1.4601
282.5000	  1.4690
282.0000	  1.4633
281.5000	  1.4662
281.0000	  1.4759
280.5000	  1.4817
280.0000	  1.4840
279.5000	  1.4915
279.0000	  1.4929
278.5000	  1.4853
278.0000	  1.4959
277.5000	  1.4982
277.0000	  1.5060
276.5000	  1.4975
276.0000	  1.5091
275.5000	  1.5068
275.0000	  1.5175
274.5000	  1.5159
274.0000	  1.5204
273.5000	  1.5216
273.0000	  1.5303
272.5000	  1.5301
272.0000	  1.5368
271.5000	  1.5406
271.0000	  1.5365
270.5000	  1.5525
270.0000	  1.5563
269.5000	  1.5472
269.0000	  1.5610
268.5000	  1.5634
268.0000	  1.5629
267.5000	  1.5691
267.0000	  1.5818
266.5000	  1.5764
266.0000	  1.5745
265.5000	  1.5867
265.0000	  1.5983
264.5000	  1.5970
264.0000	  1.5924
263.5000	  1.5949
263.0000	  1.6119
262.5000	  1.6199
262.0000	  1.6151
261.5000	  1.6110
261.0000	  1.6231
260.5000	  1.6251
260.0000	  1.6276
259.5000	  1.6398
259.0000	  1.6560
258.5000	  1.6528
258.0000	  1.6527
257.5000	  1.6622
257.0000	  1.6539
256.5000	  1.6600
256.0000	  1.6743
255.5000	  1.6736
255.0000	  1.6864
254.5000	  1.6837
254.0000	  1.6935
253.5000	  1.7027
253.0000	  1.7022
252.5000	  1.7121
252.0000	  1.7194
251.5000	  1.7055
251.0000	  1.7297
250.5000	  1.7357
250.0000	  1.7329
249.5000	  1.7426
249.0000	  1.7541
248.5000	  1.7412
248.0000	  1.7521
247.5000	  1.7866
247.0000	  1.7687
246.5000	  1.7669
246.0000	  1.7794
245.5000	  1.7984
245.0000	  1.7936
244.5000	  1.7949
244.0000	  1.8153
243.5000	  1.8245
243.0000	  1.8359
242.5000	  1.8446
242.0000	  1.8589
241.5000	  1.8557
241.0000	  1.8617
240.5000	  1.8790
240.0000	  1.8915
239.5000	  1.9039
239.0000	  1.9138
238.5000	  1.9044
238.0000	  1.9345
237.5000	  1.9319
237.0000	  1.9343
236.5000	  1.9660
236.0000	  1.9464
235.5000	  1.9861
235.0000	  1.9884
234.5000	  1.9815
234.0000	  1.9963
233.5000	  1.9965
233.0000	  2.0236
232.5000	  2.0230
232.0000	  2.0444
231.5000	  2.0286
231.0000	  2.0688
230.5000	  2.0609
230.0000	  2.0930
229.5000	  2.1237
229.0000	  2.0978
228.5000	  2.1217
228.0000	  2.0957
227.5000	  2.1311
227.0000	  2.1451
226.5000	  2.1438
226.0000	  2.1635
225.5000	  2.1528
225.0000	  2.1799
224.5000	  2.1910
224.0000	  2.2230
223.5000	  2.2824
223.0000	  2.2585
222.5000	  2.2578
222.0000	  2.3026
221.5000	  2.2886
221.0000	  2.3002
220.5000	  2.2966
220.0000	  2.3051
219.5000	  2.3589
219.0000	  2.3259
218.5000	  2.3318
218.0000	  2.2776
217.5000	  2.4271
217.0000	  2.4266
216.5000	  2.3872
216.0000	  2.4798
215.5000	  2.4259
215.0000	  2.4948
214.5000	  2.5748
214.0000	  2.5457
213.5000	  2.5600
213.0000	  2.6074
212.5000	  2.5409
212.0000	  2.5771
211.5000	  2.5642
211.0000	  2.6029
210.5000	  2.5987
210.0000	  2.6861
209.5000	  2.6184
209.0000	  2.6397
208.5000	  2.6205
208.0000	  2.7840
207.5000	  2.7687
207.0000	  2.9566
206.5000	  2.7732
206.0000	  2.8353
205.5000	  2.8741
205.0000	  2.7955
204.5000	  2.9765
204.0000	  2.5680
203.5000	  2.7832
203.0000	  3.0551
202.5000	  3.0463
202.0000	  3.2455
201.5000	  3.0514
201.0000	  3.1383
200.5000	  3.0495
200.0000	  2.5638
