03/06/2024 12.33.49
03/06/2024 12.42.49

800.0000	 78.5700

800.0000	 78.5700

900.0000	 85.2200



  1.0000
900.0000
  3.0000
340.0000
  1.0000
1401.0000
  5.0000
  6.0000
  1.0000
  1.0000
  0.0000
  0.0000
100.0000
  0.0000
  1.0000
  0.0000
500.0000
900.0000
200.0000
  4.0000
  1.0000
 18.0000
  2.0000
  1.0000
255.0000
  0.8308
  1.0000
 30.0000
  4.0000
500.0000
  0.0000
  0.0000
  4.0000
900.0000
200.0000
  0.0000
100.0000
  0.0000
  1.0000
  0.0000
500.0000
  1.0000
  1.0000
  1.0000
  1.0000
  4.0000
  0.0000
  1.0000
  1.0000
  1.0000
  1.0000
  1.0000
  2.0000
  1.0000
  1.0000
  1.0000
  3.0000
  1.0000
  1.0000
  1.0000
  4.0000
  5.0000
539.644
0.000

Lambda:	800
Abs:		-0.0001
ID:			C
Run:		3
Temp:		500
#

900.0000	  0.8668
899.5000	  0.8636
899.0000	  0.8766
898.5000	  0.8583
898.0000	  0.8657
897.5000	  0.8648
897.0000	  0.8808
896.5000	  0.8381
896.0000	  0.8420
895.5000	  0.8633
895.0000	  0.8517
894.5000	  0.8432
894.0000	  0.8456
893.5000	  0.8402
893.0000	  0.8441
892.5000	  0.8517
892.0000	  0.8427
891.5000	  0.8288
891.0000	  0.8425
890.5000	  0.8690
890.0000	  0.8584
889.5000	  0.8282
889.0000	  0.8402
888.5000	  0.8641
888.0000	  0.8563
887.5000	  0.8668
887.0000	  0.8397
886.5000	  0.8492
886.0000	  0.8347
885.5000	  0.8431
885.0000	  0.8400
884.5000	  0.8345
884.0000	  0.8519
883.5000	  0.8517
883.0000	  0.8591
882.5000	  0.8525
882.0000	  0.8370
881.5000	  0.8365
881.0000	  0.8437
880.5000	  0.8625
880.0000	  0.8522
879.5000	  0.8454
879.0000	  0.8528
878.5000	  0.8246
878.0000	  0.8443
877.5000	  0.8307
877.0000	  0.8361
876.5000	  0.8428
876.0000	  0.8394
875.5000	  0.8430
875.0000	  0.8433
874.5000	  0.8356
874.0000	  0.8405
873.5000	  0.8447
873.0000	  0.8460
872.5000	  0.8393
872.0000	  0.8420
871.5000	  0.8353
871.0000	  0.8443
870.5000	  0.8372
870.0000	  0.8365
869.5000	  0.8377
869.0000	  0.8407
868.5000	  0.8413
868.0000	  0.8450
867.5000	  0.8414
867.0000	  0.8416
866.5000	  0.8399
866.0000	  0.8402
865.5000	  0.8407
865.0000	  0.8414
864.5000	  0.8396
864.0000	  0.8399
863.5000	  0.8389
863.0000	  0.8384
862.5000	  0.8357
862.0000	  0.8412
861.5000	  0.8401
861.0000	  0.8381
860.5000	  0.8387
860.0000	  0.8407
859.5000	  0.8373
859.0000	  0.8418
858.5000	  0.8411
858.0000	  0.8397
857.5000	  0.8384
857.0000	  0.8375
856.5000	  0.8381
856.0000	  0.8335
855.5000	  0.8382
855.0000	  0.8399
854.5000	  0.8351
854.0000	  0.8415
853.5000	  0.8375
853.0000	  0.8360
852.5000	  0.8366
852.0000	  0.8370
851.5000	  0.8352
851.0000	  0.8364
850.5000	  0.8393
850.0000	  0.8342
849.5000	  0.8366
849.0000	  0.8384
848.5000	  0.8338
848.0000	  0.8356
847.5000	  0.8356
847.0000	  0.8354
846.5000	  0.8334
846.0000	  0.8346
845.5000	  0.8340
845.0000	  0.8325
844.5000	  0.8328
844.0000	  0.8325
843.5000	  0.8294
843.0000	  0.8277
842.5000	  0.8317
842.0000	  0.8291
841.5000	  0.8320
841.0000	  0.8304
840.5000	  0.8272
840.0000	  0.8276
839.5000	  0.8269
839.0000	  0.8257
838.5000	  0.8262
838.0000	  0.8261
837.5000	  0.8252
837.0000	  0.8244
836.5000	  0.8228
836.0000	  0.8229
835.5000	  0.8255
835.0000	  0.8207
834.5000	  0.8213
834.0000	  0.8228
833.5000	  0.8194
833.0000	  0.8213
832.5000	  0.8167
832.0000	  0.8177
831.5000	  0.8196
831.0000	  0.8180
830.5000	  0.8161
830.0000	  0.8150
829.5000	  0.8153
829.0000	  0.8148
828.5000	  0.8128
828.0000	  0.8117
827.5000	  0.8129
827.0000	  0.8131
826.5000	  0.8121
826.0000	  0.8128
825.5000	  0.8107
825.0000	  0.8121
824.5000	  0.8093
824.0000	  0.8111
823.5000	  0.8100
823.0000	  0.8093
822.5000	  0.8093
822.0000	  0.8087
821.5000	  0.8080
821.0000	  0.8062
820.5000	  0.8074
820.0000	  0.8058
819.5000	  0.8057
819.0000	  0.8042
818.5000	  0.8049
818.0000	  0.8030
817.5000	  0.8042
817.0000	  0.8019
816.5000	  0.8019
816.0000	  0.8024
815.5000	  0.8011
815.0000	  0.8018
814.5000	  0.8009
814.0000	  0.7995
813.5000	  0.8002
813.0000	  0.8008
812.5000	  0.7978
812.0000	  0.7972
811.5000	  0.7964
811.0000	  0.7973
810.5000	  0.7976
810.0000	  0.7963
809.5000	  0.7955
809.0000	  0.7957
808.5000	  0.7953
808.0000	  0.7937
807.5000	  0.7958
807.0000	  0.7932
806.5000	  0.7922
806.0000	  0.7917
805.5000	  0.7919
805.0000	  0.7920
804.5000	  0.7929
804.0000	  0.7905
803.5000	  0.7909
803.0000	  0.7894
802.5000	  0.7901
802.0000	  0.7879
801.5000	  0.7883
801.0000	  0.7899
800.5000	  0.7898
800.0000	  0.7864
799.5000	  0.7872
799.0000	  0.7867
798.5000	  0.7847
798.0000	  0.7851
797.5000	  0.7846
797.0000	  0.7835
796.5000	  0.7844
796.0000	  0.7835
795.5000	  0.7819
795.0000	  0.7827
794.5000	  0.7829
794.0000	  0.7814
793.5000	  0.7812
793.0000	  0.7797
792.5000	  0.7802
792.0000	  0.7799
791.5000	  0.7798
791.0000	  0.7793
790.5000	  0.7803
790.0000	  0.7772
789.5000	  0.7776
789.0000	  0.7772
788.5000	  0.7750
788.0000	  0.7765
787.5000	  0.7746
787.0000	  0.7746
786.5000	  0.7748
786.0000	  0.7731
785.5000	  0.7714
785.0000	  0.7720
784.5000	  0.7717
784.0000	  0.7723
783.5000	  0.7721
783.0000	  0.7710
782.5000	  0.7707
782.0000	  0.7695
781.5000	  0.7698
781.0000	  0.7679
780.5000	  0.7677
780.0000	  0.7672
779.5000	  0.7668
779.0000	  0.7648
778.5000	  0.7674
778.0000	  0.7654
777.5000	  0.7640
777.0000	  0.7647
776.5000	  0.7648
776.0000	  0.7630
775.5000	  0.7638
775.0000	  0.7625
774.5000	  0.7614
774.0000	  0.7618
773.5000	  0.7602
773.0000	  0.7617
772.5000	  0.7605
772.0000	  0.7586
771.5000	  0.7584
771.0000	  0.7578
770.5000	  0.7561
770.0000	  0.7566
769.5000	  0.7563
769.0000	  0.7558
768.5000	  0.7563
768.0000	  0.7540
767.5000	  0.7543
767.0000	  0.7527
766.5000	  0.7524
766.0000	  0.7532
765.5000	  0.7516
765.0000	  0.7503
764.5000	  0.7508
764.0000	  0.7495
763.5000	  0.7498
763.0000	  0.7488
762.5000	  0.7459
762.0000	  0.7465
761.5000	  0.7467
761.0000	  0.7458
760.5000	  0.7451
760.0000	  0.7454
759.5000	  0.7425
759.0000	  0.7435
758.5000	  0.7422
758.0000	  0.7424
757.5000	  0.7419
757.0000	  0.7395
756.5000	  0.7395
756.0000	  0.7406
755.5000	  0.7390
755.0000	  0.7392
754.5000	  0.7394
754.0000	  0.7353
753.5000	  0.7368
753.0000	  0.7353
752.5000	  0.7347
752.0000	  0.7356
751.5000	  0.7342
751.0000	  0.7341
750.5000	  0.7330
750.0000	  0.7315
749.5000	  0.7317
749.0000	  0.7324
748.5000	  0.7294
748.0000	  0.7298
747.5000	  0.7292
747.0000	  0.7281
746.5000	  0.7273
746.0000	  0.7267
745.5000	  0.7263
745.0000	  0.7267
744.5000	  0.7264
744.0000	  0.7261
743.5000	  0.7253
743.0000	  0.7227
742.5000	  0.7236
742.0000	  0.7220
741.5000	  0.7216
741.0000	  0.7227
740.5000	  0.7197
740.0000	  0.7188
739.5000	  0.7189
739.0000	  0.7190
738.5000	  0.7184
738.0000	  0.7174
737.5000	  0.7182
737.0000	  0.7165
736.5000	  0.7162
736.0000	  0.7164
735.5000	  0.7165
735.0000	  0.7141
734.5000	  0.7141
734.0000	  0.7140
733.5000	  0.7130
733.0000	  0.7129
732.5000	  0.7126
732.0000	  0.7128
731.5000	  0.7119
731.0000	  0.7112
730.5000	  0.7112
730.0000	  0.7116
729.5000	  0.7107
729.0000	  0.7113
728.5000	  0.7100
728.0000	  0.7114
727.5000	  0.7119
727.0000	  0.7115
726.5000	  0.7107
726.0000	  0.7121
725.5000	  0.7119
725.0000	  0.7132
724.5000	  0.7138
724.0000	  0.7143
723.5000	  0.7153
723.0000	  0.7156
722.5000	  0.7171
722.0000	  0.7191
721.5000	  0.7213
721.0000	  0.7219
720.5000	  0.7246
720.0000	  0.7254
719.5000	  0.7280
719.0000	  0.7315
718.5000	  0.7289
718.0000	  0.7313
717.5000	  0.7301
717.0000	  0.7292
716.5000	  0.7301
716.0000	  0.7284
715.5000	  0.7241
715.0000	  0.7239
714.5000	  0.7174
714.0000	  0.7145
713.5000	  0.7114
713.0000	  0.7046
712.5000	  0.7012
712.0000	  0.6958
711.5000	  0.6938
711.0000	  0.6902
710.5000	  0.6869
710.0000	  0.6828
709.5000	  0.6793
709.0000	  0.6778
708.5000	  0.6746
708.0000	  0.6739
707.5000	  0.6702
707.0000	  0.6698
706.5000	  0.6680
706.0000	  0.6667
705.5000	  0.6656
705.0000	  0.6660
704.5000	  0.6637
704.0000	  0.6627
703.5000	  0.6624
703.0000	  0.6621
702.5000	  0.6608
702.0000	  0.6593
701.5000	  0.6579
701.0000	  0.6576
700.5000	  0.6569
700.0000	  0.6548
699.5000	  0.6549
699.0000	  0.6525
698.5000	  0.6520
698.0000	  0.6509
697.5000	  0.6504
697.0000	  0.6502
696.5000	  0.6471
696.0000	  0.6466
695.5000	  0.6452
695.0000	  0.6445
694.5000	  0.6430
694.0000	  0.6418
693.5000	  0.6410
693.0000	  0.6397
692.5000	  0.6397
692.0000	  0.6380
691.5000	  0.6366
691.0000	  0.6364
690.5000	  0.6357
690.0000	  0.6340
689.5000	  0.6316
689.0000	  0.6312
688.5000	  0.6291
688.0000	  0.6297
687.5000	  0.6273
687.0000	  0.6274
686.5000	  0.6266
686.0000	  0.6248
685.5000	  0.6243
685.0000	  0.6222
684.5000	  0.6208
684.0000	  0.6200
683.5000	  0.6191
683.0000	  0.6170
682.5000	  0.6166
682.0000	  0.6144
681.5000	  0.6144
681.0000	  0.6133
680.5000	  0.6120
680.0000	  0.6106
679.5000	  0.6089
679.0000	  0.6082
678.5000	  0.6076
678.0000	  0.6065
677.5000	  0.6039
677.0000	  0.6041
676.5000	  0.6024
676.0000	  0.6012
675.5000	  0.6000
675.0000	  0.5985
674.5000	  0.5977
674.0000	  0.5966
673.5000	  0.5948
673.0000	  0.5938
672.5000	  0.5929
672.0000	  0.5913
671.5000	  0.5904
671.0000	  0.5890
670.5000	  0.5872
670.0000	  0.5865
669.5000	  0.5860
669.0000	  0.5842
668.5000	  0.5837
668.0000	  0.5814
667.5000	  0.5812
667.0000	  0.5792
666.5000	  0.5778
666.0000	  0.5775
665.5000	  0.5761
665.0000	  0.5741
664.5000	  0.5734
664.0000	  0.5724
663.5000	  0.5712
663.0000	  0.5703
662.5000	  0.5677
662.0000	  0.5668
661.5000	  0.5663
661.0000	  0.5649
660.5000	  0.5635
660.0000	  0.5629
659.5000	  0.5618
659.0000	  0.5596
658.5000	  0.5588
658.0000	  0.5573
657.5000	  0.5561
657.0000	  0.5550
656.5000	  0.5537
656.0000	  0.5521
655.5000	  0.5514
655.0000	  0.5501
654.5000	  0.5490
654.0000	  0.5473
653.5000	  0.5460
653.0000	  0.5445
652.5000	  0.5428
652.0000	  0.5422
651.5000	  0.5404
651.0000	  0.5389
650.5000	  0.5380
650.0000	  0.5365
649.5000	  0.5348
649.0000	  0.5337
648.5000	  0.5319
648.0000	  0.5303
647.5000	  0.5297
647.0000	  0.5275
646.5000	  0.5268
646.0000	  0.5248
645.5000	  0.5234
645.0000	  0.5224
644.5000	  0.5212
644.0000	  0.5191
643.5000	  0.5182
643.0000	  0.5167
642.5000	  0.5157
642.0000	  0.5141
641.5000	  0.5126
641.0000	  0.5112
640.5000	  0.5097
640.0000	  0.5078
639.5000	  0.5067
639.0000	  0.5050
638.5000	  0.5038
638.0000	  0.5027
637.5000	  0.5009
637.0000	  0.4995
636.5000	  0.4979
636.0000	  0.4965
635.5000	  0.4960
635.0000	  0.4934
634.5000	  0.4927
634.0000	  0.4912
633.5000	  0.4906
633.0000	  0.4893
632.5000	  0.4886
632.0000	  0.4865
631.5000	  0.4860
631.0000	  0.4854
630.5000	  0.4841
630.0000	  0.4840
629.5000	  0.4832
629.0000	  0.4818
628.5000	  0.4823
628.0000	  0.4818
627.5000	  0.4815
627.0000	  0.4814
626.5000	  0.4815
626.0000	  0.4812
625.5000	  0.4815
625.0000	  0.4814
624.5000	  0.4811
624.0000	  0.4810
623.5000	  0.4805
623.0000	  0.4812
622.5000	  0.4806
622.0000	  0.4805
621.5000	  0.4802
621.0000	  0.4797
620.5000	  0.4787
620.0000	  0.4776
619.5000	  0.4763
619.0000	  0.4766
618.5000	  0.4746
618.0000	  0.4741
617.5000	  0.4725
617.0000	  0.4710
616.5000	  0.4695
616.0000	  0.4686
615.5000	  0.4663
615.0000	  0.4650
614.5000	  0.4643
614.0000	  0.4628
613.5000	  0.4613
613.0000	  0.4610
612.5000	  0.4592
612.0000	  0.4586
611.5000	  0.4568
611.0000	  0.4557
610.5000	  0.4549
610.0000	  0.4538
609.5000	  0.4524
609.0000	  0.4512
608.5000	  0.4505
608.0000	  0.4496
607.5000	  0.4482
607.0000	  0.4470
606.5000	  0.4457
606.0000	  0.4457
605.5000	  0.4438
605.0000	  0.4431
604.5000	  0.4420
604.0000	  0.4403
603.5000	  0.4400
603.0000	  0.4392
602.5000	  0.4376
602.0000	  0.4369
601.5000	  0.4352
601.0000	  0.4349
600.5000	  0.4336
600.0000	  0.4333
599.5000	  0.4324
599.0000	  0.4320
598.5000	  0.4300
598.0000	  0.4297
597.5000	  0.4287
597.0000	  0.4278
596.5000	  0.4279
596.0000	  0.4262
595.5000	  0.4252
595.0000	  0.4248
594.5000	  0.4240
594.0000	  0.4235
593.5000	  0.4225
593.0000	  0.4216
592.5000	  0.4207
592.0000	  0.4201
591.5000	  0.4195
591.0000	  0.4194
590.5000	  0.4176
590.0000	  0.4177
589.5000	  0.4171
589.0000	  0.4164
588.5000	  0.4161
588.0000	  0.4162
587.5000	  0.4142
587.0000	  0.4149
586.5000	  0.4137
586.0000	  0.4132
585.5000	  0.4134
585.0000	  0.4121
584.5000	  0.4120
584.0000	  0.4117
583.5000	  0.4115
583.0000	  0.4111
582.5000	  0.4109
582.0000	  0.4098
581.5000	  0.4103
581.0000	  0.4092
580.5000	  0.4093
580.0000	  0.4091
579.5000	  0.4092
579.0000	  0.4092
578.5000	  0.4084
578.0000	  0.4082
577.5000	  0.4086
577.0000	  0.4089
576.5000	  0.4076
576.0000	  0.4078
575.5000	  0.4078
575.0000	  0.4083
574.5000	  0.4085
574.0000	  0.4082
573.5000	  0.4079
573.0000	  0.4089
572.5000	  0.4090
572.0000	  0.4088
571.5000	  0.4091
571.0000	  0.4094
570.5000	  0.4101
570.0000	  0.4099
569.5000	  0.4099
569.0000	  0.4105
568.5000	  0.4113
568.0000	  0.4112
567.5000	  0.4126
567.0000	  0.4128
566.5000	  0.4127
566.0000	  0.4141
565.5000	  0.4139
565.0000	  0.4150
564.5000	  0.4158
564.0000	  0.4166
563.5000	  0.4167
563.0000	  0.4194
562.5000	  0.4188
562.0000	  0.4201
561.5000	  0.4213
561.0000	  0.4221
560.5000	  0.4234
560.0000	  0.4250
559.5000	  0.4270
559.0000	  0.4269
558.5000	  0.4287
558.0000	  0.4298
557.5000	  0.4311
557.0000	  0.4323
556.5000	  0.4332
556.0000	  0.4348
555.5000	  0.4367
555.0000	  0.4382
554.5000	  0.4401
554.0000	  0.4415
553.5000	  0.4426
553.0000	  0.4446
552.5000	  0.4468
552.0000	  0.4482
551.5000	  0.4504
551.0000	  0.4516
550.5000	  0.4532
550.0000	  0.4554
549.5000	  0.4577
549.0000	  0.4592
548.5000	  0.4617
548.0000	  0.4635
547.5000	  0.4655
547.0000	  0.4674
546.5000	  0.4697
546.0000	  0.4723
545.5000	  0.4745
545.0000	  0.4767
544.5000	  0.4789
544.0000	  0.4814
543.5000	  0.4831
543.0000	  0.4862
542.5000	  0.4874
542.0000	  0.4908
541.5000	  0.4933
541.0000	  0.4965
540.5000	  0.4980
540.0000	  0.5015
539.5000	  0.5035
539.0000	  0.5065
538.5000	  0.5089
538.0000	  0.5111
537.5000	  0.5152
537.0000	  0.5170
536.5000	  0.5197
536.0000	  0.5227
535.5000	  0.5255
535.0000	  0.5283
534.5000	  0.5319
534.0000	  0.5339
533.5000	  0.5377
533.0000	  0.5405
532.5000	  0.5433
532.0000	  0.5468
531.5000	  0.5486
531.0000	  0.5522
530.5000	  0.5554
530.0000	  0.5582
529.5000	  0.5621
529.0000	  0.5644
528.5000	  0.5670
528.0000	  0.5710
527.5000	  0.5734
527.0000	  0.5766
526.5000	  0.5809
526.0000	  0.5826
525.5000	  0.5860
525.0000	  0.5893
524.5000	  0.5920
524.0000	  0.5953
523.5000	  0.5981
523.0000	  0.6015
522.5000	  0.6045
522.0000	  0.6072
521.5000	  0.6099
521.0000	  0.6137
520.5000	  0.6162
520.0000	  0.6191
519.5000	  0.6219
519.0000	  0.6248
518.5000	  0.6276
518.0000	  0.6309
517.5000	  0.6327
517.0000	  0.6362
516.5000	  0.6386
516.0000	  0.6407
515.5000	  0.6436
515.0000	  0.6463
514.5000	  0.6487
514.0000	  0.6515
513.5000	  0.6541
513.0000	  0.6567
512.5000	  0.6598
512.0000	  0.6610
511.5000	  0.6633
511.0000	  0.6662
510.5000	  0.6682
510.0000	  0.6717
509.5000	  0.6726
509.0000	  0.6756
508.5000	  0.6784
508.0000	  0.6804
507.5000	  0.6835
507.0000	  0.6860
506.5000	  0.6875
506.0000	  0.6904
505.5000	  0.6931
505.0000	  0.6952
504.5000	  0.6987
504.0000	  0.7001
503.5000	  0.7021
503.0000	  0.7058
502.5000	  0.7083
502.0000	  0.7104
501.5000	  0.7122
501.0000	  0.7146
500.5000	  0.7170
500.0000	  0.7190
499.5000	  0.7203
499.0000	  0.7242
498.5000	  0.7248
498.0000	  0.7265
497.5000	  0.7290
497.0000	  0.7307
496.5000	  0.7324
496.0000	  0.7352
495.5000	  0.7350
495.0000	  0.7375
494.5000	  0.7389
494.0000	  0.7400
493.5000	  0.7420
493.0000	  0.7418
492.5000	  0.7437
492.0000	  0.7455
491.5000	  0.7468
491.0000	  0.7467
490.5000	  0.7483
490.0000	  0.7486
489.5000	  0.7492
489.0000	  0.7497
488.5000	  0.7501
488.0000	  0.7517
487.5000	  0.7510
487.0000	  0.7521
486.5000	  0.7523
486.0000	  0.7523
485.5000	  0.7543
485.0000	  0.7542
484.5000	  0.7539
484.0000	  0.7543
483.5000	  0.7547
483.0000	  0.7559
482.5000	  0.7567
482.0000	  0.7558
481.5000	  0.7561
481.0000	  0.7565
480.5000	  0.7563
480.0000	  0.7576
479.5000	  0.7581
479.0000	  0.7572
478.5000	  0.7589
478.0000	  0.7600
477.5000	  0.7586
477.0000	  0.7596
476.5000	  0.7588
476.0000	  0.7601
475.5000	  0.7613
475.0000	  0.7604
474.5000	  0.7622
474.0000	  0.7604
473.5000	  0.7615
473.0000	  0.7628
472.5000	  0.7623
472.0000	  0.7622
471.5000	  0.7640
471.0000	  0.7626
470.5000	  0.7639
470.0000	  0.7649
469.5000	  0.7643
469.0000	  0.7659
468.5000	  0.7667
468.0000	  0.7668
467.5000	  0.7676
467.0000	  0.7678
466.5000	  0.7691
466.0000	  0.7695
465.5000	  0.7700
465.0000	  0.7717
464.5000	  0.7714
464.0000	  0.7719
463.5000	  0.7733
463.0000	  0.7728
462.5000	  0.7739
462.0000	  0.7744
461.5000	  0.7765
461.0000	  0.7761
460.5000	  0.7780
460.0000	  0.7779
459.5000	  0.7771
459.0000	  0.7784
458.5000	  0.7802
458.0000	  0.7807
457.5000	  0.7795
457.0000	  0.7812
456.5000	  0.7815
456.0000	  0.7800
455.5000	  0.7812
455.0000	  0.7809
454.5000	  0.7797
454.0000	  0.7778
453.5000	  0.7787
453.0000	  0.7773
452.5000	  0.7762
452.0000	  0.7745
451.5000	  0.7748
451.0000	  0.7716
450.5000	  0.7703
450.0000	  0.7693
449.5000	  0.7673
449.0000	  0.7656
448.5000	  0.7654
448.0000	  0.7637
447.5000	  0.7628
447.0000	  0.7616
446.5000	  0.7603
446.0000	  0.7580
445.5000	  0.7570
445.0000	  0.7565
444.5000	  0.7556
444.0000	  0.7535
443.5000	  0.7521
443.0000	  0.7528
442.5000	  0.7498
442.0000	  0.7497
441.5000	  0.7494
441.0000	  0.7480
440.5000	  0.7461
440.0000	  0.7467
439.5000	  0.7458
439.0000	  0.7458
438.5000	  0.7440
438.0000	  0.7444
437.5000	  0.7442
437.0000	  0.7435
436.5000	  0.7429
436.0000	  0.7410
435.5000	  0.7419
435.0000	  0.7416
434.5000	  0.7420
434.0000	  0.7408
433.5000	  0.7396
433.0000	  0.7394
432.5000	  0.7389
432.0000	  0.7391
431.5000	  0.7389
431.0000	  0.7392
430.5000	  0.7374
430.0000	  0.7386
429.5000	  0.7371
429.0000	  0.7370
428.5000	  0.7365
428.0000	  0.7370
427.5000	  0.7368
427.0000	  0.7364
426.5000	  0.7353
426.0000	  0.7374
425.5000	  0.7361
425.0000	  0.7343
424.5000	  0.7367
424.0000	  0.7356
423.5000	  0.7360
423.0000	  0.7377
422.5000	  0.7346
422.0000	  0.7355
421.5000	  0.7360
421.0000	  0.7368
420.5000	  0.7371
420.0000	  0.7364
419.5000	  0.7354
419.0000	  0.7354
418.5000	  0.7353
418.0000	  0.7358
417.5000	  0.7359
417.0000	  0.7367
416.5000	  0.7362
416.0000	  0.7364
415.5000	  0.7352
415.0000	  0.7377
414.5000	  0.7352
414.0000	  0.7365
413.5000	  0.7360
413.0000	  0.7364
412.5000	  0.7355
412.0000	  0.7377
411.5000	  0.7348
411.0000	  0.7371
410.5000	  0.7353
410.0000	  0.7351
409.5000	  0.7358
409.0000	  0.7360
408.5000	  0.7369
408.0000	  0.7373
407.5000	  0.7341
407.0000	  0.7349
406.5000	  0.7349
406.0000	  0.7351
405.5000	  0.7356
405.0000	  0.7369
404.5000	  0.7356
404.0000	  0.7352
403.5000	  0.7338
403.0000	  0.7360
402.5000	  0.7346
402.0000	  0.7354
401.5000	  0.7371
401.0000	  0.7347
400.5000	  0.7339
400.0000	  0.7351
399.5000	  0.7363
399.0000	  0.7345
398.5000	  0.7353
398.0000	  0.7345
397.5000	  0.7352
397.0000	  0.7355
396.5000	  0.7353
396.0000	  0.7361
395.5000	  0.7344
395.0000	  0.7351
394.5000	  0.7357
394.0000	  0.7336
393.5000	  0.7360
393.0000	  0.7371
392.5000	  0.7348
392.0000	  0.7366
391.5000	  0.7363
391.0000	  0.7365
390.5000	  0.7376
390.0000	  0.7377
389.5000	  0.7357
389.0000	  0.7379
388.5000	  0.7388
388.0000	  0.7393
387.5000	  0.7391
387.0000	  0.7396
386.5000	  0.7416
386.0000	  0.7432
385.5000	  0.7425
385.0000	  0.7447
384.5000	  0.7424
384.0000	  0.7430
383.5000	  0.7452
383.0000	  0.7437
382.5000	  0.7450
382.0000	  0.7452
381.5000	  0.7437
381.0000	  0.7459
380.5000	  0.7480
380.0000	  0.7455
379.5000	  0.7483
379.0000	  0.7475
378.5000	  0.7493
378.0000	  0.7488
377.5000	  0.7486
377.0000	  0.7496
376.5000	  0.7525
376.0000	  0.7472
375.5000	  0.7500
375.0000	  0.7500
374.5000	  0.7490
374.0000	  0.7531
373.5000	  0.7525
373.0000	  0.7511
372.5000	  0.7519
372.0000	  0.7519
371.5000	  0.7525
371.0000	  0.7527
370.5000	  0.7541
370.0000	  0.7534
369.5000	  0.7549
369.0000	  0.7563
368.5000	  0.7545
368.0000	  0.7527
367.5000	  0.7554
367.0000	  0.7549
366.5000	  0.7526
366.0000	  0.7585
365.5000	  0.7576
365.0000	  0.7571
364.5000	  0.7559
364.0000	  0.7560
363.5000	  0.7581
363.0000	  0.7568
362.5000	  0.7579
362.0000	  0.7613
361.5000	  0.7600
361.0000	  0.7614
360.5000	  0.7592
360.0000	  0.7618
359.5000	  0.7590
359.0000	  0.7607
358.5000	  0.7657
358.0000	  0.7635
357.5000	  0.7618
357.0000	  0.7658
356.5000	  0.7636
356.0000	  0.7663
355.5000	  0.7645
355.0000	  0.7633
354.5000	  0.7662
354.0000	  0.7686
353.5000	  0.7653
353.0000	  0.7672
352.5000	  0.7667
352.0000	  0.7697
351.5000	  0.7673
351.0000	  0.7685
350.5000	  0.7683
350.0000	  0.7707
349.5000	  0.7690
349.0000	  0.7684
348.5000	  0.7697
348.0000	  0.7680
347.5000	  0.7674
347.0000	  0.7705
346.5000	  0.7692
346.0000	  0.7671
345.5000	  0.7693
345.0000	  0.7695
344.5000	  0.7697
344.0000	  0.7680
343.5000	  0.7686
343.0000	  0.7658
342.5000	  0.7655
342.0000	  0.7660
341.5000	  0.7648
341.0000	  0.7685
340.5000	  0.7643
340.0000	  0.7696
339.5000	  0.7742
339.0000	  0.7736
338.5000	  0.7741
338.0000	  0.7691
337.5000	  0.7706
337.0000	  0.7697
336.5000	  0.7727
336.0000	  0.7670
335.5000	  0.7659
335.0000	  0.7702
334.5000	  0.7667
334.0000	  0.7653
333.5000	  0.7661
333.0000	  0.7642
332.5000	  0.7566
332.0000	  0.7617
331.5000	  0.7609
331.0000	  0.7594
330.5000	  0.7588
330.0000	  0.7604
329.5000	  0.7558
329.0000	  0.7551
328.5000	  0.7510
328.0000	  0.7516
327.5000	  0.7475
327.0000	  0.7504
326.5000	  0.7496
326.0000	  0.7450
325.5000	  0.7440
325.0000	  0.7441
324.5000	  0.7411
324.0000	  0.7350
323.5000	  0.7377
323.0000	  0.7329
322.5000	  0.7323
322.0000	  0.7301
321.5000	  0.7200
321.0000	  0.7170
320.5000	  0.7204
320.0000	  0.7079
319.5000	  0.7051
319.0000	  0.7047
318.5000	  0.6915
318.0000	  0.6860
317.5000	  0.6859
317.0000	  0.6798
316.5000	  0.6743
316.0000	  0.6702
315.5000	  0.6610
315.0000	  0.6543
314.5000	  0.6406
314.0000	  0.6357
313.5000	  0.6224
313.0000	  0.6249
312.5000	  0.6159
312.0000	  0.6046
311.5000	  0.5990
311.0000	  0.5859
310.5000	  0.5796
310.0000	  0.5599
309.5000	  0.5543
309.0000	  0.5320
308.5000	  0.5402
308.0000	  0.5031
307.5000	  0.5021
307.0000	  0.4893
306.5000	  0.4844
306.0000	  0.4602
305.5000	  0.4494
305.0000	  0.4304
304.5000	  0.4331
304.0000	  0.4066
303.5000	  0.3973
303.0000	  0.3813
302.5000	  0.3516
302.0000	  0.3601
301.5000	  0.3215
301.0000	  0.3468
300.5000	  0.3025
300.0000	  0.2814
299.5000	  0.2737
299.0000	  0.2976
298.5000	  0.2636
298.0000	  0.2507
297.5000	  0.3230
297.0000	  0.2451
296.5000	  0.1980
296.0000	  0.2571
295.5000	  0.3875
295.0000	  0.4386
294.5000	  0.7891
294.0000	  0.2263
293.5000	  0.1151
293.0000	  0.2703
292.5000	  0.3396
292.0000	  0.1908
291.5000	  2.1184
291.0000	  0.3408
290.5000	  0.1630
290.0000	  0.4116
289.5000	  1.1430
289.0000	  0.7062
288.5000	  8.1093
288.0000	  2.4817
287.5000	  0.0138
287.0000	  1.3795
286.5000	  1.8134
286.0000	  0.0169
285.5000	 -0.6743
285.0000	 -0.0442
284.5000	  5.6174
284.0000	  1.2757
283.5000	 -2.7406
283.0000	  1.7466
282.5000	  2.3322
282.0000	  0.7411
281.5000	  1.2302
281.0000	  1.3134
280.5000	  3.7360
280.0000	  0.5716
279.5000	  0.7466
279.0000	  4.0262
278.5000	 -0.5032
278.0000	  0.4716
277.5000	  1.1667
277.0000	 -0.8090
276.5000	  0.5511
276.0000	  0.3483
275.5000	  0.5933
275.0000	  1.9768
274.5000	  0.5975
274.0000	  1.4518
273.5000	  1.0105
273.0000	 -0.0245
272.5000	  3.7856
272.0000	  4.5360
271.5000	  2.0772
271.0000	  0.2016
270.5000	 -0.0318
270.0000	  2.8220
269.5000	 -1.2298
269.0000	  0.0443
268.5000	  0.8906
268.0000	  0.4179
267.5000	  0.7841
267.0000	 35.3895
266.5000	  1.4007
266.0000	  1.7556
265.5000	  1.2721
265.0000	  0.9139
264.5000	  2.3345
264.0000	  1.4437
263.5000	  0.4514
263.0000	  2.8418
262.5000	  0.8226
262.0000	 -3.3471
261.5000	  0.4566
261.0000	  0.2254
260.5000	 -0.2811
260.0000	 -4.4594
259.5000	 12.4385
259.0000	  0.4669
258.5000	 -0.6806
258.0000	 -1.7775
257.5000	  0.3968
257.0000	  9.4356
256.5000	  1.1575
256.0000	  0.4972
255.5000	  0.0730
255.0000	  1.2906
254.5000	  0.2587
254.0000	  0.9808
253.5000	 70.0567
253.0000	  2.3873
252.5000	  0.3399
252.0000	  1.6775
251.5000	 -0.5826
251.0000	 -8.8275
250.5000	  1.0097
250.0000	  1.7020
249.5000	 -1.2393
249.0000	 -3.4561
248.5000	  2.4201
248.0000	 -0.4548
247.5000	  0.3514
247.0000	  0.5621
246.5000	 -1.7222
246.0000	-56.5752
245.5000	  0.3294
245.0000	  3.3428
244.5000	  1.0672
244.0000	  3.3312
243.5000	  0.7431
243.0000	  1.0387
242.5000	 -0.4549
242.0000	  0.1837
241.5000	  1.0205
241.0000	  2.8212
240.5000	 -0.1010
240.0000	  0.5296
239.5000	  2.4497
239.0000	  0.3617
238.5000	 -0.3049
238.0000	 11.5023
237.5000	  0.5155
237.0000	 -2.6927
236.5000	  0.8097
236.0000	 -3.7307
235.5000	  0.4742
235.0000	  1.5426
234.5000	 -0.7998
234.0000	  1.2872
233.5000	 36.3584
233.0000	 -0.7794
232.5000	 -1.6143
232.0000	  0.9934
231.5000	  1.1594
231.0000	  2.5491
230.5000	 -0.9003
230.0000	 -0.1614
229.5000	  3.5736
229.0000	  3.3941
228.5000	  5.3705
228.0000	  0.2165
227.5000	  0.6518
227.0000	  2.7292
226.5000	  1.3123
226.0000	  0.4736
225.5000	  3.6745
225.0000	 -2.3140
224.5000	 -0.1034
224.0000	 -1.3193
223.5000	  0.5131
223.0000	  1.3059
222.5000	  0.9565
222.0000	  2.6204
221.5000	  1.3752
221.0000	  4.0050
220.5000	  0.3470
220.0000	  1.9153
219.5000	 -0.1662
219.0000	  2.3416
218.5000	  0.8109
218.0000	  1.3360
217.5000	 27.4449
217.0000	 -1.0437
216.5000	  1.4724
216.0000	  8.9901
215.5000	  0.6475
215.0000	 -1.5908
214.5000	 -0.6358
214.0000	  1.1932
213.5000	  0.1179
213.0000	 10.4087
212.5000	  0.5853
212.0000	  0.2544
211.5000	  2.5455
211.0000	  1.3865
210.5000	 -0.4275
210.0000	  0.7990
209.5000	  4.5636
209.0000	  0.8186
208.5000	  1.7702
208.0000	  1.6142
207.5000	  1.8256
207.0000	  0.6344
206.5000	 27.5352
206.0000	 -5.0244
205.5000	  1.0374
205.0000	  0.4824
204.5000	  0.0454
204.0000	  0.7092
203.5000	 -0.8770
203.0000	 -1.3582
202.5000	  3.2282
202.0000	  0.5096
201.5000	  0.8417
201.0000	 -2.5796
200.5000	  1.0818
200.0000	  0.8598

