14/05/2024 16.34.38
14/05/2024 16.43.37

800.0000	 32.6700

800.0000	 32.6700

900.0000	 26.6900



  1.0000
900.0000
  3.0000
340.0000
  1.0000
1401.0000
  5.0000
  6.0000
  1.0000
  1.0000
  0.0000
  0.0000
100.0000
  0.0000
  1.0000
  0.0000
500.0000
900.0000
200.0000
  4.0000
  1.0000
 18.0000
  2.0000
  1.0000
255.0000
  0.8304
  1.0000
 30.0000
  4.0000
500.0000
  0.0000
  0.0000
  4.0000
900.0000
200.0000
  0.0000
100.0000
  0.0000
  1.0000
  0.0000
500.0000
  1.0000
  1.0000
  1.0000
  1.0000
  4.0000
  0.0000
  1.0000
  1.0000
  1.0000
  1.0000
  1.0000
  2.0000
  1.0000
  1.0000
  1.0000
  3.0000
  1.0000
  1.0000
  1.0000
  4.0000
  5.0000
539.246
0.000

Lambda:	800
Abs:		-0.0004
ID:			2
Run:		3
Temp:		0
#

900.0000	  0.2653
899.5000	  0.2718
899.0000	  0.2666
898.5000	  0.2587
898.0000	  0.2634
897.5000	  0.2444
897.0000	  0.2663
896.5000	  0.2719
896.0000	  0.2713
895.5000	  0.2776
895.0000	  0.2613
894.5000	  0.2615
894.0000	  0.2745
893.5000	  0.2676
893.0000	  0.2699
892.5000	  0.2759
892.0000	  0.2695
891.5000	  0.2776
891.0000	  0.2599
890.5000	  0.2651
890.0000	  0.2623
889.5000	  0.2630
889.0000	  0.2684
888.5000	  0.2684
888.0000	  0.2691
887.5000	  0.2594
887.0000	  0.2726
886.5000	  0.2741
886.0000	  0.2637
885.5000	  0.2698
885.0000	  0.2701
884.5000	  0.2657
884.0000	  0.2624
883.5000	  0.2685
883.0000	  0.2734
882.5000	  0.2732
882.0000	  0.2693
881.5000	  0.2719
881.0000	  0.2653
880.5000	  0.2708
880.0000	  0.2696
879.5000	  0.2733
879.0000	  0.2693
878.5000	  0.2718
878.0000	  0.2678
877.5000	  0.2733
877.0000	  0.2699
876.5000	  0.2774
876.0000	  0.2720
875.5000	  0.2699
875.0000	  0.2729
874.5000	  0.2728
874.0000	  0.2704
873.5000	  0.2744
873.0000	  0.2804
872.5000	  0.2763
872.0000	  0.2795
871.5000	  0.2735
871.0000	  0.2729
870.5000	  0.2724
870.0000	  0.2746
869.5000	  0.2760
869.0000	  0.2760
868.5000	  0.2744
868.0000	  0.2801
867.5000	  0.2783
867.0000	  0.2786
866.5000	  0.2815
866.0000	  0.2794
865.5000	  0.2797
865.0000	  0.2796
864.5000	  0.2796
864.0000	  0.2798
863.5000	  0.2785
863.0000	  0.2810
862.5000	  0.2802
862.0000	  0.2826
861.5000	  0.2819
861.0000	  0.2815
860.5000	  0.2846
860.0000	  0.2821
859.5000	  0.2846
859.0000	  0.2835
858.5000	  0.2846
858.0000	  0.2873
857.5000	  0.2876
857.0000	  0.2856
856.5000	  0.2851
856.0000	  0.2870
855.5000	  0.2870
855.0000	  0.2868
854.5000	  0.2871
854.0000	  0.2858
853.5000	  0.2876
853.0000	  0.2894
852.5000	  0.2898
852.0000	  0.2915
851.5000	  0.2893
851.0000	  0.2904
850.5000	  0.2900
850.0000	  0.2909
849.5000	  0.2909
849.0000	  0.2914
848.5000	  0.2930
848.0000	  0.2934
847.5000	  0.2931
847.0000	  0.2924
846.5000	  0.2932
846.0000	  0.2936
845.5000	  0.2932
845.0000	  0.2949
844.5000	  0.2952
844.0000	  0.2955
843.5000	  0.2937
843.0000	  0.2960
842.5000	  0.2959
842.0000	  0.2963
841.5000	  0.2961
841.0000	  0.2957
840.5000	  0.2969
840.0000	  0.2969
839.5000	  0.2964
839.0000	  0.2971
838.5000	  0.2977
838.0000	  0.2985
837.5000	  0.2977
837.0000	  0.2985
836.5000	  0.2986
836.0000	  0.2987
835.5000	  0.2987
835.0000	  0.3007
834.5000	  0.3001
834.0000	  0.3003
833.5000	  0.3003
833.0000	  0.3005
832.5000	  0.3014
832.0000	  0.3005
831.5000	  0.3013
831.0000	  0.3028
830.5000	  0.3028
830.0000	  0.3023
829.5000	  0.3031
829.0000	  0.3027
828.5000	  0.3021
828.0000	  0.3027
827.5000	  0.3036
827.0000	  0.3036
826.5000	  0.3042
826.0000	  0.3044
825.5000	  0.3056
825.0000	  0.3061
824.5000	  0.3060
824.0000	  0.3055
823.5000	  0.3067
823.0000	  0.3061
822.5000	  0.3073
822.0000	  0.3079
821.5000	  0.3073
821.0000	  0.3083
820.5000	  0.3083
820.0000	  0.3091
819.5000	  0.3080
819.0000	  0.3088
818.5000	  0.3096
818.0000	  0.3100
817.5000	  0.3101
817.0000	  0.3103
816.5000	  0.3106
816.0000	  0.3115
815.5000	  0.3122
815.0000	  0.3125
814.5000	  0.3123
814.0000	  0.3119
813.5000	  0.3127
813.0000	  0.3144
812.5000	  0.3144
812.0000	  0.3151
811.5000	  0.3147
811.0000	  0.3158
810.5000	  0.3164
810.0000	  0.3166
809.5000	  0.3172
809.0000	  0.3173
808.5000	  0.3177
808.0000	  0.3189
807.5000	  0.3194
807.0000	  0.3193
806.5000	  0.3201
806.0000	  0.3213
805.5000	  0.3214
805.0000	  0.3214
804.5000	  0.3215
804.0000	  0.3226
803.5000	  0.3229
803.0000	  0.3229
802.5000	  0.3236
802.0000	  0.3240
801.5000	  0.3238
801.0000	  0.3238
800.5000	  0.3258
800.0000	  0.3265
799.5000	  0.3261
799.0000	  0.3271
798.5000	  0.3265
798.0000	  0.3269
797.5000	  0.3282
797.0000	  0.3284
796.5000	  0.3293
796.0000	  0.3297
795.5000	  0.3300
795.0000	  0.3314
794.5000	  0.3311
794.0000	  0.3319
793.5000	  0.3321
793.0000	  0.3327
792.5000	  0.3332
792.0000	  0.3339
791.5000	  0.3339
791.0000	  0.3354
790.5000	  0.3352
790.0000	  0.3350
789.5000	  0.3366
789.0000	  0.3367
788.5000	  0.3374
788.0000	  0.3386
787.5000	  0.3379
787.0000	  0.3383
786.5000	  0.3389
786.0000	  0.3397
785.5000	  0.3407
785.0000	  0.3405
784.5000	  0.3417
784.0000	  0.3415
783.5000	  0.3425
783.0000	  0.3429
782.5000	  0.3437
782.0000	  0.3448
781.5000	  0.3438
781.0000	  0.3450
780.5000	  0.3456
780.0000	  0.3465
779.5000	  0.3475
779.0000	  0.3468
778.5000	  0.3477
778.0000	  0.3481
777.5000	  0.3487
777.0000	  0.3503
776.5000	  0.3496
776.0000	  0.3507
775.5000	  0.3511
775.0000	  0.3511
774.5000	  0.3530
774.0000	  0.3527
773.5000	  0.3532
773.0000	  0.3530
772.5000	  0.3542
772.0000	  0.3557
771.5000	  0.3548
771.0000	  0.3561
770.5000	  0.3571
770.0000	  0.3574
769.5000	  0.3578
769.0000	  0.3586
768.5000	  0.3591
768.0000	  0.3590
767.5000	  0.3606
767.0000	  0.3606
766.5000	  0.3607
766.0000	  0.3612
765.5000	  0.3626
765.0000	  0.3633
764.5000	  0.3640
764.0000	  0.3641
763.5000	  0.3647
763.0000	  0.3653
762.5000	  0.3657
762.0000	  0.3666
761.5000	  0.3674
761.0000	  0.3674
760.5000	  0.3685
760.0000	  0.3686
759.5000	  0.3701
759.0000	  0.3704
758.5000	  0.3710
758.0000	  0.3713
757.5000	  0.3734
757.0000	  0.3733
756.5000	  0.3731
756.0000	  0.3740
755.5000	  0.3746
755.0000	  0.3754
754.5000	  0.3760
754.0000	  0.3765
753.5000	  0.3774
753.0000	  0.3775
752.5000	  0.3790
752.0000	  0.3798
751.5000	  0.3798
751.0000	  0.3797
750.5000	  0.3813
750.0000	  0.3819
749.5000	  0.3823
749.0000	  0.3824
748.5000	  0.3832
748.0000	  0.3842
747.5000	  0.3840
747.0000	  0.3855
746.5000	  0.3860
746.0000	  0.3868
745.5000	  0.3877
745.0000	  0.3885
744.5000	  0.3893
744.0000	  0.3893
743.5000	  0.3904
743.0000	  0.3913
742.5000	  0.3920
742.0000	  0.3925
741.5000	  0.3929
741.0000	  0.3939
740.5000	  0.3944
740.0000	  0.3951
739.5000	  0.3957
739.0000	  0.3958
738.5000	  0.3968
738.0000	  0.3980
737.5000	  0.3990
737.0000	  0.3998
736.5000	  0.3997
736.0000	  0.4006
735.5000	  0.4021
735.0000	  0.4026
734.5000	  0.4041
734.0000	  0.4028
733.5000	  0.4052
733.0000	  0.4056
732.5000	  0.4066
732.0000	  0.4081
731.5000	  0.4072
731.0000	  0.4082
730.5000	  0.4093
730.0000	  0.4104
729.5000	  0.4116
729.0000	  0.4122
728.5000	  0.4135
728.0000	  0.4140
727.5000	  0.4149
727.0000	  0.4162
726.5000	  0.4167
726.0000	  0.4179
725.5000	  0.4194
725.0000	  0.4203
724.5000	  0.4217
724.0000	  0.4228
723.5000	  0.4229
723.0000	  0.4246
722.5000	  0.4258
722.0000	  0.4276
721.5000	  0.4279
721.0000	  0.4291
720.5000	  0.4305
720.0000	  0.4320
719.5000	  0.4320
719.0000	  0.4333
718.5000	  0.4347
718.0000	  0.4350
717.5000	  0.4359
717.0000	  0.4365
716.5000	  0.4362
716.0000	  0.4367
715.5000	  0.4368
715.0000	  0.4371
714.5000	  0.4375
714.0000	  0.4381
713.5000	  0.4371
713.0000	  0.4378
712.5000	  0.4386
712.0000	  0.4390
711.5000	  0.4394
711.0000	  0.4392
710.5000	  0.4400
710.0000	  0.4398
709.5000	  0.4402
709.0000	  0.4413
708.5000	  0.4417
708.0000	  0.4423
707.5000	  0.4425
707.0000	  0.4437
706.5000	  0.4438
706.0000	  0.4451
705.5000	  0.4454
705.0000	  0.4458
704.5000	  0.4470
704.0000	  0.4473
703.5000	  0.4480
703.0000	  0.4491
702.5000	  0.4503
702.0000	  0.4504
701.5000	  0.4515
701.0000	  0.4529
700.5000	  0.4535
700.0000	  0.4534
699.5000	  0.4544
699.0000	  0.4550
698.5000	  0.4570
698.0000	  0.4576
697.5000	  0.4579
697.0000	  0.4590
696.5000	  0.4594
696.0000	  0.4603
695.5000	  0.4621
695.0000	  0.4614
694.5000	  0.4628
694.0000	  0.4635
693.5000	  0.4638
693.0000	  0.4654
692.5000	  0.4654
692.0000	  0.4670
691.5000	  0.4671
691.0000	  0.4683
690.5000	  0.4693
690.0000	  0.4695
689.5000	  0.4708
689.0000	  0.4710
688.5000	  0.4729
688.0000	  0.4732
687.5000	  0.4742
687.0000	  0.4748
686.5000	  0.4756
686.0000	  0.4759
685.5000	  0.4771
685.0000	  0.4781
684.5000	  0.4796
684.0000	  0.4793
683.5000	  0.4808
683.0000	  0.4818
682.5000	  0.4826
682.0000	  0.4832
681.5000	  0.4844
681.0000	  0.4851
680.5000	  0.4857
680.0000	  0.4857
679.5000	  0.4868
679.0000	  0.4882
678.5000	  0.4894
678.0000	  0.4896
677.5000	  0.4906
677.0000	  0.4909
676.5000	  0.4930
676.0000	  0.4931
675.5000	  0.4938
675.0000	  0.4947
674.5000	  0.4966
674.0000	  0.4974
673.5000	  0.4973
673.0000	  0.4975
672.5000	  0.4981
672.0000	  0.4997
671.5000	  0.5005
671.0000	  0.5021
670.5000	  0.5021
670.0000	  0.5031
669.5000	  0.5036
669.0000	  0.5049
668.5000	  0.5057
668.0000	  0.5057
667.5000	  0.5072
667.0000	  0.5086
666.5000	  0.5087
666.0000	  0.5097
665.5000	  0.5099
665.0000	  0.5122
664.5000	  0.5129
664.0000	  0.5131
663.5000	  0.5150
663.0000	  0.5142
662.5000	  0.5158
662.0000	  0.5164
661.5000	  0.5170
661.0000	  0.5188
660.5000	  0.5186
660.0000	  0.5194
659.5000	  0.5204
659.0000	  0.5211
658.5000	  0.5222
658.0000	  0.5226
657.5000	  0.5240
657.0000	  0.5243
656.5000	  0.5253
656.0000	  0.5267
655.5000	  0.5260
655.0000	  0.5277
654.5000	  0.5280
654.0000	  0.5295
653.5000	  0.5305
653.0000	  0.5310
652.5000	  0.5315
652.0000	  0.5327
651.5000	  0.5336
651.0000	  0.5348
650.5000	  0.5344
650.0000	  0.5353
649.5000	  0.5363
649.0000	  0.5373
648.5000	  0.5382
648.0000	  0.5389
647.5000	  0.5391
647.0000	  0.5400
646.5000	  0.5414
646.0000	  0.5428
645.5000	  0.5427
645.0000	  0.5435
644.5000	  0.5438
644.0000	  0.5453
643.5000	  0.5459
643.0000	  0.5470
642.5000	  0.5473
642.0000	  0.5474
641.5000	  0.5489
641.0000	  0.5495
640.5000	  0.5505
640.0000	  0.5510
639.5000	  0.5516
639.0000	  0.5523
638.5000	  0.5530
638.0000	  0.5538
637.5000	  0.5536
637.0000	  0.5544
636.5000	  0.5556
636.0000	  0.5562
635.5000	  0.5569
635.0000	  0.5566
634.5000	  0.5577
634.0000	  0.5583
633.5000	  0.5592
633.0000	  0.5601
632.5000	  0.5599
632.0000	  0.5614
631.5000	  0.5621
631.0000	  0.5631
630.5000	  0.5644
630.0000	  0.5642
629.5000	  0.5658
629.0000	  0.5667
628.5000	  0.5682
628.0000	  0.5702
627.5000	  0.5701
627.0000	  0.5724
626.5000	  0.5739
626.0000	  0.5755
625.5000	  0.5768
625.0000	  0.5788
624.5000	  0.5797
624.0000	  0.5809
623.5000	  0.5824
623.0000	  0.5849
622.5000	  0.5855
622.0000	  0.5870
621.5000	  0.5882
621.0000	  0.5896
620.5000	  0.5908
620.0000	  0.5911
619.5000	  0.5921
619.0000	  0.5945
618.5000	  0.5958
618.0000	  0.5961
617.5000	  0.5967
617.0000	  0.5977
616.5000	  0.5979
616.0000	  0.5987
615.5000	  0.5995
615.0000	  0.5999
614.5000	  0.6014
614.0000	  0.6018
613.5000	  0.6025
613.0000	  0.6030
612.5000	  0.6039
612.0000	  0.6045
611.5000	  0.6055
611.0000	  0.6056
610.5000	  0.6072
610.0000	  0.6077
609.5000	  0.6092
609.0000	  0.6097
608.5000	  0.6101
608.0000	  0.6104
607.5000	  0.6114
607.0000	  0.6123
606.5000	  0.6131
606.0000	  0.6146
605.5000	  0.6154
605.0000	  0.6160
604.5000	  0.6167
604.0000	  0.6178
603.5000	  0.6186
603.0000	  0.6191
602.5000	  0.6196
602.0000	  0.6202
601.5000	  0.6214
601.0000	  0.6226
600.5000	  0.6236
600.0000	  0.6238
599.5000	  0.6240
599.0000	  0.6246
598.5000	  0.6259
598.0000	  0.6280
597.5000	  0.6277
597.0000	  0.6281
596.5000	  0.6292
596.0000	  0.6297
595.5000	  0.6313
595.0000	  0.6317
594.5000	  0.6324
594.0000	  0.6333
593.5000	  0.6337
593.0000	  0.6360
592.5000	  0.6357
592.0000	  0.6360
591.5000	  0.6364
591.0000	  0.6380
590.5000	  0.6380
590.0000	  0.6386
589.5000	  0.6399
589.0000	  0.6416
588.5000	  0.6416
588.0000	  0.6418
587.5000	  0.6425
587.0000	  0.6436
586.5000	  0.6444
586.0000	  0.6449
585.5000	  0.6456
585.0000	  0.6457
584.5000	  0.6459
584.0000	  0.6475
583.5000	  0.6481
583.0000	  0.6493
582.5000	  0.6501
582.0000	  0.6499
581.5000	  0.6513
581.0000	  0.6510
580.5000	  0.6529
580.0000	  0.6534
579.5000	  0.6530
579.0000	  0.6541
578.5000	  0.6556
578.0000	  0.6565
577.5000	  0.6563
577.0000	  0.6576
576.5000	  0.6578
576.0000	  0.6585
575.5000	  0.6589
575.0000	  0.6598
574.5000	  0.6608
574.0000	  0.6607
573.5000	  0.6620
573.0000	  0.6631
572.5000	  0.6619
572.0000	  0.6634
571.5000	  0.6632
571.0000	  0.6645
570.5000	  0.6652
570.0000	  0.6669
569.5000	  0.6671
569.0000	  0.6672
568.5000	  0.6685
568.0000	  0.6677
567.5000	  0.6696
567.0000	  0.6698
566.5000	  0.6713
566.0000	  0.6712
565.5000	  0.6715
565.0000	  0.6729
564.5000	  0.6721
564.0000	  0.6736
563.5000	  0.6748
563.0000	  0.6743
562.5000	  0.6745
562.0000	  0.6747
561.5000	  0.6762
561.0000	  0.6764
560.5000	  0.6772
560.0000	  0.6789
559.5000	  0.6794
559.0000	  0.6804
558.5000	  0.6805
558.0000	  0.6812
557.5000	  0.6825
557.0000	  0.6821
556.5000	  0.6833
556.0000	  0.6834
555.5000	  0.6837
555.0000	  0.6848
554.5000	  0.6843
554.0000	  0.6848
553.5000	  0.6856
553.0000	  0.6859
552.5000	  0.6866
552.0000	  0.6872
551.5000	  0.6873
551.0000	  0.6879
550.5000	  0.6889
550.0000	  0.6891
549.5000	  0.6898
549.0000	  0.6896
548.5000	  0.6902
548.0000	  0.6915
547.5000	  0.6917
547.0000	  0.6916
546.5000	  0.6922
546.0000	  0.6920
545.5000	  0.6927
545.0000	  0.6932
544.5000	  0.6937
544.0000	  0.6933
543.5000	  0.6945
543.0000	  0.6949
542.5000	  0.6953
542.0000	  0.6962
541.5000	  0.6948
541.0000	  0.6966
540.5000	  0.6960
540.0000	  0.6961
539.5000	  0.6968
539.0000	  0.6963
538.5000	  0.6987
538.0000	  0.6979
537.5000	  0.6982
537.0000	  0.6982
536.5000	  0.6987
536.0000	  0.6993
535.5000	  0.6994
535.0000	  0.6992
534.5000	  0.7001
534.0000	  0.7001
533.5000	  0.7000
533.0000	  0.7007
532.5000	  0.7001
532.0000	  0.7015
531.5000	  0.7006
531.0000	  0.7010
530.5000	  0.7011
530.0000	  0.7016
529.5000	  0.7023
529.0000	  0.7011
528.5000	  0.7008
528.0000	  0.7021
527.5000	  0.7015
527.0000	  0.7029
526.5000	  0.7017
526.0000	  0.7025
525.5000	  0.7020
525.0000	  0.7019
524.5000	  0.7027
524.0000	  0.7015
523.5000	  0.7024
523.0000	  0.7028
522.5000	  0.7028
522.0000	  0.7027
521.5000	  0.7017
521.0000	  0.7021
520.5000	  0.7022
520.0000	  0.7022
519.5000	  0.7017
519.0000	  0.7008
518.5000	  0.7015
518.0000	  0.7007
517.5000	  0.7003
517.0000	  0.7012
516.5000	  0.6997
516.0000	  0.7002
515.5000	  0.6996
515.0000	  0.6997
514.5000	  0.6998
514.0000	  0.6985
513.5000	  0.6987
513.0000	  0.6988
512.5000	  0.6983
512.0000	  0.6984
511.5000	  0.6966
511.0000	  0.6976
510.5000	  0.6968
510.0000	  0.6969
509.5000	  0.6968
509.0000	  0.6963
508.5000	  0.6961
508.0000	  0.6961
507.5000	  0.6965
507.0000	  0.6957
506.5000	  0.6954
506.0000	  0.6961
505.5000	  0.6958
505.0000	  0.6956
504.5000	  0.6960
504.0000	  0.6959
503.5000	  0.6959
503.0000	  0.6962
502.5000	  0.6961
502.0000	  0.6962
501.5000	  0.6957
501.0000	  0.6966
500.5000	  0.6958
500.0000	  0.6961
499.5000	  0.6956
499.0000	  0.6947
498.5000	  0.6965
498.0000	  0.6952
497.5000	  0.6960
497.0000	  0.6941
496.5000	  0.6939
496.0000	  0.6940
495.5000	  0.6940
495.0000	  0.6928
494.5000	  0.6929
494.0000	  0.6923
493.5000	  0.6914
493.0000	  0.6902
492.5000	  0.6902
492.0000	  0.6881
491.5000	  0.6875
491.0000	  0.6875
490.5000	  0.6862
490.0000	  0.6860
489.5000	  0.6841
489.0000	  0.6839
488.5000	  0.6819
488.0000	  0.6805
487.5000	  0.6801
487.0000	  0.6774
486.5000	  0.6769
486.0000	  0.6764
485.5000	  0.6758
485.0000	  0.6755
484.5000	  0.6728
484.0000	  0.6713
483.5000	  0.6707
483.0000	  0.6699
482.5000	  0.6693
482.0000	  0.6672
481.5000	  0.6673
481.0000	  0.6670
480.5000	  0.6646
480.0000	  0.6647
479.5000	  0.6630
479.0000	  0.6623
478.5000	  0.6612
478.0000	  0.6596
477.5000	  0.6598
477.0000	  0.6586
476.5000	  0.6578
476.0000	  0.6571
475.5000	  0.6554
475.0000	  0.6558
474.5000	  0.6533
474.0000	  0.6544
473.5000	  0.6527
473.0000	  0.6527
472.5000	  0.6517
472.0000	  0.6505
471.5000	  0.6496
471.0000	  0.6489
470.5000	  0.6489
470.0000	  0.6495
469.5000	  0.6460
469.0000	  0.6469
468.5000	  0.6466
468.0000	  0.6460
467.5000	  0.6459
467.0000	  0.6445
466.5000	  0.6450
466.0000	  0.6446
465.5000	  0.6439
465.0000	  0.6428
464.5000	  0.6439
464.0000	  0.6428
463.5000	  0.6423
463.0000	  0.6429
462.5000	  0.6432
462.0000	  0.6415
461.5000	  0.6412
461.0000	  0.6414
460.5000	  0.6414
460.0000	  0.6410
459.5000	  0.6400
459.0000	  0.6395
458.5000	  0.6399
458.0000	  0.6387
457.5000	  0.6388
457.0000	  0.6372
456.5000	  0.6365
456.0000	  0.6358
455.5000	  0.6349
455.0000	  0.6332
454.5000	  0.6318
454.0000	  0.6308
453.5000	  0.6301
453.0000	  0.6279
452.5000	  0.6275
452.0000	  0.6238
451.5000	  0.6236
451.0000	  0.6206
450.5000	  0.6207
450.0000	  0.6175
449.5000	  0.6171
449.0000	  0.6153
448.5000	  0.6143
448.0000	  0.6117
447.5000	  0.6103
447.0000	  0.6087
446.5000	  0.6058
446.0000	  0.6056
445.5000	  0.6037
445.0000	  0.6032
444.5000	  0.6013
444.0000	  0.6009
443.5000	  0.5987
443.0000	  0.5973
442.5000	  0.5966
442.0000	  0.5943
441.5000	  0.5936
441.0000	  0.5925
440.5000	  0.5927
440.0000	  0.5908
439.5000	  0.5900
439.0000	  0.5893
438.5000	  0.5880
438.0000	  0.5875
437.5000	  0.5872
437.0000	  0.5853
436.5000	  0.5850
436.0000	  0.5843
435.5000	  0.5845
435.0000	  0.5836
434.5000	  0.5820
434.0000	  0.5817
433.5000	  0.5803
433.0000	  0.5795
432.5000	  0.5791
432.0000	  0.5790
431.5000	  0.5774
431.0000	  0.5781
430.5000	  0.5766
430.0000	  0.5767
429.5000	  0.5756
429.0000	  0.5743
428.5000	  0.5741
428.0000	  0.5745
427.5000	  0.5729
427.0000	  0.5730
426.5000	  0.5726
426.0000	  0.5712
425.5000	  0.5717
425.0000	  0.5713
424.5000	  0.5698
424.0000	  0.5702
423.5000	  0.5705
423.0000	  0.5700
422.5000	  0.5693
422.0000	  0.5694
421.5000	  0.5682
421.0000	  0.5688
420.5000	  0.5692
420.0000	  0.5686
419.5000	  0.5670
419.0000	  0.5670
418.5000	  0.5660
418.0000	  0.5662
417.5000	  0.5656
417.0000	  0.5650
416.5000	  0.5657
416.0000	  0.5650
415.5000	  0.5646
415.0000	  0.5640
414.5000	  0.5642
414.0000	  0.5640
413.5000	  0.5641
413.0000	  0.5638
412.5000	  0.5625
412.0000	  0.5624
411.5000	  0.5627
411.0000	  0.5628
410.5000	  0.5621
410.0000	  0.5607
409.5000	  0.5613
409.0000	  0.5605
408.5000	  0.5605
408.0000	  0.5605
407.5000	  0.5604
407.0000	  0.5585
406.5000	  0.5585
406.0000	  0.5580
405.5000	  0.5596
405.0000	  0.5588
404.5000	  0.5587
404.0000	  0.5570
403.5000	  0.5573
403.0000	  0.5561
402.5000	  0.5560
402.0000	  0.5567
401.5000	  0.5552
401.0000	  0.5560
400.5000	  0.5544
400.0000	  0.5551
399.5000	  0.5548
399.0000	  0.5550
398.5000	  0.5540
398.0000	  0.5547
397.5000	  0.5542
397.0000	  0.5540
396.5000	  0.5528
396.0000	  0.5531
395.5000	  0.5536
395.0000	  0.5528
394.5000	  0.5528
394.0000	  0.5527
393.5000	  0.5528
393.0000	  0.5530
392.5000	  0.5539
392.0000	  0.5518
391.5000	  0.5520
391.0000	  0.5532
390.5000	  0.5506
390.0000	  0.5533
389.5000	  0.5519
389.0000	  0.5515
388.5000	  0.5537
388.0000	  0.5521
387.5000	  0.5546
387.0000	  0.5530
386.5000	  0.5543
386.0000	  0.5551
385.5000	  0.5540
385.0000	  0.5556
384.5000	  0.5539
384.0000	  0.5553
383.5000	  0.5555
383.0000	  0.5566
382.5000	  0.5551
382.0000	  0.5553
381.5000	  0.5552
381.0000	  0.5553
380.5000	  0.5558
380.0000	  0.5548
379.5000	  0.5558
379.0000	  0.5568
378.5000	  0.5546
378.0000	  0.5572
377.5000	  0.5582
377.0000	  0.5545
376.5000	  0.5561
376.0000	  0.5573
375.5000	  0.5564
375.0000	  0.5572
374.5000	  0.5563
374.0000	  0.5564
373.5000	  0.5563
373.0000	  0.5569
372.5000	  0.5588
372.0000	  0.5559
371.5000	  0.5586
371.0000	  0.5568
370.5000	  0.5571
370.0000	  0.5570
369.5000	  0.5576
369.0000	  0.5575
368.5000	  0.5561
368.0000	  0.5570
367.5000	  0.5582
367.0000	  0.5557
366.5000	  0.5560
366.0000	  0.5582
365.5000	  0.5579
365.0000	  0.5566
364.5000	  0.5605
364.0000	  0.5564
363.5000	  0.5577
363.0000	  0.5591
362.5000	  0.5563
362.0000	  0.5580
361.5000	  0.5570
361.0000	  0.5584
360.5000	  0.5575
360.0000	  0.5604
359.5000	  0.5596
359.0000	  0.5608
358.5000	  0.5586
358.0000	  0.5589
357.5000	  0.5593
357.0000	  0.5595
356.5000	  0.5592
356.0000	  0.5574
355.5000	  0.5598
355.0000	  0.5596
354.5000	  0.5583
354.0000	  0.5606
353.5000	  0.5606
353.0000	  0.5594
352.5000	  0.5591
352.0000	  0.5579
351.5000	  0.5599
351.0000	  0.5604
350.5000	  0.5592
350.0000	  0.5583
349.5000	  0.5585
349.0000	  0.5594
348.5000	  0.5575
348.0000	  0.5579
347.5000	  0.5589
347.0000	  0.5568
346.5000	  0.5601
346.0000	  0.5586
345.5000	  0.5575
345.0000	  0.5581
344.5000	  0.5588
344.0000	  0.5580
343.5000	  0.5573
343.0000	  0.5583
342.5000	  0.5568
342.0000	  0.5558
341.5000	  0.5576
341.0000	  0.5542
340.5000	  0.5580
340.0000	  0.5545
339.5000	  0.5570
339.0000	  0.5592
338.5000	  0.5563
338.0000	  0.5602
337.5000	  0.5561
337.0000	  0.5554
336.5000	  0.5565
336.0000	  0.5543
335.5000	  0.5573
335.0000	  0.5577
334.5000	  0.5547
334.0000	  0.5611
333.5000	  0.5582
333.0000	  0.5584
332.5000	  0.5557
332.0000	  0.5545
331.5000	  0.5581
331.0000	  0.5542
330.5000	  0.5582
330.0000	  0.5543
329.5000	  0.5551
329.0000	  0.5558
328.5000	  0.5550
328.0000	  0.5512
327.5000	  0.5523
327.0000	  0.5537
326.5000	  0.5543
326.0000	  0.5550
325.5000	  0.5511
325.0000	  0.5499
324.5000	  0.5515
324.0000	  0.5492
323.5000	  0.5558
323.0000	  0.5543
322.5000	  0.5552
322.0000	  0.5575
321.5000	  0.5569
321.0000	  0.5572
320.5000	  0.5519
320.0000	  0.5513
319.5000	  0.5487
319.0000	  0.5561
318.5000	  0.5532
318.0000	  0.5591
317.5000	  0.5542
317.0000	  0.5497
316.5000	  0.5530
316.0000	  0.5517
315.5000	  0.5475
315.0000	  0.5537
314.5000	  0.5550
314.0000	  0.5517
313.5000	  0.5571
313.0000	  0.5517
312.5000	  0.5571
312.0000	  0.5520
311.5000	  0.5593
311.0000	  0.5500
310.5000	  0.5582
310.0000	  0.5572
309.5000	  0.5576
309.0000	  0.5640
308.5000	  0.5477
308.0000	  0.5456
307.5000	  0.5432
307.0000	  0.5650
306.5000	  0.5448
306.0000	  0.5575
305.5000	  0.5350
305.0000	  0.5568
304.5000	  0.5429
304.0000	  0.5557
303.5000	  0.5543
303.0000	  0.5842
302.5000	  0.5592
302.0000	  0.5438
301.5000	  0.5694
301.0000	  0.5643
300.5000	  0.5317
300.0000	  0.5279
299.5000	  0.5983
299.0000	  0.5942
298.5000	  0.5172
298.0000	  0.5990
297.5000	  0.5036
297.0000	  0.5585
296.5000	  0.5582
296.0000	  0.5411
295.5000	  0.8226
295.0000	  0.3044
294.5000	  0.3692
294.0000	  0.9228
293.5000	  0.3411
293.0000	  0.5319
292.5000	  3.4550
292.0000	 -5.6490
291.5000	  0.7003
291.0000	  0.3737
290.5000	  1.8108
290.0000	 -4.1547
289.5000	  0.6740
289.0000	  3.5895
288.5000	  2.4257
288.0000	  1.2670
287.5000	  1.2462
287.0000	  0.1971
286.5000	  1.2107
286.0000	 -0.6530
285.5000	  0.9973
285.0000	 30.1048
284.5000	 -1.1622
284.0000	  3.9685
283.5000	  2.5339
283.0000	  0.9409
282.5000	  0.8251
282.0000	  1.0023
281.5000	 -0.1549
281.0000	  0.7785
280.5000	 -1.2847
280.0000	 -1.1230
279.5000	 -0.1317
279.0000	  0.6422
278.5000	  1.1847
278.0000	 -0.3658
277.5000	  0.8186
277.0000	 -0.0384
276.5000	 -0.3066
276.0000	 -0.0500
275.5000	  2.4084
275.0000	  1.5795
274.5000	  0.8506
274.0000	 -0.0213
273.5000	  0.7974
273.0000	  0.4621
272.5000	  0.4632
272.0000	  0.0669
271.5000	  1.4661
271.0000	  0.3535
270.5000	  0.9640
270.0000	  1.9800
269.5000	  1.6468
269.0000	  1.0165
268.5000	  1.8107
268.0000	 -0.5836
267.5000	 -0.7610
267.0000	  2.3526
266.5000	 -1.1713
266.0000	  0.3218
265.5000	  0.3625
265.0000	  1.9943
264.5000	  1.7561
264.0000	 -0.6208
263.5000	 -3.3498
263.0000	  0.8337
262.5000	  1.0048
262.0000	  0.8010
261.5000	  0.8787
261.0000	 -6.1072
260.5000	 -0.0572
260.0000	  0.7422
259.5000	 -0.2287
259.0000	 -0.6269
258.5000	  0.6713
258.0000	 -2.0190
257.5000	  1.7293
257.0000	  1.1227
256.5000	 17.5812
256.0000	  1.9749
255.5000	  2.1466
255.0000	  6.7033
254.5000	  0.8558
254.0000	  0.0552
253.5000	  1.5633
253.0000	  0.1090
252.5000	  0.4053
252.0000	-12.6944
251.5000	  6.5056
251.0000	  0.6635
250.5000	 -0.0561
250.0000	 -2.2538
249.5000	  1.2612
249.0000	  1.0519
248.5000	  1.7830
248.0000	  0.6989
247.5000	  1.8906
247.0000	  1.4197
246.5000	  1.3161
246.0000	 -1.7262
245.5000	  2.1857
245.0000	  0.4543
244.5000	  6.0210
244.0000	  0.3623
243.5000	  0.4458
243.0000	-34.7365
242.5000	  0.6819
242.0000	 -0.1617
241.5000	  2.2770
241.0000	 -0.3157
240.5000	  1.1851
240.0000	 -0.0845
239.5000	  0.7521
239.0000	  0.5266
238.5000	  0.0370
238.0000	  0.4929
237.5000	  3.6760
237.0000	 -3.8029
236.5000	  0.7225
236.0000	  3.1895
235.5000	  4.9094
235.0000	  2.2114
234.5000	  0.5078
234.0000	  0.3574
233.5000	  1.1606
233.0000	  0.7472
232.5000	 -1.3791
232.0000	  2.1832
231.5000	  1.9024
231.0000	 -0.1145
230.5000	 -0.3607
230.0000	  0.3060
229.5000	  1.9554
229.0000	  0.5946
228.5000	-23.3615
228.0000	  0.1250
227.5000	 -3.0933
227.0000	  2.3787
226.5000	  1.1270
226.0000	  0.9570
225.5000	  0.2631
225.0000	  1.4625
224.5000	  2.2880
224.0000	  0.9480
223.5000	  1.5905
223.0000	  0.5153
222.5000	 -1.5073
222.0000	 -1.3917
221.5000	 -0.1760
221.0000	 -0.0970
220.5000	  0.4590
220.0000	  2.4084
219.5000	-22.8798
219.0000	 -1.6903
218.5000	  2.4177
218.0000	  0.7468
217.5000	  0.7214
217.0000	 -0.0558
216.5000	  2.2241
216.0000	  0.7596
215.5000	  1.3899
215.0000	 -3.4486
214.5000	 -5.3868
214.0000	  1.1198
213.5000	  1.3042
213.0000	  0.2662
212.5000	  4.2147
212.0000	  0.3353
211.5000	  0.3148
211.0000	 -0.2895
210.5000	  0.1761
210.0000	  3.3853
209.5000	  1.0160
209.0000	  3.9321
208.5000	  2.8470
208.0000	  0.4014
207.5000	  1.7445
207.0000	  0.7510
206.5000	  0.7908
206.0000	 -0.2078
205.5000	-18.9662
205.0000	  1.7971
204.5000	  0.3353
204.0000	 -0.2425
203.5000	  0.2605
203.0000	  8.4293
202.5000	-55.5937
202.0000	  0.4173
201.5000	 10.7669
201.0000	 -0.0504
200.5000	  0.6289
200.0000	  0.4198

