22/05/2024 15.36.01
22/05/2024 15.45.00

800.0000	 34.9200

800.0000	 34.9200

900.0000	 33.5900



  1.0000
900.0000
  3.0000
340.0000
  1.0000
1401.0000
  5.0000
  6.0000
  1.0000
  1.0000
  0.0000
  0.0000
100.0000
  0.0000
  1.0000
  0.0000
500.0000
900.0000
200.0000
  4.0000
  1.0000
 18.0000
  2.0000
  1.0000
255.0000
  0.8272
  1.0000
 30.0000
  4.0000
500.0000
  0.0000
  0.0000
  4.0000
900.0000
200.0000
  0.0000
100.0000
  0.0000
  1.0000
  0.0000
500.0000
  1.0000
  1.0000
  1.0000
  1.0000
  4.0000
  0.0000
  1.0000
  1.0000
  1.0000
  1.0000
  1.0000
  2.0000
  1.0000
  1.0000
  1.0000
  3.0000
  1.0000
  1.0000
  1.0000
  4.0000
  5.0000
539.268
0.000

Lambda:	800
Abs:		0.0005
ID:			D
Run:		3
Temp:		0
#

900.0000	  0.3338
899.5000	  0.3384
899.0000	  0.3543
898.5000	  0.3265
898.0000	  0.3408
897.5000	  0.3205
897.0000	  0.3416
896.5000	  0.3398
896.0000	  0.3319
895.5000	  0.3333
895.0000	  0.3371
894.5000	  0.3382
894.0000	  0.3417
893.5000	  0.3319
893.0000	  0.3350
892.5000	  0.3274
892.0000	  0.3394
891.5000	  0.3324
891.0000	  0.3393
890.5000	  0.3380
890.0000	  0.3425
889.5000	  0.3331
889.0000	  0.3224
888.5000	  0.3268
888.0000	  0.3307
887.5000	  0.3357
887.0000	  0.3403
886.5000	  0.3278
886.0000	  0.3387
885.5000	  0.3379
885.0000	  0.3397
884.5000	  0.3311
884.0000	  0.3446
883.5000	  0.3439
883.0000	  0.3369
882.5000	  0.3285
882.0000	  0.3339
881.5000	  0.3395
881.0000	  0.3359
880.5000	  0.3376
880.0000	  0.3345
879.5000	  0.3334
879.0000	  0.3343
878.5000	  0.3399
878.0000	  0.3335
877.5000	  0.3336
877.0000	  0.3347
876.5000	  0.3322
876.0000	  0.3345
875.5000	  0.3333
875.0000	  0.3414
874.5000	  0.3308
874.0000	  0.3337
873.5000	  0.3361
873.0000	  0.3347
872.5000	  0.3320
872.0000	  0.3421
871.5000	  0.3381
871.0000	  0.3329
870.5000	  0.3338
870.0000	  0.3354
869.5000	  0.3349
869.0000	  0.3405
868.5000	  0.3429
868.0000	  0.3373
867.5000	  0.3386
867.0000	  0.3360
866.5000	  0.3399
866.0000	  0.3368
865.5000	  0.3361
865.0000	  0.3350
864.5000	  0.3396
864.0000	  0.3353
863.5000	  0.3366
863.0000	  0.3392
862.5000	  0.3412
862.0000	  0.3357
861.5000	  0.3387
861.0000	  0.3362
860.5000	  0.3404
860.0000	  0.3397
859.5000	  0.3406
859.0000	  0.3391
858.5000	  0.3390
858.0000	  0.3390
857.5000	  0.3385
857.0000	  0.3393
856.5000	  0.3394
856.0000	  0.3405
855.5000	  0.3407
855.0000	  0.3382
854.5000	  0.3381
854.0000	  0.3411
853.5000	  0.3404
853.0000	  0.3420
852.5000	  0.3402
852.0000	  0.3406
851.5000	  0.3416
851.0000	  0.3421
850.5000	  0.3432
850.0000	  0.3412
849.5000	  0.3418
849.0000	  0.3424
848.5000	  0.3416
848.0000	  0.3403
847.5000	  0.3424
847.0000	  0.3426
846.5000	  0.3424
846.0000	  0.3429
845.5000	  0.3417
845.0000	  0.3422
844.5000	  0.3425
844.0000	  0.3428
843.5000	  0.3433
843.0000	  0.3434
842.5000	  0.3417
842.0000	  0.3433
841.5000	  0.3433
841.0000	  0.3453
840.5000	  0.3422
840.0000	  0.3444
839.5000	  0.3429
839.0000	  0.3437
838.5000	  0.3444
838.0000	  0.3427
837.5000	  0.3435
837.0000	  0.3432
836.5000	  0.3438
836.0000	  0.3432
835.5000	  0.3426
835.0000	  0.3438
834.5000	  0.3425
834.0000	  0.3429
833.5000	  0.3433
833.0000	  0.3437
832.5000	  0.3434
832.0000	  0.3439
831.5000	  0.3446
831.0000	  0.3434
830.5000	  0.3434
830.0000	  0.3427
829.5000	  0.3434
829.0000	  0.3445
828.5000	  0.3437
828.0000	  0.3437
827.5000	  0.3439
827.0000	  0.3433
826.5000	  0.3433
826.0000	  0.3443
825.5000	  0.3434
825.0000	  0.3446
824.5000	  0.3441
824.0000	  0.3437
823.5000	  0.3441
823.0000	  0.3438
822.5000	  0.3445
822.0000	  0.3447
821.5000	  0.3446
821.0000	  0.3439
820.5000	  0.3441
820.0000	  0.3443
819.5000	  0.3438
819.0000	  0.3445
818.5000	  0.3453
818.0000	  0.3442
817.5000	  0.3451
817.0000	  0.3442
816.5000	  0.3452
816.0000	  0.3454
815.5000	  0.3449
815.0000	  0.3452
814.5000	  0.3454
814.0000	  0.3465
813.5000	  0.3458
813.0000	  0.3457
812.5000	  0.3454
812.0000	  0.3464
811.5000	  0.3461
811.0000	  0.3465
810.5000	  0.3457
810.0000	  0.3473
809.5000	  0.3467
809.0000	  0.3477
808.5000	  0.3478
808.0000	  0.3472
807.5000	  0.3473
807.0000	  0.3485
806.5000	  0.3486
806.0000	  0.3476
805.5000	  0.3489
805.0000	  0.3490
804.5000	  0.3482
804.0000	  0.3492
803.5000	  0.3490
803.0000	  0.3485
802.5000	  0.3496
802.0000	  0.3499
801.5000	  0.3497
801.0000	  0.3501
800.5000	  0.3501
800.0000	  0.3515
799.5000	  0.3507
799.0000	  0.3509
798.5000	  0.3495
798.0000	  0.3515
797.5000	  0.3521
797.0000	  0.3520
796.5000	  0.3519
796.0000	  0.3513
795.5000	  0.3523
795.0000	  0.3522
794.5000	  0.3526
794.0000	  0.3535
793.5000	  0.3526
793.0000	  0.3534
792.5000	  0.3536
792.0000	  0.3534
791.5000	  0.3544
791.0000	  0.3542
790.5000	  0.3540
790.0000	  0.3542
789.5000	  0.3548
789.0000	  0.3555
788.5000	  0.3550
788.0000	  0.3556
787.5000	  0.3557
787.0000	  0.3559
786.5000	  0.3571
786.0000	  0.3561
785.5000	  0.3567
785.0000	  0.3573
784.5000	  0.3568
784.0000	  0.3579
783.5000	  0.3580
783.0000	  0.3575
782.5000	  0.3587
782.0000	  0.3582
781.5000	  0.3598
781.0000	  0.3585
780.5000	  0.3597
780.0000	  0.3592
779.5000	  0.3600
779.0000	  0.3597
778.5000	  0.3599
778.0000	  0.3606
777.5000	  0.3609
777.0000	  0.3611
776.5000	  0.3627
776.0000	  0.3621
775.5000	  0.3629
775.0000	  0.3624
774.5000	  0.3625
774.0000	  0.3638
773.5000	  0.3629
773.0000	  0.3637
772.5000	  0.3639
772.0000	  0.3642
771.5000	  0.3650
771.0000	  0.3643
770.5000	  0.3651
770.0000	  0.3651
769.5000	  0.3653
769.0000	  0.3658
768.5000	  0.3652
768.0000	  0.3669
767.5000	  0.3677
767.0000	  0.3674
766.5000	  0.3675
766.0000	  0.3669
765.5000	  0.3684
765.0000	  0.3685
764.5000	  0.3688
764.0000	  0.3699
763.5000	  0.3698
763.0000	  0.3700
762.5000	  0.3701
762.0000	  0.3706
761.5000	  0.3716
761.0000	  0.3720
760.5000	  0.3717
760.0000	  0.3721
759.5000	  0.3724
759.0000	  0.3729
758.5000	  0.3730
758.0000	  0.3732
757.5000	  0.3742
757.0000	  0.3741
756.5000	  0.3755
756.0000	  0.3749
755.5000	  0.3759
755.0000	  0.3758
754.5000	  0.3762
754.0000	  0.3765
753.5000	  0.3768
753.0000	  0.3776
752.5000	  0.3778
752.0000	  0.3782
751.5000	  0.3785
751.0000	  0.3786
750.5000	  0.3794
750.0000	  0.3806
749.5000	  0.3806
749.0000	  0.3812
748.5000	  0.3799
748.0000	  0.3813
747.5000	  0.3817
747.0000	  0.3824
746.5000	  0.3817
746.0000	  0.3835
745.5000	  0.3826
745.0000	  0.3843
744.5000	  0.3839
744.0000	  0.3853
743.5000	  0.3849
743.0000	  0.3858
742.5000	  0.3855
742.0000	  0.3863
741.5000	  0.3867
741.0000	  0.3882
740.5000	  0.3885
740.0000	  0.3880
739.5000	  0.3890
739.0000	  0.3890
738.5000	  0.3895
738.0000	  0.3908
737.5000	  0.3909
737.0000	  0.3914
736.5000	  0.3917
736.0000	  0.3918
735.5000	  0.3935
735.0000	  0.3936
734.5000	  0.3936
734.0000	  0.3940
733.5000	  0.3957
733.0000	  0.3955
732.5000	  0.3967
732.0000	  0.3966
731.5000	  0.3966
731.0000	  0.3974
730.5000	  0.3993
730.0000	  0.3984
729.5000	  0.4000
729.0000	  0.4004
728.5000	  0.4019
728.0000	  0.4027
727.5000	  0.4027
727.0000	  0.4038
726.5000	  0.4043
726.0000	  0.4053
725.5000	  0.4057
725.0000	  0.4059
724.5000	  0.4077
724.0000	  0.4085
723.5000	  0.4097
723.0000	  0.4099
722.5000	  0.4109
722.0000	  0.4123
721.5000	  0.4114
721.0000	  0.4129
720.5000	  0.4147
720.0000	  0.4151
719.5000	  0.4156
719.0000	  0.4151
718.5000	  0.4160
718.0000	  0.4173
717.5000	  0.4182
717.0000	  0.4181
716.5000	  0.4173
716.0000	  0.4177
715.5000	  0.4183
715.0000	  0.4176
714.5000	  0.4192
714.0000	  0.4191
713.5000	  0.4187
713.0000	  0.4196
712.5000	  0.4195
712.0000	  0.4195
711.5000	  0.4191
711.0000	  0.4208
710.5000	  0.4215
710.0000	  0.4208
709.5000	  0.4215
709.0000	  0.4219
708.5000	  0.4225
708.0000	  0.4233
707.5000	  0.4235
707.0000	  0.4238
706.5000	  0.4246
706.0000	  0.4255
705.5000	  0.4256
705.0000	  0.4262
704.5000	  0.4274
704.0000	  0.4272
703.5000	  0.4284
703.0000	  0.4291
702.5000	  0.4290
702.0000	  0.4306
701.5000	  0.4313
701.0000	  0.4313
700.5000	  0.4322
700.0000	  0.4318
699.5000	  0.4337
699.0000	  0.4340
698.5000	  0.4347
698.0000	  0.4358
697.5000	  0.4359
697.0000	  0.4368
696.5000	  0.4374
696.0000	  0.4380
695.5000	  0.4387
695.0000	  0.4401
694.5000	  0.4408
694.0000	  0.4402
693.5000	  0.4413
693.0000	  0.4421
692.5000	  0.4424
692.0000	  0.4448
691.5000	  0.4442
691.0000	  0.4450
690.5000	  0.4461
690.0000	  0.4466
689.5000	  0.4478
689.0000	  0.4481
688.5000	  0.4489
688.0000	  0.4500
687.5000	  0.4502
687.0000	  0.4511
686.5000	  0.4524
686.0000	  0.4527
685.5000	  0.4536
685.0000	  0.4541
684.5000	  0.4554
684.0000	  0.4555
683.5000	  0.4565
683.0000	  0.4566
682.5000	  0.4580
682.0000	  0.4589
681.5000	  0.4590
681.0000	  0.4609
680.5000	  0.4608
680.0000	  0.4622
679.5000	  0.4631
679.0000	  0.4639
678.5000	  0.4647
678.0000	  0.4648
677.5000	  0.4658
677.0000	  0.4671
676.5000	  0.4682
676.0000	  0.4684
675.5000	  0.4693
675.0000	  0.4703
674.5000	  0.4709
674.0000	  0.4716
673.5000	  0.4725
673.0000	  0.4736
672.5000	  0.4744
672.0000	  0.4750
671.5000	  0.4764
671.0000	  0.4771
670.5000	  0.4772
670.0000	  0.4784
669.5000	  0.4791
669.0000	  0.4802
668.5000	  0.4806
668.0000	  0.4820
667.5000	  0.4827
667.0000	  0.4836
666.5000	  0.4844
666.0000	  0.4851
665.5000	  0.4865
665.0000	  0.4867
664.5000	  0.4877
664.0000	  0.4885
663.5000	  0.4891
663.0000	  0.4904
662.5000	  0.4911
662.0000	  0.4925
661.5000	  0.4925
661.0000	  0.4935
660.5000	  0.4950
660.0000	  0.4958
659.5000	  0.4963
659.0000	  0.4965
658.5000	  0.4981
658.0000	  0.4988
657.5000	  0.4995
657.0000	  0.5012
656.5000	  0.5020
656.0000	  0.5025
655.5000	  0.5037
655.0000	  0.5040
654.5000	  0.5047
654.0000	  0.5052
653.5000	  0.5077
653.0000	  0.5082
652.5000	  0.5082
652.0000	  0.5096
651.5000	  0.5101
651.0000	  0.5117
650.5000	  0.5124
650.0000	  0.5129
649.5000	  0.5147
649.0000	  0.5144
648.5000	  0.5158
648.0000	  0.5168
647.5000	  0.5173
647.0000	  0.5187
646.5000	  0.5187
646.0000	  0.5206
645.5000	  0.5212
645.0000	  0.5222
644.5000	  0.5232
644.0000	  0.5236
643.5000	  0.5246
643.0000	  0.5255
642.5000	  0.5270
642.0000	  0.5272
641.5000	  0.5280
641.0000	  0.5291
640.5000	  0.5300
640.0000	  0.5310
639.5000	  0.5314
639.0000	  0.5322
638.5000	  0.5334
638.0000	  0.5343
637.5000	  0.5350
637.0000	  0.5350
636.5000	  0.5361
636.0000	  0.5374
635.5000	  0.5380
635.0000	  0.5392
634.5000	  0.5389
634.0000	  0.5404
633.5000	  0.5409
633.0000	  0.5412
632.5000	  0.5421
632.0000	  0.5421
631.5000	  0.5437
631.0000	  0.5449
630.5000	  0.5456
630.0000	  0.5470
629.5000	  0.5471
629.0000	  0.5488
628.5000	  0.5496
628.0000	  0.5509
627.5000	  0.5525
627.0000	  0.5536
626.5000	  0.5552
626.0000	  0.5563
625.5000	  0.5583
625.0000	  0.5597
624.5000	  0.5611
624.0000	  0.5627
623.5000	  0.5638
623.0000	  0.5660
622.5000	  0.5666
622.0000	  0.5684
621.5000	  0.5697
621.0000	  0.5708
620.5000	  0.5729
620.0000	  0.5735
619.5000	  0.5751
619.0000	  0.5768
618.5000	  0.5773
618.0000	  0.5792
617.5000	  0.5789
617.0000	  0.5805
616.5000	  0.5817
616.0000	  0.5817
615.5000	  0.5833
615.0000	  0.5831
614.5000	  0.5850
614.0000	  0.5860
613.5000	  0.5869
613.0000	  0.5885
612.5000	  0.5881
612.0000	  0.5896
611.5000	  0.5913
611.0000	  0.5913
610.5000	  0.5921
610.0000	  0.5933
609.5000	  0.5942
609.0000	  0.5950
608.5000	  0.5967
608.0000	  0.5977
607.5000	  0.5986
607.0000	  0.5995
606.5000	  0.6012
606.0000	  0.6024
605.5000	  0.6021
605.0000	  0.6036
604.5000	  0.6046
604.0000	  0.6052
603.5000	  0.6076
603.0000	  0.6080
602.5000	  0.6087
602.0000	  0.6110
601.5000	  0.6102
601.0000	  0.6129
600.5000	  0.6127
600.0000	  0.6137
599.5000	  0.6159
599.0000	  0.6165
598.5000	  0.6177
598.0000	  0.6176
597.5000	  0.6197
597.0000	  0.6204
596.5000	  0.6202
596.0000	  0.6227
595.5000	  0.6218
595.0000	  0.6242
594.5000	  0.6248
594.0000	  0.6265
593.5000	  0.6277
593.0000	  0.6280
592.5000	  0.6293
592.0000	  0.6299
591.5000	  0.6326
591.0000	  0.6312
590.5000	  0.6324
590.0000	  0.6347
589.5000	  0.6341
589.0000	  0.6359
588.5000	  0.6362
588.0000	  0.6373
587.5000	  0.6389
587.0000	  0.6399
586.5000	  0.6412
586.0000	  0.6408
585.5000	  0.6427
585.0000	  0.6434
584.5000	  0.6456
584.0000	  0.6469
583.5000	  0.6464
583.0000	  0.6475
582.5000	  0.6485
582.0000	  0.6487
581.5000	  0.6516
581.0000	  0.6507
580.5000	  0.6514
580.0000	  0.6533
579.5000	  0.6542
579.0000	  0.6546
578.5000	  0.6553
578.0000	  0.6574
577.5000	  0.6574
577.0000	  0.6589
576.5000	  0.6593
576.0000	  0.6599
575.5000	  0.6611
575.0000	  0.6627
574.5000	  0.6639
574.0000	  0.6639
573.5000	  0.6649
573.0000	  0.6661
572.5000	  0.6663
572.0000	  0.6685
571.5000	  0.6688
571.0000	  0.6698
570.5000	  0.6705
570.0000	  0.6705
569.5000	  0.6730
569.0000	  0.6727
568.5000	  0.6734
568.0000	  0.6758
567.5000	  0.6759
567.0000	  0.6771
566.5000	  0.6772
566.0000	  0.6783
565.5000	  0.6797
565.0000	  0.6804
564.5000	  0.6827
564.0000	  0.6821
563.5000	  0.6834
563.0000	  0.6838
562.5000	  0.6844
562.0000	  0.6857
561.5000	  0.6860
561.0000	  0.6875
560.5000	  0.6887
560.0000	  0.6895
559.5000	  0.6911
559.0000	  0.6910
558.5000	  0.6916
558.0000	  0.6928
557.5000	  0.6944
557.0000	  0.6940
556.5000	  0.6958
556.0000	  0.6966
555.5000	  0.6968
555.0000	  0.6986
554.5000	  0.6988
554.0000	  0.6995
553.5000	  0.7003
553.0000	  0.7010
552.5000	  0.7034
552.0000	  0.7025
551.5000	  0.7044
551.0000	  0.7053
550.5000	  0.7049
550.0000	  0.7058
549.5000	  0.7058
549.0000	  0.7076
548.5000	  0.7096
548.0000	  0.7085
547.5000	  0.7104
547.0000	  0.7102
546.5000	  0.7116
546.0000	  0.7129
545.5000	  0.7133
545.0000	  0.7137
544.5000	  0.7141
544.0000	  0.7158
543.5000	  0.7154
543.0000	  0.7169
542.5000	  0.7172
542.0000	  0.7178
541.5000	  0.7188
541.0000	  0.7195
540.5000	  0.7209
540.0000	  0.7202
539.5000	  0.7213
539.0000	  0.7223
538.5000	  0.7226
538.0000	  0.7241
537.5000	  0.7236
537.0000	  0.7247
536.5000	  0.7257
536.0000	  0.7256
535.5000	  0.7272
535.0000	  0.7263
534.5000	  0.7273
534.0000	  0.7287
533.5000	  0.7291
533.0000	  0.7302
532.5000	  0.7303
532.0000	  0.7307
531.5000	  0.7318
531.0000	  0.7321
530.5000	  0.7329
530.0000	  0.7332
529.5000	  0.7341
529.0000	  0.7350
528.5000	  0.7347
528.0000	  0.7357
527.5000	  0.7355
527.0000	  0.7360
526.5000	  0.7368
526.0000	  0.7373
525.5000	  0.7388
525.0000	  0.7373
524.5000	  0.7384
524.0000	  0.7393
523.5000	  0.7395
523.0000	  0.7401
522.5000	  0.7403
522.0000	  0.7407
521.5000	  0.7417
521.0000	  0.7421
520.5000	  0.7416
520.0000	  0.7425
519.5000	  0.7423
519.0000	  0.7423
518.5000	  0.7439
518.0000	  0.7429
517.5000	  0.7440
517.0000	  0.7448
516.5000	  0.7436
516.0000	  0.7454
515.5000	  0.7435
515.0000	  0.7450
514.5000	  0.7457
514.0000	  0.7459
513.5000	  0.7467
513.0000	  0.7449
512.5000	  0.7468
512.0000	  0.7458
511.5000	  0.7463
511.0000	  0.7471
510.5000	  0.7460
510.0000	  0.7471
509.5000	  0.7467
509.0000	  0.7478
508.5000	  0.7466
508.0000	  0.7473
507.5000	  0.7489
507.0000	  0.7495
506.5000	  0.7504
506.0000	  0.7496
505.5000	  0.7509
505.0000	  0.7512
504.5000	  0.7527
504.0000	  0.7537
503.5000	  0.7534
503.0000	  0.7541
502.5000	  0.7561
502.0000	  0.7567
501.5000	  0.7577
501.0000	  0.7567
500.5000	  0.7579
500.0000	  0.7584
499.5000	  0.7593
499.0000	  0.7597
498.5000	  0.7592
498.0000	  0.7610
497.5000	  0.7602
497.0000	  0.7626
496.5000	  0.7615
496.0000	  0.7624
495.5000	  0.7631
495.0000	  0.7627
494.5000	  0.7634
494.0000	  0.7622
493.5000	  0.7635
493.0000	  0.7632
492.5000	  0.7624
492.0000	  0.7637
491.5000	  0.7617
491.0000	  0.7623
490.5000	  0.7627
490.0000	  0.7630
489.5000	  0.7623
489.0000	  0.7608
488.5000	  0.7624
488.0000	  0.7613
487.5000	  0.7601
487.0000	  0.7597
486.5000	  0.7594
486.0000	  0.7593
485.5000	  0.7590
485.0000	  0.7588
484.5000	  0.7580
484.0000	  0.7580
483.5000	  0.7581
483.0000	  0.7575
482.5000	  0.7576
482.0000	  0.7561
481.5000	  0.7564
481.0000	  0.7566
480.5000	  0.7552
480.0000	  0.7562
479.5000	  0.7546
479.0000	  0.7554
478.5000	  0.7562
478.0000	  0.7551
477.5000	  0.7547
477.0000	  0.7535
476.5000	  0.7548
476.0000	  0.7544
475.5000	  0.7541
475.0000	  0.7537
474.5000	  0.7539
474.0000	  0.7533
473.5000	  0.7527
473.0000	  0.7537
472.5000	  0.7533
472.0000	  0.7520
471.5000	  0.7538
471.0000	  0.7515
470.5000	  0.7524
470.0000	  0.7528
469.5000	  0.7529
469.0000	  0.7531
468.5000	  0.7533
468.0000	  0.7543
467.5000	  0.7530
467.0000	  0.7535
466.5000	  0.7538
466.0000	  0.7542
465.5000	  0.7542
465.0000	  0.7537
464.5000	  0.7555
464.0000	  0.7555
463.5000	  0.7550
463.0000	  0.7563
462.5000	  0.7550
462.0000	  0.7566
461.5000	  0.7552
461.0000	  0.7561
460.5000	  0.7570
460.0000	  0.7576
459.5000	  0.7582
459.0000	  0.7569
458.5000	  0.7582
458.0000	  0.7571
457.5000	  0.7559
457.0000	  0.7571
456.5000	  0.7552
456.0000	  0.7551
455.5000	  0.7541
455.0000	  0.7544
454.5000	  0.7529
454.0000	  0.7515
453.5000	  0.7529
453.0000	  0.7486
452.5000	  0.7487
452.0000	  0.7468
451.5000	  0.7458
451.0000	  0.7465
450.5000	  0.7407
450.0000	  0.7401
449.5000	  0.7404
449.0000	  0.7384
448.5000	  0.7362
448.0000	  0.7327
447.5000	  0.7329
447.0000	  0.7313
446.5000	  0.7303
446.0000	  0.7306
445.5000	  0.7271
445.0000	  0.7264
444.5000	  0.7261
444.0000	  0.7250
443.5000	  0.7230
443.0000	  0.7216
442.5000	  0.7212
442.0000	  0.7206
441.5000	  0.7200
441.0000	  0.7196
440.5000	  0.7178
440.0000	  0.7175
439.5000	  0.7163
439.0000	  0.7166
438.5000	  0.7149
438.0000	  0.7143
437.5000	  0.7132
437.0000	  0.7146
436.5000	  0.7133
436.0000	  0.7115
435.5000	  0.7116
435.0000	  0.7100
434.5000	  0.7095
434.0000	  0.7092
433.5000	  0.7085
433.0000	  0.7081
432.5000	  0.7084
432.0000	  0.7087
431.5000	  0.7082
431.0000	  0.7068
430.5000	  0.7065
430.0000	  0.7064
429.5000	  0.7065
429.0000	  0.7066
428.5000	  0.7046
428.0000	  0.7055
427.5000	  0.7051
427.0000	  0.7049
426.5000	  0.7048
426.0000	  0.7033
425.5000	  0.7040
425.0000	  0.7050
424.5000	  0.7030
424.0000	  0.7036
423.5000	  0.7030
423.0000	  0.7043
422.5000	  0.7031
422.0000	  0.7029
421.5000	  0.7040
421.0000	  0.7021
420.5000	  0.7032
420.0000	  0.7038
419.5000	  0.7015
419.0000	  0.7027
418.5000	  0.7008
418.0000	  0.7027
417.5000	  0.7016
417.0000	  0.7017
416.5000	  0.7028
416.0000	  0.7006
415.5000	  0.7016
415.0000	  0.7022
414.5000	  0.7017
414.0000	  0.7016
413.5000	  0.6997
413.0000	  0.7013
412.5000	  0.7007
412.0000	  0.6998
411.5000	  0.7005
411.0000	  0.6997
410.5000	  0.6995
410.0000	  0.7005
409.5000	  0.6992
409.0000	  0.7005
408.5000	  0.6987
408.0000	  0.6998
407.5000	  0.6982
407.0000	  0.6984
406.5000	  0.6976
406.0000	  0.6986
405.5000	  0.6987
405.0000	  0.6989
404.5000	  0.6998
404.0000	  0.6976
403.5000	  0.6977
403.0000	  0.6970
402.5000	  0.6980
402.0000	  0.6983
401.5000	  0.6964
401.0000	  0.6984
400.5000	  0.6965
400.0000	  0.6965
399.5000	  0.6983
399.0000	  0.6972
398.5000	  0.6964
398.0000	  0.6966
397.5000	  0.6963
397.0000	  0.6974
396.5000	  0.6949
396.0000	  0.6957
395.5000	  0.6975
395.0000	  0.6955
394.5000	  0.6958
394.0000	  0.6954
393.5000	  0.6977
393.0000	  0.6959
392.5000	  0.6956
392.0000	  0.6949
391.5000	  0.6955
391.0000	  0.6970
390.5000	  0.6964
390.0000	  0.6979
389.5000	  0.6990
389.0000	  0.6964
388.5000	  0.6997
388.0000	  0.6995
387.5000	  0.6989
387.0000	  0.7000
386.5000	  0.6990
386.0000	  0.7013
385.5000	  0.7007
385.0000	  0.7022
384.5000	  0.7028
384.0000	  0.7016
383.5000	  0.7026
383.0000	  0.7024
382.5000	  0.7036
382.0000	  0.7038
381.5000	  0.7035
381.0000	  0.7035
380.5000	  0.7065
380.0000	  0.7060
379.5000	  0.7042
379.0000	  0.7056
378.5000	  0.7060
378.0000	  0.7065
377.5000	  0.7069
377.0000	  0.7077
376.5000	  0.7079
376.0000	  0.7083
375.5000	  0.7062
375.0000	  0.7077
374.5000	  0.7088
374.0000	  0.7063
373.5000	  0.7063
373.0000	  0.7082
372.5000	  0.7100
372.0000	  0.7089
371.5000	  0.7084
371.0000	  0.7091
370.5000	  0.7083
370.0000	  0.7098
369.5000	  0.7078
369.0000	  0.7093
368.5000	  0.7091
368.0000	  0.7082
367.5000	  0.7084
367.0000	  0.7112
366.5000	  0.7105
366.0000	  0.7109
365.5000	  0.7121
365.0000	  0.7118
364.5000	  0.7101
364.0000	  0.7128
363.5000	  0.7128
363.0000	  0.7126
362.5000	  0.7122
362.0000	  0.7122
361.5000	  0.7119
361.0000	  0.7144
360.5000	  0.7137
360.0000	  0.7115
359.5000	  0.7126
359.0000	  0.7165
358.5000	  0.7166
358.0000	  0.7133
357.5000	  0.7168
357.0000	  0.7166
356.5000	  0.7170
356.0000	  0.7158
355.5000	  0.7144
355.0000	  0.7172
354.5000	  0.7186
354.0000	  0.7206
353.5000	  0.7186
353.0000	  0.7158
352.5000	  0.7184
352.0000	  0.7182
351.5000	  0.7182
351.0000	  0.7197
350.5000	  0.7207
350.0000	  0.7192
349.5000	  0.7153
349.0000	  0.7199
348.5000	  0.7209
348.0000	  0.7196
347.5000	  0.7219
347.0000	  0.7179
346.5000	  0.7170
346.0000	  0.7207
345.5000	  0.7214
345.0000	  0.7210
344.5000	  0.7217
344.0000	  0.7254
343.5000	  0.7208
343.0000	  0.7247
342.5000	  0.7240
342.0000	  0.7225
341.5000	  0.7218
341.0000	  0.7229
340.5000	  0.7253
340.0000	  0.7231
339.5000	  0.7231
339.0000	  0.7258
338.5000	  0.7272
338.0000	  0.7262
337.5000	  0.7226
337.0000	  0.7249
336.5000	  0.7278
336.0000	  0.7265
335.5000	  0.7304
335.0000	  0.7290
334.5000	  0.7288
334.0000	  0.7263
333.5000	  0.7274
333.0000	  0.7292
332.5000	  0.7310
332.0000	  0.7243
331.5000	  0.7283
331.0000	  0.7360
330.5000	  0.7301
330.0000	  0.7296
329.5000	  0.7271
329.0000	  0.7320
328.5000	  0.7303
328.0000	  0.7257
327.5000	  0.7252
327.0000	  0.7355
326.5000	  0.7377
326.0000	  0.7329
325.5000	  0.7366
325.0000	  0.7338
324.5000	  0.7331
324.0000	  0.7337
323.5000	  0.7317
323.0000	  0.7393
322.5000	  0.7377
322.0000	  0.7400
321.5000	  0.7356
321.0000	  0.7330
320.5000	  0.7379
320.0000	  0.7406
319.5000	  0.7398
319.0000	  0.7417
318.5000	  0.7357
318.0000	  0.7508
317.5000	  0.7334
317.0000	  0.7483
316.5000	  0.7406
316.0000	  0.7361
315.5000	  0.7454
315.0000	  0.7355
314.5000	  0.7458
314.0000	  0.7502
313.5000	  0.7481
313.0000	  0.7451
312.5000	  0.7620
312.0000	  0.7545
311.5000	  0.7508
311.0000	  0.7556
310.5000	  0.7595
310.0000	  0.7650
309.5000	  0.7579
309.0000	  0.7672
308.5000	  0.7694
308.0000	  0.7596
307.5000	  0.7583
307.0000	  0.7547
306.5000	  0.7723
306.0000	  0.7706
305.5000	  0.7780
305.0000	  0.7647
304.5000	  0.7908
304.0000	  0.7739
303.5000	  0.7963
303.0000	  0.7637
302.5000	  0.7851
302.0000	  0.7717
301.5000	  0.7969
301.0000	  0.7666
300.5000	  0.7606
300.0000	  0.8390
299.5000	  0.8733
299.0000	  0.7764
298.5000	  0.7929
298.0000	  0.8489
297.5000	  0.7586
297.0000	  0.8708
296.5000	  0.8848
296.0000	  1.0967
295.5000	  0.8024
295.0000	  1.1565
294.5000	  0.7634
294.0000	  1.3731
293.5000	  0.5974
293.0000	  1.5620
292.5000	  0.7864
292.0000	 10.7460
291.5000	  0.2077
291.0000	 -0.2216
290.5000	  0.3858
290.0000	 -0.2527
289.5000	 -0.3081
289.0000	  1.2521
288.5000	  0.7783
288.0000	  0.4616
287.5000	  1.1469
287.0000	  1.1626
286.5000	  1.4178
286.0000	  0.6888
285.5000	  1.8840
285.0000	  1.2780
284.5000	  0.6753
284.0000	-62.8640
283.5000	  0.6921
283.0000	 -0.9602
282.5000	 -0.9340
282.0000	  0.9445
281.5000	  2.1592
281.0000	  0.4421
280.5000	  1.7889
280.0000	  0.8726
279.5000	  0.9496
279.0000	  0.4213
278.5000	  0.2486
278.0000	  0.9525
277.5000	  0.0457
277.0000	  0.5168
276.5000	  1.3504
276.0000	  2.6903
275.5000	 -0.0780
275.0000	  0.5602
274.5000	 38.6854
274.0000	  0.5403
273.5000	 -0.3763
273.0000	  1.7584
272.5000	  1.9591
272.0000	  0.8018
271.5000	  0.4374
271.0000	  0.5033
270.5000	  3.2592
270.0000	 -0.6047
269.5000	  0.5797
269.0000	 -0.0095
268.5000	  0.6483
268.0000	 -0.5095
267.5000	  0.3621
267.0000	  0.3316
266.5000	  0.6774
266.0000	  2.1291
265.5000	  3.3099
265.0000	  2.0999
264.5000	  0.5181
264.0000	  0.6833
263.5000	 -4.0047
263.0000	  7.0762
262.5000	  1.4148
262.0000	  0.8893
261.5000	  1.0387
261.0000	 -0.6648
260.5000	  2.1397
260.0000	  0.3645
259.5000	  5.8935
259.0000	  1.7206
258.5000	 -0.2662
258.0000	  0.6519
257.5000	  0.4688
257.0000	 -0.2056
256.5000	 -1.3039
256.0000	  0.2986
255.5000	  1.0893
255.0000	  1.3691
254.5000	  0.9901
254.0000	  0.8847
253.5000	 -0.3456
253.0000	  0.7295
252.5000	  2.4178
252.0000	  1.0928
251.5000	  1.2744
251.0000	  1.0583
250.5000	  0.9204
250.0000	 -1.8491
249.5000	  1.4493
249.0000	  0.5027
248.5000	  0.2653
248.0000	  0.2456
247.5000	  0.9371
247.0000	  0.8191
246.5000	 -2.5466
246.0000	 -0.5258
245.5000	  3.3618
245.0000	  0.5984
244.5000	  0.3886
244.0000	  1.5449
243.5000	  1.7431
243.0000	  4.5856
242.5000	  2.1399
242.0000	  0.9158
241.5000	 -3.6653
241.0000	  3.4858
240.5000	  0.9067
240.0000	 -0.2589
239.5000	 -1.9066
239.0000	  1.6320
238.5000	  0.3989
238.0000	  0.3022
237.5000	  7.1295
237.0000	  0.7421
236.5000	  0.9794
236.0000	  0.7680
235.5000	  2.0913
235.0000	  1.2651
234.5000	-15.6525
234.0000	 -0.2812
233.5000	  1.8884
233.0000	  1.4909
232.5000	  0.1359
232.0000	  0.4840
231.5000	  2.4178
231.0000	  0.5580
230.5000	  2.9461
230.0000	  0.1618
229.5000	  0.6847
229.0000	  0.5166
228.5000	 -9.5564
228.0000	  1.6407
227.5000	  0.2067
227.0000	  0.2783
226.5000	 -0.9519
226.0000	 -0.0814
225.5000	  0.9439
225.0000	  1.2994
224.5000	 -1.4129
224.0000	  0.1973
223.5000	  3.7718
223.0000	  0.6282
222.5000	  1.1540
222.0000	  0.0178
221.5000	 -1.0364
221.0000	  0.8684
220.5000	  1.1853
220.0000	 -0.1427
219.5000	 -0.5662
219.0000	  0.3774
218.5000	 -0.0456
218.0000	  0.2767
217.5000	  0.8934
217.0000	  1.0148
216.5000	 29.6735
216.0000	  0.1325
215.5000	  0.8047
215.0000	  4.6460
214.5000	 -0.1176
214.0000	  0.4175
213.5000	  1.2721
213.0000	  1.3176
212.5000	 20.5516
212.0000	 -0.5442
211.5000	  0.6613
211.0000	  1.2603
210.5000	  4.2648
210.0000	  1.8706
209.5000	  0.8597
209.0000	 -0.2060
208.5000	 23.7388
208.0000	 -0.2712
207.5000	  3.0655
207.0000	  0.7813
206.5000	 -1.2091
206.0000	 -5.0374
205.5000	  1.8997
205.0000	  1.6456
204.5000	  0.3594
204.0000	 -1.2315
203.5000	  0.8302
203.0000	 -1.2638
202.5000	  0.5508
202.0000	  1.0015
201.5000	  1.5111
201.0000	  0.7904
200.5000	  5.4951
200.0000	  6.1234

