29/05/2024 17.29.06
29/05/2024 17.36.50

800.0000	  4.8800

800.0000	  4.8800

800.0000	  4.9000



  1.0000
800.0000
  3.0000
340.0000
  1.0000
1201.0000
  5.0000
  6.0000
  1.0000
  1.0000
  0.0000
  0.0000
100.0000
  0.0000
  1.0000
  0.0000
500.0000
800.0000
200.0000
  4.0000
  1.0000
 18.0000
  2.0000
  1.0000
255.0000
  0.8503
  1.0000
 30.0000
  4.0000
500.0000
  0.0000
  0.0000
  4.0000
800.0000
200.0000
  0.0000
100.0000
  0.0000
  1.0000
  0.0000
500.0000
  1.0000
  1.0000
  1.0000
  1.0000
  4.0000
  0.0000
  1.0000
  1.0000
  1.0000
  1.0000
  1.0000
  2.0000
  1.0000
  1.0000
  1.0000
  3.0000
  1.0000
  1.0000
  1.0000
  4.0000
  5.0000
464.572
0.000

Lambda:	800
Abs:		-0.0001
ID:			15
Run:		3
Temp:		300
#

800.0000	  0.0491
799.5000	  0.0491
799.0000	  0.0491
798.5000	  0.0493
798.0000	  0.0495
797.5000	  0.0494
797.0000	  0.0495
796.5000	  0.0497
796.0000	  0.0498
795.5000	  0.0498
795.0000	  0.0500
794.5000	  0.0502
794.0000	  0.0503
793.5000	  0.0502
793.0000	  0.0505
792.5000	  0.0504
792.0000	  0.0505
791.5000	  0.0505
791.0000	  0.0508
790.5000	  0.0508
790.0000	  0.0508
789.5000	  0.0511
789.0000	  0.0509
788.5000	  0.0515
788.0000	  0.0513
787.5000	  0.0514
787.0000	  0.0515
786.5000	  0.0518
786.0000	  0.0517
785.5000	  0.0519
785.0000	  0.0520
784.5000	  0.0521
784.0000	  0.0525
783.5000	  0.0524
783.0000	  0.0524
782.5000	  0.0526
782.0000	  0.0524
781.5000	  0.0528
781.0000	  0.0530
780.5000	  0.0528
780.0000	  0.0530
779.5000	  0.0532
779.0000	  0.0534
778.5000	  0.0536
778.0000	  0.0535
777.5000	  0.0536
777.0000	  0.0539
776.5000	  0.0539
776.0000	  0.0540
775.5000	  0.0540
775.0000	  0.0542
774.5000	  0.0543
774.0000	  0.0548
773.5000	  0.0547
773.0000	  0.0546
772.5000	  0.0549
772.0000	  0.0550
771.5000	  0.0549
771.0000	  0.0552
770.5000	  0.0551
770.0000	  0.0553
769.5000	  0.0558
769.0000	  0.0557
768.5000	  0.0559
768.0000	  0.0560
767.5000	  0.0560
767.0000	  0.0562
766.5000	  0.0562
766.0000	  0.0565
765.5000	  0.0562
765.0000	  0.0566
764.5000	  0.0569
764.0000	  0.0570
763.5000	  0.0570
763.0000	  0.0573
762.5000	  0.0572
762.0000	  0.0574
761.5000	  0.0576
761.0000	  0.0577
760.5000	  0.0578
760.0000	  0.0580
759.5000	  0.0582
759.0000	  0.0582
758.5000	  0.0584
758.0000	  0.0584
757.5000	  0.0586
757.0000	  0.0588
756.5000	  0.0588
756.0000	  0.0589
755.5000	  0.0590
755.0000	  0.0592
754.5000	  0.0594
754.0000	  0.0597
753.5000	  0.0598
753.0000	  0.0599
752.5000	  0.0599
752.0000	  0.0602
751.5000	  0.0602
751.0000	  0.0602
750.5000	  0.0609
750.0000	  0.0608
749.5000	  0.0608
749.0000	  0.0611
748.5000	  0.0611
748.0000	  0.0613
747.5000	  0.0613
747.0000	  0.0617
746.5000	  0.0617
746.0000	  0.0619
745.5000	  0.0620
745.0000	  0.0623
744.5000	  0.0622
744.0000	  0.0624
743.5000	  0.0628
743.0000	  0.0628
742.5000	  0.0629
742.0000	  0.0630
741.5000	  0.0633
741.0000	  0.0633
740.5000	  0.0637
740.0000	  0.0638
739.5000	  0.0638
739.0000	  0.0641
738.5000	  0.0644
738.0000	  0.0644
737.5000	  0.0644
737.0000	  0.0648
736.5000	  0.0649
736.0000	  0.0650
735.5000	  0.0652
735.0000	  0.0654
734.5000	  0.0654
734.0000	  0.0657
733.5000	  0.0660
733.0000	  0.0664
732.5000	  0.0664
732.0000	  0.0664
731.5000	  0.0669
731.0000	  0.0668
730.5000	  0.0672
730.0000	  0.0671
729.5000	  0.0676
729.0000	  0.0678
728.5000	  0.0681
728.0000	  0.0683
727.5000	  0.0684
727.0000	  0.0689
726.5000	  0.0690
726.0000	  0.0695
725.5000	  0.0697
725.0000	  0.0698
724.5000	  0.0705
724.0000	  0.0706
723.5000	  0.0708
723.0000	  0.0711
722.5000	  0.0714
722.0000	  0.0721
721.5000	  0.0722
721.0000	  0.0725
720.5000	  0.0726
720.0000	  0.0732
719.5000	  0.0738
719.0000	  0.0739
718.5000	  0.0746
718.0000	  0.0745
717.5000	  0.0748
717.0000	  0.0749
716.5000	  0.0755
716.0000	  0.0753
715.5000	  0.0754
715.0000	  0.0757
714.5000	  0.0754
714.0000	  0.0752
713.5000	  0.0751
713.0000	  0.0752
712.5000	  0.0756
712.0000	  0.0750
711.5000	  0.0754
711.0000	  0.0756
710.5000	  0.0751
710.0000	  0.0754
709.5000	  0.0753
709.0000	  0.0753
708.5000	  0.0756
708.0000	  0.0758
707.5000	  0.0759
707.0000	  0.0762
706.5000	  0.0761
706.0000	  0.0764
705.5000	  0.0764
705.0000	  0.0765
704.5000	  0.0770
704.0000	  0.0769
703.5000	  0.0774
703.0000	  0.0776
702.5000	  0.0776
702.0000	  0.0781
701.5000	  0.0781
701.0000	  0.0783
700.5000	  0.0786
700.0000	  0.0788
699.5000	  0.0789
699.0000	  0.0791
698.5000	  0.0795
698.0000	  0.0797
697.5000	  0.0799
697.0000	  0.0801
696.5000	  0.0803
696.0000	  0.0803
695.5000	  0.0808
695.0000	  0.0811
694.5000	  0.0811
694.0000	  0.0813
693.5000	  0.0816
693.0000	  0.0819
692.5000	  0.0825
692.0000	  0.0824
691.5000	  0.0826
691.0000	  0.0828
690.5000	  0.0829
690.0000	  0.0836
689.5000	  0.0835
689.0000	  0.0838
688.5000	  0.0840
688.0000	  0.0843
687.5000	  0.0845
687.0000	  0.0850
686.5000	  0.0850
686.0000	  0.0855
685.5000	  0.0855
685.0000	  0.0859
684.5000	  0.0862
684.0000	  0.0865
683.5000	  0.0867
683.0000	  0.0871
682.5000	  0.0873
682.0000	  0.0878
681.5000	  0.0878
681.0000	  0.0882
680.5000	  0.0882
680.0000	  0.0886
679.5000	  0.0890
679.0000	  0.0892
678.5000	  0.0894
678.0000	  0.0897
677.5000	  0.0899
677.0000	  0.0903
676.5000	  0.0907
676.0000	  0.0908
675.5000	  0.0913
675.0000	  0.0913
674.5000	  0.0916
674.0000	  0.0920
673.5000	  0.0921
673.0000	  0.0926
672.5000	  0.0929
672.0000	  0.0930
671.5000	  0.0935
671.0000	  0.0937
670.5000	  0.0941
670.0000	  0.0943
669.5000	  0.0948
669.0000	  0.0947
668.5000	  0.0953
668.0000	  0.0956
667.5000	  0.0961
667.0000	  0.0960
666.5000	  0.0962
666.0000	  0.0966
665.5000	  0.0969
665.0000	  0.0974
664.5000	  0.0976
664.0000	  0.0979
663.5000	  0.0984
663.0000	  0.0985
662.5000	  0.0989
662.0000	  0.0993
661.5000	  0.0994
661.0000	  0.0998
660.5000	  0.1001
660.0000	  0.1003
659.5000	  0.1006
659.0000	  0.1011
658.5000	  0.1013
658.0000	  0.1016
657.5000	  0.1021
657.0000	  0.1024
656.5000	  0.1025
656.0000	  0.1028
655.5000	  0.1032
655.0000	  0.1038
654.5000	  0.1039
654.0000	  0.1042
653.5000	  0.1046
653.0000	  0.1047
652.5000	  0.1052
652.0000	  0.1057
651.5000	  0.1058
651.0000	  0.1062
650.5000	  0.1066
650.0000	  0.1068
649.5000	  0.1074
649.0000	  0.1075
648.5000	  0.1079
648.0000	  0.1084
647.5000	  0.1088
647.0000	  0.1092
646.5000	  0.1093
646.0000	  0.1100
645.5000	  0.1100
645.0000	  0.1106
644.5000	  0.1108
644.0000	  0.1111
643.5000	  0.1116
643.0000	  0.1118
642.5000	  0.1123
642.0000	  0.1126
641.5000	  0.1128
641.0000	  0.1132
640.5000	  0.1136
640.0000	  0.1140
639.5000	  0.1144
639.0000	  0.1148
638.5000	  0.1151
638.0000	  0.1154
637.5000	  0.1158
637.0000	  0.1162
636.5000	  0.1167
636.0000	  0.1169
635.5000	  0.1173
635.0000	  0.1176
634.5000	  0.1181
634.0000	  0.1184
633.5000	  0.1189
633.0000	  0.1193
632.5000	  0.1197
632.0000	  0.1199
631.5000	  0.1204
631.0000	  0.1211
630.5000	  0.1215
630.0000	  0.1221
629.5000	  0.1222
629.0000	  0.1229
628.5000	  0.1235
628.0000	  0.1239
627.5000	  0.1247
627.0000	  0.1251
626.5000	  0.1260
626.0000	  0.1267
625.5000	  0.1272
625.0000	  0.1279
624.5000	  0.1285
624.0000	  0.1293
623.5000	  0.1300
623.0000	  0.1305
622.5000	  0.1312
622.0000	  0.1319
621.5000	  0.1324
621.0000	  0.1334
620.5000	  0.1338
620.0000	  0.1341
619.5000	  0.1348
619.0000	  0.1353
618.5000	  0.1361
618.0000	  0.1363
617.5000	  0.1370
617.0000	  0.1376
616.5000	  0.1378
616.0000	  0.1382
615.5000	  0.1385
615.0000	  0.1392
614.5000	  0.1397
614.0000	  0.1403
613.5000	  0.1407
613.0000	  0.1413
612.5000	  0.1415
612.0000	  0.1422
611.5000	  0.1427
611.0000	  0.1433
610.5000	  0.1437
610.0000	  0.1445
609.5000	  0.1448
609.0000	  0.1455
608.5000	  0.1455
608.0000	  0.1462
607.5000	  0.1471
607.0000	  0.1477
606.5000	  0.1481
606.0000	  0.1489
605.5000	  0.1497
605.0000	  0.1501
604.5000	  0.1507
604.0000	  0.1506
603.5000	  0.1516
603.0000	  0.1523
602.5000	  0.1531
602.0000	  0.1535
601.5000	  0.1540
601.0000	  0.1547
600.5000	  0.1553
600.0000	  0.1561
599.5000	  0.1565
599.0000	  0.1570
598.5000	  0.1578
598.0000	  0.1585
597.5000	  0.1588
597.0000	  0.1599
596.5000	  0.1602
596.0000	  0.1610
595.5000	  0.1621
595.0000	  0.1624
594.5000	  0.1632
594.0000	  0.1637
593.5000	  0.1645
593.0000	  0.1651
592.5000	  0.1657
592.0000	  0.1663
591.5000	  0.1675
591.0000	  0.1678
590.5000	  0.1682
590.0000	  0.1692
589.5000	  0.1696
589.0000	  0.1704
588.5000	  0.1710
588.0000	  0.1719
587.5000	  0.1726
587.0000	  0.1732
586.5000	  0.1738
586.0000	  0.1746
585.5000	  0.1754
585.0000	  0.1761
584.5000	  0.1768
584.0000	  0.1772
583.5000	  0.1781
583.0000	  0.1791
582.5000	  0.1794
582.0000	  0.1806
581.5000	  0.1812
581.0000	  0.1815
580.5000	  0.1827
580.0000	  0.1832
579.5000	  0.1840
579.0000	  0.1849
578.5000	  0.1854
578.0000	  0.1863
577.5000	  0.1872
577.0000	  0.1878
576.5000	  0.1884
576.0000	  0.1892
575.5000	  0.1901
575.0000	  0.1907
574.5000	  0.1917
574.0000	  0.1925
573.5000	  0.1934
573.0000	  0.1942
572.5000	  0.1948
572.0000	  0.1960
571.5000	  0.1966
571.0000	  0.1977
570.5000	  0.1983
570.0000	  0.1991
569.5000	  0.2003
569.0000	  0.2009
568.5000	  0.2016
568.0000	  0.2029
567.5000	  0.2031
567.0000	  0.2044
566.5000	  0.2051
566.0000	  0.2059
565.5000	  0.2071
565.0000	  0.2077
564.5000	  0.2086
564.0000	  0.2096
563.5000	  0.2105
563.0000	  0.2113
562.5000	  0.2127
562.0000	  0.2129
561.5000	  0.2143
561.0000	  0.2153
560.5000	  0.2159
560.0000	  0.2176
559.5000	  0.2185
559.0000	  0.2190
558.5000	  0.2199
558.0000	  0.2212
557.5000	  0.2224
557.0000	  0.2232
556.5000	  0.2242
556.0000	  0.2251
555.5000	  0.2260
555.0000	  0.2272
554.5000	  0.2277
554.0000	  0.2289
553.5000	  0.2296
553.0000	  0.2308
552.5000	  0.2316
552.0000	  0.2325
551.5000	  0.2337
551.0000	  0.2346
550.5000	  0.2356
550.0000	  0.2367
549.5000	  0.2377
549.0000	  0.2385
548.5000	  0.2398
548.0000	  0.2403
547.5000	  0.2417
547.0000	  0.2428
546.5000	  0.2435
546.0000	  0.2448
545.5000	  0.2456
545.0000	  0.2463
544.5000	  0.2477
544.0000	  0.2484
543.5000	  0.2492
543.0000	  0.2507
542.5000	  0.2513
542.0000	  0.2522
541.5000	  0.2533
541.0000	  0.2542
540.5000	  0.2556
540.0000	  0.2563
539.5000	  0.2572
539.0000	  0.2585
538.5000	  0.2594
538.0000	  0.2604
537.5000	  0.2618
537.0000	  0.2624
536.5000	  0.2635
536.0000	  0.2645
535.5000	  0.2652
535.0000	  0.2665
534.5000	  0.2672
534.0000	  0.2683
533.5000	  0.2695
533.0000	  0.2702
532.5000	  0.2715
532.0000	  0.2729
531.5000	  0.2734
531.0000	  0.2746
530.5000	  0.2752
530.0000	  0.2761
529.5000	  0.2772
529.0000	  0.2781
528.5000	  0.2789
528.0000	  0.2803
527.5000	  0.2809
527.0000	  0.2821
526.5000	  0.2833
526.0000	  0.2840
525.5000	  0.2850
525.0000	  0.2859
524.5000	  0.2865
524.0000	  0.2880
523.5000	  0.2881
523.0000	  0.2895
522.5000	  0.2904
522.0000	  0.2913
521.5000	  0.2921
521.0000	  0.2930
520.5000	  0.2933
520.0000	  0.2942
519.5000	  0.2947
519.0000	  0.2956
518.5000	  0.2967
518.0000	  0.2970
517.5000	  0.2979
517.0000	  0.2985
516.5000	  0.2991
516.0000	  0.2999
515.5000	  0.3005
515.0000	  0.3014
514.5000	  0.3017
514.0000	  0.3022
513.5000	  0.3027
513.0000	  0.3037
512.5000	  0.3036
512.0000	  0.3041
511.5000	  0.3048
511.0000	  0.3050
510.5000	  0.3054
510.0000	  0.3054
509.5000	  0.3057
509.0000	  0.3067
508.5000	  0.3069
508.0000	  0.3070
507.5000	  0.3077
507.0000	  0.3074
506.5000	  0.3075
506.0000	  0.3083
505.5000	  0.3083
505.0000	  0.3090
504.5000	  0.3092
504.0000	  0.3090
503.5000	  0.3092
503.0000	  0.3095
502.5000	  0.3094
502.0000	  0.3098
501.5000	  0.3092
501.0000	  0.3093
500.5000	  0.3093
500.0000	  0.3086
499.5000	  0.3084
499.0000	  0.3084
498.5000	  0.3079
498.0000	  0.3076
497.5000	  0.3071
497.0000	  0.3068
496.5000	  0.3057
496.0000	  0.3054
495.5000	  0.3044
495.0000	  0.3036
494.5000	  0.3031
494.0000	  0.3025
493.5000	  0.3013
493.0000	  0.3007
492.5000	  0.2994
492.0000	  0.2979
491.5000	  0.2976
491.0000	  0.2962
490.5000	  0.2949
490.0000	  0.2939
489.5000	  0.2926
489.0000	  0.2911
488.5000	  0.2896
488.0000	  0.2883
487.5000	  0.2871
487.0000	  0.2853
486.5000	  0.2841
486.0000	  0.2828
485.5000	  0.2808
485.0000	  0.2800
484.5000	  0.2785
484.0000	  0.2771
483.5000	  0.2763
483.0000	  0.2740
482.5000	  0.2727
482.0000	  0.2716
481.5000	  0.2699
481.0000	  0.2689
480.5000	  0.2670
480.0000	  0.2651
479.5000	  0.2646
479.0000	  0.2624
478.5000	  0.2613
478.0000	  0.2603
477.5000	  0.2586
477.0000	  0.2571
476.5000	  0.2562
476.0000	  0.2545
475.5000	  0.2541
475.0000	  0.2522
474.5000	  0.2513
474.0000	  0.2497
473.5000	  0.2481
473.0000	  0.2477
472.5000	  0.2466
472.0000	  0.2451
471.5000	  0.2440
471.0000	  0.2429
470.5000	  0.2416
470.0000	  0.2407
469.5000	  0.2394
469.0000	  0.2388
468.5000	  0.2380
468.0000	  0.2371
467.5000	  0.2360
467.0000	  0.2346
466.5000	  0.2335
466.0000	  0.2331
465.5000	  0.2324
465.0000	  0.2308
464.5000	  0.2304
464.0000	  0.2297
463.5000	  0.2291
463.0000	  0.2280
462.5000	  0.2271
462.0000	  0.2261
461.5000	  0.2252
461.0000	  0.2247
460.5000	  0.2240
460.0000	  0.2234
459.5000	  0.2231
459.0000	  0.2214
458.5000	  0.2212
458.0000	  0.2198
457.5000	  0.2193
457.0000	  0.2183
456.5000	  0.2177
456.0000	  0.2168
455.5000	  0.2163
455.0000	  0.2149
454.5000	  0.2133
454.0000	  0.2132
453.5000	  0.2120
453.0000	  0.2112
452.5000	  0.2100
452.0000	  0.2090
451.5000	  0.2080
451.0000	  0.2070
450.5000	  0.2054
450.0000	  0.2043
449.5000	  0.2039
449.0000	  0.2022
448.5000	  0.2013
448.0000	  0.2000
447.5000	  0.1989
447.0000	  0.1979
446.5000	  0.1967
446.0000	  0.1958
445.5000	  0.1945
445.0000	  0.1941
444.5000	  0.1933
444.0000	  0.1917
443.5000	  0.1911
443.0000	  0.1908
442.5000	  0.1891
442.0000	  0.1886
441.5000	  0.1876
441.0000	  0.1873
440.5000	  0.1862
440.0000	  0.1855
439.5000	  0.1845
439.0000	  0.1840
438.5000	  0.1835
438.0000	  0.1824
437.5000	  0.1819
437.0000	  0.1816
436.5000	  0.1808
436.0000	  0.1802
435.5000	  0.1792
435.0000	  0.1791
434.5000	  0.1778
434.0000	  0.1773
433.5000	  0.1766
433.0000	  0.1765
432.5000	  0.1760
432.0000	  0.1753
431.5000	  0.1743
431.0000	  0.1743
430.5000	  0.1736
430.0000	  0.1732
429.5000	  0.1722
429.0000	  0.1722
428.5000	  0.1715
428.0000	  0.1710
427.5000	  0.1707
427.0000	  0.1703
426.5000	  0.1696
426.0000	  0.1690
425.5000	  0.1686
425.0000	  0.1683
424.5000	  0.1676
424.0000	  0.1674
423.5000	  0.1669
423.0000	  0.1671
422.5000	  0.1666
422.0000	  0.1657
421.5000	  0.1660
421.0000	  0.1653
420.5000	  0.1648
420.0000	  0.1645
419.5000	  0.1644
419.0000	  0.1634
418.5000	  0.1634
418.0000	  0.1632
417.5000	  0.1629
417.0000	  0.1621
416.5000	  0.1616
416.0000	  0.1616
415.5000	  0.1611
415.0000	  0.1608
414.5000	  0.1606
414.0000	  0.1601
413.5000	  0.1599
413.0000	  0.1598
412.5000	  0.1585
412.0000	  0.1584
411.5000	  0.1582
411.0000	  0.1581
410.5000	  0.1575
410.0000	  0.1576
409.5000	  0.1565
409.0000	  0.1566
408.5000	  0.1563
408.0000	  0.1558
407.5000	  0.1556
407.0000	  0.1553
406.5000	  0.1547
406.0000	  0.1548
405.5000	  0.1538
405.0000	  0.1546
404.5000	  0.1541
404.0000	  0.1534
403.5000	  0.1534
403.0000	  0.1526
402.5000	  0.1523
402.0000	  0.1522
401.5000	  0.1514
401.0000	  0.1517
400.5000	  0.1514
400.0000	  0.1512
399.5000	  0.1507
399.0000	  0.1500
398.5000	  0.1502
398.0000	  0.1506
397.5000	  0.1493
397.0000	  0.1496
396.5000	  0.1495
396.0000	  0.1489
395.5000	  0.1488
395.0000	  0.1487
394.5000	  0.1480
394.0000	  0.1475
393.5000	  0.1476
393.0000	  0.1474
392.5000	  0.1472
392.0000	  0.1473
391.5000	  0.1475
391.0000	  0.1465
390.5000	  0.1471
390.0000	  0.1465
389.5000	  0.1464
389.0000	  0.1465
388.5000	  0.1460
388.0000	  0.1464
387.5000	  0.1463
387.0000	  0.1461
386.5000	  0.1459
386.0000	  0.1453
385.5000	  0.1457
385.0000	  0.1454
384.5000	  0.1458
384.0000	  0.1451
383.5000	  0.1454
383.0000	  0.1449
382.5000	  0.1447
382.0000	  0.1449
381.5000	  0.1442
381.0000	  0.1443
380.5000	  0.1446
380.0000	  0.1444
379.5000	  0.1445
379.0000	  0.1442
378.5000	  0.1445
378.0000	  0.1439
377.5000	  0.1443
377.0000	  0.1437
376.5000	  0.1436
376.0000	  0.1444
375.5000	  0.1447
375.0000	  0.1428
374.5000	  0.1435
374.0000	  0.1436
373.5000	  0.1434
373.0000	  0.1434
372.5000	  0.1433
372.0000	  0.1438
371.5000	  0.1427
371.0000	  0.1431
370.5000	  0.1427
370.0000	  0.1423
369.5000	  0.1424
369.0000	  0.1422
368.5000	  0.1421
368.0000	  0.1425
367.5000	  0.1423
367.0000	  0.1419
366.5000	  0.1412
366.0000	  0.1415
365.5000	  0.1416
365.0000	  0.1424
364.5000	  0.1416
364.0000	  0.1407
363.5000	  0.1409
363.0000	  0.1424
362.5000	  0.1410
362.0000	  0.1411
361.5000	  0.1415
361.0000	  0.1416
360.5000	  0.1415
360.0000	  0.1403
359.5000	  0.1408
359.0000	  0.1405
358.5000	  0.1405
358.0000	  0.1409
357.5000	  0.1402
357.0000	  0.1397
356.5000	  0.1399
356.0000	  0.1393
355.5000	  0.1402
355.0000	  0.1387
354.5000	  0.1389
354.0000	  0.1390
353.5000	  0.1381
353.0000	  0.1373
352.5000	  0.1377
352.0000	  0.1377
351.5000	  0.1379
351.0000	  0.1364
350.5000	  0.1368
350.0000	  0.1353
349.5000	  0.1350
349.0000	  0.1345
348.5000	  0.1356
348.0000	  0.1338
347.5000	  0.1338
347.0000	  0.1327
346.5000	  0.1329
346.0000	  0.1319
345.5000	  0.1305
345.0000	  0.1321
344.5000	  0.1294
344.0000	  0.1285
343.5000	  0.1278
343.0000	  0.1279
342.5000	  0.1286
342.0000	  0.1268
341.5000	  0.1273
341.0000	  0.1253
340.5000	  0.1252
340.0000	  0.1263
339.5000	  0.1239
339.0000	  0.1252
338.5000	  0.1242
338.0000	  0.1251
337.5000	  0.1243
337.0000	  0.1234
336.5000	  0.1216
336.0000	  0.1217
335.5000	  0.1217
335.0000	  0.1195
334.5000	  0.1211
334.0000	  0.1203
333.5000	  0.1193
333.0000	  0.1184
332.5000	  0.1175
332.0000	  0.1196
331.5000	  0.1170
331.0000	  0.1176
330.5000	  0.1153
330.0000	  0.1160
329.5000	  0.1160
329.0000	  0.1160
328.5000	  0.1154
328.0000	  0.1132
327.5000	  0.1139
327.0000	  0.1113
326.5000	  0.1136
326.0000	  0.1130
325.5000	  0.1119
325.0000	  0.1105
324.5000	  0.1124
324.0000	  0.1131
323.5000	  0.1105
323.0000	  0.1097
322.5000	  0.1089
322.0000	  0.1089
321.5000	  0.1073
321.0000	  0.1070
320.5000	  0.1071
320.0000	  0.1054
319.5000	  0.1080
319.0000	  0.1054
318.5000	  0.1079
318.0000	  0.1073
317.5000	  0.1069
317.0000	  0.1046
316.5000	  0.1057
316.0000	  0.1040
315.5000	  0.1034
315.0000	  0.1059
314.5000	  0.1041
314.0000	  0.1069
313.5000	  0.1045
313.0000	  0.1039
312.5000	  0.1017
312.0000	  0.1029
311.5000	  0.0996
311.0000	  0.1046
310.5000	  0.1010
310.0000	  0.1040
309.5000	  0.1023
309.0000	  0.1012
308.5000	  0.1034
308.0000	  0.0987
307.5000	  0.1008
307.0000	  0.1017
306.5000	  0.1055
306.0000	  0.1005
305.5000	  0.1033
305.0000	  0.1011
304.5000	  0.1020
304.0000	  0.0996
303.5000	  0.0916
303.0000	  0.1034
302.5000	  0.0953
302.0000	  0.1020
301.5000	  0.1084
301.0000	  0.1074
300.5000	  0.1117
300.0000	  0.1158
299.5000	  0.0788
299.0000	  0.1083
298.5000	  0.0810
298.0000	  0.1351
297.5000	  0.0858
297.0000	  0.1308
296.5000	  0.1456
296.0000	  0.0936
295.5000	 -0.0266
295.0000	 -0.3413
294.5000	  0.4162
294.0000	  0.7770
293.5000	  0.7717
293.0000	 -0.7486
292.5000	 -0.0316
292.0000	 -0.8694
291.5000	 -0.0528
291.0000	  0.0896
290.5000	  1.5622
290.0000	  0.0086
289.5000	 -0.1998
289.0000	  2.8857
288.5000	 -0.2839
288.0000	  1.7729
287.5000	  0.4315
287.0000	  0.2032
286.5000	  0.9644
286.0000	  0.4980
285.5000	 -0.3255
285.0000	 -1.0501
284.5000	 14.7983
284.0000	  1.8390
283.5000	  0.9376
283.0000	  0.3861
282.5000	 -1.0096
282.0000	 10.4511
281.5000	 -2.9770
281.0000	  0.3452
280.5000	  1.1076
280.0000	  0.6879
279.5000	  0.4058
279.0000	  1.1463
278.5000	  0.8500
278.0000	  0.8686
277.5000	  0.5040
277.0000	  2.0169
276.5000	 -0.0134
276.0000	 -1.1279
275.5000	 -0.3316
275.0000	  9.2906
274.5000	  0.5127
274.0000	  3.7222
273.5000	 -4.8040
273.0000	 -2.8692
272.5000	 -0.4615
272.0000	  3.8349
271.5000	  1.1522
271.0000	 -2.0146
270.5000	 -0.8940
270.0000	  0.2117
269.5000	  0.1993
269.0000	 -4.8400
268.5000	 19.8749
268.0000	  1.0449
267.5000	  0.3418
267.0000	  1.3617
266.5000	  1.4140
266.0000	 37.8138
265.5000	 -0.6940
265.0000	-27.0488
264.5000	  0.7840
264.0000	  0.7729
263.5000	  1.4831
263.0000	  2.5491
262.5000	  0.4969
262.0000	  1.1812
261.5000	 -1.7238
261.0000	  0.5304
260.5000	  0.2854
260.0000	 -0.1664
259.5000	  0.5067
259.0000	  3.9920
258.5000	 -0.0989
258.0000	  0.8315
257.5000	  9.7931
257.0000	  1.1507
256.5000	  0.7581
256.0000	  0.8422
255.5000	  0.2755
255.0000	  0.4306
254.5000	 -0.9175
254.0000	 -0.9452
253.5000	 -0.2630
253.0000	  0.7241
252.5000	  0.4504
252.0000	  1.2642
251.5000	  1.9701
251.0000	  0.8967
250.5000	 -0.9434
250.0000	  1.0447
249.5000	  0.0804
249.0000	  3.9300
248.5000	 -0.3572
248.0000	 -0.6224
247.5000	  0.1228
247.0000	  0.0000
246.5000	  0.5245
246.0000	 -0.1643
245.5000	  0.7802
245.0000	  1.7287
244.5000	 -0.0750
244.0000	 -0.4698
243.5000	 -1.6652
243.0000	 13.7203
242.5000	  0.6974
242.0000	  1.0930
241.5000	  1.0864
241.0000	  0.4814
240.5000	 -0.0665
240.0000	 -1.2700
239.5000	  0.1603
239.0000	  2.2273
238.5000	  0.1494
238.0000	  0.7543
237.5000	  1.6366
237.0000	 -1.6776
236.5000	  0.4773
236.0000	 -1.8809
235.5000	  2.2838
235.0000	 -0.2803
234.5000	 -3.4530
234.0000	  0.6452
233.5000	  0.4842
233.0000	 -0.4174
232.5000	  0.1633
232.0000	 -0.5573
231.5000	  0.4862
231.0000	 -3.7700
230.5000	  0.0090
230.0000	 -0.6178
229.5000	  3.5905
229.0000	 -1.1424
228.5000	 -0.7142
228.0000	  0.3444
227.5000	  2.2576
227.0000	  0.2394
226.5000	  1.3465
226.0000	 -1.8902
225.5000	  0.2222
225.0000	  0.0862
224.5000	 -0.1279
224.0000	  0.3049
223.5000	 -0.1133
223.0000	  2.6523
222.5000	  1.3960
222.0000	 -0.5374
221.5000	 -9.3180
221.0000	  0.3148
220.5000	 -1.1762
220.0000	  0.0775
219.5000	  0.4842
219.0000	 -9.9311
218.5000	  0.7039
218.0000	  0.7942
217.5000	  1.7640
217.0000	 -0.6635
216.5000	  2.2200
216.0000	 -0.8930
215.5000	  0.0581
215.0000	  0.9916
214.5000	  0.8484
214.0000	  0.9231
213.5000	  2.2314
213.0000	 -1.8117
212.5000	 -5.0662
212.0000	  0.3197
211.5000	  3.9557
211.0000	  1.4945
210.5000	  3.7492
210.0000	  1.2046
209.5000	  0.4006
209.0000	 -4.4243
208.5000	  2.6612
208.0000	 -0.5398
207.5000	  0.7506
207.0000	  0.2373
206.5000	  2.5136
206.0000	 -0.9350
205.5000	 -2.9403
205.0000	 -5.9094
204.5000	  1.3794
204.0000	  1.6027
203.5000	  1.8958
203.0000	  0.1588
202.5000	  0.1384
202.0000	 -1.4286
201.5000	 11.2825
201.0000	  0.0544
200.5000	  0.1090
200.0000	  1.4430

