29/05/2024 16.34.32
29/05/2024 16.42.16

800.0000	173.2300

800.0000	173.2300

800.0000	172.8100



  1.0000
800.0000
  3.0000
340.0000
  1.0000
1201.0000
  5.0000
  6.0000
  1.0000
  1.0000
  0.0000
  0.0000
100.0000
  0.0000
  1.0000
  0.0000
500.0000
800.0000
200.0000
  4.0000
  1.0000
 18.0000
  2.0000
  1.0000
255.0000
  0.8397
  1.0000
 30.0000
  4.0000
500.0000
  0.0000
  0.0000
  4.0000
800.0000
200.0000
  0.0000
100.0000
  0.0000
  1.0000
  0.0000
500.0000
  1.0000
  1.0000
  1.0000
  1.0000
  4.0000
  0.0000
  1.0000
  1.0000
  1.0000
  1.0000
  1.0000
  2.0000
  1.0000
  1.0000
  1.0000
  3.0000
  1.0000
  1.0000
  1.0000
  4.0000
  5.0000
464.654
0.000

Lambda:	800
Abs:		-2.5257
ID:			C
Run:		3
Temp:		300
#

800.0000	  1.7299
799.5000	  1.7299
799.0000	  1.7329
798.5000	  1.7330
798.0000	  1.7382
797.5000	  1.7360
797.0000	  1.7374
796.5000	  1.7384
796.0000	  1.7386
795.5000	  1.7394
795.0000	  1.7401
794.5000	  1.7416
794.0000	  1.7425
793.5000	  1.7439
793.0000	  1.7454
792.5000	  1.7486
792.0000	  1.7497
791.5000	  1.7491
791.0000	  1.7497
790.5000	  1.7523
790.0000	  1.7519
789.5000	  1.7501
789.0000	  1.7516
788.5000	  1.7569
788.0000	  1.7579
787.5000	  1.7583
787.0000	  1.7616
786.5000	  1.7591
786.0000	  1.7606
785.5000	  1.7612
785.0000	  1.7636
784.5000	  1.7624
784.0000	  1.7666
783.5000	  1.7635
783.0000	  1.7699
782.5000	  1.7688
782.0000	  1.7716
781.5000	  1.7691
781.0000	  1.7724
780.5000	  1.7763
780.0000	  1.7754
779.5000	  1.7762
779.0000	  1.7758
778.5000	  1.7831
778.0000	  1.7824
777.5000	  1.7812
777.0000	  1.7835
776.5000	  1.7857
776.0000	  1.7839
775.5000	  1.7931
775.0000	  1.7907
774.5000	  1.7868
774.0000	  1.7927
773.5000	  1.7957
773.0000	  1.7925
772.5000	  1.7959
772.0000	  1.7956
771.5000	  1.7951
771.0000	  1.7976
770.5000	  1.7995
770.0000	  1.7994
769.5000	  1.8038
769.0000	  1.8056
768.5000	  1.8092
768.0000	  1.8052
767.5000	  1.8076
767.0000	  1.8068
766.5000	  1.8107
766.0000	  1.8141
765.5000	  1.8146
765.0000	  1.8129
764.5000	  1.8165
764.0000	  1.8164
763.5000	  1.8169
763.0000	  1.8186
762.5000	  1.8144
762.0000	  1.8205
761.5000	  1.8250
761.0000	  1.8222
760.5000	  1.8262
760.0000	  1.8268
759.5000	  1.8284
759.0000	  1.8295
758.5000	  1.8313
758.0000	  1.8348
757.5000	  1.8307
757.0000	  1.8372
756.5000	  1.8389
756.0000	  1.8367
755.5000	  1.8418
755.0000	  1.8362
754.5000	  1.8407
754.0000	  1.8449
753.5000	  1.8465
753.0000	  1.8465
752.5000	  1.8489
752.0000	  1.8523
751.5000	  1.8524
751.0000	  1.8517
750.5000	  1.8553
750.0000	  1.8544
749.5000	  1.8584
749.0000	  1.8583
748.5000	  1.8597
748.0000	  1.8637
747.5000	  1.8598
747.0000	  1.8627
746.5000	  1.8664
746.0000	  1.8655
745.5000	  1.8726
745.0000	  1.8721
744.5000	  1.8700
744.0000	  1.8737
743.5000	  1.8738
743.0000	  1.8786
742.5000	  1.8776
742.0000	  1.8790
741.5000	  1.8802
741.0000	  1.8858
740.5000	  1.8840
740.0000	  1.8850
739.5000	  1.8860
739.0000	  1.8889
738.5000	  1.8916
738.0000	  1.8950
737.5000	  1.8968
737.0000	  1.8934
736.5000	  1.8992
736.0000	  1.8988
735.5000	  1.9008
735.0000	  1.9025
734.5000	  1.9042
734.0000	  1.9076
733.5000	  1.9071
733.0000	  1.9109
732.5000	  1.9188
732.0000	  1.9151
731.5000	  1.9198
731.0000	  1.9222
730.5000	  1.9255
730.0000	  1.9298
729.5000	  1.9281
729.0000	  1.9297
728.5000	  1.9328
728.0000	  1.9355
727.5000	  1.9393
727.0000	  1.9446
726.5000	  1.9468
726.0000	  1.9505
725.5000	  1.9527
725.0000	  1.9548
724.5000	  1.9619
724.0000	  1.9644
723.5000	  1.9670
723.0000	  1.9704
722.5000	  1.9725
722.0000	  1.9804
721.5000	  1.9852
721.0000	  1.9849
720.5000	  1.9908
720.0000	  1.9942
719.5000	  1.9948
719.0000	  2.0012
718.5000	  2.0009
718.0000	  2.0056
717.5000	  2.0103
717.0000	  2.0086
716.5000	  2.0071
716.0000	  2.0109
715.5000	  2.0095
715.0000	  2.0079
714.5000	  2.0036
714.0000	  2.0045
713.5000	  2.0019
713.0000	  2.0011
712.5000	  2.0004
712.0000	  2.0001
711.5000	  2.0017
711.0000	  1.9996
710.5000	  1.9966
710.0000	  1.9933
709.5000	  1.9956
709.0000	  1.9990
708.5000	  1.9941
708.0000	  1.9956
707.5000	  1.9952
707.0000	  1.9938
706.5000	  1.9935
706.0000	  1.9989
705.5000	  2.0027
705.0000	  2.0059
704.5000	  2.0021
704.0000	  2.0054
703.5000	  2.0096
703.0000	  2.0088
702.5000	  2.0098
702.0000	  2.0134
701.5000	  2.0159
701.0000	  2.0135
700.5000	  2.0171
700.0000	  2.0224
699.5000	  2.0200
699.0000	  2.0190
698.5000	  2.0276
698.0000	  2.0308
697.5000	  2.0251
697.0000	  2.0327
696.5000	  2.0309
696.0000	  2.0324
695.5000	  2.0325
695.0000	  2.0381
694.5000	  2.0378
694.0000	  2.0381
693.5000	  2.0414
693.0000	  2.0437
692.5000	  2.0481
692.0000	  2.0454
691.5000	  2.0525
691.0000	  2.0514
690.5000	  2.0538
690.0000	  2.0573
689.5000	  2.0564
689.0000	  2.0562
688.5000	  2.0579
688.0000	  2.0621
687.5000	  2.0632
687.0000	  2.0648
686.5000	  2.0693
686.0000	  2.0682
685.5000	  2.0727
685.0000	  2.0723
684.5000	  2.0748
684.0000	  2.0780
683.5000	  2.0775
683.0000	  2.0798
682.5000	  2.0833
682.0000	  2.0842
681.5000	  2.0859
681.0000	  2.0895
680.5000	  2.0887
680.0000	  2.0915
679.5000	  2.0936
679.0000	  2.0958
678.5000	  2.0973
678.0000	  2.1002
677.5000	  2.1062
677.0000	  2.1028
676.5000	  2.1049
676.0000	  2.1092
675.5000	  2.1089
675.0000	  2.1127
674.5000	  2.1141
674.0000	  2.1144
673.5000	  2.1196
673.0000	  2.1225
672.5000	  2.1194
672.0000	  2.1227
671.5000	  2.1278
671.0000	  2.1274
670.5000	  2.1304
670.0000	  2.1293
669.5000	  2.1339
669.0000	  2.1338
668.5000	  2.1361
668.0000	  2.1401
667.5000	  2.1412
667.0000	  2.1424
666.5000	  2.1459
666.0000	  2.1486
665.5000	  2.1498
665.0000	  2.1473
664.5000	  2.1486
664.0000	  2.1541
663.5000	  2.1563
663.0000	  2.1596
662.5000	  2.1583
662.0000	  2.1618
661.5000	  2.1615
661.0000	  2.1655
660.5000	  2.1657
660.0000	  2.1699
659.5000	  2.1698
659.0000	  2.1728
658.5000	  2.1722
658.0000	  2.1750
657.5000	  2.1784
657.0000	  2.1785
656.5000	  2.1799
656.0000	  2.1835
655.5000	  2.1833
655.0000	  2.1875
654.5000	  2.1863
654.0000	  2.1891
653.5000	  2.1903
653.0000	  2.1935
652.5000	  2.1996
652.0000	  2.1970
651.5000	  2.1998
651.0000	  2.1992
650.5000	  2.2010
650.0000	  2.2078
649.5000	  2.2038
649.0000	  2.2046
648.5000	  2.2053
648.0000	  2.2084
647.5000	  2.2148
647.0000	  2.2121
646.5000	  2.2151
646.0000	  2.2155
645.5000	  2.2182
645.0000	  2.2202
644.5000	  2.2221
644.0000	  2.2212
643.5000	  2.2223
643.0000	  2.2257
642.5000	  2.2264
642.0000	  2.2297
641.5000	  2.2279
641.0000	  2.2282
640.5000	  2.2316
640.0000	  2.2309
639.5000	  2.2345
639.0000	  2.2340
638.5000	  2.2325
638.0000	  2.2363
637.5000	  2.2358
637.0000	  2.2375
636.5000	  2.2358
636.0000	  2.2386
635.5000	  2.2397
635.0000	  2.2400
634.5000	  2.2426
634.0000	  2.2433
633.5000	  2.2402
633.0000	  2.2441
632.5000	  2.2453
632.0000	  2.2458
631.5000	  2.2467
631.0000	  2.2459
630.5000	  2.2502
630.0000	  2.2543
629.5000	  2.2586
629.0000	  2.2567
628.5000	  2.2656
628.0000	  2.2652
627.5000	  2.2717
627.0000	  2.2738
626.5000	  2.2789
626.0000	  2.2830
625.5000	  2.2851
625.0000	  2.2908
624.5000	  2.2926
624.0000	  2.3007
623.5000	  2.3043
623.0000	  2.3117
622.5000	  2.3148
622.0000	  2.3218
621.5000	  2.3242
621.0000	  2.3229
620.5000	  2.3287
620.0000	  2.3316
619.5000	  2.3333
619.0000	  2.3349
618.5000	  2.3389
618.0000	  2.3450
617.5000	  2.3425
617.0000	  2.3408
616.5000	  2.3416
616.0000	  2.3401
615.5000	  2.3392
615.0000	  2.3413
614.5000	  2.3389
614.0000	  2.3453
613.5000	  2.3446
613.0000	  2.3450
612.5000	  2.3470
612.0000	  2.3461
611.5000	  2.3492
611.0000	  2.3485
610.5000	  2.3471
610.0000	  2.3495
609.5000	  2.3514
609.0000	  2.3537
608.5000	  2.3536
608.0000	  2.3559
607.5000	  2.3528
607.0000	  2.3548
606.5000	  2.3547
606.0000	  2.3566
605.5000	  2.3574
605.0000	  2.3585
604.5000	  2.3605
604.0000	  2.3600
603.5000	  2.3576
603.0000	  2.3608
602.5000	  2.3626
602.0000	  2.3599
601.5000	  2.3616
601.0000	  2.3629
600.5000	  2.3630
600.0000	  2.3670
599.5000	  2.3606
599.0000	  2.3660
598.5000	  2.3607
598.0000	  2.3634
597.5000	  2.3643
597.0000	  2.3621
596.5000	  2.3664
596.0000	  2.3666
595.5000	  2.3587
595.0000	  2.3606
594.5000	  2.3601
594.0000	  2.3617
593.5000	  2.3606
593.0000	  2.3553
592.5000	  2.3626
592.0000	  2.3587
591.5000	  2.3552
591.0000	  2.3603
590.5000	  2.3571
590.0000	  2.3564
589.5000	  2.3545
589.0000	  2.3550
588.5000	  2.3525
588.0000	  2.3541
587.5000	  2.3535
587.0000	  2.3513
586.5000	  2.3528
586.0000	  2.3467
585.5000	  2.3518
585.0000	  2.3447
584.5000	  2.3483
584.0000	  2.3444
583.5000	  2.3401
583.0000	  2.3440
582.5000	  2.3399
582.0000	  2.3390
581.5000	  2.3402
581.0000	  2.3344
580.5000	  2.3339
580.0000	  2.3314
579.5000	  2.3286
579.0000	  2.3285
578.5000	  2.3224
578.0000	  2.3249
577.5000	  2.3223
577.0000	  2.3178
576.5000	  2.3176
576.0000	  2.3154
575.5000	  2.3139
575.0000	  2.3122
574.5000	  2.3110
574.0000	  2.3042
573.5000	  2.3015
573.0000	  2.2997
572.5000	  2.2960
572.0000	  2.2945
571.5000	  2.2896
571.0000	  2.2870
570.5000	  2.2825
570.0000	  2.2811
569.5000	  2.2752
569.0000	  2.2780
568.5000	  2.2705
568.0000	  2.2704
567.5000	  2.2638
567.0000	  2.2618
566.5000	  2.2551
566.0000	  2.2507
565.5000	  2.2490
565.0000	  2.2445
564.5000	  2.2390
564.0000	  2.2406
563.5000	  2.2340
563.0000	  2.2316
562.5000	  2.2252
562.0000	  2.2195
561.5000	  2.2174
561.0000	  2.2146
560.5000	  2.2044
560.0000	  2.2084
559.5000	  2.2045
559.0000	  2.1988
558.5000	  2.1937
558.0000	  2.1903
557.5000	  2.1832
557.0000	  2.1802
556.5000	  2.1758
556.0000	  2.1702
555.5000	  2.1671
555.0000	  2.1571
554.5000	  2.1553
554.0000	  2.1527
553.5000	  2.1449
553.0000	  2.1401
552.5000	  2.1327
552.0000	  2.1264
551.5000	  2.1211
551.0000	  2.1199
550.5000	  2.1128
550.0000	  2.1080
549.5000	  2.1014
549.0000	  2.0983
548.5000	  2.0906
548.0000	  2.0858
547.5000	  2.0805
547.0000	  2.0724
546.5000	  2.0678
546.0000	  2.0622
545.5000	  2.0543
545.0000	  2.0519
544.5000	  2.0438
544.0000	  2.0378
543.5000	  2.0310
543.0000	  2.0266
542.5000	  2.0236
542.0000	  2.0144
541.5000	  2.0077
541.0000	  2.0053
540.5000	  1.9992
540.0000	  1.9931
539.5000	  1.9857
539.0000	  1.9767
538.5000	  1.9730
538.0000	  1.9658
537.5000	  1.9614
537.0000	  1.9531
536.5000	  1.9474
536.0000	  1.9419
535.5000	  1.9367
535.0000	  1.9296
534.5000	  1.9238
534.0000	  1.9158
533.5000	  1.9119
533.0000	  1.9073
532.5000	  1.8973
532.0000	  1.8913
531.5000	  1.8820
531.0000	  1.8796
530.5000	  1.8715
530.0000	  1.8658
529.5000	  1.8617
529.0000	  1.8528
528.5000	  1.8478
528.0000	  1.8423
527.5000	  1.8352
527.0000	  1.8300
526.5000	  1.8221
526.0000	  1.8157
525.5000	  1.8107
525.0000	  1.8034
524.5000	  1.7983
524.0000	  1.7925
523.5000	  1.7840
523.0000	  1.7815
522.5000	  1.7724
522.0000	  1.7666
521.5000	  1.7617
521.0000	  1.7540
520.5000	  1.7507
520.0000	  1.7429
519.5000	  1.7389
519.0000	  1.7360
518.5000	  1.7279
518.0000	  1.7232
517.5000	  1.7165
517.0000	  1.7117
516.5000	  1.7087
516.0000	  1.6994
515.5000	  1.6954
515.0000	  1.6914
514.5000	  1.6876
514.0000	  1.6856
513.5000	  1.6777
513.0000	  1.6735
512.5000	  1.6704
512.0000	  1.6647
511.5000	  1.6609
511.0000	  1.6582
510.5000	  1.6526
510.0000	  1.6504
509.5000	  1.6462
509.0000	  1.6425
508.5000	  1.6404
508.0000	  1.6359
507.5000	  1.6362
507.0000	  1.6317
506.5000	  1.6331
506.0000	  1.6312
505.5000	  1.6274
505.0000	  1.6283
504.5000	  1.6258
504.0000	  1.6265
503.5000	  1.6260
503.0000	  1.6234
502.5000	  1.6230
502.0000	  1.6234
501.5000	  1.6232
501.0000	  1.6235
500.5000	  1.6205
500.0000	  1.6225
499.5000	  1.6219
499.0000	  1.6215
498.5000	  1.6224
498.0000	  1.6188
497.5000	  1.6190
497.0000	  1.6201
496.5000	  1.6199
496.0000	  1.6224
495.5000	  1.6187
495.0000	  1.6202
494.5000	  1.6201
494.0000	  1.6196
493.5000	  1.6204
493.0000	  1.6222
492.5000	  1.6190
492.0000	  1.6188
491.5000	  1.6201
491.0000	  1.6208
490.5000	  1.6220
490.0000	  1.6196
489.5000	  1.6226
489.0000	  1.6230
488.5000	  1.6237
488.0000	  1.6224
487.5000	  1.6199
487.0000	  1.6216
486.5000	  1.6228
486.0000	  1.6212
485.5000	  1.6235
485.0000	  1.6230
484.5000	  1.6266
484.0000	  1.6267
483.5000	  1.6274
483.0000	  1.6289
482.5000	  1.6278
482.0000	  1.6306
481.5000	  1.6330
481.0000	  1.6364
480.5000	  1.6363
480.0000	  1.6368
479.5000	  1.6409
479.0000	  1.6423
478.5000	  1.6437
478.0000	  1.6455
477.5000	  1.6480
477.0000	  1.6485
476.5000	  1.6516
476.0000	  1.6545
475.5000	  1.6567
475.0000	  1.6575
474.5000	  1.6607
474.0000	  1.6625
473.5000	  1.6636
473.0000	  1.6676
472.5000	  1.6723
472.0000	  1.6718
471.5000	  1.6766
471.0000	  1.6777
470.5000	  1.6804
470.0000	  1.6875
469.5000	  1.6864
469.0000	  1.6925
468.5000	  1.6934
468.0000	  1.6974
467.5000	  1.7015
467.0000	  1.7009
466.5000	  1.7067
466.0000	  1.7083
465.5000	  1.7085
465.0000	  1.7159
464.5000	  1.7204
464.0000	  1.7234
463.5000	  1.7256
463.0000	  1.7302
462.5000	  1.7362
462.0000	  1.7363
461.5000	  1.7403
461.0000	  1.7425
460.5000	  1.7466
460.0000	  1.7513
459.5000	  1.7549
459.0000	  1.7578
458.5000	  1.7581
458.0000	  1.7605
457.5000	  1.7660
457.0000	  1.7646
456.5000	  1.7704
456.0000	  1.7679
455.5000	  1.7691
455.0000	  1.7729
454.5000	  1.7733
454.0000	  1.7725
453.5000	  1.7767
453.0000	  1.7777
452.5000	  1.7735
452.0000	  1.7772
451.5000	  1.7754
451.0000	  1.7751
450.5000	  1.7722
450.0000	  1.7722
449.5000	  1.7732
449.0000	  1.7691
448.5000	  1.7706
448.0000	  1.7665
447.5000	  1.7664
447.0000	  1.7717
446.5000	  1.7629
446.0000	  1.7675
445.5000	  1.7637
445.0000	  1.7669
444.5000	  1.7660
444.0000	  1.7652
443.5000	  1.7671
443.0000	  1.7664
442.5000	  1.7638
442.0000	  1.7675
441.5000	  1.7673
441.0000	  1.7658
440.5000	  1.7651
440.0000	  1.7679
439.5000	  1.7682
439.0000	  1.7696
438.5000	  1.7711
438.0000	  1.7698
437.5000	  1.7732
437.0000	  1.7734
436.5000	  1.7724
436.0000	  1.7729
435.5000	  1.7784
435.0000	  1.7738
434.5000	  1.7780
434.0000	  1.7796
433.5000	  1.7751
433.0000	  1.7821
432.5000	  1.7810
432.0000	  1.7841
431.5000	  1.7852
431.0000	  1.7832
430.5000	  1.7872
430.0000	  1.7886
429.5000	  1.7909
429.0000	  1.7929
428.5000	  1.7909
428.0000	  1.7935
427.5000	  1.7943
427.0000	  1.7931
426.5000	  1.8002
426.0000	  1.7998
425.5000	  1.7996
425.0000	  1.8038
424.5000	  1.8039
424.0000	  1.8050
423.5000	  1.8079
423.0000	  1.8075
422.5000	  1.8127
422.0000	  1.8129
421.5000	  1.8153
421.0000	  1.8174
420.5000	  1.8177
420.0000	  1.8171
419.5000	  1.8241
419.0000	  1.8245
418.5000	  1.8260
418.0000	  1.8238
417.5000	  1.8283
417.0000	  1.8321
416.5000	  1.8337
416.0000	  1.8349
415.5000	  1.8351
415.0000	  1.8354
414.5000	  1.8400
414.0000	  1.8388
413.5000	  1.8432
413.0000	  1.8431
412.5000	  1.8491
412.0000	  1.8492
411.5000	  1.8501
411.0000	  1.8496
410.5000	  1.8501
410.0000	  1.8565
409.5000	  1.8558
409.0000	  1.8603
408.5000	  1.8571
408.0000	  1.8573
407.5000	  1.8604
407.0000	  1.8625
406.5000	  1.8642
406.0000	  1.8672
405.5000	  1.8657
405.0000	  1.8679
404.5000	  1.8699
404.0000	  1.8710
403.5000	  1.8777
403.0000	  1.8731
402.5000	  1.8781
402.0000	  1.8772
401.5000	  1.8773
401.0000	  1.8822
400.5000	  1.8834
400.0000	  1.8816
399.5000	  1.8823
399.0000	  1.8872
398.5000	  1.8831
398.0000	  1.8898
397.5000	  1.8872
397.0000	  1.8918
396.5000	  1.8894
396.0000	  1.8940
395.5000	  1.8928
395.0000	  1.9008
394.5000	  1.9003
394.0000	  1.9002
393.5000	  1.9044
393.0000	  1.9067
392.5000	  1.9035
392.0000	  1.9055
391.5000	  1.9131
391.0000	  1.9082
390.5000	  1.9150
390.0000	  1.9122
389.5000	  1.9173
389.0000	  1.9223
388.5000	  1.9198
388.0000	  1.9273
387.5000	  1.9275
387.0000	  1.9286
386.5000	  1.9315
386.0000	  1.9317
385.5000	  1.9373
385.0000	  1.9426
384.5000	  1.9446
384.0000	  1.9473
383.5000	  1.9475
383.0000	  1.9424
382.5000	  1.9513
382.0000	  1.9520
381.5000	  1.9521
381.0000	  1.9550
380.5000	  1.9542
380.0000	  1.9608
379.5000	  1.9589
379.0000	  1.9663
378.5000	  1.9697
378.0000	  1.9674
377.5000	  1.9678
377.0000	  1.9678
376.5000	  1.9723
376.0000	  1.9710
375.5000	  1.9764
375.0000	  1.9751
374.5000	  1.9718
374.0000	  1.9795
373.5000	  1.9818
373.0000	  1.9739
372.5000	  1.9923
372.0000	  1.9831
371.5000	  1.9909
371.0000	  1.9797
370.5000	  1.9921
370.0000	  1.9868
369.5000	  1.9934
369.0000	  1.9897
368.5000	  1.9996
368.0000	  1.9946
367.5000	  2.0036
367.0000	  1.9935
366.5000	  1.9911
366.0000	  2.0087
365.5000	  2.0043
365.0000	  2.0011
364.5000	  2.0021
364.0000	  2.0067
363.5000	  2.0037
363.0000	  2.0098
362.5000	  2.0106
362.0000	  2.0146
361.5000	  2.0108
361.0000	  2.0151
360.5000	  2.0167
360.0000	  2.0222
359.5000	  2.0163
359.0000	  2.0207
358.5000	  2.0224
358.0000	  2.0217
357.5000	  2.0290
357.0000	  2.0320
356.5000	  2.0267
356.0000	  2.0287
355.5000	  2.0402
355.0000	  2.0415
354.5000	  2.0412
354.0000	  2.0459
353.5000	  2.0365
353.0000	  2.0410
352.5000	  2.0445
352.0000	  2.0453
351.5000	  2.0550
351.0000	  2.0478
350.5000	  2.0534
350.0000	  2.0625
349.5000	  2.0572
349.0000	  2.0591
348.5000	  2.0680
348.0000	  2.0803
347.5000	  2.0594
347.0000	  2.0710
346.5000	  2.0865
346.0000	  2.0744
345.5000	  2.0871
345.0000	  2.0972
344.5000	  2.0984
344.0000	  2.0949
343.5000	  2.0911
343.0000	  2.1017
342.5000	  2.1052
342.0000	  2.1041
341.5000	  2.1090
341.0000	  2.1174
340.5000	  2.1185
340.0000	  2.1318
339.5000	  2.1378
339.0000	  2.1454
338.5000	  2.1516
338.0000	  2.1604
337.5000	  2.1610
337.0000	  2.1653
336.5000	  2.1805
336.0000	  2.1712
335.5000	  2.1712
335.0000	  2.1754
334.5000	  2.1840
334.0000	  2.1892
333.5000	  2.1778
333.0000	  2.1819
332.5000	  2.1978
332.0000	  2.1916
331.5000	  2.2190
331.0000	  2.1993
330.5000	  2.1996
330.0000	  2.2269
329.5000	  2.2262
329.0000	  2.2272
328.5000	  2.2386
328.0000	  2.2494
327.5000	  2.2495
327.0000	  2.2607
326.5000	  2.2443
326.0000	  2.2548
325.5000	  2.2546
325.0000	  2.2508
324.5000	  2.2547
324.0000	  2.2690
323.5000	  2.2662
323.0000	  2.2764
322.5000	  2.2677
322.0000	  2.2914
321.5000	  2.2950
321.0000	  2.3028
320.5000	  2.2815
320.0000	  2.2843
319.5000	  2.3126
319.0000	  2.3180
318.5000	  2.2981
318.0000	  2.3095
317.5000	  2.3315
317.0000	  2.3120
316.5000	  2.3432
316.0000	  2.3305
315.5000	  2.3542
315.0000	  2.3523
314.5000	  2.3269
314.0000	  2.3267
313.5000	  2.3449
313.0000	  2.3254
312.5000	  2.3971
312.0000	  2.3661
311.5000	  2.4043
311.0000	  2.3739
310.5000	  2.3480
310.0000	  2.3968
309.5000	  2.3505
309.0000	  2.3381
308.5000	  2.3637
308.0000	  2.4005
307.5000	  2.3970
307.0000	  2.3675
306.5000	  2.3717
306.0000	  2.4130
305.5000	  2.3236
305.0000	  2.3828
304.5000	  2.3596
304.0000	  2.3856
303.5000	  2.4575
303.0000	  2.3237
302.5000	  2.4662
302.0000	  2.3915
301.5000	  2.4722
301.0000	  2.6087
300.5000	  2.2228
300.0000	  2.4102
299.5000	  2.3502
299.0000	  2.3494
298.5000	  2.2889
298.0000	  2.2951
297.5000	  2.5044
297.0000	  2.3126
296.5000	  2.1499
296.0000	  2.3948
295.5000	  2.9634
295.0000	  2.1181
294.5000	  2.6426
294.0000	  3.4285
293.5000	  1.7148
293.0000	  1.0073
292.5000	 -2.5803
292.0000	 -4.0346
291.5000	  2.5966
291.0000	  2.1611
290.5000	 -2.5699
290.0000	  1.9769
289.5000	  0.2910
289.0000	 -0.9624
288.5000	  1.9991
288.0000	  2.5175
287.5000	  1.0774
287.0000	  0.7187
286.5000	  1.0076
286.0000	  1.8581
285.5000	 -5.6663
285.0000	  2.3285
284.5000	  1.8339
284.0000	  0.9817
283.5000	  0.6905
283.0000	  0.4642
282.5000	 -0.0458
282.0000	  0.8931
281.5000	 -1.8302
281.0000	 -0.2251
280.5000	  1.5931
280.0000	  1.8446
279.5000	 -8.7991
279.0000	  0.4763
278.5000	  1.3155
278.0000	  4.2870
277.5000	  8.3791
277.0000	  1.3676
276.5000	  0.5018
276.0000	  2.1667
275.5000	  2.3451
275.0000	  2.7808
274.5000	 -0.3136
274.0000	  1.3401
273.5000	  3.7806
273.0000	  2.4742
272.5000	 -0.5724
272.0000	 -2.4874
271.5000	  0.9146
271.0000	-11.5557
270.5000	  5.3656
270.0000	  1.3652
269.5000	 -0.3128
269.0000	  2.2321
268.5000	  1.1763
268.0000	  0.5630
267.5000	 -1.4037
267.0000	 -2.2099
266.5000	  1.4590
266.0000	  8.0939
265.5000	 41.0296
265.0000	  0.6653
264.5000	 -0.3723
264.0000	  0.3837
263.5000	 -3.2830
263.0000	 -7.7406
262.5000	 -4.4614
262.0000	 -2.2330
261.5000	  7.1684
261.0000	  0.4917
260.5000	  0.1053
260.0000	 -1.4705
259.5000	 -0.0464
259.0000	  0.9431
258.5000	 -2.7112
258.0000	 50.8337
257.5000	  0.5310
257.0000	 -0.8811
256.5000	 -1.0481
256.0000	  1.1664
255.5000	  2.4295
255.0000	 13.3185
254.5000	  0.8931
254.0000	 -1.2063
253.5000	 -1.9207
253.0000	 -0.7941
252.5000	  3.6140
252.0000	 13.6450
251.5000	  1.4504
251.0000	 -2.3311
250.5000	  1.1524
250.0000	  0.7387
249.5000	  1.1027
249.0000	  0.4661
248.5000	 -0.9191
248.0000	  0.2672
247.5000	  3.9595
247.0000	 25.8481
246.5000	  0.4689
246.0000	  4.8674
245.5000	  0.3068
245.0000	  0.8268
244.5000	 -5.6955
244.0000	  1.8207
243.5000	  1.7979
243.0000	  2.5649
242.5000	  2.2185
242.0000	-10.7177
241.5000	  0.2030
241.0000	 14.4399
240.5000	 -2.0821
240.0000	  1.6752
239.5000	  1.4024
239.0000	 -0.8291
238.5000	-11.1146
238.0000	  0.9294
237.5000	 -3.4745
237.0000	  0.5305
236.5000	 -0.5084
236.0000	-17.7138
235.5000	  0.8887
235.0000	  1.8041
234.5000	  2.2714
234.0000	 -0.0617
233.5000	  0.7203
233.0000	 28.3815
232.5000	 68.6682
232.0000	  1.2802
231.5000	  1.4641
231.0000	  0.8291
230.5000	  0.8814
230.0000	 -1.8300
229.5000	  0.0365
229.0000	  2.7631
228.5000	  1.7569
228.0000	  1.4030
227.5000	  1.4504
227.0000	 -0.3041
226.5000	  1.2894
226.0000	  2.5178
225.5000	 -2.4735
225.0000	 -0.4091
224.5000	  0.2949
224.0000	 17.6640
223.5000	  0.6955
223.0000	  0.7032
222.5000	  2.3890
222.0000	  0.4007
221.5000	  2.9950
221.0000	  0.4988
220.5000	 -6.4647
220.0000	  1.1850
219.5000	  0.7402
219.0000	  0.3579
218.5000	 -1.3311
218.0000	  7.3730
217.5000	  0.1631
217.0000	  2.4076
216.5000	 -1.3757
216.0000	  6.1354
215.5000	  3.4998
215.0000	  1.3610
214.5000	 -0.4094
214.0000	  0.1437
213.5000	 -1.0652
213.0000	  0.4091
212.5000	  1.5395
212.0000	  1.9162
211.5000	  1.6387
211.0000	  0.7118
210.5000	 -0.1819
210.0000	  1.4785
209.5000	 -0.5489
209.0000	  4.6481
208.5000	  1.2395
208.0000	  0.6607
207.5000	 -0.8976
207.0000	  0.5849
206.5000	 -0.1839
206.0000	  0.4763
205.5000	  3.1219
205.0000	  5.6102
204.5000	 -0.5730
204.0000	 -4.7387
203.5000	  1.6994
203.0000	 -4.9549
202.5000	  6.5992
202.0000	  1.4786
201.5000	  1.4146
201.0000	  0.3435
200.5000	 -0.3404
200.0000	 -1.6069

