lambda		value

Calibration:
lambda:	800
Abs:	0.0003

Data:
#
900		0.327496
899.5		0.330316
899		0.336933
898.5		0.336298
898		0.33673
897.5		0.321827
897		0.351065
896.5		0.355995
896		0.329642
895.5		0.32318
895		0.337481
894.5		0.33799
894		0.339433
893.5		0.345327
893		0.355423
892.5		0.323449
892		0.348402
891.5		0.333167
891		0.329757
890.5		0.343049
890		0.321921
889.5		0.340605
889		0.332095
888.5		0.344956
888		0.333835
887.5		0.338198
887		0.335407
886.5		0.325377
886		0.345844
885.5		0.334294
885		0.323561
884.5		0.342353
884		0.347781
883.5		0.335699
883		0.349007
882.5		0.334849
882		0.330468
881.5		0.330728
881		0.332735
880.5		0.342296
880		0.340102
879.5		0.341454
879		0.345846
878.5		0.342737
878		0.340998
877.5		0.33913
877		0.345056
876.5		0.342874
876		0.333401
875.5		0.349782
875		0.34508
874.5		0.339242
874		0.339012
873.5		0.349234
873		0.337542
872.5		0.338185
872		0.338114
871.5		0.341361
871		0.339945
870.5		0.331809
870		0.340941
869.5		0.338491
869		0.338735
868.5		0.341415
868		0.338225
867.5		0.335766
867		0.343425
866.5		0.343155
866		0.336854
865.5		0.338332
865		0.343668
864.5		0.33505
864		0.340152
863.5		0.34046
863		0.340396
862.5		0.341692
862		0.337396
861.5		0.338782
861		0.343621
860.5		0.342697
860		0.33945
859.5		0.338117
859		0.338492
858.5		0.340918
858		0.338727
857.5		0.344318
857		0.340419
856.5		0.341659
856		0.340736
855.5		0.339473
855		0.341166
854.5		0.339867
854		0.34044
853.5		0.339849
853		0.341301
852.5		0.340069
852		0.341203
851.5		0.344393
851		0.341237
850.5		0.340855
850		0.343601
849.5		0.341235
849		0.342626
848.5		0.339996
848		0.342648
847.5		0.342586
847		0.34143
846.5		0.341288
846		0.343543
845.5		0.344223
845		0.343812
844.5		0.341531
844		0.342391
843.5		0.341859
843		0.343969
842.5		0.343982
842		0.343494
841.5		0.345149
841		0.343111
840.5		0.344579
840		0.343512
839.5		0.343799
839		0.343858
838.5		0.34203
838		0.344957
837.5		0.34379
837		0.344923
836.5		0.34468
836		0.344418
835.5		0.344855
835		0.345112
834.5		0.345783
834		0.345019
833.5		0.345375
833		0.345913
832.5		0.345829
832		0.346299
831.5		0.344834
831		0.347329
830.5		0.347757
830		0.346801
829.5		0.347285
829		0.345588
828.5		0.346591
828		0.346683
827.5		0.347228
827		0.34832
826.5		0.345786
826		0.347739
825.5		0.347787
825		0.348408
824.5		0.348607
824		0.348781
823.5		0.347961
823		0.348842
822.5		0.35005
822		0.348433
821.5		0.34975
821		0.348816
820.5		0.348689
820		0.349611
819.5		0.34957
819		0.35061
818.5		0.349411
818		0.350686
817.5		0.351018
817		0.3505
816.5		0.351089
816		0.350369
815.5		0.349591
815		0.351627
814.5		0.35097
814		0.351611
813.5		0.351416
813		0.351706
812.5		0.351759
812		0.352435
811.5		0.353689
811		0.3522
810.5		0.352037
810		0.3528
809.5		0.353088
809		0.353718
808.5		0.353848
808		0.354277
807.5		0.35449
807		0.353771
806.5		0.355326
806		0.355662
805.5		0.354558
805		0.355734
804.5		0.355029
804		0.354587
803.5		0.355491
803		0.354681
802.5		0.356707
802		0.356059
801.5		0.356429
801		0.357887
800.5		0.356103
800		0.357807
799.5		0.358007
799		0.357457
798.5		0.358457
798		0.358357
797.5		0.358918
797		0.358621
796.5		0.358577
796		0.359788
795.5		0.359169
795		0.359536
794.5		0.359528
794		0.360304
793.5		0.359617
793		0.360308
792.5		0.361192
792		0.361206
791.5		0.360407
791		0.360577
790.5		0.362301
790		0.361607
789.5		0.363527
789		0.362956
788.5		0.363936
788		0.362547
787.5		0.363119
787		0.364354
786.5		0.364099
786		0.362948
785.5		0.364781
785		0.363836
784.5		0.365179
784		0.365206
783.5		0.365649
783		0.3659
782.5		0.366404
782		0.366065
781.5		0.366913
781		0.367046
780.5		0.366883
780		0.366972
779.5		0.367938
779		0.3683
778.5		0.368148
778		0.368957
777.5		0.368426
777		0.369182
776.5		0.369802
776		0.369721
775.5		0.369003
775		0.370866
774.5		0.36995
774		0.371303
773.5		0.372295
773		0.371215
772.5		0.371682
772		0.371207
771.5		0.373565
771		0.37261
770.5		0.373917
770		0.374152
769.5		0.374365
769		0.37429
768.5		0.37449
768		0.374614
767.5		0.37505
767		0.375348
766.5		0.376682
766		0.377494
765.5		0.377018
765		0.375335
764.5		0.378578
764		0.377552
763.5		0.37843
763		0.378182
762.5		0.379534
762		0.379207
761.5		0.379334
761		0.380516
760.5		0.380976
760		0.380981
759.5		0.381346
759		0.381625
758.5		0.382464
758		0.382444
757.5		0.381876
757		0.383032
756.5		0.383101
756		0.383712
755.5		0.384577
755		0.384263
754.5		0.385748
754		0.384325
753.5		0.386531
753		0.386239
752.5		0.385853
752		0.386635
751.5		0.386697
751		0.387652
750.5		0.388613
750		0.388514
749.5		0.389138
749		0.388872
748.5		0.389844
748		0.390418
747.5		0.389832
747		0.391802
746.5		0.390558
746		0.392048
745.5		0.392435
745		0.392159
744.5		0.392818
744		0.392609
743.5		0.393672
743		0.393789
742.5		0.394207
742		0.395499
741.5		0.39481
741		0.395602
740.5		0.396294
740		0.395802
739.5		0.397282
739		0.39632
738.5		0.39806
738		0.398178
737.5		0.398556
737		0.398379
736.5		0.399229
736		0.399941
735.5		0.399585
735		0.400771
734.5		0.400197
734		0.401559
733.5		0.401934
733		0.402585
732.5		0.401949
732		0.401258
731.5		0.402398
731		0.402573
730.5		0.404071
730		0.403688
729.5		0.404059
729		0.403914
728.5		0.40363
728		0.403852
727.5		0.403934
727		0.404876
726.5		0.405595
726		0.404115
725.5		0.404233
725		0.405188
724.5		0.403495
724		0.403583
723.5		0.403522
723		0.40265
722.5		0.403085
722		0.401106
721.5		0.399657
721		0.399451
720.5		0.397826
720		0.399036
719.5		0.395941
719		0.397026
718.5		0.395745
718		0.395499
717.5		0.394766
717		0.394416
716.5		0.395706
716		0.395737
715.5		0.39776
715		0.400701
714.5		0.403154
714		0.404438
713.5		0.406823
713		0.409235
712.5		0.41198
712		0.413297
711.5		0.415038
711		0.418598
710.5		0.419948
710		0.423186
709.5		0.423408
709		0.425492
708.5		0.426944
708		0.428108
707.5		0.429036
707		0.431247
706.5		0.430219
706		0.432958
705.5		0.432781
705		0.433895
704.5		0.433596
704		0.435379
703.5		0.434834
703		0.436059
702.5		0.437617
702		0.43824
701.5		0.437611
701		0.438745
700.5		0.439751
700		0.44011
699.5		0.44158
699		0.4408
698.5		0.441716
698		0.443128
697.5		0.443173
697		0.444543
696.5		0.446157
696		0.445464
695.5		0.446033
695		0.446951
694.5		0.449032
694		0.448402
693.5		0.450015
693		0.450696
692.5		0.4507
692		0.45292
691.5		0.45203
691		0.452599
690.5		0.455273
690		0.455021
689.5		0.456432
689		0.457332
688.5		0.457823
688		0.459962
687.5		0.458827
687		0.460634
686.5		0.460589
686		0.46252
685.5		0.462162
685		0.463841
684.5		0.463993
684		0.464519
683.5		0.466475
683		0.465902
682.5		0.467332
682		0.46747
681.5		0.468518
681		0.469944
680.5		0.470885
680		0.471338
679.5		0.472593
679		0.473356
678.5		0.473741
678		0.475465
677.5		0.47522
677		0.477208
676.5		0.478002
676		0.478317
675.5		0.479711
675		0.480586
674.5		0.481056
674		0.481977
673.5		0.483168
673		0.483571
672.5		0.484813
672		0.486096
671.5		0.485895
671		0.487131
670.5		0.487773
670		0.488854
669.5		0.490206
669		0.490097
668.5		0.491532
668		0.491544
667.5		0.492332
667		0.494306
666.5		0.493965
666		0.495784
665.5		0.495795
665		0.497028
664.5		0.499603
664		0.49822
663.5		0.499851
663		0.500991
662.5		0.502129
662		0.503022
661.5		0.503318
661		0.50416
660.5		0.505647
660		0.506541
659.5		0.507883
659		0.508622
658.5		0.509372
658		0.510716
657.5		0.511547
657		0.511801
656.5		0.512391
656		0.513487
655.5		0.515398
655		0.514677
654.5		0.516011
654		0.518162
653.5		0.517464
653		0.520119
652.5		0.520389
652		0.521735
651.5		0.523014
651		0.521903
650.5		0.524126
650		0.525422
649.5		0.526394
649		0.527634
648.5		0.527618
648		0.529792
647.5		0.530874
647		0.531879
646.5		0.533075
646		0.532863
645.5		0.534003
645		0.535551
644.5		0.536639
644		0.538538
643.5		0.538661
643		0.540233
642.5		0.541479
642		0.542506
641.5		0.543839
641		0.543912
640.5		0.544502
640		0.546892
639.5		0.547719
639		0.54881
638.5		0.550035
638		0.550847
637.5		0.553068
637		0.554161
636.5		0.554875
636		0.556818
635.5		0.556438
635		0.558409
634.5		0.559629
634		0.560314
633.5		0.562519
633		0.562456
632.5		0.564154
632		0.565275
631.5		0.564879
631		0.566333
630.5		0.566909
630		0.567622
629.5		0.568574
629		0.567875
628.5		0.569344
628		0.568157
627.5		0.56871
627		0.569997
626.5		0.569418
626		0.569251
625.5		0.568546
625		0.567498
624.5		0.568375
624		0.567554
623.5		0.568784
623		0.567833
622.5		0.567538
622		0.570728
621.5		0.569541
621		0.570006
620.5		0.569799
620		0.569677
619.5		0.571317
619		0.571942
618.5		0.571692
618		0.571775
617.5		0.573479
617		0.575593
616.5		0.576571
616		0.578087
615.5		0.578195
615		0.580111
614.5		0.580052
614		0.581531
613.5		0.582968
613		0.583796
612.5		0.585095
612		0.584818
611.5		0.586768
611		0.587234
610.5		0.588207
610		0.588636
609.5		0.589482
609		0.590427
608.5		0.591732
608		0.591789
607.5		0.593793
607		0.595016
606.5		0.594926
606		0.597352
605.5		0.596266
605		0.598385
604.5		0.599689
604		0.600214
603.5		0.600953
603		0.600253
602.5		0.6028
602		0.603869
601.5		0.603962
601		0.606541
600.5		0.605028
600		0.606314
599.5		0.608299
599		0.607672
598.5		0.61
598		0.609484
597.5		0.612342
597		0.61279
596.5		0.612669
596		0.615049
595.5		0.613275
595		0.615273
594.5		0.61678
594		0.617502
593.5		0.618826
593		0.618166
592.5		0.619671
592		0.619911
591.5		0.62068
591		0.622265
590.5		0.622517
590		0.624455
589.5		0.623995
589		0.625145
588.5		0.626415
588		0.626634
587.5		0.628198
587		0.628289
586.5		0.628491
586		0.630145
585.5		0.629791
585		0.630659
584.5		0.632199
584		0.633349
583.5		0.632722
583		0.635211
582.5		0.63603
582		0.636557
581.5		0.636978
581		0.637627
580.5		0.638323
580		0.639058
579.5		0.640595
579		0.640637
578.5		0.641349
578		0.641588
577.5		0.642492
577		0.64367
576.5		0.644642
576		0.645448
575.5		0.646496
575		0.646701
574.5		0.647059
574		0.648096
573.5		0.648508
573		0.650097
572.5		0.65175
572		0.651479
571.5		0.651609
571		0.653116
570.5		0.653665
570		0.654395
569.5		0.655113
569		0.656052
568.5		0.656088
568		0.655302
567.5		0.658288
567		0.658616
566.5		0.659679
566		0.660162
565.5		0.658953
565		0.66147
564.5		0.662083
564		0.663047
563.5		0.663849
563		0.663055
562.5		0.664711
562		0.665738
561.5		0.664365
561		0.667403
560.5		0.666922
560		0.668428
559.5		0.671931
559		0.670763
558.5		0.671375
558		0.672979
557.5		0.6714
557		0.673452
556.5		0.673834
556		0.673861
555.5		0.675593
555		0.674782
554.5		0.676169
554		0.67715
553.5		0.67715
553		0.678784
552.5		0.678705
552		0.678773
551.5		0.680472
551		0.681012
550.5		0.682132
550		0.680141
549.5		0.68303
549		0.681557
548.5		0.683142
548		0.684941
547.5		0.682048
547		0.686075
546.5		0.685772
546		0.68616
545.5		0.688225
545		0.686968
544.5		0.688074
544		0.688145
543.5		0.688485
543		0.690394
542.5		0.689481
542		0.690888
541.5		0.690531
541		0.690531
540.5		0.692851
540		0.690739
539.5		0.693462
539		0.692976
538.5		0.693827
538		0.695237
537.5		0.693422
537		0.696246
536.5		0.695918
536		0.696652
535.5		0.695971
535		0.695201
534.5		0.697238
534		0.698923
533.5		0.697249
533		0.69939
532.5		0.69857
532		0.699333
531.5		0.700267
531		0.699372
530.5		0.701382
530		0.700533
529.5		0.700695
529		0.702793
528.5		0.702199
528		0.702865
527.5		0.703125
527		0.703168
526.5		0.704571
526		0.704409
525.5		0.705748
525		0.705557
524.5		0.705339
524		0.706207
523.5		0.707082
523		0.707076
522.5		0.706806
522		0.706604
521.5		0.708841
521		0.708445
520.5		0.708373
520		0.70848
519.5		0.708333
519		0.708885
518.5		0.709656
518		0.708996
517.5		0.710313
517		0.709484
516.5		0.709134
516		0.71137
515.5		0.71091
515		0.71076
514.5		0.711014
514		0.710449
513.5		0.712267
513		0.711834
512.5		0.712868
512		0.71247
511.5		0.711903
511		0.713426
510.5		0.712473
510		0.713427
509.5		0.713358
509		0.712652
508.5		0.714381
508		0.712476
507.5		0.713592
507		0.712177
506.5		0.711979
506		0.711805
505.5		0.711778
505		0.712391
504.5		0.710096
504		0.709955
503.5		0.709598
503		0.709398
502.5		0.708713
502		0.707473
501.5		0.707315
501		0.706829
500.5		0.707436
500		0.706832
499.5		0.705383
499		0.706195
498.5		0.703642
498		0.704641
497.5		0.7052
497		0.703247
496.5		0.702547
496		0.702555
495.5		0.702535
495		0.701348
494.5		0.698847
494		0.700867
493.5		0.699236
493		0.698848
492.5		0.698427
492		0.696836
491.5		0.696199
491		0.696506
490.5		0.695896
490		0.69705
489.5		0.69446
489		0.693958
488.5		0.69278
488		0.692674
487.5		0.693141
487		0.689639
486.5		0.691082
486		0.690603
485.5		0.688197
485		0.689624
484.5		0.688049
484		0.686534
483.5		0.685521
483		0.68531
482.5		0.685589
482		0.682987
481.5		0.682667
481		0.681893
480.5		0.680393
480		0.682137
479.5		0.681132
479		0.679223
478.5		0.678892
478		0.6773
477.5		0.676894
477		0.675788
476.5		0.673717
476		0.674837
475.5		0.672408
475		0.672044
474.5		0.672921
474		0.669846
473.5		0.670475
473		0.669063
472.5		0.668342
472		0.668371
471.5		0.667414
471		0.66479
470.5		0.665267
470		0.663665
469.5		0.664793
469		0.662539
468.5		0.662784
468		0.662163
467.5		0.659488
467		0.660883
466.5		0.657565
466		0.657895
465.5		0.656526
465		0.655546
464.5		0.656134
464		0.65543
463.5		0.65417
463		0.652376
462.5		0.652007
462		0.651772
461.5		0.652922
461		0.649983
460.5		0.648491
460		0.648322
459.5		0.648229
459		0.649237
458.5		0.645262
458		0.646376
457.5		0.645407
457		0.642592
456.5		0.645848
456		0.642123
455.5		0.644321
455		0.643481
454.5		0.642122
454		0.64162
453.5		0.639699
453		0.638559
452.5		0.641077
452		0.638679
451.5		0.638142
451		0.640017
450.5		0.637856
450		0.635975
449.5		0.636022
449		0.635355
448.5		0.63622
448		0.634418
447.5		0.633535
447		0.634649
446.5		0.632436
446		0.632875
445.5		0.631783
445		0.631621
444.5		0.631197
444		0.629243
443.5		0.630285
443		0.629157
442.5		0.628723
442		0.629472
441.5		0.626441
441		0.627373
440.5		0.626421
440		0.627024
439.5		0.627503
439		0.625967
438.5		0.625389
438		0.623889
437.5		0.624555
437		0.624276
436.5		0.623332
436		0.622663
435.5		0.622105
435		0.620877
434.5		0.621969
434		0.620039
433.5		0.619348
433		0.619713
432.5		0.61962
432		0.618489
431.5		0.618895
431		0.616902
430.5		0.619927
430		0.61669
429.5		0.616711
429		0.616917
428.5		0.615658
428		0.616807
427.5		0.614565
427		0.614599
426.5		0.613953
426		0.612446
425.5		0.613687
425		0.611726
424.5		0.612332
424		0.61205
423.5		0.611436
423		0.611952
422.5		0.611141
422		0.609812
421.5		0.610334
421		0.60893
420.5		0.608945
420		0.61037
419.5		0.608289
419		0.607769
418.5		0.60719
418		0.607215
417.5		0.607074
417		0.604647
416.5		0.605659
416		0.605046
415.5		0.603984
415		0.602456
414.5		0.602699
414		0.603193
413.5		0.601928
413		0.602171
412.5		0.603421
412		0.60084
411.5		0.601402
411		0.601208
410.5		0.59993
410		0.601806
409.5		0.598761
409		0.59857
408.5		0.598066
408		0.599825
407.5		0.59841
407		0.596048
406.5		0.598448
406		0.597663
405.5		0.596089
405		0.597506
404.5		0.596833
404		0.596641
403.5		0.595253
403		0.593937
402.5		0.594613
402		0.594144
401.5		0.594872
401		0.594498
400.5		0.592477
400		0.594785
399.5		0.593427
399		0.592699
398.5		0.590968
398		0.591842
397.5		0.592811
397		0.591181
396.5		0.591543
396		0.591823
395.5		0.590976
395		0.590838
394.5		0.591579
394		0.588114
393.5		0.590503
393		0.587946
392.5		0.58702
392		0.588332
391.5		0.588093
391		0.58787
390.5		0.588256
390		0.58719
389.5		0.585391
389		0.587488
388.5		0.585339
388		0.58508
387.5		0.586392
387		0.586648
386.5		0.584613
386		0.584724
385.5		0.584731
385		0.583369
384.5		0.582684
384		0.582626
383.5		0.583284
383		0.582734
382.5		0.579852
382		0.582833
381.5		0.583319
381		0.582126
380.5		0.580128
380		0.582117
379.5		0.579066
379		0.578585
378.5		0.580431
378		0.579935
377.5		0.58064
377		0.580216
376.5		0.578688
376		0.579427
375.5		0.578446
375		0.578232
374.5		0.580518
374		0.577529
373.5		0.58007
373		0.577869
372.5		0.57676
372		0.581254
371.5		0.577309
371		0.575123
370.5		0.577064
370		0.577876
369.5		0.57861
369		0.57575
368.5		0.575155
368		0.576097
367.5		0.573843
367		0.575395
366.5		0.576605
366		0.573588
365.5		0.575723
365		0.573075
364.5		0.575765
364		0.573961
363.5		0.574981
363		0.573769
362.5		0.57345
362		0.574618
361.5		0.572938
361		0.57458
360.5		0.57348
360		0.57433
359.5		0.574297
359		0.573232
358.5		0.569142
358		0.574859
357.5		0.572698
357		0.57397
356.5		0.573646
356		0.573908
355.5		0.571452
355		0.571231
354.5		0.570988
354		0.570559
353.5		0.571603
353		0.569112
352.5		0.569585
352		0.568996
351.5		0.570165
351		0.572065
350.5		0.571602
350		0.570157
349.5		0.569123
349		0.569136
348.5		0.567572
348		0.564914
347.5		0.566656
347		0.569804
346.5		0.564697
346		0.566021
345.5		0.561793
345		0.566373
344.5		0.564886
344		0.564814
343.5		0.566286
343		0.567373
342.5		0.563825
342		0.561877
341.5		0.565329
341		0.562485
340.5		0.560378
340		0.563341
339.5		0.558001
339		0.559499
338.5		0.564165
338		0.563338
337.5		0.558625
337		0.561169
336.5		0.555278
336		0.561754
335.5		0.559384
335		0.55398
334.5		0.554967
334		0.555581
333.5		0.554236
333		0.555651
332.5		0.552662
332		0.550213
331.5		0.555547
331		0.551837
330.5		0.549156
330		0.551088
329.5		0.550246
329		0.552311
328.5		0.548632
328		0.550069
327.5		0.550937
327		0.549487
326.5		0.546901
326		0.541925
325.5		0.546512
325		0.543983
324.5		0.548884
324		0.546836
323.5		0.546127
323		0.550797
322.5		0.541956
322		0.546175
321.5		0.545551
321		0.545392
320.5		0.544364
320		0.538763
319.5		0.541711
319		0.543258
318.5		0.550979
318		0.546443
317.5		0.54625
317		0.540096
316.5		0.544283
316		0.537978
315.5		0.540814
315		0.534163
314.5		0.53904
314		0.538084
313.5		0.541348
313		0.544041
312.5		0.544035
312		0.534111
311.5		0.54297
311		0.534801
310.5		0.542416
310		0.532592
309.5		0.538006
309		0.54014
308.5		0.540012
308		0.529715
307.5		0.536432
307		0.538479
306.5		0.540487
306		0.536471
305.5		0.537739
305		0.553237
304.5		0.529932
304		0.537781
303.5		0.545748
303		0.529998
302.5		0.551967
302		0.537339
301.5		0.569292
301		0.511193
300.5		0.557038
300		0.563479
299.5		0.514327
299		0.524118
298.5		0.48042
298		0.643151
297.5		0.486616
297		0.532847
296.5		0.560314
296		0.498591
295.5		0.459436
295		0.385601
294.5		1.08158
294		0.211732
293.5		0.701943
293		0.698318
292.5		0.35978
292		0.852315
291.5		0.958103
291		0.708197
290.5		1.50516
290		1.30553
289.5		-0.17234
289		0.249437
288.5		0.230319
288		2.96845
287.5		1.58244
287		-0.836696
286.5		0.0140541
286		0.60007
285.5		0.438638
285		0.725283
284.5		0.262342
284		0.486047
283.5		-0.399862
283		1.38902
282.5		-0.0766007
282		-5.23891
281.5		0.215653
281		0.38906
280.5		0.419056
280		-0.271726
279.5		1.20073
279		0.606218
278.5		0.0387934
278		-0.0694772
277.5		-0.256331
277		0.187123
276.5		-1.58439
276		0.961289
275.5		-0.321079
275		3.66445
274.5		-0.621631
274		0.507432
273.5		0.23412
273		0.184323
272.5		0.330388
272		1.05127
271.5		0.977672
271		0.44416
270.5		0.744006
270		0.421544
269.5		0.786608
269		0.295037
268.5		1.79019
268		0.665311
267.5		3.32892
267		-4.1828
266.5		-2.65125
266		-0.0953174
265.5		0.737431
265		0.418701
264.5		-1.22177
264		0.41026
263.5		0.701359
263		0.936315
262.5		2.2671
262		0.0100518
261.5		0.429269
261		0.736783
260.5		0.282869
260		0.496902
259.5		-0.132747
259		-1.48819
258.5		0.0979627
258		-1.28793
257.5		-0.125303
257		0.397318
256.5		0.566622
256		0.261665
255.5		0.79388
255		0.274597
254.5		0.058253
254		-0.836974
253.5		0.668087
253		2.6841
252.5		0.784953
252		-2.98505
251.5		1.34856
251		-0.0701509
250.5		-0.226558
250		0.543065
249.5		0.61566
249		0.152295
248.5		0.460181
248		0.110715
247.5		-0.568125
247		-1.55438
246.5		0.757685
246		1.19247
245.5		-1.45899
245		0.508932
244.5		0.889419
244		-0.0667629
243.5		4.31605
243		0.875556
242.5		0.109709
242		4.92533
241.5		2.69185
241		-1.01672
240.5		0.870551
240		0.684468
239.5		0.314996
239		-0.157704
238.5		1.95791
238		1.77466
237.5		-0.040761
237		0.169348
236.5		-0.665369
236		0.258924
235.5		0.595681
235		-0.365468
234.5		-4.44078
234		-0.302234
233.5		0.422722
233		22.9907
232.5		0.376791
232		0.533136
231.5		-8.96631
231		0.765398
230.5		-0.538022
230		0.517984
229.5		0.354547
229		0.666187
228.5		-0.226059
228		0.440378
227.5		0.366577
227		0.202796
226.5		0.864439
226		0.666853
225.5		0.295784
225		0.0104316
224.5		5.39231
224		24.8307
223.5		0.336051
223		0.281858
222.5		1.696
222		-0.895378
221.5		0.346827
221		0.232202
220.5		0.413893
220		0.353668
219.5		-0.0843743
219		0.0909838
218.5		0.0988182
218		0.743
217.5		-1.75129
217		1.60045
216.5		-0.491027
216		0.151881
215.5		0.20887
215		0.203353
214.5		1.25248
214		0.884058
213.5		-0.017867
213		0.956823
212.5		0.11727
212		-0.0945899
211.5		0.550651
211		-0.676694
210.5		0.336015
210		1.82826
209.5		-0.0441459
209		17.7929
208.5		0.0543132
208		-0.318307
207.5		1.95296
207		0.279288
206.5		0.205486
206		0.143237
205.5		-0.724158
205		-0.753747
204.5		0.930276
204		0.555508
203.5		0.102498
203		1.08722
202.5		-0.129051
202		-0.182513
201.5		-4.33848
201		1.07891
200.5		0.199269
200		3.29733
