lambda		value

Calibration:
lambda:	800
Abs:	-2.5257

Data:
#
800		0.490654
799.5		0.490654
799		0.491213
798.5		0.491436
798		0.492911
797.5		0.492622
797		0.49267
796.5		0.492897
796		0.492842
795.5		0.493139
795		0.493519
794.5		0.493903
794		0.494032
793.5		0.494317
793		0.495051
792.5		0.495874
792		0.496425
791.5		0.495749
791		0.495596
790.5		0.49681
790		0.496387
789.5		0.496313
789		0.496556
788.5		0.498284
788		0.498299
787.5		0.498441
787		0.499546
786.5		0.498583
786		0.498754
785.5		0.499405
785		0.499561
784.5		0.499589
784		0.500751
783.5		0.499773
783		0.501957
782.5		0.501375
782		0.501998
781.5		0.501502
781		0.502296
780.5		0.503415
780		0.503117
779.5		0.503487
779		0.503359
778.5		0.505213
778		0.50533
777.5		0.504589
777		0.505341
776.5		0.50605
776		0.505354
775.5		0.507874
775		0.507726
774.5		0.506032
774		0.508308
773.5		0.508884
773		0.50779
772.5		0.509013
772		0.50851
771.5		0.508858
771		0.509235
770.5		0.509701
770		0.509918
769.5		0.511093
769		0.511574
768.5		0.512478
768		0.511316
767.5		0.512126
767		0.511667
766.5		0.513019
766		0.514142
765.5		0.514138
765		0.513119
764.5		0.514779
764		0.514546
763.5		0.514951
763		0.514951
762.5		0.514053
762		0.515693
761.5		0.516631
761		0.516219
760.5		0.517337
760		0.517624
759.5		0.517872
759		0.518022
758.5		0.518664
758		0.519494
757.5		0.518421
757		0.520247
756.5		0.52064
756		0.520253
755.5		0.521609
755		0.519978
754.5		0.521327
754		0.522043
753.5		0.523117
753		0.523043
752.5		0.523382
752		0.524493
751.5		0.524047
751		0.524294
750.5		0.525224
750		0.524969
749.5		0.526265
749		0.52579
748.5		0.526484
748		0.527646
747.5		0.526393
747		0.527513
746.5		0.528082
746		0.528171
745.5		0.529986
745		0.529815
744.5		0.52913
744		0.529982
743.5		0.530191
743		0.531594
742.5		0.531281
742		0.531602
741.5		0.531791
741		0.533375
740.5		0.532941
740		0.533073
739.5		0.533658
739		0.53407
738.5		0.534894
738		0.535901
737.5		0.536289
737		0.535222
736.5		0.536846
736		0.536778
735.5		0.537207
735		0.537764
734.5		0.537758
734		0.538977
733.5		0.53879
733		0.539848
732.5		0.541758
732		0.540409
731.5		0.541796
731		0.542351
730.5		0.543481
730		0.54428
729.5		0.543755
729		0.543884
728.5		0.544343
728		0.54538
727.5		0.545836
727		0.547543
726.5		0.548101
726		0.548448
725.5		0.549113
725		0.54924
724.5		0.550832
724		0.551148
723.5		0.551738
723		0.552304
722.5		0.552567
722		0.55402
721.5		0.555006
721		0.554178
720.5		0.555469
720		0.556371
719.5		0.555608
719		0.557686
718.5		0.556873
718		0.558274
717.5		0.559629
717		0.558969
716.5		0.558661
716		0.559968
715.5		0.559952
715		0.560568
714.5		0.559868
714		0.560527
713.5		0.56038
713		0.560548
712.5		0.560949
712		0.561463
711.5		0.56237
711		0.562112
710.5		0.561679
710		0.561509
709.5		0.562204
709		0.563623
708.5		0.562606
708		0.563061
707.5		0.563409
707		0.563141
706.5		0.56304
706		0.564852
705.5		0.565639
705		0.56659
704.5		0.565405
704		0.566561
703.5		0.567507
703		0.567297
702.5		0.567756
702		0.568821
701.5		0.569367
701		0.568817
700.5		0.569915
700		0.571106
699.5		0.570863
699		0.570146
698.5		0.572768
698		0.573867
697.5		0.572127
697		0.574306
696.5		0.573992
696		0.574124
695.5		0.574071
695		0.575556
694.5		0.57591
694		0.5758
693.5		0.576781
693		0.577463
692.5		0.578527
692		0.578107
691.5		0.580114
691		0.579541
690.5		0.580547
690		0.581372
689.5		0.581199
689		0.581291
688.5		0.581591
688		0.583124
687.5		0.583022
687		0.583557
686.5		0.584812
686		0.5847
685.5		0.585806
685		0.585693
684.5		0.586383
684		0.587371
683.5		0.587329
683		0.587879
682.5		0.588885
682		0.58894
681.5		0.58962
681		0.590404
680.5		0.590445
680		0.591187
679.5		0.591663
679		0.592771
678.5		0.592943
678		0.593814
677.5		0.595493
677		0.594465
676.5		0.595412
676		0.596493
675.5		0.596341
675		0.597551
674.5		0.597727
674		0.597998
673.5		0.599434
673		0.600187
672.5		0.599259
672		0.600226
671.5		0.601702
671		0.601606
670.5		0.602472
670		0.602297
669.5		0.603342
669		0.603484
668.5		0.604152
668		0.605044
667.5		0.605423
667		0.605899
666.5		0.606735
666		0.607962
665.5		0.607855
665		0.607371
664.5		0.607945
664		0.608985
663.5		0.610003
663		0.610885
662.5		0.610396
662		0.61149
661.5		0.61137
661		0.612484
660.5		0.612576
660		0.613833
659.5		0.613892
659		0.614653
658.5		0.614605
658		0.615485
657.5		0.616255
657		0.616371
656.5		0.616697
656		0.617785
655.5		0.618043
655		0.618917
654.5		0.618525
654		0.61951
653.5		0.619814
653		0.620948
652.5		0.622428
652		0.621746
651.5		0.622838
651		0.622122
650.5		0.622948
650		0.624908
649.5		0.62397
649		0.624179
648.5		0.624271
648		0.625379
647.5		0.62712
647		0.626693
646.5		0.627276
646		0.627318
645.5		0.628065
645		0.628916
644.5		0.629419
644		0.629431
643.5		0.629618
643		0.630706
642.5		0.631119
642		0.631965
641.5		0.631598
641		0.631576
640.5		0.632504
640		0.632861
639.5		0.633793
639		0.633615
638.5		0.633459
638		0.634573
637.5		0.634828
637		0.635274
636.5		0.634828
636		0.635894
635.5		0.636116
635		0.636544
634.5		0.63732
634		0.637609
633.5		0.636981
633		0.638199
632.5		0.638631
632		0.638937
631.5		0.638939
631		0.63882
630.5		0.640098
630		0.641009
629.5		0.642213
629		0.64129
628.5		0.64371
628		0.643249
627.5		0.644564
627		0.645251
626.5		0.645965
626		0.646816
625.5		0.646989
625		0.647777
624.5		0.64825
624		0.649915
623.5		0.650657
623		0.652433
622.5		0.652626
622		0.654877
621.5		0.655129
621		0.654301
620.5		0.655639
620		0.656123
619.5		0.656436
619		0.656867
618.5		0.657715
618		0.659263
617.5		0.658579
617		0.658416
616.5		0.6589
616		0.658497
615.5		0.658151
615		0.65902
614.5		0.657974
614		0.660164
613.5		0.6598
613		0.660024
612.5		0.660662
612		0.660222
611.5		0.661318
611		0.660861
610.5		0.660783
610		0.661123
609.5		0.66149
609		0.662287
608.5		0.66224
608		0.662906
607.5		0.662052
607		0.662727
606.5		0.662419
606		0.663233
605.5		0.663234
605		0.6636
604.5		0.664144
604		0.664078
603.5		0.663328
603		0.664004
602.5		0.664641
602		0.663882
601.5		0.664173
601		0.664987
600.5		0.664473
600		0.665729
599.5		0.664004
599		0.664924
598.5		0.663864
598		0.664399
597.5		0.665063
597		0.664463
596.5		0.665298
596		0.665523
595.5		0.662929
595		0.663481
594.5		0.663509
594		0.66379
593.5		0.663742
593		0.662047
592.5		0.664025
592		0.663003
591.5		0.661778
591		0.663192
590.5		0.66246
590		0.662115
589.5		0.661618
589		0.661666
588.5		0.660907
588		0.661543
587.5		0.661467
587		0.660552
586.5		0.660769
586		0.659
585.5		0.660766
585		0.658272
584.5		0.659487
584		0.658447
583.5		0.656962
583		0.658575
582.5		0.657146
582		0.65682
581.5		0.657138
581		0.65527
580.5		0.655424
580		0.654538
579.5		0.653807
579		0.653706
578.5		0.651719
578		0.652805
577.5		0.6518
577		0.650629
576.5		0.650518
576		0.649882
575.5		0.649881
575		0.648984
574.5		0.648611
574		0.646611
573.5		0.645582
573		0.64562
572.5		0.644419
572		0.643781
571.5		0.642388
571		0.641677
570.5		0.640378
570		0.640111
569.5		0.638276
569		0.638918
568.5		0.636744
568		0.636466
567.5		0.635132
567		0.634393
566.5		0.632407
566		0.63112
565.5		0.630413
565		0.629558
564.5		0.627892
564		0.628235
563.5		0.626314
563		0.625291
562.5		0.624057
562		0.622162
561.5		0.621329
561		0.620927
560.5		0.617704
560		0.619154
559.5		0.61846
559		0.616342
558.5		0.61505
558		0.614166
557.5		0.611832
557		0.611128
556.5		0.609844
556		0.608155
555.5		0.607388
555		0.604348
554.5		0.604081
554		0.603183
553.5		0.600998
553		0.599703
552.5		0.597412
552		0.595714
551.5		0.594295
551		0.593926
550.5		0.591953
550		0.590079
549.5		0.588792
549		0.587529
548.5		0.585602
548		0.584061
547.5		0.582333
547		0.580472
546.5		0.579037
546		0.577518
545.5		0.575483
545		0.574456
544.5		0.572365
544		0.570493
543.5		0.568509
543		0.567484
542.5		0.566264
542		0.563958
541.5		0.561814
541		0.561143
540.5		0.55942
540		0.557417
539.5		0.555876
539		0.553109
538.5		0.552027
538		0.550074
537.5		0.548643
537		0.546643
536.5		0.544819
536		0.543295
535.5		0.541598
535		0.539567
534.5		0.537975
534		0.535903
533.5		0.534543
533		0.533481
532.5		0.530713
532		0.528887
531.5		0.526345
531		0.525498
530.5		0.523423
530		0.521727
529.5		0.52045
529		0.518251
528.5		0.516621
528		0.515084
527.5		0.513257
527		0.511588
526.5		0.509536
526		0.507732
525.5		0.506235
525		0.504433
524.5		0.502782
524		0.501202
523.5		0.499007
523		0.498168
522.5		0.495568
522		0.493905
521.5		0.492701
521		0.490602
520.5		0.489432
520		0.487293
519.5		0.486106
519		0.485445
518.5		0.483315
518		0.481812
517.5		0.479992
517		0.478637
516.5		0.477691
516		0.475436
515.5		0.474171
515		0.473079
514.5		0.472214
514		0.471378
513.5		0.469484
513		0.468151
512.5		0.467428
512		0.465976
511.5		0.464548
511		0.464157
510.5		0.462408
510		0.461702
509.5		0.460695
509		0.459363
508.5		0.458994
508		0.457466
507.5		0.457563
507		0.456254
506.5		0.456339
506		0.455668
505.5		0.454619
505		0.454629
504.5		0.453767
504		0.453721
503.5		0.453354
503		0.452591
502.5		0.452102
502		0.452049
501.5		0.451679
501		0.451599
500.5		0.450915
500		0.45102
499.5		0.450791
499		0.450479
498.5		0.450366
498		0.449504
497.5		0.449348
497		0.449528
496.5		0.449286
496		0.449892
495.5		0.448791
495		0.448908
494.5		0.448719
494		0.448543
493.5		0.448628
493		0.449176
492.5		0.448067
492		0.448024
491.5		0.448136
491		0.448193
490.5		0.448674
490		0.448109
489.5		0.448703
489		0.448752
488.5		0.448858
488		0.448425
487.5		0.448093
487		0.448129
486.5		0.44851
486		0.448118
485.5		0.448406
485		0.448603
484.5		0.449486
484		0.449377
483.5		0.449297
483		0.449724
482.5		0.449457
482		0.450094
481.5		0.450619
481		0.451421
480.5		0.451256
480		0.451543
479.5		0.452637
479		0.452711
478.5		0.453122
478		0.453368
477.5		0.453882
477		0.454182
476.5		0.454686
476		0.455584
475.5		0.455763
475		0.455908
474.5		0.456914
474		0.45707
473.5		0.457335
473		0.458308
472.5		0.459373
472		0.459223
471.5		0.460453
471		0.460236
470.5		0.460965
470		0.462646
469.5		0.462471
469		0.463889
468.5		0.463844
468		0.464901
467.5		0.465616
467		0.465273
466.5		0.466617
466		0.466953
465.5		0.466803
465		0.468569
464.5		0.469772
464		0.470219
463.5		0.470832
463		0.471585
462.5		0.473118
462		0.472874
461.5		0.474106
461		0.474434
460.5		0.475149
460		0.476389
459.5		0.477186
459		0.477767
458.5		0.47755
458		0.47828
457.5		0.479487
457		0.478873
456.5		0.480826
456		0.479821
455.5		0.48046
455		0.481518
454.5		0.481652
454		0.481501
453.5		0.482576
453		0.482926
452.5		0.482257
452		0.483395
451.5		0.482984
451		0.483283
450.5		0.482704
450		0.482652
449.5		0.483266
449		0.481991
448.5		0.483163
448		0.481847
447.5		0.482109
447		0.483965
446.5		0.481351
446		0.483003
445.5		0.481977
445		0.482918
444.5		0.483094
444		0.482664
443.5		0.483263
443		0.483455
442.5		0.482704
442		0.483915
441.5		0.483688
441		0.483331
440.5		0.483377
440		0.48433
439.5		0.484505
439		0.484756
438.5		0.485113
438		0.484717
437.5		0.485808
437		0.486009
436.5		0.485616
436		0.485806
435.5		0.487393
435		0.485879
434.5		0.487444
434		0.487588
433.5		0.486102
433		0.488367
432.5		0.488173
432		0.488661
431.5		0.489082
431		0.488374
430.5		0.490033
430		0.489866
429.5		0.490523
429		0.491165
428.5		0.490308
428		0.491303
427.5		0.49132
427		0.490978
426.5		0.492652
426		0.492543
425.5		0.492488
425		0.493502
424.5		0.49357
424		0.493668
423.5		0.494529
423		0.49446
422.5		0.495924
422		0.495423
421.5		0.496499
421		0.496652
420.5		0.496694
420		0.496733
419.5		0.498388
419		0.49832
418.5		0.498784
418		0.497966
417.5		0.499181
417		0.499686
416.5		0.50045
416		0.500846
415.5		0.500627
415		0.500655
414.5		0.501745
414		0.501568
413.5		0.502645
413		0.502454
412.5		0.504392
412		0.503952
411.5		0.504458
411		0.504157
410.5		0.503936
410		0.506286
409.5		0.505365
409		0.506494
408.5		0.505512
408		0.50587
407.5		0.506824
407		0.506817
406.5		0.507569
406		0.508386
405.5		0.507466
405		0.508604
404.5		0.508761
404		0.509102
403.5		0.510786
403		0.509368
402.5		0.51077
402		0.510539
401.5		0.510622
401		0.51169
400.5		0.511821
400		0.511791
399.5		0.512037
399		0.512938
398.5		0.511448
398		0.513435
397.5		0.512756
397		0.514034
396.5		0.51341
396		0.514618
395.5		0.51425
395		0.516101
394.5		0.516358
394		0.515616
393.5		0.517486
393		0.51731
392.5		0.516161
392		0.517138
391.5		0.518919
391		0.517576
390.5		0.519097
390		0.518113
389.5		0.519256
389		0.520765
388.5		0.51975
388		0.521611
387.5		0.521312
387		0.52161
386.5		0.522253
386		0.522025
385.5		0.523467
385		0.524559
384.5		0.52449
384		0.525615
383.5		0.525372
383		0.523741
382.5		0.525504
382		0.526358
381.5		0.525917
381		0.5265
380.5		0.525803
380		0.528304
379.5		0.526416
379		0.529173
378.5		0.529817
378		0.528857
377.5		0.52895
377		0.528851
376.5		0.529562
376		0.529454
375.5		0.530862
375		0.530228
374.5		0.529769
374		0.531424
373.5		0.53257
373		0.52975
372.5		0.53463
372		0.532504
371.5		0.533625
371		0.530936
370.5		0.534046
370		0.532768
369.5		0.534782
369		0.53306
368.5		0.535583
368		0.534502
367.5		0.535908
367		0.533549
366.5		0.533121
366		0.537545
365.5		0.536339
365		0.534982
364.5		0.535564
364		0.536723
363.5		0.535706
363		0.537293
362.5		0.537335
362		0.538059
361.5		0.536657
361		0.538006
360.5		0.538548
360		0.539699
359.5		0.53824
359		0.539414
358.5		0.53833
358		0.539652
357.5		0.540735
357		0.54165
356.5		0.540439
356		0.540525
355.5		0.543358
355		0.543965
354.5		0.542973
354		0.544368
353.5		0.542141
353		0.542891
352.5		0.543996
352		0.543212
351.5		0.546717
351		0.544686
350.5		0.545725
350		0.548275
349.5		0.546387
349		0.546717
348.5		0.548454
348		0.551248
347.5		0.546521
347		0.549935
346.5		0.553184
346		0.549423
345.5		0.55188
345		0.55555
344.5		0.556192
344		0.55472
343.5		0.553362
343		0.556521
342.5		0.556784
342		0.556743
341.5		0.558439
341		0.559463
340.5		0.559502
340		0.562629
339.5		0.56218
339		0.564208
338.5		0.567016
338		0.569455
337.5		0.568654
337		0.570011
336.5		0.572791
336		0.571549
335.5		0.570498
335		0.571001
334.5		0.573304
334		0.574096
333.5		0.570882
333		0.572422
332.5		0.576472
332		0.574093
331.5		0.58124
331		0.576684
330.5		0.575375
330		0.583432
329.5		0.581922
329		0.582427
328.5		0.584384
328		0.58728
327.5		0.587705
327		0.590045
326.5		0.58552
326		0.58806
325.5		0.588177
325		0.586818
324.5		0.588679
324		0.591517
323.5		0.590525
323		0.594174
322.5		0.591209
322		0.596967
321.5		0.596305
321		0.599157
320.5		0.5936
320		0.593217
319.5		0.600395
319		0.601984
318.5		0.597049
318		0.599839
317.5		0.605364
317		0.59853
316.5		0.606952
316		0.603194
315.5		0.609881
315		0.608128
314.5		0.601546
314		0.60095
313.5		0.60562
313		0.601905
312.5		0.619342
312		0.609757
311.5		0.620897
311		0.611925
310.5		0.605451
310		0.618609
309.5		0.60359
309		0.602215
308.5		0.608323
308		0.617794
307.5		0.615515
307		0.609976
306.5		0.610366
306		0.619639
305.5		0.596009
305		0.612293
304.5		0.605942
304		0.612572
303.5		0.631927
303		0.597183
302.5		0.634245
302		0.612593
301.5		0.634385
301		0.667819
300.5		0.570256
300		0.619302
299.5		0.602461
299		0.602658
298.5		0.585771
298		0.586427
297.5		0.640807
297		0.591276
296.5		0.549439
296		0.612465
295.5		0.758097
295		0.541991
294.5		0.674391
294		0.872992
293.5		0.437371
293		0.256735
292.5		-0.657602
292		-1.02777
291.5		0.659203
291		0.549702
290.5		-0.653736
290		0.502721
289.5		0.0739329
289		-0.243818
288.5		0.506756
288		0.637487
287.5		0.272759
287		0.181568
286.5		0.254233
286		0.469632
285.5		-1.42908
285		0.585875
284.5		0.462615
284		0.247942
283.5		0.173558
283		0.116847
282.5		-0.0115029
282		0.224628
281.5		-0.459988
281		-0.0564373
280.5		0.398843
280		0.461542
279.5		-2.19752
279		0.118911
278.5		0.329048
278		1.06948
277.5		2.08913
277		0.340318
276.5		0.125134
276		0.538752
275.5		0.583445
275		0.690008
274.5		-0.0778454
274		0.332284
273.5		0.937137
273		0.611986
272.5		-0.141589
272		-0.614264
271.5		0.225649
271		-2.85389
270.5		1.31992
270		0.335521
269.5		-0.0770481
269		0.547943
268.5		0.288592
268		0.138143
267.5		-0.343901
267		-0.539737
266.5		0.356811
266		1.98035
265.5		10.0089
265		0.161838
264.5		-0.0905928
264		0.0934714
263.5		-0.79927
263		-1.87674
262.5		-1.07959
262		-0.540979
261.5		1.73838
261		0.118892
260.5		0.0254489
260		-0.355176
259.5		-0.0111743
259		0.226239
258.5		-0.650886
258		12.2041
257.5		0.127192
257		-0.211472
256.5		-0.251186
256		0.278583
255.5		0.580359
255		3.17183
254.5		0.21283
254		-0.286798
253.5		-0.45565
253		-0.188408
252.5		0.855445
252		3.22424
251.5		0.343851
251		-0.54949
250.5		0.271261
250		0.173996
249.5		0.259142
249		0.109241
248.5		-0.216066
248		0.0626539
247.5		0.920985
247		6.03744
246.5		0.109569
246		1.13406
245.5		0.0711668
245		0.192002
244.5		-1.32223
244		0.420689
243.5		0.41454
243		0.589836
242.5		0.509157
242		-2.45172
241.5		0.0464712
241		3.30108
240.5		-0.47411
240		0.380373
239.5		0.317537
239		-0.187308
238.5		-2.51632
238		0.20899
237.5		-0.781753
237		0.119297
236.5		-0.113518
236		-3.97259
235.5		0.197546
235		0.400822
234.5		0.505418
234		-0.013684
233.5		0.159744
233		6.25667
232.5		15.1398
232		0.28093
231.5		0.322404
231		0.180971
230.5		0.192719
230		-0.397342
229.5		0.00787266
229		0.599319
228.5		0.379108
228		0.304451
227.5		0.312337
227		-0.0652897
226.5		0.276909
226		0.53844
225.5		-0.53018
225		-0.0871817
224.5		0.0626967
224		3.73004
223.5		0.145047
223		0.147387
222.5		0.500797
222		0.0832157
221.5		0.623802
221		0.10364
220.5		-1.34424
220		0.245968
219.5		0.151945
219		0.0739692
218.5		-0.274771
218		1.53918
217.5		0.0330182
217		0.487447
216.5		-0.280767
216		1.22895
215.5		0.708677
215		0.271798
214.5		-0.0804733
214		0.0284088
213.5		-0.209991
213		0.0799023
212.5		0.30464
212		0.376486
211.5		0.322782
211		0.139146
210.5		-0.0355878
210		0.284398
209.5		-0.106977
209		0.902141
208.5		0.241472
208		0.12474
207.5		-0.169958
207		0.106944
206.5		-0.0347913
206		0.089063
205.5		0.579557
205		1.05691
204.5		-0.104389
204		-0.932705
203.5		0.320896
203		-0.889937
202.5		1.18714
202		0.256786
201.5		0.254242
201		0.0607868
200.5		-0.0611999
200		-0.316543
