lambda		value

Calibration:
lambda:	800
Abs:	-0.0003

Data:
#
900		0.2529
899.5		0.233651
899		0.235852
898.5		0.238514
898		0.244785
897.5		0.24899
897		0.245141
896.5		0.244449
896		0.245987
895.5		0.245311
895		0.241536
894.5		0.250804
894		0.241101
893.5		0.258091
893		0.254551
892.5		0.239632
892		0.248029
891.5		0.249826
891		0.260368
890.5		0.251752
890		0.248181
889.5		0.245755
889		0.257851
888.5		0.25134
888		0.260062
887.5		0.24917
887		0.243707
886.5		0.26261
886		0.260218
885.5		0.252335
885		0.244814
884.5		0.250988
884		0.255286
883.5		0.248901
883		0.259434
882.5		0.256387
882		0.255445
881.5		0.247973
881		0.251569
880.5		0.25
880		0.253754
879.5		0.260803
879		0.257731
878.5		0.253537
878		0.245559
877.5		0.264409
877		0.258456
876.5		0.257151
876		0.261662
875.5		0.259767
875		0.259616
874.5		0.256125
874		0.260427
873.5		0.261588
873		0.257697
872.5		0.259293
872		0.252314
871.5		0.260128
871		0.262769
870.5		0.255613
870		0.259704
869.5		0.253492
869		0.255349
868.5		0.261013
868		0.258805
867.5		0.260218
867		0.260535
866.5		0.260216
866		0.256895
865.5		0.260492
865		0.265392
864.5		0.258361
864		0.261268
863.5		0.260284
863		0.260165
862.5		0.263904
862		0.25916
861.5		0.263871
861		0.264342
860.5		0.264087
860		0.260533
859.5		0.264715
859		0.265021
858.5		0.264151
858		0.263915
857.5		0.266068
857		0.265065
856.5		0.263596
856		0.267116
855.5		0.264153
855		0.265953
854.5		0.26546
854		0.267195
853.5		0.266263
853		0.267248
852.5		0.264703
852		0.266858
851.5		0.268837
851		0.267773
850.5		0.269139
850		0.268561
849.5		0.269371
849		0.268326
848.5		0.26668
848		0.268134
847.5		0.268832
847		0.270476
846.5		0.270326
846		0.271453
845.5		0.272089
845		0.270599
844.5		0.270951
844		0.271677
843.5		0.271261
843		0.272287
842.5		0.272314
842		0.272109
841.5		0.273798
841		0.272727
840.5		0.273977
840		0.274173
839.5		0.274521
839		0.275002
838.5		0.274568
838		0.275644
837.5		0.275047
837		0.275616
836.5		0.276731
836		0.275964
835.5		0.276848
835		0.277155
834.5		0.278864
834		0.278511
833.5		0.278318
833		0.279603
832.5		0.278843
832		0.279877
831.5		0.280235
831		0.279706
830.5		0.280789
830		0.280855
829.5		0.281645
829		0.281033
828.5		0.281929
828		0.281959
827.5		0.282739
827		0.282754
826.5		0.283055
826		0.284289
825.5		0.283921
825		0.284745
824.5		0.285044
824		0.285486
823.5		0.285714
823		0.285272
822.5		0.286315
822		0.2856
821.5		0.28744
821		0.286912
820.5		0.287195
820		0.287725
819.5		0.288685
819		0.2884
818.5		0.288922
818		0.290045
817.5		0.290268
817		0.290026
816.5		0.291151
816		0.290403
815.5		0.290371
815		0.292163
814.5		0.291883
814		0.292
813.5		0.293488
813		0.293112
812.5		0.293806
812		0.293753
811.5		0.295148
811		0.295223
810.5		0.295151
810		0.295922
809.5		0.295742
809		0.297189
808.5		0.29773
808		0.29827
807.5		0.298049
807		0.297981
806.5		0.29938
806		0.29971
805.5		0.2996
805		0.30027
804.5		0.301059
804		0.300839
803.5		0.301251
803		0.302946
802.5		0.302409
802		0.302275
801.5		0.303657
801		0.303686
800.5		0.303468
800		0.304709
799.5		0.305508
799		0.304968
798.5		0.305095
798		0.306693
797.5		0.307731
797		0.307262
796.5		0.307738
796		0.307094
795.5		0.309044
795		0.309145
794.5		0.310552
794		0.310273
793.5		0.310424
793		0.311706
792.5		0.311819
792		0.313651
791.5		0.312425
791		0.312407
790.5		0.314366
790		0.31288
789.5		0.315048
789		0.314839
788.5		0.316642
788		0.316241
787.5		0.316204
787		0.317083
786.5		0.317611
786		0.31744
785.5		0.319417
785		0.318738
784.5		0.320463
784		0.3201
783.5		0.320175
783		0.322007
782.5		0.321097
782		0.322009
781.5		0.323987
781		0.322568
780.5		0.323597
780		0.323899
779.5		0.323923
779		0.325586
778.5		0.325199
778		0.326013
777.5		0.325403
777		0.326327
776.5		0.32742
776		0.327693
775.5		0.327
775		0.329306
774.5		0.328162
774		0.330437
773.5		0.331008
773		0.331077
772.5		0.331572
772		0.331312
771.5		0.333234
771		0.333466
770.5		0.3334
770		0.334164
769.5		0.334994
769		0.335724
768.5		0.335954
768		0.336086
767.5		0.337283
767		0.337343
766.5		0.338512
766		0.339581
765.5		0.339442
765		0.338791
764.5		0.340177
764		0.340599
763.5		0.342906
763		0.34198
762.5		0.34276
762		0.344148
761.5		0.343362
761		0.34455
760.5		0.344714
760		0.345686
759.5		0.346001
759		0.346318
758.5		0.348021
758		0.347144
757.5		0.348146
757		0.349404
756.5		0.349493
756		0.350945
755.5		0.35004
755		0.351824
754.5		0.352099
754		0.352072
753.5		0.353345
753		0.354065
752.5		0.354448
752		0.3549
751.5		0.354072
751		0.356419
750.5		0.356405
750		0.356802
749.5		0.35769
749		0.357221
748.5		0.35942
748		0.358995
747.5		0.359333
747		0.361738
746.5		0.361086
746		0.362408
745.5		0.362238
745		0.363059
744.5		0.363042
744		0.363465
743.5		0.364492
743		0.365097
742.5		0.365917
742		0.366132
741.5		0.366462
741		0.366165
740.5		0.367832
740		0.368556
739.5		0.369684
739		0.369488
738.5		0.369832
738		0.370337
737.5		0.371231
737		0.371567
736.5		0.37232
736		0.372628
735.5		0.373383
735		0.374852
734.5		0.37436
734		0.375382
733.5		0.375468
733		0.375727
732.5		0.375541
732		0.376277
731.5		0.377505
731		0.377307
730.5		0.37828
730		0.378161
729.5		0.378736
729		0.378447
728.5		0.377938
728		0.379678
727.5		0.379465
727		0.380177
726.5		0.380809
726		0.379631
725.5		0.380615
725		0.37951
724.5		0.380199
724		0.380246
723.5		0.379533
723		0.379294
722.5		0.378818
722		0.379051
721.5		0.377175
721		0.376976
720.5		0.375874
720		0.375295
719.5		0.374965
719		0.374506
718.5		0.373607
718		0.373255
717.5		0.374016
717		0.374157
716.5		0.374965
716		0.376372
715.5		0.377504
715		0.380502
714.5		0.383367
714		0.385077
713.5		0.388252
713		0.390139
712.5		0.391948
712		0.396084
711.5		0.397099
711		0.398391
710.5		0.401438
710		0.40488
709.5		0.405682
709		0.406443
708.5		0.40844
708		0.410188
707.5		0.411359
707		0.413752
706.5		0.413416
706		0.414644
705.5		0.414697
705		0.416199
704.5		0.416896
704		0.417472
703.5		0.418037
703		0.419161
702.5		0.42001
702		0.42112
701.5		0.421395
701		0.422614
700.5		0.42302
700		0.423016
699.5		0.425624
699		0.42469
698.5		0.426079
698		0.427867
697.5		0.428219
697		0.4286
696.5		0.429404
696		0.430613
695.5		0.431288
695		0.43123
694.5		0.433465
694		0.433346
693.5		0.434362
693		0.435139
692.5		0.435751
692		0.437444
691.5		0.437938
691		0.438628
690.5		0.440186
690		0.440146
689.5		0.441449
689		0.442633
688.5		0.44383
688		0.445445
687.5		0.444938
687		0.445849
686.5		0.446199
686		0.448508
685.5		0.448855
685		0.449941
684.5		0.449798
684		0.450217
683.5		0.452659
683		0.452687
682.5		0.45362
682		0.454169
681.5		0.455497
681		0.455362
680.5		0.457563
680		0.458416
679.5		0.459086
679		0.460404
678.5		0.460314
678		0.462231
677.5		0.463174
677		0.46299
676.5		0.465439
676		0.465763
675.5		0.465875
675		0.46763
674.5		0.467523
674		0.46922
673.5		0.469919
673		0.471118
672.5		0.471077
672		0.471961
671.5		0.472945
671		0.474278
670.5		0.474622
670		0.476582
669.5		0.476666
669		0.477534
668.5		0.479066
668		0.478304
667.5		0.479877
667		0.480752
666.5		0.481214
666		0.48389
665.5		0.482745
665		0.48495
664.5		0.485924
664		0.48557
663.5		0.487568
663		0.488315
662.5		0.489758
662		0.490346
661.5		0.490941
661		0.491487
660.5		0.492871
660		0.493958
659.5		0.493905
659		0.494849
658.5		0.496382
658		0.497124
657.5		0.498068
657		0.499108
656.5		0.499505
656		0.500793
655.5		0.502085
655		0.502973
654.5		0.502824
654		0.504563
653.5		0.505752
653		0.506702
652.5		0.507586
652		0.507637
651.5		0.509886
651		0.509113
650.5		0.510419
650		0.51181
649.5		0.512966
649		0.513511
648.5		0.514893
648		0.515956
647.5		0.516844
647		0.517822
646.5		0.518938
646		0.519527
645.5		0.520072
645		0.521795
644.5		0.521791
644		0.524066
643.5		0.525095
643		0.525959
642.5		0.527387
642		0.527423
641.5		0.529441
641		0.529324
640.5		0.530016
640		0.53246
639.5		0.533193
639		0.533687
638.5		0.535589
638		0.536297
637.5		0.538284
637		0.538778
636.5		0.53999
636		0.540905
635.5		0.541135
635		0.542975
634.5		0.544292
634		0.545372
633.5		0.546243
633		0.548289
632.5		0.548667
632		0.549975
631.5		0.549299
631		0.549934
630.5		0.552525
630		0.550837
629.5		0.553101
629		0.552738
628.5		0.55341
628		0.553157
627.5		0.552052
627		0.553731
626.5		0.553317
626		0.553475
625.5		0.553701
625		0.552226
624.5		0.553699
624		0.552632
623.5		0.553194
623		0.553449
622.5		0.552129
622		0.554216
621.5		0.554436
621		0.554547
620.5		0.55456
620		0.553881
619.5		0.55534
619		0.556354
618.5		0.556612
618		0.55729
617.5		0.557731
617		0.559817
616.5		0.56058
616		0.562871
615.5		0.562111
615		0.564003
614.5		0.564073
614		0.565421
613.5		0.567065
613		0.566715
612.5		0.568104
612		0.568719
611.5		0.569481
611		0.570067
610.5		0.571401
610		0.572054
609.5		0.571942
609		0.57297
608.5		0.574178
608		0.574915
607.5		0.575749
607		0.577155
606.5		0.577091
606		0.578615
605.5		0.578231
605		0.580539
604.5		0.580482
604		0.581583
603.5		0.583107
603		0.581748
602.5		0.584669
602		0.584863
601.5		0.584975
601		0.587314
600.5		0.586438
600		0.58771
599.5		0.588132
599		0.587956
598.5		0.589948
598		0.589358
597.5		0.592075
597		0.593201
596.5		0.592826
596		0.594508
595.5		0.592872
595		0.593705
594.5		0.595095
594		0.596029
593.5		0.598099
593		0.597365
592.5		0.597908
592		0.599399
591.5		0.598936
591		0.600135
590.5		0.601143
590		0.601935
589.5		0.602923
589		0.603115
588.5		0.603907
588		0.604685
587.5		0.606237
587		0.606169
586.5		0.605815
586		0.606798
585.5		0.607468
585		0.607043
584.5		0.60846
584		0.609989
583.5		0.609686
583		0.611917
582.5		0.6119
582		0.611857
581.5		0.613922
581		0.612574
580.5		0.615065
580		0.614954
579.5		0.616001
579		0.616921
578.5		0.615355
578		0.617664
577.5		0.617928
577		0.618611
576.5		0.619782
576		0.619722
575.5		0.621969
575		0.621457
574.5		0.622494
574		0.622291
573.5		0.622259
573		0.624349
572.5		0.625253
572		0.625012
571.5		0.624374
571		0.626264
570.5		0.626913
570		0.627721
569.5		0.628945
569		0.627885
568.5		0.628316
568		0.629295
567.5		0.630378
567		0.630638
566.5		0.630082
566		0.631918
565.5		0.631609
565		0.633006
564.5		0.633926
564		0.633945
563.5		0.63495
563		0.634787
562.5		0.635778
562		0.63618
561.5		0.634464
561		0.636861
560.5		0.636921
560		0.639524
559.5		0.641902
559		0.639766
558.5		0.641314
558		0.642233
557.5		0.642056
557		0.643508
556.5		0.643035
556		0.643371
555.5		0.644412
555		0.644315
554.5		0.645564
554		0.645232
553.5		0.646287
553		0.646377
552.5		0.646817
552		0.646969
551.5		0.648175
551		0.648913
550.5		0.649071
550		0.647947
549.5		0.649866
549		0.649331
548.5		0.650105
548		0.650507
547.5		0.650148
547		0.651321
546.5		0.65229
546		0.652478
545.5		0.653739
545		0.652747
544.5		0.652573
544		0.65364
543.5		0.654283
543		0.654905
542.5		0.654169
542		0.654754
541.5		0.654455
541		0.655218
540.5		0.655919
540		0.654732
539.5		0.656381
539		0.655857
538.5		0.656432
538		0.656968
537.5		0.657107
537		0.658138
536.5		0.65796
536		0.658881
535.5		0.658068
535		0.657689
534.5		0.6581
534		0.659647
533.5		0.657852
533		0.659173
532.5		0.659489
532		0.660004
531.5		0.660255
531		0.659216
530.5		0.661747
530		0.660449
529.5		0.660074
529		0.661713
528.5		0.660516
528		0.660611
527.5		0.661112
527		0.661596
526.5		0.662669
526		0.661654
525.5		0.662545
525		0.662761
524.5		0.662323
524		0.662226
523.5		0.663428
523		0.662606
522.5		0.662829
522		0.662355
521.5		0.663588
521		0.663841
520.5		0.662609
520		0.662418
519.5		0.662198
519		0.663082
518.5		0.663428
518		0.662163
517.5		0.66232
517		0.662638
516.5		0.661754
516		0.663203
515.5		0.662889
515		0.66273
514.5		0.662915
514		0.662637
513.5		0.662341
513		0.662632
512.5		0.662564
512		0.662496
511.5		0.661587
511		0.662592
510.5		0.662375
510		0.661456
509.5		0.661418
509		0.660636
508.5		0.661707
508		0.659433
507.5		0.659971
507		0.659435
506.5		0.658217
506		0.657056
505.5		0.658352
505		0.655842
504.5		0.655508
504		0.654238
503.5		0.652563
503		0.654263
502.5		0.651386
502		0.651248
501.5		0.650754
501		0.648841
500.5		0.650225
500		0.647854
499.5		0.646807
499		0.64696
498.5		0.644383
498		0.645692
497.5		0.643467
497		0.643056
496.5		0.642348
496		0.641377
495.5		0.641298
495		0.638125
494.5		0.637729
494		0.636355
493.5		0.634975
493		0.636221
492.5		0.632687
492		0.632653
491.5		0.631125
491		0.62948
490.5		0.630449
490		0.628983
489.5		0.627521
489		0.626959
488.5		0.625
488		0.624016
487.5		0.624392
487		0.621387
486.5		0.622163
486		0.620652
485.5		0.618974
485		0.617757
484.5		0.61734
484		0.615715
483.5		0.614115
483		0.613077
482.5		0.611785
482		0.610625
481.5		0.609376
481		0.608312
480.5		0.606523
480		0.606367
479.5		0.606474
479		0.603375
478.5		0.602577
478		0.600942
477.5		0.599276
477		0.599529
476.5		0.597651
476		0.596999
475.5		0.593818
475		0.593497
474.5		0.592499
474		0.590341
473.5		0.590092
473		0.589292
472.5		0.587534
472		0.586764
471.5		0.586216
471		0.584338
470.5		0.583125
470		0.581232
469.5		0.58059
469		0.579468
468.5		0.578372
468		0.577685
467.5		0.575073
467		0.574272
466.5		0.573044
466		0.572904
465.5		0.570774
465		0.569242
464.5		0.568966
464		0.568044
463.5		0.567743
463		0.565107
462.5		0.565324
462		0.564288
461.5		0.56387
461		0.563012
460.5		0.560278
460		0.56048
459.5		0.559538
459		0.557982
458.5		0.557997
458		0.557594
457.5		0.55498
457		0.554118
456.5		0.554643
456		0.55336
455.5		0.553644
455		0.553913
454.5		0.552106
454		0.551566
453.5		0.550809
453		0.548326
452.5		0.550213
452		0.549648
451.5		0.548544
451		0.549495
450.5		0.548255
450		0.547104
449.5		0.545812
449		0.544629
448.5		0.545471
448		0.542649
447.5		0.543698
447		0.543421
446.5		0.541249
446		0.542328
445.5		0.53973
445		0.540056
444.5		0.539639
444		0.538169
443.5		0.53819
443		0.536294
442.5		0.536948
442		0.536598
441.5		0.535183
441		0.535018
440.5		0.533475
440		0.533962
439.5		0.533227
439		0.531508
438.5		0.531586
438		0.530023
437.5		0.529788
437		0.528794
436.5		0.529171
436		0.528025
435.5		0.528307
435		0.526437
434.5		0.527268
434		0.525258
433.5		0.524549
433		0.524784
432.5		0.524891
432		0.522388
431.5		0.522273
431		0.521982
430.5		0.523135
430		0.521141
429.5		0.520522
429		0.520757
428.5		0.51934
428		0.519065
427.5		0.518019
427		0.518328
426.5		0.515549
426		0.515726
425.5		0.515017
425		0.514827
424.5		0.514875
424		0.513396
423.5		0.513358
423		0.512786
422.5		0.512923
422		0.510451
421.5		0.512204
421		0.51098
420.5		0.510051
420		0.510373
419.5		0.509078
419		0.508055
418.5		0.508675
418		0.507079
417.5		0.507387
417		0.505477
416.5		0.504874
416		0.506501
415.5		0.50342
415		0.504208
414.5		0.504291
414		0.503463
413.5		0.503066
413		0.502538
412.5		0.50263
412		0.501311
411.5		0.50162
411		0.500394
410.5		0.49952
410		0.501445
409.5		0.498692
409		0.498388
408.5		0.498737
408		0.49699
407.5		0.498123
407		0.495259
406.5		0.496427
406		0.496427
405.5		0.494744
405		0.495467
404.5		0.493739
404		0.494042
403.5		0.494134
403		0.492577
402.5		0.494095
402		0.492054
401.5		0.492833
401		0.491761
400.5		0.490385
400		0.491443
399.5		0.491701
399		0.49012
398.5		0.488975
398		0.48905
397.5		0.489655
397		0.489826
396.5		0.489738
396		0.489784
395.5		0.488531
395		0.488165
394.5		0.487703
394		0.486507
393.5		0.487486
393		0.485953
392.5		0.485117
392		0.4865
391.5		0.486438
391		0.483899
390.5		0.485778
390		0.483738
389.5		0.483462
389		0.483832
388.5		0.482582
388		0.482343
387.5		0.481826
387		0.48285
386.5		0.483291
386		0.480851
385.5		0.481667
385		0.480346
384.5		0.478768
384		0.481092
383.5		0.478375
383		0.476887
382.5		0.477101
382		0.478742
381.5		0.478338
381		0.475922
380.5		0.476158
380		0.478965
379.5		0.474076
379		0.475974
378.5		0.4753
378		0.474429
377.5		0.475728
377		0.475366
376.5		0.473645
376		0.473148
375.5		0.475367
375		0.473074
374.5		0.475514
374		0.475698
373.5		0.47441
373		0.472474
372.5		0.473316
372		0.475432
371.5		0.469929
371		0.471869
370.5		0.472776
370		0.47159
369.5		0.472007
369		0.470842
368.5		0.470243
368		0.470861
367.5		0.46831
367		0.470477
366.5		0.47106
366		0.469374
365.5		0.469709
365		0.468768
364.5		0.469536
364		0.470002
363.5		0.468351
363		0.46733
362.5		0.468349
362		0.466853
361.5		0.467294
361		0.467175
360.5		0.468794
360		0.468604
359.5		0.467601
359		0.467764
358.5		0.462319
358		0.467278
357.5		0.464423
357		0.466031
356.5		0.4664
356		0.464245
355.5		0.464861
355		0.46595
354.5		0.46276
354		0.462
353.5		0.462226
353		0.463496
352.5		0.465326
352		0.459106
351.5		0.461894
351		0.461595
350.5		0.461812
350		0.460773
349.5		0.460353
349		0.460956
348.5		0.459203
348		0.456024
347.5		0.46001
347		0.460379
346.5		0.45844
346		0.456327
345.5		0.45121
345		0.456226
344.5		0.457191
344		0.453841
343.5		0.454886
343		0.455119
342.5		0.454046
342		0.453704
341.5		0.452446
341		0.450806
340.5		0.451229
340		0.447847
339.5		0.447506
339		0.445071
338.5		0.454617
338		0.448912
337.5		0.444383
337		0.447656
336.5		0.445216
336		0.4466
335.5		0.44861
335		0.445266
334.5		0.443735
334		0.444212
333.5		0.444781
333		0.443987
332.5		0.443944
332		0.438124
331.5		0.441306
331		0.441667
330.5		0.437996
330		0.438792
329.5		0.435779
329		0.43647
328.5		0.434383
328		0.434703
327.5		0.43511
327		0.433997
326.5		0.430942
326		0.43357
325.5		0.430265
325		0.433064
324.5		0.434353
324		0.433651
323.5		0.434995
323		0.431077
322.5		0.43097
322		0.429322
321.5		0.426207
321		0.429514
320.5		0.429482
320		0.425941
319.5		0.428001
319		0.422729
318.5		0.429629
318		0.427838
317.5		0.428658
317		0.422686
316.5		0.427951
316		0.422807
315.5		0.423391
315		0.421986
314.5		0.420614
314		0.423085
313.5		0.418195
313		0.418311
312.5		0.418885
312		0.419262
311.5		0.425867
311		0.416322
310.5		0.419605
310		0.420132
309.5		0.417884
309		0.420603
308.5		0.41141
308		0.423541
307.5		0.416174
307		0.420385
306.5		0.416085
306		0.405538
305.5		0.43162
305		0.427902
304.5		0.410389
304		0.404529
303.5		0.415548
303		0.42081
302.5		0.411445
302		0.414726
301.5		0.40522
301		0.393874
300.5		0.40663
300		0.404347
299.5		0.399099
299		0.406045
298.5		0.439766
298		0.428294
297.5		0.398539
297		0.52071
296.5		0.420324
296		0.25009
295.5		0.394261
295		0.572111
294.5		0.43981
294		0.471931
293.5		-0.344657
293		0.289679
292.5		0.220037
292		0.538994
291.5		0.328735
291		0.617994
290.5		0.154371
290		-37.0762
289.5		16.3043
289		1.36939
288.5		7.26587
288		0.0505725
287.5		2.39401
287		0.251378
286.5		-1.01794
286		1.04849
285.5		-0.0946791
285		0.546308
284.5		-0.148249
284		0.769386
283.5		0.498589
283		1.92393
282.5		0.269331
282		0.925888
281.5		0.181574
281		-0.319322
280.5		0.750085
280		0.375748
279.5		1.20302
279		1.12878
278.5		0.775348
278		0.027038
277.5		3.05009
277		0.6249
276.5		-0.41537
276		0.584575
275.5		0.100134
275		-0.0964312
274.5		0.876988
274		-0.0674582
273.5		1.13792
273		0.615684
272.5		-45.2506
272		0.19042
271.5		0.690077
271		0.581151
270.5		-0.503734
270		-0.0696469
269.5		0.451838
269		1.58339
268.5		-5.46692
268		0.794207
267.5		0.595129
267		0.320395
266.5		-2.14153
266		0.274509
265.5		0.147405
265		-0.14784
264.5		-7.00562
264		0.0831223
263.5		0.616143
263		1.11625
262.5		2.03578
262		1.06397
261.5		0.498561
261		0.489101
260.5		-1.53607
260		0.907605
259.5		-0.228703
259		-0.364898
258.5		-0.135671
258		-0.147509
257.5		1.53801
257		10.1802
256.5		0.65153
256		0.337286
255.5		-0.658177
255		0.173638
254.5		0.0718774
254		0.9145
253.5		0.7217
253		-0.0354564
252.5		-0.274937
252		1.45799
251.5		0.379394
251		0.589726
250.5		3.81305
250		-46.4822
249.5		0.844722
249		0.351864
248.5		0.557452
248		-4.00236
247.5		1.45563
247		0.552765
246.5		25.8519
246		0.074833
245.5		0.0960461
245		0.286051
244.5		-0.00426463
244		0.315562
243.5		1.28995
243		-8.01854
242.5		-0.697292
242		0.662369
241.5		0.528678
241		-3.16577
240.5		1.29697
240		-0.320062
239.5		0.790492
239		0.467491
238.5		0.676517
238		2.41266
237.5		0.106039
237		-0.498673
236.5		1.00809
236		-0.0440629
235.5		-0.00896975
235		0.20986
234.5		1.29172
234		0.619662
233.5		1.1037
233		0.298538
232.5		0.16073
232		1.86582
231.5		-3.02585
231		1.93123
230.5		0.665202
230		0.295404
229.5		2.80151
229		0.271894
228.5		14.2172
228		-2.98464
227.5		0.253977
227		0.0932796
226.5		1.22924
226		0.0189241
225.5		3.4979
225		0.351068
224.5		0.35185
224		-0.411999
223.5		0.230834
223		0.438972
222.5		0.330468
222		0.30566
221.5		0.69391
221		-1.55277
220.5		-2.81128
220		-0.100336
219.5		0.320361
219		-0.182655
218.5		-0.36063
218		3.13511
217.5		0.776705
217		0.110365
216.5		0.279734
216		1.13875
215.5		-0.385645
215		0.121878
214.5		0.0971897
214		3.37289
213.5		0.836723
213		-0.436214
212.5		0.104268
212		-0.723979
211.5		-0.13326
211		0.660747
210.5		0.497892
210		0.08742
209.5		1.25837
209		0.129354
208.5		0.733903
208		-1.77847
207.5		-0.00656773
207		0.0798628
206.5		0.300717
206		0
205.5		0.468284
205		0.443418
204.5		0.327597
204		-0.455698
203.5		-0.135865
203		0.156888
202.5		0.657228
202		-15.2274
201.5		4.39854
201		0.16039
200.5		-0.279909
200		0.272873
