lambda		value

Calibration:
lambda:	800
Abs:	0.0005

Data:
#
900		0.334067
899.5		0.333038
899		0.357698
898.5		0.326369
898		0.337192
897.5		0.316168
897		0.351549
896.5		0.347977
896		0.331204
895.5		0.327568
895		0.333004
894.5		0.339968
894		0.336253
893.5		0.341285
893		0.350785
892.5		0.320478
892		0.343314
891.5		0.331637
891		0.343491
890.5		0.338609
890		0.33704
889.5		0.334942
889		0.323727
888.5		0.337185
888		0.332195
887.5		0.337964
887		0.336165
886.5		0.331614
886		0.345506
885.5		0.335951
885		0.334252
884.5		0.335631
884		0.354017
883.5		0.343762
883		0.346712
882.5		0.331986
882		0.333833
881.5		0.335939
881		0.334795
880.5		0.340048
880		0.339663
879.5		0.338477
879		0.339219
878.5		0.341299
878		0.33494
877.5		0.3335
877		0.341252
876.5		0.334879
876		0.3373
875.5		0.338479
875		0.346775
874.5		0.335157
874		0.336459
873.5		0.341184
873		0.338115
872.5		0.335625
872		0.340771
871.5		0.339322
871		0.336977
870.5		0.331875
870		0.335803
869.5		0.334365
869		0.340704
868.5		0.343587
868		0.336795
867.5		0.338634
867		0.335799
866.5		0.340718
866		0.335625
865.5		0.3361
865		0.337294
864.5		0.336304
864		0.334631
863.5		0.336331
863		0.337479
862.5		0.340961
862		0.332706
861.5		0.337653
861		0.338059
860.5		0.341561
860		0.337037
859.5		0.33948
859		0.336475
858.5		0.336911
858		0.33661
857.5		0.338094
857		0.337109
856.5		0.336473
856		0.33763
855.5		0.33746
855		0.335383
854.5		0.334786
854		0.338326
853.5		0.337832
853		0.339286
852.5		0.335404
852		0.336528
851.5		0.339394
851		0.338043
850.5		0.339735
850		0.338023
849.5		0.337647
849		0.338541
848.5		0.336419
848		0.336099
847.5		0.338306
847		0.338337
846.5		0.337706
846		0.338867
845.5		0.33835
845		0.338343
844.5		0.338338
844		0.338802
843.5		0.337794
843		0.339295
842.5		0.338016
842		0.338727
841.5		0.339968
841		0.341104
840.5		0.338611
840		0.340417
839.5		0.338633
839		0.340263
838.5		0.340417
838		0.339576
837.5		0.339998
837		0.340038
836.5		0.341275
836		0.339735
835.5		0.339376
835		0.341308
834.5		0.340288
834		0.340618
833.5		0.340778
833		0.341413
832.5		0.341522
832		0.342189
831.5		0.342715
831		0.341726
830.5		0.342441
830		0.341097
829.5		0.342271
829		0.342377
828.5		0.342672
828		0.342467
827.5		0.343008
827		0.342307
826.5		0.342069
826		0.343716
825.5		0.342373
825		0.344084
824.5		0.343585
824		0.343357
823.5		0.344031
823		0.343319
822.5		0.344914
822		0.344012
821.5		0.344325
821		0.343591
820.5		0.343173
820		0.343887
819.5		0.343938
819		0.344776
818.5		0.344886
818		0.344648
817.5		0.346173
817		0.344269
816.5		0.345062
816		0.344848
815.5		0.344074
815		0.345788
814.5		0.345538
814		0.346777
813.5		0.346181
813		0.345873
812.5		0.345331
812		0.346504
811.5		0.346551
811		0.346569
810.5		0.345217
810		0.347369
809.5		0.345973
809		0.348083
808.5		0.348113
808		0.347443
807.5		0.347752
807		0.348639
806.5		0.349089
806		0.348122
805.5		0.34883
805		0.349594
804.5		0.3482
804		0.34906
803.5		0.349454
803		0.348256
802.5		0.349775
802		0.349341
801.5		0.3497
801		0.350942
800.5		0.349192
800		0.351676
799.5		0.350875
799		0.350339
798.5		0.34943
798		0.35143
797.5		0.352876
797		0.351894
796.5		0.351654
796		0.350774
795.5		0.351948
795		0.352306
794.5		0.3526
794		0.353182
793.5		0.352002
793		0.353577
792.5		0.353565
792		0.353966
791.5		0.353693
791		0.352683
790.5		0.353682
790		0.353105
789.5		0.3548
789		0.355038
788.5		0.355107
788		0.355032
787.5		0.355203
787		0.355829
786.5		0.356387
786		0.354752
785.5		0.356557
785		0.355841
784.5		0.356266
784		0.357293
783.5		0.357143
783		0.357572
782.5		0.358091
782		0.357164
781.5		0.359297
781		0.357642
780.5		0.358875
780		0.358269
779.5		0.359425
779		0.35909
778.5		0.358752
778		0.36024
777.5		0.359534
777		0.359984
776.5		0.361796
776		0.360729
775.5		0.36131
775		0.362146
774.5		0.360768
774		0.363582
773.5		0.361995
773		0.362323
772.5		0.363174
772		0.362424
771.5		0.364453
771		0.362921
770.5		0.363537
770		0.364153
769.5		0.364171
769		0.364597
768.5		0.363709
768		0.365329
767.5		0.366454
767		0.365572
766.5		0.366291
766		0.366095
765.5		0.367225
765		0.365975
764.5		0.36788
764		0.368463
763.5		0.369025
763		0.368013
762.5		0.368846
762		0.369124
761.5		0.369274
761		0.370629
760.5		0.370293
760		0.370987
759.5		0.370769
759		0.37086
758.5		0.371292
758		0.371085
757.5		0.372301
757		0.372165
756.5		0.373335
756		0.373332
755.5		0.374104
755		0.373893
754.5		0.374477
754		0.373586
753.5		0.375448
753		0.376058
752.5		0.375397
752		0.376169
751.5		0.375273
751		0.376492
750.5		0.377062
750		0.378255
749.5		0.378669
749		0.378137
748.5		0.377597
748		0.379064
747.5		0.379084
747		0.380535
746.5		0.378633
746		0.381289
745.5		0.379903
745		0.381515
744.5		0.380891
744		0.381788
743.5		0.381845
743		0.382852
742.5		0.382478
742		0.383082
741.5		0.383099
741		0.384585
740.5		0.385073
740		0.384196
739.5		0.385951
739		0.38492
738.5		0.385567
738		0.386969
737.5		0.386762
737		0.386988
736.5		0.387247
736		0.38746
735.5		0.388796
735		0.389087
734.5		0.38786
734		0.388905
733.5		0.390468
733		0.390232
732.5		0.390607
732		0.389741
731.5		0.389894
731		0.390373
730.5		0.392741
730		0.390818
729.5		0.392272
729		0.391858
728.5		0.392289
728		0.393762
727.5		0.392228
727		0.393836
726.5		0.39417
726		0.393419
725.5		0.393922
725		0.392971
724.5		0.393723
724		0.393545
723.5		0.394359
723		0.393605
722.5		0.393771
722		0.393266
721.5		0.391548
721		0.391189
720.5		0.39204
720		0.392307
719.5		0.390565
719		0.390793
718.5		0.389915
718		0.391353
717.5		0.392308
717		0.391773
716.5		0.39128
716		0.392243
715.5		0.393694
715		0.395567
714.5		0.39829
714		0.399181
713.5		0.40021
713		0.402031
712.5		0.403404
712		0.404884
711.5		0.405633
711		0.408108
710.5		0.40982
710		0.411058
709.5		0.411862
709		0.413425
708.5		0.414948
708		0.415815
707.5		0.4172
707		0.417825
706.5		0.418573
706		0.420205
705.5		0.419558
705		0.420274
704.5		0.421167
704		0.421551
703.5		0.422111
703		0.422842
702.5		0.423202
702		0.424906
701.5		0.425177
701		0.425513
700.5		0.426611
700		0.425419
699.5		0.42843
699		0.427586
698.5		0.428783
698		0.430377
697.5		0.430136
697		0.431109
696.5		0.432213
696		0.432038
695.5		0.432515
695		0.433639
694.5		0.435487
694		0.434379
693.5		0.435594
693		0.43647
692.5		0.436292
692		0.439569
691.5		0.438976
691		0.439073
690.5		0.441028
690		0.441086
689.5		0.44249
689		0.443181
688.5		0.443489
688		0.4455
687.5		0.444598
687		0.445707
686.5		0.446947
686		0.447774
685.5		0.448221
685		0.448715
684.5		0.449956
684		0.450277
683.5		0.451533
683		0.451364
682.5		0.452793
682		0.453145
681.5		0.453782
681		0.45503
680.5		0.455651
680		0.4569
679.5		0.457473
679		0.45958
678.5		0.459689
678		0.459925
677.5		0.460869
677		0.461972
676.5		0.464024
676		0.463854
675.5		0.464561
675		0.46592
674.5		0.465915
674		0.467116
673.5		0.467914
673		0.468818
672.5		0.469471
672		0.470157
671.5		0.471636
671		0.472376
670.5		0.472522
670		0.474086
669.5		0.474075
669		0.475634
668.5		0.476077
668		0.476803
667.5		0.477684
667		0.478954
666.5		0.479319
666		0.481298
665.5		0.481445
665		0.482263
664.5		0.483829
664		0.483185
663.5		0.484882
663		0.486026
662.5		0.486382
662		0.488059
661.5		0.487962
661		0.488904
660.5		0.490488
660		0.491475
659.5		0.492215
659		0.492169
658.5		0.494098
658		0.495038
657.5		0.495192
657		0.497124
656.5		0.49772
656		0.498413
655.5		0.500497
655		0.499901
654.5		0.500446
654		0.501489
653.5		0.503871
653		0.505018
652.5		0.504317
652		0.505857
651.5		0.507209
651		0.507236
650.5		0.508838
650		0.509436
649.5		0.511783
649		0.511434
648.5		0.51252
648		0.514178
647.5		0.51447
647		0.516839
646.5		0.516068
646		0.517752
645.5		0.518298
645		0.52012
644.5		0.521012
644		0.52219
643.5		0.522822
643		0.524085
642.5		0.526211
642		0.526148
641.5		0.527367
641		0.528149
640.5		0.528942
640		0.531585
639.5		0.531719
639		0.532413
638.5		0.534415
638		0.535424
637.5		0.53731
637		0.537203
636.5		0.538415
636		0.540535
635.5		0.540867
635		0.54311
634.5		0.542918
634		0.544703
633.5		0.545978
633		0.546611
632.5		0.547797
632		0.548296
631.5		0.549136
631		0.550682
630.5		0.551557
630		0.552191
629.5		0.552236
629		0.55278
628.5		0.553251
628		0.553501
627.5		0.553496
627		0.554876
626.5		0.554258
626		0.554415
625.5		0.555136
625		0.554049
624.5		0.555325
624		0.55504
623.5		0.555304
623		0.556539
622.5		0.555109
622		0.557692
621.5		0.557709
621		0.557422
620.5		0.5586
620		0.558205
619.5		0.559273
619		0.560871
618.5		0.56054
618		0.561894
617.5		0.561657
617		0.56414
616.5		0.566076
616		0.566131
615.5		0.567412
615		0.568047
614.5		0.568789
614		0.570928
613.5		0.571303
613		0.573196
612.5		0.573029
612		0.573932
611.5		0.57626
611		0.575474
610.5		0.577208
610		0.577365
609.5		0.577735
609		0.578963
608.5		0.58056
608		0.58159
607.5		0.582522
607		0.583739
606.5		0.584541
606		0.586563
605.5		0.585586
605		0.587217
604.5		0.588132
604		0.588945
603.5		0.591051
603		0.59075
602.5		0.591833
602		0.594069
601.5		0.592715
601		0.596729
600.5		0.594854
600		0.59623
599.5		0.5986
599		0.597326
598.5		0.599825
598		0.59903
597.5		0.602352
597		0.603091
596.5		0.601727
596		0.604681
595.5		0.602636
595		0.605021
594.5		0.606131
594		0.60725
593.5		0.60924
593		0.608881
592.5		0.609905
592		0.610723
591.5		0.612569
591		0.611154
590.5		0.61285
590		0.614602
589.5		0.61414
589		0.615586
588.5		0.615697
588		0.617359
587.5		0.619209
587		0.619218
586.5		0.619816
586		0.61925
585.5		0.622168
585		0.621222
584.5		0.624009
584		0.625447
583.5		0.624059
583		0.626815
582.5		0.626873
582		0.626824
581.5		0.629565
581		0.627907
580.5		0.629554
580		0.630781
579.5		0.631833
579		0.631975
578.5		0.631736
578		0.635046
577.5		0.634128
577		0.635881
576.5		0.636083
576		0.6366
575.5		0.639176
575		0.639302
574.5		0.640336
574		0.640027
573.5		0.640065
573		0.643078
572.5		0.642712
572		0.644089
571.5		0.644316
571		0.645342
570.5		0.645892
570		0.646327
569.5		0.648112
569		0.647325
568.5		0.647749
568		0.649183
567.5		0.651093
567		0.651622
566.5		0.651342
566		0.652212
565.5		0.652742
565		0.65486
564.5		0.656632
564		0.655676
563.5		0.656673
563		0.655797
562.5		0.658393
562		0.658567
561.5		0.65797
561		0.660804
560.5		0.660624
560		0.662599
559.5		0.665607
559		0.663594
558.5		0.66468
558		0.66609
557.5		0.666347
557		0.666475
556.5		0.668011
556		0.66833
555.5		0.668907
555		0.669734
554.5		0.670827
554		0.670855
553.5		0.671622
553		0.672487
552.5		0.673948
552		0.673344
551.5		0.675424
551		0.676158
550.5		0.675839
550		0.674632
549.5		0.676832
549		0.677
548.5		0.679824
548		0.67799
547.5		0.678834
547		0.680268
546.5		0.681022
546		0.682462
545.5		0.683565
545		0.682509
544.5		0.683611
544		0.684452
543.5		0.683743
543		0.686029
542.5		0.684743
542		0.68643
541.5		0.686271
541		0.686939
540.5		0.68821
540		0.686297
539.5		0.689579
539		0.689481
538.5		0.68957
538		0.691265
537.5		0.689931
537		0.692366
536.5		0.69233
536		0.6923
535.5		0.692769
535		0.691714
534.5		0.692799
534		0.69486
533.5		0.69405
533		0.696092
532.5		0.69632
532		0.696037
531.5		0.697351
531		0.69684
530.5		0.698466
530		0.698286
529.5		0.698544
529		0.700734
528.5		0.699381
528		0.700333
527.5		0.700877
527		0.700352
526.5		0.701848
526		0.702257
525.5		0.703217
525		0.702927
524.5		0.702903
524		0.703961
523.5		0.705024
523		0.704924
522.5		0.704846
522		0.705026
521.5		0.706785
521		0.707436
520.5		0.705748
520		0.706806
519.5		0.70628
519		0.70702
518.5		0.709219
518		0.707322
517.5		0.708639
517		0.709333
516.5		0.707651
516		0.711124
515.5		0.708568
515		0.710132
514.5		0.711817
514		0.710584
513.5		0.712976
513		0.710443
512.5		0.713004
512		0.712797
511.5		0.711372
511		0.71404
510.5		0.712036
510		0.71261
509.5		0.713112
509		0.712598
508.5		0.712609
508		0.71185
507.5		0.713442
507		0.713742
506.5		0.712969
506		0.711465
505.5		0.712767
505		0.711768
504.5		0.712312
504		0.711978
503.5		0.710487
503		0.710946
502.5		0.710821
502		0.710516
501.5		0.709789
501		0.70799
500.5		0.70991
500		0.707991
499.5		0.708501
499		0.707817
498.5		0.705445
498		0.707841
497.5		0.705981
497		0.707552
496.5		0.70555
496		0.705926
495.5		0.706182
495		0.704247
494.5		0.704049
494		0.702748
493.5		0.703233
493		0.703216
492.5		0.701315
492		0.702576
491.5		0.699449
491		0.699294
490.5		0.700432
490		0.701222
489.5		0.699358
489		0.697662
488.5		0.69868
488		0.697289
487.5		0.698044
487		0.695441
486.5		0.695421
486		0.695584
485.5		0.693531
485		0.695063
484.5		0.693758
484		0.69306
483.5		0.69176
483		0.691276
482.5		0.691556
482		0.689495
481.5		0.689077
481		0.688569
480.5		0.686608
480		0.688268
479.5		0.686624
479		0.685792
478.5		0.686643
478		0.684401
477.5		0.683172
477		0.682889
476.5		0.682336
476		0.682468
475.5		0.680105
475		0.679376
474.5		0.68017
474		0.677977
473.5		0.677254
473		0.677544
472.5		0.67609
472		0.674863
471.5		0.676054
471		0.671522
470.5		0.672266
470		0.671364
469.5		0.672052
469		0.671033
468.5		0.669838
468		0.670548
467.5		0.667494
467		0.667109
466.5		0.666254
466		0.666137
465.5		0.665197
465		0.663585
464.5		0.665053
464		0.663359
463.5		0.662979
463		0.661854
462.5		0.660254
462		0.66044
461.5		0.659851
461		0.659428
460.5		0.658433
460		0.658783
459.5		0.658503
459		0.656461
458.5		0.65628
458		0.655668
457.5		0.653384
457		0.653405
456.5		0.6534
456		0.651904
455.5		0.652392
455		0.652765
454.5		0.651579
454		0.650649
453.5		0.651579
453		0.648195
452.5		0.650308
452		0.649222
451.5		0.648691
451		0.650942
450.5		0.646787
450		0.646037
449.5		0.647769
449		0.645342
448.5		0.646697
448		0.642776
447.5		0.644194
447		0.644544
446.5		0.642757
446		0.644723
445.5		0.641691
445		0.641356
444.5		0.642908
444		0.641026
443.5		0.639597
443		0.64
442.5		0.639475
442		0.639794
441.5		0.638524
441		0.638396
440.5		0.637818
440		0.638345
439.5		0.637675
439		0.637374
438.5		0.635636
438		0.634933
437.5		0.634632
437		0.636501
436.5		0.634834
436		0.633458
435.5		0.633886
435		0.631392
434.5		0.632691
434		0.631185
433.5		0.629498
433		0.630599
432.5		0.631316
432		0.630068
431.5		0.630127
431		0.628211
430.5		0.630297
430		0.627911
429.5		0.628112
429		0.628592
428.5		0.625533
428		0.627502
427.5		0.62631
427		0.626077
426.5		0.624878
426		0.623548
425.5		0.624169
425		0.624502
424.5		0.622896
424		0.6226
423.5		0.622344
423		0.623661
422.5		0.622764
422		0.620334
421.5		0.623009
421		0.619628
420.5		0.620434
420		0.621786
419.5		0.618716
419		0.619064
418.5		0.617608
418		0.618411
417.5		0.617388
417		0.615364
416.5		0.617629
416		0.615966
415.5		0.615763
415		0.616073
414.5		0.614987
414		0.615493
413.5		0.613342
413		0.614098
412.5		0.614757
412		0.612141
411.5		0.613774
411		0.612429
410.5		0.610864
410		0.614097
409.5		0.610122
409		0.610883
408.5		0.608889
408		0.611019
407.5		0.610048
407		0.607992
406.5		0.608407
406		0.60928
405.5		0.607407
405		0.609648
404.5		0.608945
404		0.607189
403.5		0.606748
403		0.605508
402.5		0.606535
402		0.606848
401.5		0.605407
401		0.606145
400.5		0.603762
400		0.605494
399.5		0.60727
399		0.604683
398.5		0.602579
398		0.603378
397.5		0.603223
397		0.60428
396.5		0.602219
396		0.602755
395.5		0.604158
395		0.601228
394.5		0.602946
394		0.599948
393.5		0.604645
393		0.600121
392.5		0.598829
392		0.599827
391.5		0.599311
391		0.600551
390.5		0.598848
390		0.599313
389.5		0.599383
389		0.597717
388.5		0.599315
388		0.598528
387.5		0.596738
387		0.597678
386.5		0.596315
386		0.597258
385.5		0.596493
385		0.596551
384.5		0.594887
384		0.595283
383.5		0.595071
383		0.593996
382.5		0.592755
382		0.59528
381.5		0.59337
381		0.592671
380.5		0.593498
380		0.59563
379.5		0.589289
379		0.593141
378.5		0.59253
378		0.591758
377.5		0.592044
377		0.592366
376.5		0.590803
376		0.591977
375.5		0.590074
375		0.59034
374.5		0.592741
374		0.589222
373.5		0.591046
373		0.590216
372.5		0.591519
372		0.591786
371.5		0.58803
371		0.589688
370.5		0.588289
370		0.590025
369.5		0.589195
369		0.587948
368.5		0.587344
368		0.587474
367.5		0.584247
367		0.58772
366.5		0.58787
366		0.587229
365.5		0.588124
365		0.586181
364.5		0.585843
364		0.587828
363.5		0.587102
363		0.586792
362.5		0.585884
362		0.584729
361.5		0.58319
361		0.58591
360.5		0.58572
360		0.582862
359.5		0.584146
359		0.587343
358.5		0.582318
358		0.584624
357.5		0.584618
357		0.584836
356.5		0.585832
356		0.583374
355.5		0.581475
355		0.58461
354.5		0.582759
354		0.584855
353.5		0.584133
353		0.580394
352.5		0.58307
352		0.579661
351.5		0.582671
351		0.583509
350.5		0.582855
350		0.582065
349.5		0.577367
349		0.580518
348.5		0.579315
348		0.576787
347.5		0.58124
347		0.579092
346.5		0.575626
346		0.576837
345.5		0.574546
345		0.577354
344.5		0.578935
344		0.580181
343.5		0.575397
343		0.579621
342.5		0.576984
342		0.57657
341.5		0.577255
341		0.574414
340.5		0.575544
340		0.572616
339.5		0.566471
339		0.568675
338.5		0.573321
338		0.572894
337.5		0.56719
337		0.569666
336.5		0.568327
336		0.570879
335.5		0.570803
335		0.567934
334.5		0.567911
334		0.564292
333.5		0.564489
333		0.56725
332.5		0.568297
332		0.560908
331.5		0.563918
331		0.57165
330.5		0.563045
330		0.565275
329.5		0.559566
329		0.564031
328.5		0.559831
328		0.556518
327.5		0.557246
327		0.563515
326.5		0.564509
326		0.560278
325.5		0.563581
325		0.560409
324.5		0.562236
324		0.560205
323.5		0.557953
323		0.566513
322.5		0.563345
322		0.563938
321.5		0.556219
321		0.556483
320.5		0.560161
320		0.559154
319.5		0.558087
319		0.560027
318.5		0.556127
318		0.567069
317.5		0.553426
317		0.559853
316.5		0.555006
316		0.550396
315.5		0.558813
315		0.548103
314.5		0.555738
314		0.557562
313.5		0.555919
313		0.557209
312.5		0.56688
312		0.557156
311.5		0.557759
311		0.55838
310.5		0.561802
310		0.567381
309.5		0.55402
309		0.565657
308.5		0.565985
308		0.558776
307.5		0.554272
307		0.556933
306.5		0.568076
306		0.563304
305.5		0.56689
305		0.560056
304.5		0.578112
304		0.565634
303.5		0.584355
303		0.559528
302.5		0.576347
302		0.560136
301.5		0.581339
301		0.555467
300.5		0.554494
300		0.614382
299.5		0.63522
299		0.565807
298.5		0.574024
298		0.61182
297.5		0.548915
297		0.628736
296.5		0.638062
296		0.792471
295.5		0.580272
295		0.836952
294.5		0.548301
294		0.980016
293.5		0.428397
293		1.11787
292.5		0.562679
292		7.67901
291.5		0.147013
291		-0.1577
290.5		0.27461
290		-0.179704
289.5		-0.218542
289		0.88114
288.5		0.548601
288		0.324408
287.5		0.80552
287		0.811815
286.5		0.98657
286		0.481577
285.5		1.30942
285		0.882475
284.5		0.469611
284		-43.8627
283.5		0.476554
283		-0.663809
282.5		-0.641748
282		0.651514
281.5		1.48644
281		0.302332
280.5		1.21851
280		0.593444
279.5		0.642533
279		0.284797
278.5		0.16892
278		0.642582
277.5		0.0307827
277		0.346288
276.5		0.910034
276		1.79893
275.5		-0.0522368
275		0.372498
274.5		25.7508
274		0.358574
273.5		-0.249536
273		1.15936
272.5		1.29186
272		0.526392
271.5		0.286444
271		0.330488
270.5		2.11788
270		-0.391975
269.5		0.377999
269		-0.00613933
268.5		0.418312
268		-0.328858
267.5		0.232787
267		0.211453
266.5		0.433453
266		1.36402
265.5		2.10406
265		1.32511
264.5		0.327207
264		0.432797
263.5		-2.53254
263		4.42733
262.5		0.880782
262		0.555292
261.5		0.650244
261		-0.413048
260.5		1.32777
260		0.225836
259.5		3.62409
259		1.04761
258.5		-0.162396
258		0.397718
257.5		0.284362
257		-0.125343
256.5		-0.79197
256		0.179804
255.5		0.656205
255		0.818448
254.5		0.592839
254		0.526638
253.5		-0.204606
253		0.432015
252.5		1.42349
252		0.640638
251.5		0.753236
251		0.616689
250.5		0.534464
250		-1.0755
249.5		0.83823
249		0.288825
248.5		0.153566
248		0.141271
247.5		0.528539
247		0.466697
246.5		-1.45246
246		-0.297769
245.5		1.88357
245		0.33618
244.5		0.218155
244		0.857468
243.5		0.96256
243		2.51638
242.5		1.16871
242		0.496288
241.5		-1.98974
241		1.88615
240.5		0.486062
240		-0.137867
239.5		-1.00862
239		0.858857
238.5		0.210969
238		0.157322
237.5		3.71657
237		0.38637
236.5		0.501639
236		0.397351
235.5		1.06023
235		0.640622
234.5		-7.95391
234		-0.141827
233.5		0.952343
233		0.741741
232.5		0.0676321
232		0.23833
231.5		1.1999
231		0.271506
230.5		1.43902
230		0.0778109
229.5		0.324487
229		0.247865
228.5		-4.53318
228		0.788002
227.5		0.0976151
227		0.130565
226.5		-0.446859
226		-0.0378622
225.5		0.44124
225		0.599825
224.5		-0.648893
224		0.0893003
223.5		1.66246
223		0.279834
222.5		0.514214
222		0.00777632
221.5		-0.45556
221		0.379778
220.5		0.519185
220		-0.0622736
219.5		-0.241419
219		0.163214
218.5		-0.0196704
218		0.122217
217.5		0.370168
217		0.420555
216.5		12.5015
216		0.0537264
215.5		0.333582
215		1.87248
214.5		-0.045916
214		0.164883
213.5		0.499568
213		0.507981
212.5		8.13184
212		-0.212288
211.5		0.259272
211		0.486734
210.5		1.64976
210		0.699944
209.5		0.330045
209		-0.0784433
208.5		9.10614
208		-0.097892
207.5		1.11266
207		0.265477
206.5		-0.438143
206		-1.78524
205.5		0.664115
205		0.591538
204.5		0.1213
204		-0.482109
203.5		0.299754
203		-0.415519
202.5		0.18162
202		0.30988
201.5		0.497432
201		0.252952
200.5		1.81004
200		2.40115
