lambda		value

Calibration:
lambda:	800
Abs:	-0.0002

Data:
#
900		0.0470047
899.5		0.047797
899		0.0508475
898.5		0.0498452
898		0.0435041
897.5		0.0458399
897		0.0530646
896.5		0.0481989
896		0.0418827
895.5		0.0461599
895		0.0486673
894.5		0.0499247
894		0.0439571
893.5		0.0508631
893		0.052213
892.5		0.0496919
892		0.0459921
891.5		0.0469591
891		0.046434
890.5		0.0482531
890		0.0469073
889.5		0.0501407
889		0.04706
888.5		0.0515517
888		0.0479823
887.5		0.0507042
887		0.0464956
886.5		0.0530732
886		0.0521916
885.5		0.0470939
885		0.0465093
884.5		0.0521677
884		0.0525613
883.5		0.0482469
883		0.0471
882.5		0.0471622
882		0.0495554
881.5		0.0458815
881		0.0502988
880.5		0.0503271
880		0.0501268
879.5		0.049508
879		0.0503955
878.5		0.0493679
878		0.0469691
877.5		0.0490509
877		0.05135
876.5		0.0511736
876		0.0493753
875.5		0.0503349
875		0.0496346
874.5		0.0510276
874		0.0512846
873.5		0.0494015
873		0.049364
872.5		0.0516214
872		0.0492733
871.5		0.050346
871		0.0523973
870.5		0.0501739
870		0.0496248
869.5		0.0514816
869		0.0505949
868.5		0.0496646
868		0.0507883
867.5		0.0506696
867		0.0498352
866.5		0.0501853
866		0.0505875
865.5		0.0511642
865		0.0504075
864.5		0.0510638
864		0.0506632
863.5		0.051323
863		0.0511036
862.5		0.0502297
862		0.0501139
861.5		0.0514047
861		0.0507436
860.5		0.0520405
860		0.05116
859.5		0.0508964
859		0.0513634
858.5		0.0513457
858		0.0510022
857.5		0.051602
857		0.0521247
856.5		0.0514167
856		0.0518232
855.5		0.0514699
855		0.0516302
854.5		0.0514546
854		0.0517395
853.5		0.0519687
853		0.052642
852.5		0.0519212
852		0.0519352
851.5		0.0525218
851		0.0522366
850.5		0.0521318
850		0.0522721
849.5		0.0520237
849		0.0523664
848.5		0.0523571
848		0.0524082
847.5		0.0527251
847		0.0529952
846.5		0.0527301
846		0.0530318
845.5		0.0529388
845		0.053058
844.5		0.0530109
844		0.0533333
843.5		0.0529007
843		0.0533175
842.5		0.0534796
842		0.0534411
841.5		0.0541316
841		0.0535044
840.5		0.0537921
840		0.0532398
839.5		0.053686
839		0.0536209
838.5		0.0537337
838		0.0540648
837.5		0.0545005
837		0.0536634
836.5		0.0542605
836		0.0540113
835.5		0.0540487
835		0.0541667
834.5		0.0545075
834		0.0546953
833.5		0.0545581
833		0.0546953
832.5		0.0543629
832		0.0546883
831.5		0.0546611
831		0.0547932
830.5		0.0549078
830		0.0549035
829.5		0.0551793
829		0.0547224
828.5		0.0552954
828		0.0552624
827.5		0.0555168
827		0.0552013
826.5		0.0555611
826		0.0554669
825.5		0.0557936
825		0.0554779
824.5		0.0557773
824		0.0557053
823.5		0.0561495
823		0.0557829
822.5		0.0561281
822		0.0557495
821.5		0.0563155
821		0.0563099
820.5		0.0562089
820		0.0561932
819.5		0.056583
819		0.0565057
818.5		0.0565925
818		0.056734
817.5		0.0566359
817		0.0565717
816.5		0.0570373
816		0.056969
815.5		0.0567242
815		0.0570571
814.5		0.0574828
814		0.0574057
813.5		0.057523
813		0.0575885
812.5		0.0573484
812		0.057577
811.5		0.0577346
811		0.0575712
810.5		0.0576789
810		0.058071
809.5		0.0579378
809		0.0580232
808.5		0.0584117
808		0.0584
807.5		0.0586352
807		0.0584825
806.5		0.0584409
806		0.058747
805.5		0.0584474
805		0.058959
804.5		0.0587589
804		0.0587354
803.5		0.0592355
803		0.0591172
802.5		0.0589882
802		0.0591639
801.5		0.0593584
801		0.0595012
800.5		0.059105
800		0.0594881
799.5		0.0595881
799		0.0596628
798.5		0.060046
798		0.060046
797.5		0.05999
797		0.06004
796.5		0.0605153
796		0.0602674
795.5		0.0606968
795		0.0606757
794.5		0.0605576
794		0.0607029
793.5		0.0607542
793		0.0610878
792.5		0.0608513
792		0.0613552
791.5		0.0611349
791		0.060995
790.5		0.0613019
790		0.0609683
789.5		0.0615569
789		0.0616766
788.5		0.0617753
788		0.061758
787.5		0.0621694
787		0.0619443
786.5		0.0620325
786		0.06222
785.5		0.0624313
785		0.0622014
784.5		0.0624626
784		0.0624501
783.5		0.062905
783		0.0629685
782.5		0.0628492
782		0.0628737
781.5		0.0629678
781		0.0633038
780.5		0.0632104
780		0.0632911
779.5		0.0632545
779		0.063747
778.5		0.0637514
778		0.0639912
777.5		0.0639124
777		0.0638573
776.5		0.0638955
776		0.0643106
775.5		0.0641727
775		0.0645097
774.5		0.064545
774		0.0648157
773.5		0.0648923
773		0.0646093
772.5		0.0651242
772		0.0650358
771.5		0.0653562
771		0.065107
770.5		0.0655721
770		0.0654839
769.5		0.0658498
769		0.0656375
768.5		0.0656847
768		0.0659701
767.5		0.0661289
767		0.0658248
766.5		0.0664343
766		0.0665071
765.5		0.0665405
765		0.0666931
764.5		0.066886
764		0.0665937
763.5		0.0673115
763		0.0669914
762.5		0.067324
762		0.0674828
761.5		0.0672294
761		0.0674034
760.5		0.0677949
760		0.0679486
759.5		0.0680529
759		0.0679785
758.5		0.0682383
758		0.067965
757.5		0.0685027
757		0.0684959
756.5		0.0687531
756		0.0688626
755.5		0.0689209
755		0.0689998
754.5		0.0692331
754		0.0693109
753.5		0.0697003
753		0.0697651
752.5		0.0696058
752		0.0698738
751.5		0.0698504
751		0.0703568
750.5		0.0701162
750		0.0705135
749.5		0.0705906
749		0.0705789
748.5		0.0708184
748		0.0711305
747.5		0.0708615
747		0.0712013
746.5		0.0710745
746		0.0714357
745.5		0.0714427
745		0.071627
744.5		0.0718818
744		0.0719873
743.5		0.0722712
743		0.0723919
742.5		0.0723776
742		0.0727381
741.5		0.0725671
741		0.0726661
740.5		0.0730983
740		0.0731249
739.5		0.0732699
739		0.0734698
738.5		0.0734989
738		0.0740154
737.5		0.0737591
737		0.0741033
736.5		0.0738984
736		0.0743156
735.5		0.0745458
735		0.074879
734.5		0.0745446
734		0.0746696
733.5		0.0750419
733		0.0752317
732.5		0.0753714
732		0.0754198
731.5		0.0758424
731		0.0760774
730.5		0.075978
730		0.076267
729.5		0.0762446
729		0.0759902
728.5		0.0764729
728		0.0769005
727.5		0.0768931
727		0.0770955
726.5		0.0773578
726		0.0774081
725.5		0.0777217
725		0.0775929
724.5		0.0777842
724		0.0780784
723.5		0.078107
723		0.0785913
722.5		0.0790079
722		0.0784482
721.5		0.0787521
721		0.0786783
720.5		0.0790742
720		0.0796184
719.5		0.0792637
719		0.0803462
718.5		0.0798988
718		0.0803187
717.5		0.0805287
717		0.0803446
716.5		0.0803973
716		0.0809872
715.5		0.0808879
715		0.0815979
714.5		0.0812761
714		0.0816676
713.5		0.0818607
713		0.0819609
712.5		0.0823563
712		0.0822724
711.5		0.0826966
711		0.0826711
710.5		0.0828799
710		0.0832683
709.5		0.0830974
709		0.0836271
708.5		0.0840122
708		0.0838323
707.5		0.0842686
707		0.084335
706.5		0.0847207
706		0.0847725
705.5		0.0849177
705		0.0854356
704.5		0.0853767
704		0.0855931
703.5		0.0854667
703		0.085869
702.5		0.0862579
702		0.0864806
701.5		0.0865925
701		0.0870551
700.5		0.087098
700		0.0874274
699.5		0.087463
699		0.0874274
698.5		0.0880237
698		0.0881279
697.5		0.0884528
697		0.0884703
696.5		0.0887726
696		0.0889108
695.5		0.089064
695		0.0892083
694.5		0.0896436
694		0.0900306
693.5		0.0900572
693		0.090371
692.5		0.090273
692		0.090954
691.5		0.0912502
691		0.0914021
690.5		0.0917803
690		0.0917884
689.5		0.0924262
689		0.0925084
688.5		0.0929016
688		0.0929956
687.5		0.0928649
687		0.0933057
686.5		0.0935927
686		0.0938025
685.5		0.0943024
685		0.0941049
684.5		0.094688
684		0.0949323
683.5		0.0951863
683		0.0954263
682.5		0.0956333
682		0.0959147
681.5		0.0963248
681		0.0963891
680.5		0.0968379
680		0.0967105
679.5		0.0974334
679		0.0980101
678.5		0.0978648
678		0.0982893
677.5		0.0984774
677		0.0984384
676.5		0.0992374
676		0.0993568
675.5		0.0997131
675		0.0997921
674.5		0.100356
674		0.100663
673.5		0.10094
673		0.100999
672.5		0.101365
672		0.10178
671.5		0.101998
671		0.102107
670.5		0.102513
670		0.102793
669.5		0.102838
669		0.103336
668.5		0.103643
668		0.104093
667.5		0.104134
667		0.104612
666.5		0.104914
666		0.105493
665.5		0.105617
665		0.105654
664.5		0.106275
664		0.106158
663.5		0.106895
663		0.106962
662.5		0.107284
662		0.107744
661.5		0.107822
661		0.108405
660.5		0.108526
660		0.108767
659.5		0.109613
659		0.10946
658.5		0.110131
658		0.110285
657.5		0.110561
657		0.111111
656.5		0.111166
656		0.111607
655.5		0.112104
655		0.112499
654.5		0.112465
654		0.113084
653.5		0.113359
653		0.113704
652.5		0.11424
652		0.114473
651.5		0.114766
651		0.114809
650.5		0.115411
650		0.115732
649.5		0.116256
649		0.116741
648.5		0.11687
648		0.117518
647.5		0.117869
647		0.118192
646.5		0.118513
646		0.118664
645.5		0.119149
645		0.119936
644.5		0.120012
644		0.12059
643.5		0.120805
643		0.121088
642.5		0.121632
642		0.121871
641.5		0.122368
641		0.122893
640.5		0.123267
640		0.12395
639.5		0.124288
639		0.124563
638.5		0.12535
638		0.125175
637.5		0.126154
637		0.12633
636.5		0.127057
636		0.127349
635.5		0.127687
635		0.128435
634.5		0.128662
634		0.129432
633.5		0.129716
633		0.130198
632.5		0.130768
632		0.131494
631.5		0.131914
631		0.132196
630.5		0.132741
630		0.133058
629.5		0.133649
629		0.134071
628.5		0.134594
628		0.134739
627.5		0.135149
627		0.135817
626.5		0.136173
626		0.13654
625.5		0.136824
625		0.137106
624.5		0.137474
624		0.1379
623.5		0.138386
623		0.138941
622.5		0.139123
622		0.139818
621.5		0.140188
621		0.140724
620.5		0.141089
620		0.141329
619.5		0.141885
619		0.142357
618.5		0.142829
618		0.14319
617.5		0.143785
617		0.144314
616.5		0.144997
616		0.1454
615.5		0.145426
615		0.146515
614.5		0.146424
614		0.147405
613.5		0.147665
613		0.148433
612.5		0.149172
612		0.14893
611.5		0.150273
611		0.150652
610.5		0.15168
610		0.151707
609.5		0.152157
609		0.153151
608.5		0.15333
608		0.153928
607.5		0.154721
607		0.155396
606.5		0.155558
606		0.156563
605.5		0.156672
605		0.157787
604.5		0.158161
604		0.158611
603.5		0.159425
603		0.159918
602.5		0.160513
602		0.160902
601.5		0.161619
601		0.162678
600.5		0.162608
600		0.163786
599.5		0.164336
599		0.164407
598.5		0.165357
598		0.166134
597.5		0.166877
597		0.167476
596.5		0.168024
596		0.168656
595.5		0.169298
595		0.169799
594.5		0.170819
594		0.171542
593.5		0.172066
593		0.172464
592.5		0.173462
592		0.174014
591.5		0.174473
591		0.17523
590.5		0.17577
590		0.176602
589.5		0.1777
589		0.178001
588.5		0.179014
588		0.179477
587.5		0.180533
587		0.18093
586.5		0.181511
586		0.182327
585.5		0.183225
585		0.18352
584.5		0.184294
584		0.185507
583.5		0.186107
583		0.186805
582.5		0.1875
582		0.188007
581.5		0.188954
581		0.189585
580.5		0.190265
580		0.191335
579.5		0.19197
579		0.192571
578.5		0.19316
578		0.194324
577.5		0.194428
577		0.19539
576.5		0.196587
576		0.197146
575.5		0.198744
575		0.198882
574.5		0.199614
574		0.200289
573.5		0.201347
573		0.202508
572.5		0.203008
572		0.204025
571.5		0.204775
571		0.205661
570.5		0.206488
570		0.207494
569.5		0.208353
569		0.209251
568.5		0.210132
568		0.210233
567.5		0.211783
567		0.212541
566.5		0.213187
566		0.214471
565.5		0.215259
565		0.216312
564.5		0.217128
564		0.21806
563.5		0.218552
563		0.219379
562.5		0.2214
562		0.221518
561.5		0.222467
561		0.224282
560.5		0.22431
560		0.226256
559.5		0.22743
559		0.227831
558.5		0.229063
558		0.230208
557.5		0.231013
557		0.231958
556.5		0.23285
556		0.233845
555.5		0.234747
555		0.235869
554.5		0.236857
554		0.237876
553.5		0.238739
553		0.239766
552.5		0.241
552		0.241858
551.5		0.242909
551		0.243916
550.5		0.244898
550		0.2452
549.5		0.246957
549		0.248016
548.5		0.249114
548		0.250167
547.5		0.250764
547		0.252608
546.5		0.252774
546		0.254472
545.5		0.255698
545		0.256212
544.5		0.257916
544		0.258481
543.5		0.259408
543		0.260495
542.5		0.260948
542		0.262806
541.5		0.26362
541		0.264288
540.5		0.265789
540		0.26607
539.5		0.267985
539		0.269007
538.5		0.269693
538		0.270941
537.5		0.271463
537		0.273153
536.5		0.273906
536		0.274504
535.5		0.27599
535		0.276578
534.5		0.277868
534		0.279398
533.5		0.27968
533		0.281318
532.5		0.282706
532		0.283389
531.5		0.284925
531		0.285361
530.5		0.287048
530		0.287903
529.5		0.288608
529		0.290301
528.5		0.291381
528		0.291762
527.5		0.293591
527		0.294123
526.5		0.295669
526		0.296783
525.5		0.297156
525		0.299257
524.5		0.299467
524		0.300695
523.5		0.301925
523		0.30297
522.5		0.303996
522		0.304956
521.5		0.306257
521		0.307231
520.5		0.307085
520		0.308314
519.5		0.308928
519		0.31087
518.5		0.311357
518		0.311893
517.5		0.312964
517		0.3136
516.5		0.314028
516		0.315759
515.5		0.31581
515		0.316918
514.5		0.318039
514		0.318069
513.5		0.319561
513		0.319672
512.5		0.320771
512		0.321968
511.5		0.321776
511		0.322732
510.5		0.323159
510		0.323134
509.5		0.324394
509		0.324255
508.5		0.325067
508		0.325369
507.5		0.325019
507		0.325657
506.5		0.325294
506		0.325809
505.5		0.326219
505		0.325727
504.5		0.325515
504		0.325592
503.5		0.32504
503		0.32589
502.5		0.324502
502		0.324763
501.5		0.323909
501		0.323329
500.5		0.324066
500		0.323071
499.5		0.323294
499		0.322626
498.5		0.320735
498		0.321621
497.5		0.320464
497		0.320167
496.5		0.318796
496		0.318497
495.5		0.317951
495		0.316047
494.5		0.315392
494		0.314475
493.5		0.313973
493		0.313076
492.5		0.311454
492		0.310472
491.5		0.308984
491		0.308489
490.5		0.307636
490		0.306852
489.5		0.304392
489		0.303427
488.5		0.301859
488		0.300778
487.5		0.300477
487		0.297685
486.5		0.296696
486		0.295706
485.5		0.293398
485		0.293208
484.5		0.291137
484		0.289839
483.5		0.287981
483		0.286548
482.5		0.285897
482		0.283879
481.5		0.283048
481		0.281673
480.5		0.279393
480		0.278788
479.5		0.277076
479		0.275812
478.5		0.27441
478		0.272917
477.5		0.271395
477		0.270537
476.5		0.268317
476		0.267969
475.5		0.265435
475		0.264571
474.5		0.263908
474		0.261738
473.5		0.260858
473		0.259995
472.5		0.258319
472		0.257668
471.5		0.256521
471		0.25451
470.5		0.253505
470		0.251783
469.5		0.25174
469		0.250312
468.5		0.248823
468		0.24769
467.5		0.246368
467		0.245178
466.5		0.244236
466		0.243358
465.5		0.242221
465		0.241443
464.5		0.240873
464		0.239382
463.5		0.239315
463		0.237625
462.5		0.236497
462		0.235715
461.5		0.234893
461		0.234551
460.5		0.233049
460		0.231685
459.5		0.231751
459		0.230042
458.5		0.228893
458		0.228492
457.5		0.227281
457		0.226583
456.5		0.226286
456		0.224849
455.5		0.224192
455		0.223279
454.5		0.222539
454		0.221857
453.5		0.220031
453		0.219626
452.5		0.219792
452		0.21894
451.5		0.217924
451		0.217081
450.5		0.215987
450		0.215476
449.5		0.214304
449		0.212944
448.5		0.213063
448		0.212432
447.5		0.211613
447		0.211046
446.5		0.210133
446		0.209454
445.5		0.208679
445		0.207977
444.5		0.207769
444		0.206503
443.5		0.205641
443		0.205903
442.5		0.204608
442		0.203904
441.5		0.203758
441		0.202589
440.5		0.202469
440		0.202009
439.5		0.201512
439		0.201244
438.5		0.200373
438		0.199165
437.5		0.199022
437		0.198683
436.5		0.198168
436		0.197615
435.5		0.196653
435		0.19561
434.5		0.195794
434		0.195055
433.5		0.194459
433		0.194642
432.5		0.194068
432		0.193247
431.5		0.19278
431		0.191775
430.5		0.191958
430		0.191259
429.5		0.19076
429		0.190523
428.5		0.190045
428		0.1896
427.5		0.189436
427		0.188709
426.5		0.187932
426		0.187666
425.5		0.187135
425		0.186526
424.5		0.186222
424		0.18624
423.5		0.185703
423		0.185398
422.5		0.184916
422		0.183807
421.5		0.184841
421		0.183454
420.5		0.183317
420		0.183295
419.5		0.182283
419		0.181898
418.5		0.182491
418		0.181266
417.5		0.180723
417		0.17993
416.5		0.180133
416		0.180213
415.5		0.179897
415		0.179483
414.5		0.178856
414		0.179029
413.5		0.178099
413		0.178174
412.5		0.177729
412		0.176939
411.5		0.177058
411		0.176872
410.5		0.175511
410		0.1761
409.5		0.175286
409		0.175353
408.5		0.174621
408		0.174433
407.5		0.174555
407		0.173308
406.5		0.173887
406		0.173364
405.5		0.172459
405		0.173132
404.5		0.172276
404		0.171973
403.5		0.171476
403		0.171818
402.5		0.170908
402		0.171009
401.5		0.170287
401		0.170353
400.5		0.17006
400		0.170113
399.5		0.169998
399		0.169541
398.5		0.1688
398		0.168889
397.5		0.168225
397		0.168687
396.5		0.168716
396		0.168413
395.5		0.167763
395		0.167171
394.5		0.167836
394		0.166667
393.5		0.167157
393		0.167026
392.5		0.166136
392		0.166667
391.5		0.16526
391		0.166538
390.5		0.164833
390		0.165379
389.5		0.165224
389		0.165123
388.5		0.165126
388		0.1647
387.5		0.163666
387		0.163922
386.5		0.163782
386		0.164354
385.5		0.16437
385		0.163525
384.5		0.162761
384		0.163232
383.5		0.162265
383		0.16261
382.5		0.162583
382		0.163314
381.5		0.162438
381		0.162246
380.5		0.161531
380		0.161889
379.5		0.16091
379		0.16248
378.5		0.161047
378		0.161058
377.5		0.161296
377		0.160699
376.5		0.160564
376		0.160374
375.5		0.161336
375		0.159983
374.5		0.160301
374		0.160747
373.5		0.160994
373		0.160503
372.5		0.16045
372		0.160521
371.5		0.159366
371		0.159408
370.5		0.160372
370		0.159591
369.5		0.159567
369		0.158893
368.5		0.159354
368		0.15926
367.5		0.158589
367		0.157747
366.5		0.159596
366		0.158673
365.5		0.159389
365		0.158272
364.5		0.157817
364		0.159565
363.5		0.158874
363		0.157929
362.5		0.158267
362		0.157217
361.5		0.157688
361		0.157459
360.5		0.157562
360		0.157688
359.5		0.157382
359		0.157054
358.5		0.155933
358		0.157028
357.5		0.155934
357		0.156281
356.5		0.156133
356		0.15525
355.5		0.155454
355		0.155601
354.5		0.15513
354		0.153634
353.5		0.153952
353		0.154052
352.5		0.153553
352		0.152134
351.5		0.152842
351		0.152824
350.5		0.152037
350		0.152552
349.5		0.150855
349		0.151596
348.5		0.149867
348		0.149483
347.5		0.149594
347		0.148097
346.5		0.14852
346		0.147348
345.5		0.146939
345		0.146539
344.5		0.146316
344		0.145244
343.5		0.145684
343		0.144285
342.5		0.143528
342		0.143005
341.5		0.142834
341		0.141916
340.5		0.141803
340		0.141828
339.5		0.138976
339		0.139311
338.5		0.140887
338		0.139399
337.5		0.138699
337		0.13902
336.5		0.13736
336		0.137752
335.5		0.13739
335		0.13595
334.5		0.135514
334		0.135036
333.5		0.134026
333		0.13466
332.5		0.132945
332		0.131811
331.5		0.132023
331		0.131889
330.5		0.130646
330		0.13133
329.5		0.129682
329		0.129688
328.5		0.128563
328		0.127769
327.5		0.12979
327		0.127115
326.5		0.126654
326		0.124847
325.5		0.127093
325		0.125563
324.5		0.126399
324		0.124542
323.5		0.123009
323		0.12545
322.5		0.122424
322		0.121563
321.5		0.121297
321		0.121936
320.5		0.120941
320		0.11802
319.5		0.118978
319		0.116972
318.5		0.1165
318		0.118517
317.5		0.116449
317		0.114484
316.5		0.113699
316		0.114341
315.5		0.113667
315		0.114181
314.5		0.110375
314		0.112093
313.5		0.110591
313		0.109874
312.5		0.108261
312		0.104141
311.5		0.10692
311		0.103996
310.5		0.105648
310		0.104225
309.5		0.0987799
309		0.101474
308.5		0.100581
308		0.102125
307.5		0.0961426
307		0.0949993
306.5		0.0970446
306		0.0926427
305.5		0.0940208
305		0.0917942
304.5		0.0894345
304		0.0878077
303.5		0.0894822
303		0.0894112
302.5		0.0876807
302		0.0847359
301.5		0.0734233
301		0.0848059
300.5		0.0894783
300		0.0718729
299.5		0.0654308
299		0.0713817
298.5		0.0842258
298		0.0709552
297.5		0.0985029
297		0.0625677
296.5		0.0217673
296		0.149429
295.5		0.0863751
295		0.0132369
294.5		0.00129218
294		-0.123056
293.5		0.101419
293		0.841488
292.5		-0.995137
292		0.667881
291.5		0.123099
291		0.79394
290.5		0.163275
290		-0.881726
289.5		1.44729
289		-0.0132939
288.5		-0.398549
288		0.847851
287.5		0.488031
287		0.425949
286.5		0.888232
286		0.226485
285.5		0.975825
285		0.0351301
284.5		0.31035
284		-0.0513983
283.5		0.115003
283		-0.180901
282.5		0.463979
282		0.257998
281.5		4.13012
281		-0.196172
280.5		1.0017
280		-1.59527
279.5		-0.995469
279		-0.654932
278.5		0.892285
278		0.150169
277.5		-0.189457
277		0.540553
276.5		-0.0355651
276		0.0570779
275.5		7.44883
275		-1.16563
274.5		0.382967
274		0.161924
273.5		0.316829
273		0.112034
272.5		0.121144
272		2.23361
271.5		0.227008
271		-0.445721
270.5		0.709275
270		0.0403006
269.5		-0.0927459
269		0.546476
268.5		0.218897
268		-0.19871
267.5		0.364156
267		0.376952
266.5		0.212216
266		0.767034
265.5		0.255941
265		0.309575
264.5		-18.0534
264		1.81608
263.5		0.528066
263		0.0383365
262.5		0.949471
262		-0.269504
261.5		0.914085
261		-0.174575
260.5		0.446161
260		-0.307178
259.5		-0.195955
259		4.85363
258.5		1.11098
258		0.507318
257.5		1.43285
257		0.410177
256.5		0.986886
256		0.0662694
255.5		0.99175
255		2.00394
254.5		2.12635
254		0.806795
253.5		-0.00952775
253		0.966554
252.5		0.0512006
252		0.359566
251.5		-0.258301
251		0.831722
250.5		0.312456
250		-0.508372
249.5		0.324334
249		0.0781645
248.5		0.633802
248		0.483326
247.5		-0.856515
247		-0.246782
246.5		0.623945
246		0.51135
245.5		0.941529
245		0.124333
244.5		0.71257
244		-0.306036
243.5		0.522522
243		-29.8482
242.5		-0.0288803
242		-6.85547
241.5		0.471402
241		0.04127
240.5		0.778147
240		-0.431917
239.5		0.0304072
239		-0.584723
238.5		0.247898
238		-0.127134
237.5		0.075925
237		-0.201155
236.5		1.10476
236		0.203207
235.5		0.242297
235		0.437459
234.5		0.0210302
234		1.07185
233.5		1.87175
233		0.319292
232.5		3.11726
232		0.275708
231.5		2.55857
231		-1.34379
230.5		0.237988
230		0.461901
229.5		0.0191397
229		0.423378
228.5		0.0134674
228		0.962838
227.5		0.00269096
227		0.113357
226.5		3.66887
226		1.26007
225.5		0.350343
225		0.0225196
224.5		0.521601
224		0.060314
223.5		-0.0856576
223		0.39259
222.5		0.810548
222		0.434642
221.5		0.410423
221		0.394002
220.5		0.579673
220		0.248495
219.5		0.140708
219		-26.9147
218.5		0.927595
218		0.0538261
217.5		-1.84956
217		0.611675
216.5		0.107063
216		1.57392
215.5		-3.67169
215		0.758491
214.5		0.0253328
214		-0.142293
213.5		-1.66852
213		0.315783
212.5		0.120728
212		0.598081
211.5		0.199349
211		-0.0207722
210.5		-0.282079
210		0.308544
209.5		2.51994
209		-0.36219
208.5		-0.505331
208		0.0989499
207.5		0.231113
207		-0.463057
206.5		3.51719
206		0.00418084
205.5		0.204145
205		0.345396
204.5		0.349136
204		0.982623
203.5		0.846009
203		0.127769
202.5		0.522648
202		0.320083
201.5		0.126247
201		0.267294
200.5		-0.0825594
200		-0.271473
