22/05/2024 16.39.14
22/05/2024 16.48.13

800.0000	 30.4100

800.0000	 30.4100

900.0000	 24.5500



  1.0000
900.0000
  3.0000
340.0000
  1.0000
1401.0000
  5.0000
  6.0000
  1.0000
  1.0000
  0.0000
  0.0000
100.0000
  0.0000
  1.0000
  0.0000
500.0000
900.0000
200.0000
  4.0000
  1.0000
 18.0000
  2.0000
  1.0000
255.0000
  0.8380
  1.0000
 30.0000
  4.0000
500.0000
  0.0000
  0.0000
  4.0000
900.0000
200.0000
  0.0000
100.0000
  0.0000
  1.0000
  0.0000
500.0000
  1.0000
  1.0000
  1.0000
  1.0000
  4.0000
  0.0000
  1.0000
  1.0000
  1.0000
  1.0000
  1.0000
  2.0000
  1.0000
  1.0000
  1.0000
  3.0000
  1.0000
  1.0000
  1.0000
  4.0000
  5.0000
539.310
0.000

Lambda:	800
Abs:		-0.0003
ID:			0
Run:		3
Temp:		0
#

900.0000	  0.2529
899.5000	  0.2376
899.0000	  0.2338
898.5000	  0.2388
898.0000	  0.2476
897.5000	  0.2526
897.0000	  0.2384
896.5000	  0.2389
896.0000	  0.2467
895.5000	  0.2498
895.0000	  0.2447
894.5000	  0.2497
894.0000	  0.2452
893.5000	  0.2512
893.0000	  0.2433
892.5000	  0.2450
892.0000	  0.2454
891.5000	  0.2506
891.0000	  0.2574
890.5000	  0.2515
890.0000	  0.2524
889.5000	  0.2446
889.0000	  0.2570
888.5000	  0.2438
888.0000	  0.2591
887.5000	  0.2477
887.0000	  0.2469
886.5000	  0.2598
886.0000	  0.2553
885.5000	  0.2540
885.0000	  0.2490
884.5000	  0.2478
884.0000	  0.2487
883.5000	  0.2492
883.0000	  0.2523
882.5000	  0.2539
882.0000	  0.2557
881.5000	  0.2508
881.0000	  0.2526
880.5000	  0.2484
880.0000	  0.2501
879.5000	  0.2571
879.0000	  0.2542
878.5000	  0.2527
878.0000	  0.2447
877.5000	  0.2647
877.0000	  0.2537
876.5000	  0.2553
876.0000	  0.2597
875.5000	  0.2560
875.0000	  0.2558
874.5000	  0.2530
874.0000	  0.2585
873.5000	  0.2579
873.0000	  0.2553
872.5000	  0.2567
872.0000	  0.2535
871.5000	  0.2594
871.0000	  0.2598
870.5000	  0.2573
870.0000	  0.2596
869.5000	  0.2541
869.0000	  0.2554
868.5000	  0.2607
868.0000	  0.2594
867.5000	  0.2604
867.0000	  0.2609
866.5000	  0.2598
866.0000	  0.2580
865.5000	  0.2607
865.0000	  0.2638
864.5000	  0.2611
864.0000	  0.2620
863.5000	  0.2607
863.0000	  0.2617
862.5000	  0.2643
862.0000	  0.2617
861.5000	  0.2649
861.0000	  0.2631
860.5000	  0.2634
860.0000	  0.2628
859.5000	  0.2658
859.0000	  0.2673
858.5000	  0.2660
858.0000	  0.2660
857.5000	  0.2666
857.0000	  0.2670
856.5000	  0.2661
856.0000	  0.2696
855.5000	  0.2669
855.0000	  0.2684
854.5000	  0.2683
854.0000	  0.2696
853.5000	  0.2685
853.0000	  0.2696
852.5000	  0.2687
852.0000	  0.2703
851.5000	  0.2708
851.0000	  0.2712
850.5000	  0.2721
850.0000	  0.2713
849.5000	  0.2729
849.0000	  0.2716
848.5000	  0.2710
848.0000	  0.2717
847.5000	  0.2723
847.0000	  0.2741
846.5000	  0.2743
846.0000	  0.2749
845.5000	  0.2750
845.0000	  0.2739
844.5000	  0.2745
844.0000	  0.2751
843.5000	  0.2759
843.0000	  0.2758
842.5000	  0.2755
842.0000	  0.2760
841.5000	  0.2767
841.0000	  0.2763
840.5000	  0.2771
840.0000	  0.2776
839.5000	  0.2782
839.0000	  0.2780
838.5000	  0.2780
838.0000	  0.2784
837.5000	  0.2781
837.0000	  0.2784
836.5000	  0.2790
836.0000	  0.2790
835.5000	  0.2797
835.0000	  0.2794
834.5000	  0.2809
834.0000	  0.2806
833.5000	  0.2806
833.0000	  0.2817
832.5000	  0.2806
832.0000	  0.2815
831.5000	  0.2820
831.0000	  0.2813
830.5000	  0.2818
830.0000	  0.2824
829.5000	  0.2828
829.0000	  0.2830
828.5000	  0.2830
828.0000	  0.2832
827.5000	  0.2837
827.0000	  0.2838
826.5000	  0.2843
826.0000	  0.2850
825.5000	  0.2850
825.0000	  0.2854
824.5000	  0.2857
824.0000	  0.2860
823.5000	  0.2860
823.0000	  0.2859
822.5000	  0.2862
822.0000	  0.2864
821.5000	  0.2879
821.0000	  0.2874
820.5000	  0.2882
820.0000	  0.2883
819.5000	  0.2888
819.0000	  0.2884
818.5000	  0.2895
818.0000	  0.2899
817.5000	  0.2896
817.0000	  0.2902
816.5000	  0.2915
816.0000	  0.2911
815.5000	  0.2913
815.0000	  0.2919
814.5000	  0.2920
814.0000	  0.2920
813.5000	  0.2934
813.0000	  0.2932
812.5000	  0.2941
812.0000	  0.2939
811.5000	  0.2950
811.0000	  0.2954
810.5000	  0.2958
810.0000	  0.2961
809.5000	  0.2966
809.0000	  0.2971
808.5000	  0.2977
808.0000	  0.2983
807.5000	  0.2979
807.0000	  0.2981
806.5000	  0.2992
806.0000	  0.2995
805.5000	  0.2999
805.0000	  0.3000
804.5000	  0.3013
804.0000	  0.3012
803.5000	  0.3011
803.0000	  0.3034
802.5000	  0.3025
802.0000	  0.3030
801.5000	  0.3039
801.0000	  0.3032
800.5000	  0.3045
800.0000	  0.3048
799.5000	  0.3056
799.0000	  0.3057
798.5000	  0.3054
798.0000	  0.3070
797.5000	  0.3073
797.0000	  0.3076
796.5000	  0.3082
796.0000	  0.3078
795.5000	  0.3096
795.0000	  0.3093
794.5000	  0.3108
794.0000	  0.3108
793.5000	  0.3112
793.0000	  0.3118
792.5000	  0.3121
792.0000	  0.3134
791.5000	  0.3133
791.0000	  0.3140
790.5000	  0.3149
790.0000	  0.3141
789.5000	  0.3153
789.0000	  0.3155
788.5000	  0.3168
788.0000	  0.3170
787.5000	  0.3169
787.0000	  0.3174
786.5000	  0.3185
786.0000	  0.3189
785.5000	  0.3198
785.0000	  0.3203
784.5000	  0.3212
784.0000	  0.3209
783.5000	  0.3212
783.0000	  0.3222
782.5000	  0.3219
782.0000	  0.3232
781.5000	  0.3247
781.0000	  0.3236
780.5000	  0.3246
780.0000	  0.3250
779.5000	  0.3247
779.0000	  0.3264
778.5000	  0.3265
778.0000	  0.3266
777.5000	  0.3269
777.0000	  0.3276
776.5000	  0.3285
776.0000	  0.3292
775.5000	  0.3287
775.0000	  0.3298
774.5000	  0.3300
774.0000	  0.3309
773.5000	  0.3321
773.0000	  0.3326
772.5000	  0.3325
772.0000	  0.3332
771.5000	  0.3340
771.0000	  0.3350
770.5000	  0.3351
770.0000	  0.3353
769.5000	  0.3363
769.0000	  0.3371
768.5000	  0.3376
768.0000	  0.3378
767.5000	  0.3387
767.0000	  0.3393
766.5000	  0.3399
766.0000	  0.3406
765.5000	  0.3408
765.0000	  0.3414
764.5000	  0.3413
764.0000	  0.3422
763.5000	  0.3439
763.0000	  0.3441
762.5000	  0.3442
762.0000	  0.3458
761.5000	  0.3458
761.0000	  0.3461
760.5000	  0.3463
760.0000	  0.3470
759.5000	  0.3478
759.0000	  0.3485
758.5000	  0.3499
758.0000	  0.3494
757.5000	  0.3502
757.0000	  0.3515
756.5000	  0.3518
756.0000	  0.3527
755.5000	  0.3520
755.0000	  0.3539
754.5000	  0.3540
754.0000	  0.3551
753.5000	  0.3549
753.0000	  0.3558
752.5000	  0.3570
752.0000	  0.3571
751.5000	  0.3574
751.0000	  0.3587
750.5000	  0.3589
750.0000	  0.3593
749.5000	  0.3598
749.0000	  0.3604
748.5000	  0.3619
748.0000	  0.3614
747.5000	  0.3621
747.0000	  0.3638
746.5000	  0.3643
746.0000	  0.3648
745.5000	  0.3651
745.0000	  0.3660
744.5000	  0.3662
744.0000	  0.3671
743.5000	  0.3677
743.0000	  0.3682
742.5000	  0.3691
742.0000	  0.3695
741.5000	  0.3702
741.0000	  0.3699
740.5000	  0.3714
740.0000	  0.3725
739.5000	  0.3729
739.0000	  0.3737
738.5000	  0.3739
738.0000	  0.3743
737.5000	  0.3755
737.0000	  0.3761
736.5000	  0.3769
736.0000	  0.3771
735.5000	  0.3782
735.0000	  0.3795
734.5000	  0.3802
734.0000	  0.3806
733.5000	  0.3808
733.0000	  0.3811
732.5000	  0.3817
732.0000	  0.3832
731.5000	  0.3843
731.0000	  0.3844
730.5000	  0.3849
730.0000	  0.3858
729.5000	  0.3865
729.0000	  0.3870
728.5000	  0.3875
728.0000	  0.3886
727.5000	  0.3899
727.0000	  0.3901
726.5000	  0.3909
726.0000	  0.3914
725.5000	  0.3923
725.0000	  0.3923
724.5000	  0.3940
724.0000	  0.3950
723.5000	  0.3946
723.0000	  0.3953
722.5000	  0.3956
722.0000	  0.3977
721.5000	  0.3966
721.0000	  0.3982
720.5000	  0.3979
720.0000	  0.3974
719.5000	  0.3993
719.0000	  0.3981
718.5000	  0.3989
718.0000	  0.3983
717.5000	  0.3990
717.0000	  0.3996
716.5000	  0.4002
716.0000	  0.4011
715.5000	  0.4014
715.0000	  0.4020
714.5000	  0.4038
714.0000	  0.4046
713.5000	  0.4065
713.0000	  0.4075
712.5000	  0.4079
712.0000	  0.4107
711.5000	  0.4106
711.0000	  0.4111
710.5000	  0.4132
710.0000	  0.4148
709.5000	  0.4155
709.0000	  0.4151
708.5000	  0.4162
708.0000	  0.4179
707.5000	  0.4179
707.0000	  0.4200
706.5000	  0.4197
706.0000	  0.4202
705.5000	  0.4210
705.0000	  0.4224
704.5000	  0.4234
704.0000	  0.4234
703.5000	  0.4246
703.0000	  0.4257
702.5000	  0.4261
702.0000	  0.4271
701.5000	  0.4278
701.0000	  0.4287
700.5000	  0.4289
700.0000	  0.4297
699.5000	  0.4312
699.0000	  0.4314
698.5000	  0.4323
698.0000	  0.4336
697.5000	  0.4343
697.0000	  0.4346
696.5000	  0.4349
696.0000	  0.4369
695.5000	  0.4378
695.0000	  0.4380
694.5000	  0.4391
694.0000	  0.4395
693.5000	  0.4404
693.0000	  0.4411
692.5000	  0.4422
692.0000	  0.4430
691.5000	  0.4435
691.0000	  0.4449
690.5000	  0.4456
690.0000	  0.4460
689.5000	  0.4471
689.0000	  0.4479
688.5000	  0.4496
688.0000	  0.4503
687.5000	  0.4509
687.0000	  0.4516
686.5000	  0.4520
686.0000	  0.4538
685.5000	  0.4546
685.0000	  0.4557
684.5000	  0.4556
684.0000	  0.4558
683.5000	  0.4580
683.0000	  0.4583
682.5000	  0.4592
682.0000	  0.4603
681.5000	  0.4611
681.0000	  0.4616
680.5000	  0.4631
680.0000	  0.4641
679.5000	  0.4651
679.0000	  0.4651
678.5000	  0.4657
678.0000	  0.4675
677.5000	  0.4685
677.0000	  0.4685
676.5000	  0.4700
676.0000	  0.4707
675.5000	  0.4710
675.0000	  0.4724
674.5000	  0.4729
674.0000	  0.4741
673.5000	  0.4749
673.0000	  0.4763
672.5000	  0.4764
672.0000	  0.4772
671.5000	  0.4781
671.0000	  0.4794
670.5000	  0.4797
670.0000	  0.4813
669.5000	  0.4821
669.0000	  0.4825
668.5000	  0.4840
668.0000	  0.4839
667.5000	  0.4853
667.0000	  0.4858
666.5000	  0.4867
666.0000	  0.4881
665.5000	  0.4882
665.0000	  0.4898
664.5000	  0.4902
664.0000	  0.4913
663.5000	  0.4922
663.0000	  0.4931
662.5000	  0.4949
662.0000	  0.4952
661.5000	  0.4959
661.0000	  0.4965
660.5000	  0.4978
660.0000	  0.4987
659.5000	  0.4984
659.0000	  0.4996
658.5000	  0.5008
658.0000	  0.5013
657.5000	  0.5028
657.0000	  0.5036
656.5000	  0.5042
656.0000	  0.5053
655.5000	  0.5057
655.0000	  0.5075
654.5000	  0.5075
654.0000	  0.5087
653.5000	  0.5100
653.0000	  0.5103
652.5000	  0.5119
652.0000	  0.5118
651.5000	  0.5132
651.0000	  0.5140
650.5000	  0.5144
650.0000	  0.5157
649.5000	  0.5163
649.0000	  0.5169
648.5000	  0.5186
648.0000	  0.5190
647.5000	  0.5201
647.0000	  0.5201
646.5000	  0.5220
646.0000	  0.5228
645.5000	  0.5234
645.0000	  0.5243
644.5000	  0.5244
644.0000	  0.5259
643.5000	  0.5273
643.0000	  0.5278
642.5000	  0.5286
642.0000	  0.5289
641.5000	  0.5305
641.0000	  0.5307
640.5000	  0.5315
640.0000	  0.5323
639.5000	  0.5333
639.0000	  0.5339
638.5000	  0.5350
638.0000	  0.5356
637.5000	  0.5364
637.0000	  0.5370
636.5000	  0.5381
636.0000	  0.5382
635.5000	  0.5387
635.0000	  0.5395
634.5000	  0.5407
634.0000	  0.5415
633.5000	  0.5416
633.0000	  0.5433
632.5000	  0.5434
632.0000	  0.5442
631.5000	  0.5443
631.0000	  0.5446
630.5000	  0.5470
630.0000	  0.5461
629.5000	  0.5484
629.0000	  0.5492
628.5000	  0.5502
628.0000	  0.5510
627.5000	  0.5515
627.0000	  0.5529
626.5000	  0.5547
626.0000	  0.5558
625.5000	  0.5573
625.0000	  0.5583
624.5000	  0.5599
624.0000	  0.5607
623.5000	  0.5621
623.0000	  0.5633
622.5000	  0.5640
622.0000	  0.5653
621.5000	  0.5668
621.0000	  0.5683
620.5000	  0.5692
620.0000	  0.5695
619.5000	  0.5715
619.0000	  0.5726
618.5000	  0.5737
618.0000	  0.5749
617.5000	  0.5753
617.0000	  0.5765
616.5000	  0.5765
616.0000	  0.5788
615.5000	  0.5783
615.0000	  0.5794
614.5000	  0.5806
614.0000	  0.5808
613.5000	  0.5830
613.0000	  0.5823
612.5000	  0.5835
612.0000	  0.5847
611.5000	  0.5848
611.0000	  0.5862
610.5000	  0.5866
610.0000	  0.5883
609.5000	  0.5887
609.0000	  0.5893
608.5000	  0.5906
608.0000	  0.5913
607.5000	  0.5921
607.0000	  0.5932
606.5000	  0.5940
606.0000	  0.5947
605.5000	  0.5950
605.0000	  0.5972
604.5000	  0.5972
604.0000	  0.5981
603.5000	  0.5999
603.0000	  0.5992
602.5000	  0.6018
602.0000	  0.6020
601.5000	  0.6027
601.0000	  0.6037
600.5000	  0.6045
600.0000	  0.6054
599.5000	  0.6056
599.0000	  0.6073
598.5000	  0.6080
598.0000	  0.6081
597.5000	  0.6096
597.0000	  0.6107
596.5000	  0.6115
596.0000	  0.6127
595.5000	  0.6122
595.0000	  0.6130
594.5000	  0.6139
594.0000	  0.6154
593.5000	  0.6167
593.0000	  0.6166
592.5000	  0.6174
592.0000	  0.6187
591.5000	  0.6190
591.0000	  0.6203
590.5000	  0.6208
590.0000	  0.6221
589.5000	  0.6230
589.0000	  0.6235
588.5000	  0.6245
588.0000	  0.6247
587.5000	  0.6260
587.0000	  0.6269
586.5000	  0.6272
586.0000	  0.6284
585.5000	  0.6280
585.0000	  0.6292
584.5000	  0.6300
584.0000	  0.6314
583.5000	  0.6320
583.0000	  0.6326
582.5000	  0.6335
582.0000	  0.6337
581.5000	  0.6359
581.0000	  0.6353
580.5000	  0.6369
580.0000	  0.6374
579.5000	  0.6383
579.0000	  0.6395
578.5000	  0.6388
578.0000	  0.6399
577.5000	  0.6411
577.0000	  0.6415
576.5000	  0.6429
576.0000	  0.6429
575.5000	  0.6438
575.0000	  0.6447
574.5000	  0.6459
574.0000	  0.6460
573.5000	  0.6469
573.0000	  0.6472
572.5000	  0.6487
572.0000	  0.6492
571.5000	  0.6486
571.0000	  0.6505
570.5000	  0.6513
570.0000	  0.6517
569.5000	  0.6536
569.0000	  0.6530
568.5000	  0.6537
568.0000	  0.6556
567.5000	  0.6549
567.0000	  0.6558
566.5000	  0.6556
566.0000	  0.6577
565.5000	  0.6582
565.0000	  0.6582
564.5000	  0.6596
564.0000	  0.6600
563.5000	  0.6613
563.0000	  0.6624
562.5000	  0.6614
562.0000	  0.6629
561.5000	  0.6620
561.0000	  0.6631
560.5000	  0.6645
560.0000	  0.6660
559.5000	  0.6670
559.0000	  0.6667
558.5000	  0.6678
558.0000	  0.6685
557.5000	  0.6696
557.0000	  0.6706
556.5000	  0.6703
556.0000	  0.6711
555.5000	  0.6718
555.0000	  0.6726
554.5000	  0.6730
554.0000	  0.6733
553.5000	  0.6744
553.0000	  0.6743
552.5000	  0.6756
552.0000	  0.6755
551.5000	  0.6765
551.0000	  0.6774
550.5000	  0.6775
550.0000	  0.6784
549.5000	  0.6782
549.0000	  0.6792
548.5000	  0.6791
548.0000	  0.6803
547.5000	  0.6809
547.0000	  0.6805
546.5000	  0.6821
546.0000	  0.6821
545.5000	  0.6827
545.0000	  0.6831
544.5000	  0.6822
544.0000	  0.6841
543.5000	  0.6851
543.0000	  0.6849
542.5000	  0.6857
542.0000	  0.6852
541.5000	  0.6860
541.0000	  0.6868
540.5000	  0.6876
540.0000	  0.6876
539.5000	  0.6871
539.0000	  0.6876
538.5000	  0.6884
538.0000	  0.6887
537.5000	  0.6897
537.0000	  0.6894
536.5000	  0.6902
536.0000	  0.6911
535.5000	  0.6913
535.0000	  0.6911
534.5000	  0.6914
534.0000	  0.6923
533.5000	  0.6916
533.0000	  0.6920
532.5000	  0.6922
532.0000	  0.6934
531.5000	  0.6934
531.0000	  0.6931
530.5000	  0.6949
530.0000	  0.6940
529.5000	  0.6942
529.0000	  0.6946
528.5000	  0.6944
528.0000	  0.6945
527.5000	  0.6943
527.0000	  0.6958
526.5000	  0.6962
526.0000	  0.6952
525.5000	  0.6966
525.0000	  0.6957
524.5000	  0.6963
524.0000	  0.6960
523.5000	  0.6964
523.0000	  0.6962
522.5000	  0.6967
522.0000	  0.6964
521.5000	  0.6969
521.0000	  0.6969
520.5000	  0.6968
520.0000	  0.6964
519.5000	  0.6965
519.0000	  0.6967
518.5000	  0.6964
518.0000	  0.6960
517.5000	  0.6959
517.0000	  0.6963
516.5000	  0.6959
516.0000	  0.6957
515.5000	  0.6961
515.0000	  0.6958
514.5000	  0.6950
514.0000	  0.6961
513.5000	  0.6942
513.0000	  0.6953
512.5000	  0.6945
512.0000	  0.6937
511.5000	  0.6946
511.0000	  0.6938
510.5000	  0.6945
510.0000	  0.6940
509.5000	  0.6931
509.0000	  0.6938
508.5000	  0.6938
508.0000	  0.6928
507.5000	  0.6933
507.0000	  0.6930
506.5000	  0.6933
506.0000	  0.6928
505.5000	  0.6941
505.0000	  0.6927
504.5000	  0.6932
504.0000	  0.6931
503.5000	  0.6925
503.0000	  0.6945
502.5000	  0.6934
502.0000	  0.6941
501.5000	  0.6952
501.0000	  0.6940
500.5000	  0.6947
500.0000	  0.6945
499.5000	  0.6937
499.0000	  0.6949
498.5000	  0.6940
498.0000	  0.6947
497.5000	  0.6934
497.0000	  0.6936
496.5000	  0.6938
496.0000	  0.6932
495.5000	  0.6935
495.0000	  0.6916
494.5000	  0.6920
494.0000	  0.6907
493.5000	  0.6899
493.0000	  0.6910
492.5000	  0.6883
492.0000	  0.6882
491.5000	  0.6878
491.0000	  0.6867
490.5000	  0.6870
490.0000	  0.6849
489.5000	  0.6845
489.0000	  0.6842
488.5000	  0.6825
488.0000	  0.6818
487.5000	  0.6804
487.0000	  0.6793
486.5000	  0.6799
486.0000	  0.6780
485.5000	  0.6779
485.0000	  0.6749
484.5000	  0.6750
484.0000	  0.6739
483.5000	  0.6735
483.0000	  0.6723
482.5000	  0.6707
482.0000	  0.6701
481.5000	  0.6694
481.0000	  0.6689
480.5000	  0.6676
480.0000	  0.6667
479.5000	  0.6670
479.0000	  0.6651
478.5000	  0.6641
478.0000	  0.6635
477.5000	  0.6625
477.0000	  0.6620
476.5000	  0.6616
476.0000	  0.6604
475.5000	  0.6589
475.0000	  0.6589
474.5000	  0.6572
474.0000	  0.6564
473.5000	  0.6563
473.0000	  0.6560
472.5000	  0.6551
472.0000	  0.6543
471.5000	  0.6541
471.0000	  0.6544
470.5000	  0.6531
470.0000	  0.6522
469.5000	  0.6509
469.0000	  0.6508
468.5000	  0.6509
468.0000	  0.6503
467.5000	  0.6492
467.0000	  0.6491
466.5000	  0.6488
466.0000	  0.6491
465.5000	  0.6476
465.0000	  0.6470
464.5000	  0.6468
464.0000	  0.6474
463.5000	  0.6470
463.0000	  0.6462
462.5000	  0.6469
462.0000	  0.6469
461.5000	  0.6458
461.0000	  0.6460
460.5000	  0.6446
460.0000	  0.6450
459.5000	  0.6447
459.0000	  0.6438
458.5000	  0.6451
458.0000	  0.6443
457.5000	  0.6425
457.0000	  0.6425
456.5000	  0.6415
456.0000	  0.6414
455.5000	  0.6404
455.0000	  0.6406
454.5000	  0.6384
454.0000	  0.6375
453.5000	  0.6369
453.0000	  0.6337
452.5000	  0.6339
452.0000	  0.6327
451.5000	  0.6311
451.0000	  0.6306
450.5000	  0.6283
450.0000	  0.6272
449.5000	  0.6243
449.0000	  0.6236
448.5000	  0.6214
448.0000	  0.6190
447.5000	  0.6190
447.0000	  0.6170
446.5000	  0.6154
446.0000	  0.6150
445.5000	  0.6120
445.0000	  0.6121
444.5000	  0.6099
444.0000	  0.6091
443.5000	  0.6088
443.0000	  0.6051
442.5000	  0.6060
442.0000	  0.6048
441.5000	  0.6039
441.0000	  0.6035
440.5000	  0.6008
440.0000	  0.6006
439.5000	  0.5994
439.0000	  0.5980
438.5000	  0.5983
438.0000	  0.5967
437.5000	  0.5958
437.0000	  0.5941
436.5000	  0.5950
436.0000	  0.5935
435.5000	  0.5935
435.0000	  0.5924
434.5000	  0.5917
434.0000	  0.5906
433.5000	  0.5908
433.0000	  0.5897
432.5000	  0.5894
432.0000	  0.5880
431.5000	  0.5874
431.0000	  0.5877
430.5000	  0.5868
430.0000	  0.5867
429.5000	  0.5859
429.0000	  0.5858
428.5000	  0.5854
428.0000	  0.5840
427.5000	  0.5836
427.0000	  0.5840
426.5000	  0.5819
426.0000	  0.5821
425.5000	  0.5813
425.0000	  0.5816
424.5000	  0.5815
424.0000	  0.5806
423.5000	  0.5803
423.0000	  0.5795
422.5000	  0.5795
422.0000	  0.5788
421.5000	  0.5792
421.0000	  0.5794
420.5000	  0.5785
420.0000	  0.5781
419.5000	  0.5776
419.0000	  0.5771
418.5000	  0.5776
418.0000	  0.5766
417.5000	  0.5770
417.0000	  0.5768
416.5000	  0.5749
416.0000	  0.5765
415.5000	  0.5740
415.0000	  0.5751
414.5000	  0.5758
414.0000	  0.5743
413.5000	  0.5743
413.0000	  0.5743
412.5000	  0.5733
412.0000	  0.5735
411.5000	  0.5729
411.0000	  0.5721
410.5000	  0.5724
410.0000	  0.5724
409.5000	  0.5719
409.0000	  0.5719
408.5000	  0.5727
408.0000	  0.5696
407.5000	  0.5705
407.0000	  0.5693
406.5000	  0.5696
406.0000	  0.5696
405.5000	  0.5695
405.0000	  0.5684
404.5000	  0.5678
404.0000	  0.5680
403.5000	  0.5686
403.0000	  0.5674
402.5000	  0.5690
402.0000	  0.5666
401.5000	  0.5673
401.0000	  0.5670
400.5000	  0.5661
400.0000	  0.5657
399.5000	  0.5658
399.0000	  0.5655
398.5000	  0.5655
398.0000	  0.5650
397.5000	  0.5656
397.0000	  0.5657
396.5000	  0.5655
396.0000	  0.5657
395.5000	  0.5644
395.0000	  0.5651
394.5000	  0.5632
394.0000	  0.5643
393.5000	  0.5629
393.0000	  0.5639
392.5000	  0.5639
392.0000	  0.5640
391.5000	  0.5649
391.0000	  0.5620
390.5000	  0.5653
390.0000	  0.5637
389.5000	  0.5642
389.0000	  0.5641
388.5000	  0.5638
388.0000	  0.5641
387.5000	  0.5647
387.0000	  0.5659
386.5000	  0.5669
386.0000	  0.5650
385.5000	  0.5662
385.0000	  0.5658
384.5000	  0.5660
384.0000	  0.5674
383.5000	  0.5652
383.0000	  0.5643
382.5000	  0.5667
382.0000	  0.5664
381.5000	  0.5675
381.0000	  0.5653
380.5000	  0.5672
380.0000	  0.5681
379.5000	  0.5669
379.0000	  0.5666
378.5000	  0.5667
378.0000	  0.5668
377.5000	  0.5684
377.0000	  0.5683
376.5000	  0.5679
376.0000	  0.5665
375.5000	  0.5693
375.0000	  0.5675
374.5000	  0.5690
374.0000	  0.5706
373.5000	  0.5673
373.0000	  0.5673
372.5000	  0.5685
372.0000	  0.5699
371.5000	  0.5665
371.0000	  0.5678
370.5000	  0.5696
370.0000	  0.5677
369.5000	  0.5674
369.0000	  0.5684
368.5000	  0.5681
368.0000	  0.5680
367.5000	  0.5682
367.0000	  0.5697
366.5000	  0.5697
366.0000	  0.5686
365.5000	  0.5691
365.0000	  0.5696
364.5000	  0.5695
364.0000	  0.5703
363.5000	  0.5690
363.0000	  0.5679
362.5000	  0.5697
362.0000	  0.5690
361.5000	  0.5708
361.0000	  0.5700
360.5000	  0.5716
360.0000	  0.5724
359.5000	  0.5708
359.0000	  0.5710
358.5000	  0.5693
358.0000	  0.5705
357.5000	  0.5698
357.0000	  0.5714
356.5000	  0.5712
356.0000	  0.5700
355.5000	  0.5715
355.0000	  0.5720
354.5000	  0.5710
354.0000	  0.5696
353.5000	  0.5690
353.0000	  0.5720
352.5000	  0.5737
352.0000	  0.5692
351.5000	  0.5697
351.0000	  0.5697
350.5000	  0.5714
350.0000	  0.5697
349.5000	  0.5707
349.0000	  0.5720
348.5000	  0.5718
348.0000	  0.5693
347.5000	  0.5717
347.0000	  0.5711
346.5000	  0.5714
346.0000	  0.5705
345.5000	  0.5669
345.0000	  0.5701
344.5000	  0.5703
344.0000	  0.5678
343.5000	  0.5702
343.0000	  0.5694
342.5000	  0.5701
342.0000	  0.5689
341.5000	  0.5661
341.0000	  0.5677
340.5000	  0.5690
340.0000	  0.5659
339.5000	  0.5716
339.0000	  0.5684
338.5000	  0.5770
338.0000	  0.5694
337.5000	  0.5665
337.0000	  0.5700
336.5000	  0.5705
336.0000	  0.5687
335.5000	  0.5744
335.0000	  0.5719
334.5000	  0.5698
334.0000	  0.5721
333.5000	  0.5735
333.0000	  0.5711
332.5000	  0.5714
332.0000	  0.5661
331.5000	  0.5703
331.0000	  0.5690
330.5000	  0.5683
330.0000	  0.5667
329.5000	  0.5666
329.0000	  0.5668
328.5000	  0.5670
328.0000	  0.5672
327.5000	  0.5666
327.0000	  0.5668
326.5000	  0.5635
326.0000	  0.5675
325.5000	  0.5627
325.0000	  0.5674
324.5000	  0.5667
324.0000	  0.5683
323.5000	  0.5708
323.0000	  0.5629
322.5000	  0.5647
322.0000	  0.5637
321.5000	  0.5640
321.0000	  0.5661
320.5000	  0.5661
320.0000	  0.5645
319.5000	  0.5677
319.0000	  0.5602
318.5000	  0.5687
318.0000	  0.5668
317.5000	  0.5684
317.0000	  0.5653
316.5000	  0.5714
316.0000	  0.5658
315.5000	  0.5651
315.0000	  0.5666
314.5000	  0.5648
314.0000	  0.5696
313.5000	  0.5631
313.0000	  0.5597
312.5000	  0.5634
312.0000	  0.5681
311.5000	  0.5736
311.0000	  0.5637
310.5000	  0.5676
310.0000	  0.5668
309.5000	  0.5720
309.0000	  0.5708
308.5000	  0.5596
308.0000	  0.5761
307.5000	  0.5697
307.0000	  0.5700
306.5000	  0.5660
306.0000	  0.5551
305.5000	  0.5927
305.0000	  0.5846
304.5000	  0.5617
304.0000	  0.5538
303.5000	  0.5666
303.0000	  0.5747
302.5000	  0.5608
302.0000	  0.5717
301.5000	  0.5558
301.0000	  0.5439
300.5000	  0.5581
300.0000	  0.5525
299.5000	  0.5490
299.0000	  0.5575
298.5000	  0.6078
298.0000	  0.5946
297.5000	  0.5511
297.0000	  0.7216
296.5000	  0.5832
296.0000	  0.3463
295.5000	  0.5455
295.0000	  0.7910
294.5000	  0.6127
294.0000	  0.6616
293.5000	 -0.4809
293.0000	  0.4050
292.5000	  0.3077
292.0000	  0.7547
291.5000	  0.4647
291.0000	  0.8689
290.5000	  0.2170
290.0000	-52.1662
289.5000	 22.9989
289.0000	  1.9470
288.5000	 10.3139
288.0000	  0.0720
287.5000	  3.4105
287.0000	  0.3602
286.5000	 -1.4637
286.0000	  1.5005
285.5000	 -0.1363
285.0000	  0.7916
284.5000	 -0.2133
284.0000	  1.1033
283.5000	  0.7245
283.0000	  2.7845
282.5000	  0.3922
282.0000	  1.3430
281.5000	  0.2639
281.0000	 -0.4672
280.5000	  1.1018
280.0000	  0.5528
279.5000	  1.7789
279.0000	  1.6707
278.5000	  1.1417
278.0000	  0.0401
277.5000	  4.5306
277.0000	  0.9331
276.5000	 -0.6167
276.0000	  0.8747
275.5000	  0.1496
275.0000	 -0.1451
274.5000	  1.3182
274.0000	 -0.1017
273.5000	  1.7169
273.0000	  0.9343
272.5000	-68.6588
272.0000	  0.2902
271.5000	  1.0543
271.0000	  0.8855
270.5000	 -0.7756
270.0000	 -0.1075
269.5000	  0.6933
269.0000	  2.4514
268.5000	 -8.4770
268.0000	  1.2311
267.5000	  0.9262
267.0000	  0.5027
266.5000	 -3.3485
266.0000	  0.4287
265.5000	  0.2320
265.0000	 -0.2344
264.5000	-11.0983
264.0000	  0.1313
263.5000	  0.9748
263.0000	  1.7850
262.5000	  3.2717
262.0000	  1.7048
261.5000	  0.7968
261.0000	  0.7876
260.5000	 -2.4766
260.0000	  1.4656
259.5000	 -0.3721
259.0000	 -0.5996
258.5000	 -0.2225
258.0000	 -0.2419
257.5000	  2.5368
257.0000	 16.7067
256.5000	  1.0732
256.0000	  0.5604
255.5000	 -1.0931
255.0000	  0.2906
254.5000	  0.1201
254.0000	  1.5370
253.5000	  1.2196
253.0000	 -0.0599
252.5000	 -0.4672
252.0000	  2.4882
251.5000	  0.6422
251.0000	  1.0125
250.5000	  6.5695
250.0000	-79.9540
249.5000	  1.4612
249.0000	  0.6127
248.5000	  0.9635
248.0000	 -6.9613
247.5000	  2.5820
247.0000	  0.9706
246.5000	 45.3469
246.0000	  0.1322
245.5000	  0.1715
245.0000	  0.5094
244.5000	 -0.0076
244.0000	  0.5688
243.5000	  2.3370
243.0000	-14.6186
242.5000	 -1.2773
242.0000	  1.2228
241.5000	  0.9743
241.0000	 -5.8532
240.5000	  2.4204
240.0000	 -0.6013
239.5000	  1.4949
239.0000	  0.8887
238.5000	  1.2797
238.0000	  4.6364
237.5000	  0.2035
237.0000	 -0.9582
236.5000	  1.9690
236.0000	 -0.0852
235.5000	 -0.0177
235.0000	  0.4146
234.5000	  2.5430
234.0000	  1.2291
233.5000	  2.1894
233.0000	  0.6003
232.5000	  0.3231
232.0000	  3.7906
231.5000	 -6.0995
231.0000	  3.9706
230.5000	  1.3624
230.0000	  0.6145
229.5000	  5.9137
229.0000	  0.5669
228.5000	 29.9827
228.0000	 -6.2167
227.5000	  0.5380
227.0000	  0.1989
226.5000	  2.6195
226.0000	  0.0407
225.5000	  7.4855
225.0000	  0.7608
224.5000	  0.7664
224.0000	 -0.9106
223.5000	  0.5239
223.0000	  0.9858
222.5000	  0.7419
222.0000	  0.6999
221.5000	  1.5792
221.0000	 -3.5518
220.5000	 -6.4204
220.0000	 -0.2300
219.5000	  0.7516
219.0000	 -0.4225
218.5000	 -0.8363
218.0000	  7.1004
217.5000	  1.8752
217.0000	  0.2664
216.5000	  0.6642
216.0000	  2.8093
215.5000	 -0.9306
215.0000	  0.3025
214.5000	  0.2490
214.0000	  8.5432
213.5000	  2.1313
213.0000	 -1.1318
212.5000	  0.2636
212.0000	 -1.8565
211.5000	 -0.3400
211.0000	  1.7114
210.5000	  1.2875
210.0000	  0.2337
209.5000	  3.2788
209.0000	  0.3398
208.5000	  1.9138
208.0000	 -4.9285
207.5000	 -0.0181
207.0000	  0.2351
206.5000	  0.8301
206.0000	  0.0000
205.5000	  1.3399
205.0000	  1.2339
204.5000	  0.9709
204.0000	 -1.1644
203.5000	 -0.3764
203.0000	  0.4773
202.5000	  1.9937
202.0000	-49.2255
201.5000	 13.3654
201.0000	  0.5013
200.5000	 -0.8500
200.0000	  0.6961

