22/05/2024 16.09.33
22/05/2024 16.18.32

800.0000	 35.7500

800.0000	 35.7500

900.0000	 34.5900



  1.0000
900.0000
  3.0000
340.0000
  1.0000
1401.0000
  5.0000
  6.0000
  1.0000
  1.0000
  0.0000
  0.0000
100.0000
  0.0000
  1.0000
  0.0000
500.0000
900.0000
200.0000
  4.0000
  1.0000
 18.0000
  2.0000
  1.0000
255.0000
  0.8346
  1.0000
 30.0000
  4.0000
500.0000
  0.0000
  0.0000
  4.0000
900.0000
200.0000
  0.0000
100.0000
  0.0000
  1.0000
  0.0000
500.0000
  1.0000
  1.0000
  1.0000
  1.0000
  4.0000
  0.0000
  1.0000
  1.0000
  1.0000
  1.0000
  1.0000
  2.0000
  1.0000
  1.0000
  1.0000
  3.0000
  1.0000
  1.0000
  1.0000
  4.0000
  5.0000
539.218
0.000

Lambda:	800
Abs:		0.0003
ID:			B
Run:		3
Temp:		0
#

900.0000	  0.3273
899.5000	  0.3357
899.0000	  0.3338
898.5000	  0.3365
898.0000	  0.3404
897.5000	  0.3263
897.0000	  0.3412
896.5000	  0.3477
896.0000	  0.3304
895.5000	  0.3289
895.0000	  0.3417
894.5000	  0.3363
894.0000	  0.3450
893.5000	  0.3359
893.0000	  0.3395
892.5000	  0.3305
892.0000	  0.3445
891.5000	  0.3340
891.0000	  0.3258
890.5000	  0.3425
890.0000	  0.3272
889.5000	  0.3388
889.0000	  0.3308
888.5000	  0.3344
888.0000	  0.3324
887.5000	  0.3360
887.0000	  0.3396
886.5000	  0.3217
886.0000	  0.3391
885.5000	  0.3363
885.0000	  0.3289
884.5000	  0.3378
884.0000	  0.3386
883.5000	  0.3359
883.0000	  0.3392
882.5000	  0.3314
882.0000	  0.3306
881.5000	  0.3343
881.0000	  0.3339
880.5000	  0.3399
880.0000	  0.3350
879.5000	  0.3364
879.0000	  0.3409
878.5000	  0.3414
878.0000	  0.3396
877.5000	  0.3393
877.0000	  0.3385
876.5000	  0.3402
876.0000	  0.3307
875.5000	  0.3445
875.0000	  0.3398
874.5000	  0.3349
874.0000	  0.3363
873.5000	  0.3441
873.0000	  0.3342
872.5000	  0.3346
872.0000	  0.3395
871.5000	  0.3402
871.0000	  0.3359
870.5000	  0.3338
870.0000	  0.3406
869.5000	  0.3391
869.0000	  0.3386
868.5000	  0.3408
868.0000	  0.3388
867.5000	  0.3358
867.0000	  0.3437
866.5000	  0.3424
866.0000	  0.3381
865.5000	  0.3384
865.0000	  0.3414
864.5000	  0.3384
864.0000	  0.3409
863.5000	  0.3408
863.0000	  0.3422
862.5000	  0.3420
862.0000	  0.3405
861.5000	  0.3399
861.0000	  0.3418
860.5000	  0.3416
860.0000	  0.3422
859.5000	  0.3393
859.0000	  0.3412
858.5000	  0.3431
858.0000	  0.3412
857.5000	  0.3448
857.0000	  0.3427
856.5000	  0.3447
856.0000	  0.3437
855.5000	  0.3428
855.0000	  0.3441
854.5000	  0.3433
854.0000	  0.3433
853.5000	  0.3425
853.0000	  0.3441
852.5000	  0.3450
852.0000	  0.3454
851.5000	  0.3467
851.0000	  0.3454
850.5000	  0.3444
850.0000	  0.3469
849.5000	  0.3455
849.0000	  0.3466
848.5000	  0.3453
848.0000	  0.3470
847.5000	  0.3468
847.0000	  0.3458
846.5000	  0.3461
846.0000	  0.3477
845.5000	  0.3477
845.0000	  0.3478
844.5000	  0.3458
844.0000	  0.3465
843.5000	  0.3475
843.0000	  0.3482
842.5000	  0.3478
842.0000	  0.3482
841.5000	  0.3486
841.0000	  0.3474
840.5000	  0.3483
840.0000	  0.3476
839.5000	  0.3482
839.0000	  0.3474
838.5000	  0.3461
838.0000	  0.3482
837.5000	  0.3474
837.0000	  0.3482
836.5000	  0.3473
836.0000	  0.3480
835.5000	  0.3482
835.0000	  0.3477
834.5000	  0.3481
834.0000	  0.3474
833.5000	  0.3480
833.0000	  0.3483
832.5000	  0.3478
832.0000	  0.3481
831.5000	  0.3468
831.0000	  0.3491
830.5000	  0.3488
830.0000	  0.3485
829.5000	  0.3485
829.0000	  0.3478
828.5000	  0.3477
828.0000	  0.3480
827.5000	  0.3482
827.0000	  0.3494
826.5000	  0.3471
826.0000	  0.3484
825.5000	  0.3489
825.0000	  0.3490
824.5000	  0.3492
824.0000	  0.3492
823.5000	  0.3481
823.0000	  0.3494
822.5000	  0.3497
822.0000	  0.3492
821.5000	  0.3501
821.0000	  0.3492
820.5000	  0.3497
820.0000	  0.3501
819.5000	  0.3495
819.0000	  0.3504
818.5000	  0.3499
818.0000	  0.3503
817.5000	  0.3500
817.0000	  0.3505
816.5000	  0.3513
816.0000	  0.3510
815.5000	  0.3505
815.0000	  0.3511
814.5000	  0.3509
814.0000	  0.3514
813.5000	  0.3511
813.0000	  0.3516
812.5000	  0.3519
812.0000	  0.3524
811.5000	  0.3533
811.0000	  0.3522
810.5000	  0.3526
810.0000	  0.3528
809.5000	  0.3539
809.0000	  0.3534
808.5000	  0.3536
808.0000	  0.3541
807.5000	  0.3541
807.0000	  0.3537
806.5000	  0.3549
806.0000	  0.3552
805.5000	  0.3547
805.0000	  0.3552
804.5000	  0.3551
804.0000	  0.3548
803.5000	  0.3551
803.0000	  0.3550
802.5000	  0.3566
802.0000	  0.3567
801.5000	  0.3565
801.0000	  0.3571
800.5000	  0.3571
800.0000	  0.3577
799.5000	  0.3579
799.0000	  0.3581
798.5000	  0.3586
798.0000	  0.3585
797.5000	  0.3582
797.0000	  0.3588
796.5000	  0.3589
796.0000	  0.3604
795.5000	  0.3596
795.0000	  0.3595
794.5000	  0.3596
794.0000	  0.3607
793.5000	  0.3603
793.0000	  0.3602
792.5000	  0.3613
792.0000	  0.3607
791.5000	  0.3612
791.0000	  0.3622
790.5000	  0.3627
790.0000	  0.3628
789.5000	  0.3636
789.0000	  0.3635
788.5000	  0.3639
788.0000	  0.3632
787.5000	  0.3637
787.0000	  0.3645
786.5000	  0.3649
786.0000	  0.3644
785.5000	  0.3650
785.0000	  0.3654
784.5000	  0.3658
784.0000	  0.3659
783.5000	  0.3666
783.0000	  0.3659
782.5000	  0.3671
782.0000	  0.3672
781.5000	  0.3675
781.0000	  0.3680
780.5000	  0.3678
780.0000	  0.3680
779.5000	  0.3686
779.0000	  0.3690
778.5000	  0.3694
778.0000	  0.3694
777.5000	  0.3699
777.0000	  0.3704
776.5000	  0.3708
776.0000	  0.3712
775.5000	  0.3707
775.0000	  0.3712
774.5000	  0.3718
774.0000	  0.3716
773.5000	  0.3733
773.0000	  0.3727
772.5000	  0.3725
772.0000	  0.3731
771.5000	  0.3742
771.0000	  0.3741
770.5000	  0.3756
770.0000	  0.3752
769.5000	  0.3756
769.0000	  0.3756
768.5000	  0.3761
768.0000	  0.3763
767.5000	  0.3764
767.0000	  0.3773
766.5000	  0.3780
766.0000	  0.3784
765.5000	  0.3783
765.0000	  0.3780
764.5000	  0.3796
764.0000	  0.3791
763.5000	  0.3793
763.0000	  0.3803
762.5000	  0.3809
762.0000	  0.3808
761.5000	  0.3818
761.0000	  0.3820
760.5000	  0.3825
760.0000	  0.3822
759.5000	  0.3831
759.0000	  0.3838
758.5000	  0.3843
758.0000	  0.3847
757.5000	  0.3839
757.0000	  0.3851
756.5000	  0.3854
756.0000	  0.3854
755.5000	  0.3865
755.0000	  0.3863
754.5000	  0.3876
754.0000	  0.3874
753.5000	  0.3880
753.0000	  0.3879
752.5000	  0.3884
752.0000	  0.3888
751.5000	  0.3901
751.0000	  0.3899
750.5000	  0.3911
750.0000	  0.3910
749.5000	  0.3912
749.0000	  0.3921
748.5000	  0.3923
748.0000	  0.3928
747.5000	  0.3926
747.0000	  0.3938
746.5000	  0.3938
746.0000	  0.3944
745.5000	  0.3953
745.0000	  0.3951
744.5000	  0.3960
744.0000	  0.3963
743.5000	  0.3969
743.0000	  0.3969
742.5000	  0.3974
742.0000	  0.3989
741.5000	  0.3986
741.0000	  0.3994
740.5000	  0.3999
740.0000	  0.3998
739.5000	  0.4005
739.0000	  0.4006
738.5000	  0.4022
738.0000	  0.4022
737.5000	  0.4029
737.0000	  0.4030
736.5000	  0.4039
736.0000	  0.4045
735.5000	  0.4045
735.0000	  0.4055
734.5000	  0.4062
734.0000	  0.4069
733.5000	  0.4074
733.0000	  0.4081
732.5000	  0.4083
732.0000	  0.4084
731.5000	  0.4094
731.0000	  0.4099
730.5000	  0.4109
730.0000	  0.4116
729.5000	  0.4121
729.0000	  0.4128
728.5000	  0.4136
728.0000	  0.4131
727.5000	  0.4148
727.0000	  0.4152
726.5000	  0.4161
726.0000	  0.4164
725.5000	  0.4164
725.0000	  0.4186
724.5000	  0.4179
724.0000	  0.4190
723.5000	  0.4193
723.0000	  0.4194
722.5000	  0.4207
722.0000	  0.4206
721.5000	  0.4200
721.0000	  0.4217
720.5000	  0.4209
720.0000	  0.4223
719.5000	  0.4214
719.0000	  0.4218
718.5000	  0.4223
718.0000	  0.4218
717.5000	  0.4209
717.0000	  0.4210
716.5000	  0.4221
716.0000	  0.4215
715.5000	  0.4227
715.0000	  0.4231
714.5000	  0.4244
714.0000	  0.4247
713.5000	  0.4257
713.0000	  0.4272
712.5000	  0.4285
712.0000	  0.4283
711.5000	  0.4289
711.0000	  0.4317
710.5000	  0.4320
710.0000	  0.4333
709.5000	  0.4334
709.0000	  0.4343
708.5000	  0.4348
708.0000	  0.4359
707.5000	  0.4356
707.0000	  0.4375
706.5000	  0.4365
706.0000	  0.4385
705.5000	  0.4391
705.0000	  0.4401
704.5000	  0.4401
704.0000	  0.4413
703.5000	  0.4414
703.0000	  0.4426
702.5000	  0.4437
702.0000	  0.4442
701.5000	  0.4440
701.0000	  0.4448
700.5000	  0.4456
700.0000	  0.4468
699.5000	  0.4471
699.0000	  0.4475
698.5000	  0.4479
698.0000	  0.4488
697.5000	  0.4492
697.0000	  0.4505
696.5000	  0.4516
696.0000	  0.4517
695.5000	  0.4525
695.0000	  0.4537
694.5000	  0.4546
694.0000	  0.4545
693.5000	  0.4560
693.0000	  0.4566
692.5000	  0.4571
692.0000	  0.4584
691.5000	  0.4575
691.0000	  0.4588
690.5000	  0.4606
690.0000	  0.4608
689.5000	  0.4620
689.0000	  0.4625
688.5000	  0.4635
688.0000	  0.4647
687.5000	  0.4647
687.0000	  0.4663
686.5000	  0.4663
686.0000	  0.4677
685.5000	  0.4678
685.0000	  0.4695
684.5000	  0.4697
684.0000	  0.4700
683.5000	  0.4717
683.0000	  0.4714
682.5000	  0.4728
682.0000	  0.4735
681.5000	  0.4740
681.0000	  0.4761
680.5000	  0.4763
680.0000	  0.4769
679.5000	  0.4785
679.0000	  0.4779
678.5000	  0.4790
678.0000	  0.4806
677.5000	  0.4804
677.0000	  0.4826
676.5000	  0.4824
676.0000	  0.4831
675.5000	  0.4847
675.0000	  0.4852
674.5000	  0.4863
674.0000	  0.4867
673.5000	  0.4880
673.0000	  0.4886
672.5000	  0.4900
672.0000	  0.4912
671.5000	  0.4909
671.0000	  0.4921
670.5000	  0.4927
670.0000	  0.4934
669.5000	  0.4955
669.0000	  0.4949
668.5000	  0.4963
668.0000	  0.4970
667.5000	  0.4976
667.0000	  0.4992
666.5000	  0.4993
666.0000	  0.4998
665.5000	  0.5011
665.0000	  0.5017
664.5000	  0.5037
664.0000	  0.5038
663.5000	  0.5043
663.0000	  0.5056
662.5000	  0.5071
662.0000	  0.5077
661.5000	  0.5081
661.0000	  0.5090
660.5000	  0.5104
660.0000	  0.5111
659.5000	  0.5122
659.0000	  0.5132
658.5000	  0.5136
658.0000	  0.5147
657.5000	  0.5161
657.0000	  0.5161
656.5000	  0.5169
656.0000	  0.5178
655.5000	  0.5188
655.0000	  0.5190
654.5000	  0.5205
654.0000	  0.5221
653.5000	  0.5215
653.0000	  0.5235
652.5000	  0.5245
652.0000	  0.5257
651.5000	  0.5261
651.0000	  0.5266
650.5000	  0.5279
650.0000	  0.5291
649.5000	  0.5295
649.0000	  0.5308
648.5000	  0.5311
648.0000	  0.5326
647.5000	  0.5339
647.0000	  0.5339
646.5000	  0.5359
646.0000	  0.5359
645.5000	  0.5371
645.0000	  0.5378
644.5000	  0.5390
644.0000	  0.5401
643.5000	  0.5406
643.0000	  0.5418
642.5000	  0.5424
642.0000	  0.5437
641.5000	  0.5446
641.0000	  0.5450
640.5000	  0.5457
640.0000	  0.5464
639.5000	  0.5475
639.0000	  0.5487
638.5000	  0.5491
638.0000	  0.5498
637.5000	  0.5508
637.0000	  0.5520
636.5000	  0.5526
636.0000	  0.5537
635.5000	  0.5536
635.0000	  0.5545
634.5000	  0.5556
634.0000	  0.5560
633.5000	  0.5574
633.0000	  0.5570
632.5000	  0.5584
632.0000	  0.5590
631.5000	  0.5594
631.0000	  0.5605
630.5000	  0.5609
630.0000	  0.5624
629.5000	  0.5634
629.0000	  0.5639
628.5000	  0.5657
628.0000	  0.5656
627.5000	  0.5678
627.0000	  0.5688
626.5000	  0.5705
626.0000	  0.5713
625.5000	  0.5719
625.0000	  0.5734
624.5000	  0.5744
624.0000	  0.5755
623.5000	  0.5776
623.0000	  0.5776
622.5000	  0.5794
622.0000	  0.5818
621.5000	  0.5819
621.0000	  0.5838
620.5000	  0.5845
620.0000	  0.5854
619.5000	  0.5876
619.0000	  0.5883
618.5000	  0.5889
618.0000	  0.5895
617.5000	  0.5912
617.0000	  0.5924
616.5000	  0.5926
616.0000	  0.5941
615.5000	  0.5945
615.0000	  0.5956
614.5000	  0.5967
614.0000	  0.5970
613.5000	  0.5990
613.0000	  0.5995
612.5000	  0.6006
612.0000	  0.6009
611.5000	  0.6022
611.0000	  0.6035
610.5000	  0.6035
610.0000	  0.6050
609.5000	  0.6064
609.0000	  0.6069
608.5000	  0.6083
608.0000	  0.6083
607.5000	  0.6103
607.0000	  0.6112
606.5000	  0.6120
606.0000	  0.6136
605.5000	  0.6132
605.0000	  0.6152
604.5000	  0.6166
604.0000	  0.6169
603.5000	  0.6179
603.0000	  0.6179
602.5000	  0.6201
602.0000	  0.6212
601.5000	  0.6219
601.0000	  0.6231
600.5000	  0.6233
600.0000	  0.6242
599.5000	  0.6260
599.0000	  0.6273
598.5000	  0.6283
598.0000	  0.6285
597.5000	  0.6301
597.0000	  0.6305
596.5000	  0.6316
596.0000	  0.6335
595.5000	  0.6329
595.0000	  0.6349
594.5000	  0.6359
594.0000	  0.6372
593.5000	  0.6377
593.0000	  0.6377
592.5000	  0.6395
592.0000	  0.6395
591.5000	  0.6411
591.0000	  0.6428
590.5000	  0.6425
590.0000	  0.6450
589.5000	  0.6444
589.0000	  0.6459
588.5000	  0.6474
588.0000	  0.6470
587.5000	  0.6483
587.0000	  0.6494
586.5000	  0.6503
586.0000	  0.6522
585.5000	  0.6507
585.0000	  0.6533
584.5000	  0.6542
584.0000	  0.6552
583.5000	  0.6555
583.0000	  0.6563
582.5000	  0.6581
582.0000	  0.6589
581.5000	  0.6594
581.0000	  0.6609
580.5000	  0.6606
580.0000	  0.6620
579.5000	  0.6634
579.0000	  0.6637
578.5000	  0.6654
578.0000	  0.6643
577.5000	  0.6662
577.0000	  0.6671
576.5000	  0.6683
576.0000	  0.6692
575.5000	  0.6688
575.0000	  0.6705
574.5000	  0.6710
574.0000	  0.6724
573.5000	  0.6738
573.0000	  0.6735
572.5000	  0.6758
572.0000	  0.6763
571.5000	  0.6765
571.0000	  0.6780
570.5000	  0.6787
570.0000	  0.6790
569.5000	  0.6804
569.0000	  0.6819
568.5000	  0.6822
568.0000	  0.6823
567.5000	  0.6835
567.0000	  0.6845
566.5000	  0.6860
566.0000	  0.6867
565.5000	  0.6863
565.0000	  0.6874
564.5000	  0.6885
564.0000	  0.6899
563.5000	  0.6910
563.0000	  0.6915
562.5000	  0.6911
562.0000	  0.6933
561.5000	  0.6928
561.0000	  0.6945
560.5000	  0.6954
560.0000	  0.6957
559.5000	  0.6978
559.0000	  0.6986
558.5000	  0.6987
558.0000	  0.7001
557.5000	  0.6998
557.0000	  0.7014
556.5000	  0.7020
556.0000	  0.7025
555.5000	  0.7039
555.0000	  0.7040
554.5000	  0.7045
554.0000	  0.7062
553.5000	  0.7062
553.0000	  0.7077
552.5000	  0.7085
552.0000	  0.7083
551.5000	  0.7098
551.0000	  0.7105
550.5000	  0.7116
550.0000	  0.7117
549.5000	  0.7124
549.0000	  0.7125
548.5000	  0.7132
548.0000	  0.7159
547.5000	  0.7139
547.0000	  0.7164
546.5000	  0.7167
546.0000	  0.7169
545.5000	  0.7183
545.0000	  0.7185
544.5000	  0.7189
544.0000	  0.7198
543.5000	  0.7205
543.0000	  0.7216
542.5000	  0.7223
542.0000	  0.7226
541.5000	  0.7234
541.0000	  0.7234
540.5000	  0.7259
540.0000	  0.7250
539.5000	  0.7255
539.0000	  0.7261
538.5000	  0.7272
538.0000	  0.7284
537.5000	  0.7274
537.0000	  0.7289
536.5000	  0.7296
536.0000	  0.7303
535.5000	  0.7307
535.0000	  0.7301
534.5000	  0.7321
534.0000	  0.7331
533.5000	  0.7326
533.0000	  0.7338
532.5000	  0.7328
532.0000	  0.7343
531.5000	  0.7350
531.0000	  0.7349
530.5000	  0.7361
530.0000	  0.7357
529.5000	  0.7365
529.0000	  0.7373
528.5000	  0.7378
528.0000	  0.7385
527.5000	  0.7380
527.0000	  0.7391
526.5000	  0.7398
526.0000	  0.7397
525.5000	  0.7416
525.0000	  0.7402
524.5000	  0.7411
524.0000	  0.7418
523.5000	  0.7418
523.0000	  0.7425
522.5000	  0.7425
522.0000	  0.7425
521.5000	  0.7440
521.0000	  0.7433
520.5000	  0.7445
520.0000	  0.7444
519.5000	  0.7446
519.0000	  0.7444
518.5000	  0.7445
518.0000	  0.7448
517.5000	  0.7459
517.0000	  0.7451
516.5000	  0.7453
516.0000	  0.7458
515.5000	  0.7461
515.0000	  0.7458
514.5000	  0.7450
514.0000	  0.7459
513.5000	  0.7461
513.0000	  0.7465
512.5000	  0.7468
512.0000	  0.7456
511.5000	  0.7470
511.0000	  0.7466
510.5000	  0.7466
510.0000	  0.7481
509.5000	  0.7471
509.0000	  0.7480
508.5000	  0.7486
508.0000	  0.7481
507.5000	  0.7492
507.0000	  0.7480
506.5000	  0.7495
506.0000	  0.7501
505.5000	  0.7500
505.0000	  0.7520
504.5000	  0.7505
504.0000	  0.7517
503.5000	  0.7526
503.0000	  0.7526
502.5000	  0.7540
502.0000	  0.7536
501.5000	  0.7552
501.0000	  0.7556
500.5000	  0.7554
500.0000	  0.7573
499.5000	  0.7561
499.0000	  0.7581
498.5000	  0.7574
498.0000	  0.7577
497.5000	  0.7595
497.0000	  0.7581
496.5000	  0.7584
496.0000	  0.7589
495.5000	  0.7593
495.0000	  0.7597
494.5000	  0.7579
494.0000	  0.7603
493.5000	  0.7593
493.0000	  0.7586
492.5000	  0.7594
492.0000	  0.7576
491.5000	  0.7583
491.0000	  0.7594
490.5000	  0.7579
490.0000	  0.7586
489.5000	  0.7571
489.0000	  0.7569
488.5000	  0.7561
488.0000	  0.7564
487.5000	  0.7549
487.0000	  0.7535
486.5000	  0.7548
486.0000	  0.7540
485.5000	  0.7533
485.0000	  0.7530
484.5000	  0.7519
484.0000	  0.7510
483.5000	  0.7514
483.0000	  0.7511
482.5000	  0.7512
482.0000	  0.7491
481.5000	  0.7495
481.0000	  0.7494
480.5000	  0.7485
480.0000	  0.7496
479.5000	  0.7487
479.0000	  0.7483
478.5000	  0.7478
478.0000	  0.7474
477.5000	  0.7479
477.0000	  0.7458
476.5000	  0.7454
476.0000	  0.7461
475.5000	  0.7457
475.0000	  0.7457
474.5000	  0.7460
474.0000	  0.7444
473.5000	  0.7453
473.0000	  0.7444
472.5000	  0.7448
472.0000	  0.7449
471.5000	  0.7443
471.0000	  0.7441
470.5000	  0.7447
470.0000	  0.7443
469.5000	  0.7449
469.0000	  0.7437
468.5000	  0.7455
468.0000	  0.7450
467.5000	  0.7441
467.0000	  0.7466
466.5000	  0.7441
466.0000	  0.7450
465.5000	  0.7445
465.0000	  0.7447
464.5000	  0.7455
464.0000	  0.7466
463.5000	  0.7451
463.0000	  0.7456
462.5000	  0.7457
462.0000	  0.7468
461.5000	  0.7474
461.0000	  0.7454
460.5000	  0.7457
460.0000	  0.7457
459.5000	  0.7465
459.0000	  0.7487
458.5000	  0.7456
458.0000	  0.7465
457.5000	  0.7468
457.0000	  0.7447
456.5000	  0.7466
456.0000	  0.7439
455.5000	  0.7449
455.0000	  0.7438
454.5000	  0.7421
454.0000	  0.7412
453.5000	  0.7393
453.0000	  0.7376
452.5000	  0.7382
452.0000	  0.7348
451.5000	  0.7338
451.0000	  0.7341
450.5000	  0.7306
450.0000	  0.7287
449.5000	  0.7271
449.0000	  0.7271
448.5000	  0.7244
448.0000	  0.7233
447.5000	  0.7209
447.0000	  0.7202
446.5000	  0.7187
446.0000	  0.7173
445.5000	  0.7160
445.0000	  0.7155
444.5000	  0.7130
444.0000	  0.7118
443.5000	  0.7126
443.0000	  0.7095
442.5000	  0.7092
442.0000	  0.7091
441.5000	  0.7065
441.0000	  0.7073
440.5000	  0.7051
440.0000	  0.7049
439.5000	  0.7050
439.0000	  0.7039
438.5000	  0.7035
438.0000	  0.7020
437.5000	  0.7020
437.0000	  0.7010
436.5000	  0.7005
436.0000	  0.6995
435.5000	  0.6985
435.0000	  0.6983
434.5000	  0.6976
434.0000	  0.6968
433.5000	  0.6972
433.0000	  0.6960
432.5000	  0.6954
432.0000	  0.6958
431.5000	  0.6957
431.0000	  0.6942
430.5000	  0.6950
430.0000	  0.6939
429.5000	  0.6938
429.0000	  0.6936
428.5000	  0.6936
428.0000	  0.6936
427.5000	  0.6920
427.0000	  0.6921
426.5000	  0.6926
426.0000	  0.6909
425.5000	  0.6923
425.0000	  0.6907
424.5000	  0.6912
424.0000	  0.6918
423.5000	  0.6908
423.0000	  0.6912
422.5000	  0.6901
422.0000	  0.6911
421.5000	  0.6898
421.0000	  0.6901
420.5000	  0.6903
420.0000	  0.6910
419.5000	  0.6898
419.0000	  0.6900
418.5000	  0.6891
418.0000	  0.6901
417.5000	  0.6900
417.0000	  0.6896
416.5000	  0.6893
416.0000	  0.6883
415.5000	  0.6883
415.0000	  0.6868
414.5000	  0.6878
414.0000	  0.6877
413.5000	  0.6868
413.0000	  0.6878
412.5000	  0.6879
412.0000	  0.6870
411.5000	  0.6865
411.0000	  0.6870
410.5000	  0.6871
410.0000	  0.6866
409.5000	  0.6863
409.0000	  0.6865
408.5000	  0.6864
408.0000	  0.6871
407.5000	  0.6850
407.0000	  0.6848
406.5000	  0.6863
406.0000	  0.6854
405.5000	  0.6858
405.0000	  0.6851
404.5000	  0.6860
404.0000	  0.6856
403.5000	  0.6846
403.0000	  0.6838
402.5000	  0.6844
402.0000	  0.6838
401.5000	  0.6844
401.0000	  0.6851
400.5000	  0.6836
400.0000	  0.6843
399.5000	  0.6825
399.0000	  0.6835
398.5000	  0.6831
398.0000	  0.6834
397.5000	  0.6844
397.0000	  0.6824
396.5000	  0.6827
396.0000	  0.6832
395.5000	  0.6824
395.0000	  0.6836
394.5000	  0.6828
394.0000	  0.6818
393.5000	  0.6815
393.0000	  0.6819
392.5000	  0.6820
392.0000	  0.6817
391.5000	  0.6826
391.0000	  0.6824
390.5000	  0.6842
390.0000	  0.6839
389.5000	  0.6828
389.0000	  0.6846
388.5000	  0.6835
388.0000	  0.6839
387.5000	  0.6869
387.0000	  0.6872
386.5000	  0.6854
386.0000	  0.6867
385.5000	  0.6870
385.0000	  0.6868
384.5000	  0.6885
384.0000	  0.6868
383.5000	  0.6888
383.0000	  0.6892
382.5000	  0.6884
382.0000	  0.6892
381.5000	  0.6917
381.0000	  0.6911
380.5000	  0.6907
380.0000	  0.6901
379.5000	  0.6921
379.0000	  0.6884
378.5000	  0.6917
378.0000	  0.6925
377.5000	  0.6934
377.0000	  0.6933
376.5000	  0.6935
376.0000	  0.6934
375.5000	  0.6924
375.0000	  0.6933
374.5000	  0.6943
374.0000	  0.6924
373.5000	  0.6933
373.0000	  0.6935
372.5000	  0.6924
372.0000	  0.6964
371.5000	  0.6956
371.0000	  0.6917
370.5000	  0.6949
370.0000	  0.6953
369.5000	  0.6952
369.0000	  0.6947
368.5000	  0.6945
368.0000	  0.6946
367.5000	  0.6959
367.0000	  0.6964
366.5000	  0.6970
366.0000	  0.6945
365.5000	  0.6972
365.0000	  0.6960
364.5000	  0.6980
364.0000	  0.6961
363.5000	  0.6982
363.0000	  0.6969
362.5000	  0.6972
362.0000	  0.7000
361.5000	  0.6995
361.0000	  0.7007
360.5000	  0.6989
360.0000	  0.7012
359.5000	  0.7007
359.0000	  0.6994
358.5000	  0.7005
358.0000	  0.7015
357.5000	  0.7023
357.0000	  0.7034
356.5000	  0.7022
356.0000	  0.7043
355.5000	  0.7022
355.0000	  0.7009
354.5000	  0.7042
354.0000	  0.7031
353.5000	  0.7033
353.0000	  0.7020
352.5000	  0.7019
352.0000	  0.7051
351.5000	  0.7029
351.0000	  0.7057
350.5000	  0.7069
350.0000	  0.7046
349.5000	  0.7052
349.0000	  0.7059
348.5000	  0.7064
348.0000	  0.7049
347.5000	  0.7039
347.0000	  0.7065
346.5000	  0.7035
346.0000	  0.7073
345.5000	  0.7055
345.0000	  0.7074
344.5000	  0.7043
344.0000	  0.7063
343.5000	  0.7095
343.0000	  0.7095
342.5000	  0.7076
342.0000	  0.7042
341.5000	  0.7070
341.0000	  0.7080
340.5000	  0.7063
340.0000	  0.7115
339.5000	  0.7124
339.0000	  0.7142
338.5000	  0.7157
338.0000	  0.7142
337.5000	  0.7118
337.0000	  0.7142
336.5000	  0.7112
336.0000	  0.7150
335.5000	  0.7159
335.0000	  0.7112
334.5000	  0.7123
334.0000	  0.7152
333.5000	  0.7143
333.0000	  0.7144
332.5000	  0.7110
332.0000	  0.7106
331.5000	  0.7176
331.0000	  0.7106
330.5000	  0.7122
330.0000	  0.7114
329.5000	  0.7151
329.0000	  0.7169
328.5000	  0.7158
328.0000	  0.7174
327.5000	  0.7171
327.0000	  0.7173
326.5000	  0.7148
326.0000	  0.7090
325.5000	  0.7144
325.0000	  0.7124
324.5000	  0.7158
324.0000	  0.7163
323.5000	  0.7163
323.0000	  0.7189
322.5000	  0.7098
322.0000	  0.7168
321.5000	  0.7216
321.0000	  0.7185
320.5000	  0.7172
320.0000	  0.7137
319.5000	  0.7182
319.0000	  0.7196
318.5000	  0.7290
318.0000	  0.7236
317.5000	  0.7240
317.0000	  0.7220
316.5000	  0.7264
316.0000	  0.7196
315.5000	  0.7215
315.0000	  0.7169
314.5000	  0.7235
314.0000	  0.7241
313.5000	  0.7286
313.0000	  0.7276
312.5000	  0.7314
312.0000	  0.7234
311.5000	  0.7310
311.0000	  0.7238
310.5000	  0.7334
310.0000	  0.7182
309.5000	  0.7361
309.0000	  0.7327
308.5000	  0.7342
308.0000	  0.7202
307.5000	  0.7340
307.0000	  0.7298
306.5000	  0.7349
306.0000	  0.7340
305.5000	  0.7381
305.0000	  0.7555
304.5000	  0.7250
304.0000	  0.7359
303.5000	  0.7438
303.0000	  0.7235
302.5000	  0.7520
302.0000	  0.7404
301.5000	  0.7805
301.0000	  0.7056
300.5000	  0.7642
300.0000	  0.7696
299.5000	  0.7072
299.0000	  0.7193
298.5000	  0.6637
298.0000	  0.8925
297.5000	  0.6726
297.0000	  0.7381
296.5000	  0.7771
296.0000	  0.6901
295.5000	  0.6354
295.0000	  0.5329
294.5000	  1.5061
294.0000	  0.2967
293.5000	  0.9790
293.0000	  0.9759
292.5000	  0.5029
292.0000	  1.1929
291.5000	  1.3538
291.0000	  0.9953
290.5000	  2.1149
290.0000	  1.8361
289.5000	 -0.2430
289.0000	  0.3545
288.5000	  0.3268
288.0000	  4.2244
287.5000	  2.2534
287.0000	 -1.1984
286.5000	  0.0202
286.0000	  0.8584
285.5000	  0.6312
285.0000	  1.0505
284.5000	  0.3773
284.0000	  0.6967
283.5000	 -0.5808
283.0000	  2.0095
282.5000	 -0.1115
282.0000	 -7.5959
281.5000	  0.3133
281.0000	  0.5690
280.5000	  0.6153
280.0000	 -0.3996
279.5000	  1.7748
279.0000	  0.8969
278.5000	  0.0571
278.0000	 -0.1030
277.5000	 -0.3806
277.0000	  0.2793
276.5000	 -2.3514
276.0000	  1.4378
275.5000	 -0.4795
275.0000	  5.5117
274.5000	 -0.9340
274.0000	  0.7647
273.5000	  0.3531
273.0000	  0.2796
272.5000	  0.5011
272.0000	  1.6015
271.5000	  1.4931
271.0000	  0.6765
270.5000	  1.1451
270.0000	  0.6504
269.5000	  1.2065
269.0000	  0.4566
268.5000	  2.7748
268.0000	  1.0309
267.5000	  5.1788
267.0000	 -6.5603
266.5000	 -4.1439
266.0000	 -0.1488
265.5000	  1.1602
265.0000	  0.6636
264.5000	 -1.9348
264.0000	  0.6478
263.5000	  1.1092
263.0000	  1.4967
262.5000	  3.6421
262.0000	  0.0161
261.5000	  0.6858
261.0000	  1.1860
260.5000	  0.4559
260.0000	  0.8021
259.5000	 -0.2159
259.0000	 -2.4445
258.5000	  0.1606
258.0000	 -2.1113
257.5000	 -0.2066
257.0000	  0.6518
256.5000	  0.9330
256.0000	  0.4346
255.5000	  1.3180
255.0000	  0.4594
254.5000	  0.0973
254.0000	 -1.4062
253.5000	  1.1286
253.0000	  4.5329
252.5000	  1.3334
252.0000	 -5.0925
251.5000	  2.2819
251.0000	 -0.1204
250.5000	 -0.3902
250.0000	  0.9338
249.5000	  1.0646
249.0000	  0.2651
248.5000	  0.7951
248.0000	  0.1925
247.5000	 -1.0074
247.0000	 -2.7284
246.5000	  1.3286
246.0000	  2.1059
245.5000	 -2.6043
245.0000	  0.9060
244.5000	  1.5845
244.0000	 -0.1203
243.5000	  7.8168
243.0000	  1.5957
242.5000	  0.2009
242.0000	  9.0897
241.5000	  4.9592
241.0000	 -1.8792
240.5000	  1.6241
240.0000	  1.2855
239.5000	  0.5955
239.0000	 -0.2997
238.5000	  3.7024
238.0000	  3.4093
237.5000	 -0.0782
237.0000	  0.3253
236.5000	 -1.2992
236.0000	  0.5005
235.5000	  1.1751
235.0000	 -0.7218
234.5000	 -8.7399
234.0000	 -0.5993
233.5000	  0.8383
233.0000	 46.2159
232.5000	  0.7572
232.0000	  1.0828
231.5000	-18.0689
231.0000	  1.5732
230.5000	 -1.1016
230.0000	  1.0772
229.5000	  0.7482
229.0000	  1.3886
228.5000	 -0.4766
228.0000	  0.9170
227.5000	  0.7763
227.0000	  0.4323
226.5000	  1.8416
226.0000	  1.4338
225.5000	  0.6328
225.0000	  0.0226
224.5000	 11.7423
224.0000	 54.8659
223.5000	  0.7625
223.0000	  0.6328
222.5000	  3.8065
222.0000	 -2.0497
221.5000	  0.7891
221.0000	  0.5310
220.5000	  0.9450
220.0000	  0.8105
219.5000	 -0.1979
219.0000	  0.2104
218.5000	  0.2291
218.0000	  1.6823
217.5000	 -4.2271
217.0000	  3.8622
216.5000	 -1.1656
216.0000	  0.3746
215.5000	  0.5039
215.0000	  0.5046
214.5000	  3.2081
214.0000	  2.2387
213.5000	 -0.0455
213.0000	  2.4820
212.5000	  0.2964
212.0000	 -0.2425
211.5000	  1.4046
211.0000	 -1.7523
210.5000	  0.8687
210.0000	  4.8864
209.5000	 -0.1150
209.0000	 46.7294
208.5000	  0.1416
208.0000	 -0.8819
207.5000	  5.3810
207.0000	  0.8220
206.5000	  0.5671
206.0000	  0.4042
205.5000	 -2.0716
205.0000	 -2.0970
204.5000	  2.7565
204.0000	  1.4191
203.5000	  0.2839
203.0000	  3.3070
202.5000	 -0.3914
202.0000	 -0.5899
201.5000	-13.1803
201.0000	  3.3715
200.5000	  0.6050
200.0000	  8.4095

