30/04/2024 17.18.53
30/04/2024 17.27.51

800.0000	 30.0900

800.0000	 30.0900

900.0000	 25.3900



  1.0000
900.0000
  3.0000
340.0000
  1.0000
1401.0000
  5.0000
  6.0000
  1.0000
  1.0000
  0.0000
  0.0000
100.0000
  0.0000
  1.0000
  0.0000
500.0000
900.0000
200.0000
  4.0000
  1.0000
 18.0000
  2.0000
  1.0000
255.0000
  0.8299
  1.0000
 30.0000
  4.0000
500.0000
  0.0000
  0.0000
  4.0000
900.0000
200.0000
  0.0000
100.0000
  0.0000
  1.0000
  0.0000
500.0000
  1.0000
  1.0000
  1.0000
  1.0000
  4.0000
  0.0000
  1.0000
  1.0000
  1.0000
  1.0000
  1.0000
  2.0000
  1.0000
  1.0000
  1.0000
  3.0000
  1.0000
  1.0000
  1.0000
  4.0000
  5.0000
538.784
0.000

lambda: 800
Abs:    0.0001
ID:     C

#
900.0000	  0.2583
899.5000	  0.2645
899.0000	  0.2563
898.5000	  0.2475
898.0000	  0.2628
897.5000	  0.2631
897.0000	  0.2532
896.5000	  0.2615
896.0000	  0.2501
895.5000	  0.2481
895.0000	  0.2509
894.5000	  0.2658
894.0000	  0.2589
893.5000	  0.2521
893.0000	  0.2565
892.5000	  0.2570
892.0000	  0.2578
891.5000	  0.2492
891.0000	  0.2528
890.5000	  0.2550
890.0000	  0.2512
889.5000	  0.2495
889.0000	  0.2554
888.5000	  0.2455
888.0000	  0.2613
887.5000	  0.2548
887.0000	  0.2545
886.5000	  0.2555
886.0000	  0.2479
885.5000	  0.2534
885.0000	  0.2587
884.5000	  0.2580
884.0000	  0.2569
883.5000	  0.2506
883.0000	  0.2621
882.5000	  0.2527
882.0000	  0.2603
881.5000	  0.2520
881.0000	  0.2592
880.5000	  0.2552
880.0000	  0.2596
879.5000	  0.2562
879.0000	  0.2580
878.5000	  0.2607
878.0000	  0.2534
877.5000	  0.2534
877.0000	  0.2641
876.5000	  0.2564
876.0000	  0.2549
875.5000	  0.2615
875.0000	  0.2586
874.5000	  0.2592
874.0000	  0.2599
873.5000	  0.2590
873.0000	  0.2594
872.5000	  0.2637
872.0000	  0.2611
871.5000	  0.2599
871.0000	  0.2587
870.5000	  0.2585
870.0000	  0.2602
869.5000	  0.2603
869.0000	  0.2629
868.5000	  0.2629
868.0000	  0.2621
867.5000	  0.2632
867.0000	  0.2654
866.5000	  0.2605
866.0000	  0.2635
865.5000	  0.2591
865.0000	  0.2606
864.5000	  0.2609
864.0000	  0.2641
863.5000	  0.2623
863.0000	  0.2644
862.5000	  0.2634
862.0000	  0.2633
861.5000	  0.2648
861.0000	  0.2676
860.5000	  0.2641
860.0000	  0.2643
859.5000	  0.2666
859.0000	  0.2691
858.5000	  0.2674
858.0000	  0.2666
857.5000	  0.2677
857.0000	  0.2675
856.5000	  0.2694
856.0000	  0.2673
855.5000	  0.2682
855.0000	  0.2679
854.5000	  0.2684
854.0000	  0.2701
853.5000	  0.2682
853.0000	  0.2712
852.5000	  0.2707
852.0000	  0.2707
851.5000	  0.2702
851.0000	  0.2687
850.5000	  0.2719
850.0000	  0.2713
849.5000	  0.2730
849.0000	  0.2733
848.5000	  0.2719
848.0000	  0.2730
847.5000	  0.2732
847.0000	  0.2737
846.5000	  0.2732
846.0000	  0.2742
845.5000	  0.2742
845.0000	  0.2751
844.5000	  0.2751
844.0000	  0.2747
843.5000	  0.2754
843.0000	  0.2756
842.5000	  0.2759
842.0000	  0.2770
841.5000	  0.2757
841.0000	  0.2775
840.5000	  0.2774
840.0000	  0.2773
839.5000	  0.2776
839.0000	  0.2761
838.5000	  0.2780
838.0000	  0.2778
837.5000	  0.2783
837.0000	  0.2777
836.5000	  0.2782
836.0000	  0.2790
835.5000	  0.2792
835.0000	  0.2785
834.5000	  0.2796
834.0000	  0.2793
833.5000	  0.2798
833.0000	  0.2792
832.5000	  0.2801
832.0000	  0.2806
831.5000	  0.2807
831.0000	  0.2804
830.5000	  0.2813
830.0000	  0.2813
829.5000	  0.2801
829.0000	  0.2819
828.5000	  0.2824
828.0000	  0.2818
827.5000	  0.2828
827.0000	  0.2825
826.5000	  0.2832
826.0000	  0.2832
825.5000	  0.2828
825.0000	  0.2842
824.5000	  0.2847
824.0000	  0.2844
823.5000	  0.2839
823.0000	  0.2853
822.5000	  0.2846
822.0000	  0.2852
821.5000	  0.2854
821.0000	  0.2860
820.5000	  0.2855
820.0000	  0.2861
819.5000	  0.2864
819.0000	  0.2871
818.5000	  0.2877
818.0000	  0.2872
817.5000	  0.2884
817.0000	  0.2875
816.5000	  0.2887
816.0000	  0.2880
815.5000	  0.2897
815.0000	  0.2897
814.5000	  0.2899
814.0000	  0.2903
813.5000	  0.2903
813.0000	  0.2900
812.5000	  0.2909
812.0000	  0.2922
811.5000	  0.2916
811.0000	  0.2934
810.5000	  0.2923
810.0000	  0.2925
809.5000	  0.2936
809.0000	  0.2931
808.5000	  0.2944
808.0000	  0.2942
807.5000	  0.2951
807.0000	  0.2950
806.5000	  0.2953
806.0000	  0.2952
805.5000	  0.2962
805.0000	  0.2970
804.5000	  0.2973
804.0000	  0.2980
803.5000	  0.2981
803.0000	  0.2980
802.5000	  0.2988
802.0000	  0.2998
801.5000	  0.2989
801.0000	  0.2999
800.5000	  0.3003
800.0000	  0.3011
799.5000	  0.3012
799.0000	  0.3025
798.5000	  0.3022
798.0000	  0.3027
797.5000	  0.3032
797.0000	  0.3031
796.5000	  0.3043
796.0000	  0.3042
795.5000	  0.3048
795.0000	  0.3054
794.5000	  0.3047
794.0000	  0.3059
793.5000	  0.3057
793.0000	  0.3070
792.5000	  0.3078
792.0000	  0.3083
791.5000	  0.3081
791.0000	  0.3087
790.5000	  0.3096
790.0000	  0.3089
789.5000	  0.3108
789.0000	  0.3112
788.5000	  0.3107
788.0000	  0.3118
787.5000	  0.3120
787.0000	  0.3126
786.5000	  0.3129
786.0000	  0.3137
785.5000	  0.3136
785.0000	  0.3142
784.5000	  0.3149
784.0000	  0.3152
783.5000	  0.3157
783.0000	  0.3163
782.5000	  0.3168
782.0000	  0.3179
781.5000	  0.3178
781.0000	  0.3176
780.5000	  0.3185
780.0000	  0.3194
779.5000	  0.3191
779.0000	  0.3203
778.5000	  0.3197
778.0000	  0.3208
777.5000	  0.3217
777.0000	  0.3218
776.5000	  0.3223
776.0000	  0.3229
775.5000	  0.3235
775.0000	  0.3237
774.5000	  0.3252
774.0000	  0.3245
773.5000	  0.3253
773.0000	  0.3259
772.5000	  0.3263
772.0000	  0.3266
771.5000	  0.3275
771.0000	  0.3283
770.5000	  0.3289
770.0000	  0.3294
769.5000	  0.3294
769.0000	  0.3307
768.5000	  0.3307
768.0000	  0.3320
767.5000	  0.3321
767.0000	  0.3326
766.5000	  0.3325
766.0000	  0.3340
765.5000	  0.3345
765.0000	  0.3350
764.5000	  0.3352
764.0000	  0.3357
763.5000	  0.3362
763.0000	  0.3371
762.5000	  0.3375
762.0000	  0.3384
761.5000	  0.3387
761.0000	  0.3388
760.5000	  0.3400
760.0000	  0.3403
759.5000	  0.3410
759.0000	  0.3413
758.5000	  0.3420
758.0000	  0.3430
757.5000	  0.3431
757.0000	  0.3434
756.5000	  0.3445
756.0000	  0.3455
755.5000	  0.3459
755.0000	  0.3463
754.5000	  0.3463
754.0000	  0.3479
753.5000	  0.3481
753.0000	  0.3482
752.5000	  0.3490
752.0000	  0.3502
751.5000	  0.3505
751.0000	  0.3509
750.5000	  0.3513
750.0000	  0.3519
749.5000	  0.3527
749.0000	  0.3537
748.5000	  0.3536
748.0000	  0.3549
747.5000	  0.3560
747.0000	  0.3562
746.5000	  0.3561
746.0000	  0.3573
745.5000	  0.3581
745.0000	  0.3590
744.5000	  0.3591
744.0000	  0.3595
743.5000	  0.3605
743.0000	  0.3617
742.5000	  0.3622
742.0000	  0.3631
741.5000	  0.3630
741.0000	  0.3636
740.5000	  0.3643
740.0000	  0.3649
739.5000	  0.3652
739.0000	  0.3667
738.5000	  0.3671
738.0000	  0.3677
737.5000	  0.3690
737.0000	  0.3693
736.5000	  0.3696
736.0000	  0.3700
735.5000	  0.3714
735.0000	  0.3709
734.5000	  0.3731
734.0000	  0.3735
733.5000	  0.3739
733.0000	  0.3751
732.5000	  0.3755
732.0000	  0.3766
731.5000	  0.3775
731.0000	  0.3781
730.5000	  0.3790
730.0000	  0.3798
729.5000	  0.3805
729.0000	  0.3812
728.5000	  0.3830
728.0000	  0.3832
727.5000	  0.3845
727.0000	  0.3852
726.5000	  0.3856
726.0000	  0.3869
725.5000	  0.3879
725.0000	  0.3881
724.5000	  0.3895
724.0000	  0.3915
723.5000	  0.3906
723.0000	  0.3931
722.5000	  0.3927
722.0000	  0.3946
721.5000	  0.3951
721.0000	  0.3945
720.5000	  0.3957
720.0000	  0.3973
719.5000	  0.3980
719.0000	  0.3977
718.5000	  0.3983
718.0000	  0.3982
717.5000	  0.3992
717.0000	  0.3992
716.5000	  0.4000
716.0000	  0.4003
715.5000	  0.4008
715.0000	  0.4026
714.5000	  0.4028
714.0000	  0.4032
713.5000	  0.4040
713.0000	  0.4049
712.5000	  0.4051
712.0000	  0.4060
711.5000	  0.4061
711.0000	  0.4076
710.5000	  0.4082
710.0000	  0.4084
709.5000	  0.4093
709.0000	  0.4103
708.5000	  0.4106
708.0000	  0.4118
707.5000	  0.4120
707.0000	  0.4127
706.5000	  0.4143
706.0000	  0.4142
705.5000	  0.4152
705.0000	  0.4155
704.5000	  0.4176
704.0000	  0.4174
703.5000	  0.4187
703.0000	  0.4190
702.5000	  0.4201
702.0000	  0.4211
701.5000	  0.4221
701.0000	  0.4231
700.5000	  0.4236
700.0000	  0.4241
699.5000	  0.4248
699.0000	  0.4269
698.5000	  0.4265
698.0000	  0.4274
697.5000	  0.4280
697.0000	  0.4293
696.5000	  0.4301
696.0000	  0.4311
695.5000	  0.4314
695.0000	  0.4335
694.5000	  0.4334
694.0000	  0.4347
693.5000	  0.4347
693.0000	  0.4354
692.5000	  0.4372
692.0000	  0.4379
691.5000	  0.4385
691.0000	  0.4389
690.5000	  0.4397
690.0000	  0.4405
689.5000	  0.4421
689.0000	  0.4429
688.5000	  0.4435
688.0000	  0.4443
687.5000	  0.4456
687.0000	  0.4465
686.5000	  0.4466
686.0000	  0.4480
685.5000	  0.4490
685.0000	  0.4496
684.5000	  0.4504
684.0000	  0.4514
683.5000	  0.4521
683.0000	  0.4534
682.5000	  0.4542
682.0000	  0.4550
681.5000	  0.4560
681.0000	  0.4572
680.5000	  0.4576
680.0000	  0.4590
679.5000	  0.4594
679.0000	  0.4605
678.5000	  0.4610
678.0000	  0.4616
677.5000	  0.4630
677.0000	  0.4639
676.5000	  0.4653
676.0000	  0.4659
675.5000	  0.4666
675.0000	  0.4680
674.5000	  0.4680
674.0000	  0.4695
673.5000	  0.4699
673.0000	  0.4721
672.5000	  0.4722
672.0000	  0.4729
671.5000	  0.4743
671.0000	  0.4745
670.5000	  0.4765
670.0000	  0.4767
669.5000	  0.4780
669.0000	  0.4787
668.5000	  0.4797
668.0000	  0.4808
667.5000	  0.4812
667.0000	  0.4817
666.5000	  0.4838
666.0000	  0.4841
665.5000	  0.4853
665.0000	  0.4856
664.5000	  0.4865
664.0000	  0.4882
663.5000	  0.4893
663.0000	  0.4893
662.5000	  0.4898
662.0000	  0.4913
661.5000	  0.4917
661.0000	  0.4926
660.5000	  0.4933
660.0000	  0.4945
659.5000	  0.4953
659.0000	  0.4960
658.5000	  0.4976
658.0000	  0.4972
657.5000	  0.4986
657.0000	  0.5001
656.5000	  0.5002
656.0000	  0.5021
655.5000	  0.5028
655.0000	  0.5033
654.5000	  0.5044
654.0000	  0.5062
653.5000	  0.5055
653.0000	  0.5069
652.5000	  0.5077
652.0000	  0.5094
651.5000	  0.5104
651.0000	  0.5107
650.5000	  0.5111
650.0000	  0.5127
649.5000	  0.5135
649.0000	  0.5143
648.5000	  0.5142
648.0000	  0.5164
647.5000	  0.5174
647.0000	  0.5178
646.5000	  0.5193
646.0000	  0.5190
645.5000	  0.5211
645.0000	  0.5213
644.5000	  0.5229
644.0000	  0.5231
643.5000	  0.5242
643.0000	  0.5248
642.5000	  0.5263
642.0000	  0.5267
641.5000	  0.5272
641.0000	  0.5283
640.5000	  0.5295
640.0000	  0.5294
639.5000	  0.5307
639.0000	  0.5306
638.5000	  0.5328
638.0000	  0.5330
637.5000	  0.5335
637.0000	  0.5349
636.5000	  0.5347
636.0000	  0.5360
635.5000	  0.5367
635.0000	  0.5376
634.5000	  0.5377
634.0000	  0.5387
633.5000	  0.5392
633.0000	  0.5398
632.5000	  0.5407
632.0000	  0.5409
631.5000	  0.5424
631.0000	  0.5429
630.5000	  0.5445
630.0000	  0.5456
629.5000	  0.5457
629.0000	  0.5478
628.5000	  0.5490
628.0000	  0.5502
627.5000	  0.5511
627.0000	  0.5526
626.5000	  0.5544
626.0000	  0.5561
625.5000	  0.5581
625.0000	  0.5586
624.5000	  0.5608
624.0000	  0.5617
623.5000	  0.5636
623.0000	  0.5656
622.5000	  0.5660
622.0000	  0.5681
621.5000	  0.5688
621.0000	  0.5710
620.5000	  0.5721
620.0000	  0.5731
619.5000	  0.5748
619.0000	  0.5755
618.5000	  0.5766
618.0000	  0.5777
617.5000	  0.5783
617.0000	  0.5792
616.5000	  0.5792
616.0000	  0.5810
615.5000	  0.5807
615.0000	  0.5817
614.5000	  0.5829
614.0000	  0.5844
613.5000	  0.5849
613.0000	  0.5855
612.5000	  0.5871
612.0000	  0.5874
611.5000	  0.5890
611.0000	  0.5881
610.5000	  0.5904
610.0000	  0.5914
609.5000	  0.5919
609.0000	  0.5937
608.5000	  0.5937
608.0000	  0.5950
607.5000	  0.5952
607.0000	  0.5963
606.5000	  0.5969
606.0000	  0.5985
605.5000	  0.5987
605.0000	  0.6004
604.5000	  0.6009
604.0000	  0.6020
603.5000	  0.6028
603.0000	  0.6042
602.5000	  0.6048
602.0000	  0.6055
601.5000	  0.6055
601.0000	  0.6078
600.5000	  0.6083
600.0000	  0.6093
599.5000	  0.6098
599.0000	  0.6119
598.5000	  0.6122
598.0000	  0.6121
597.5000	  0.6146
597.0000	  0.6135
596.5000	  0.6156
596.0000	  0.6161
595.5000	  0.6169
595.0000	  0.6184
594.5000	  0.6183
594.0000	  0.6200
593.5000	  0.6202
593.0000	  0.6214
592.5000	  0.6213
592.0000	  0.6235
591.5000	  0.6243
591.0000	  0.6254
590.5000	  0.6261
590.0000	  0.6262
589.5000	  0.6271
589.0000	  0.6280
588.5000	  0.6295
588.0000	  0.6303
587.5000	  0.6304
587.0000	  0.6319
586.5000	  0.6325
586.0000	  0.6340
585.5000	  0.6336
585.0000	  0.6342
584.5000	  0.6360
584.0000	  0.6364
583.5000	  0.6373
583.0000	  0.6376
582.5000	  0.6396
582.0000	  0.6395
581.5000	  0.6403
581.0000	  0.6411
580.5000	  0.6423
580.0000	  0.6428
579.5000	  0.6435
579.0000	  0.6447
578.5000	  0.6445
578.0000	  0.6458
577.5000	  0.6468
577.0000	  0.6470
576.5000	  0.6484
576.0000	  0.6483
575.5000	  0.6504
575.0000	  0.6507
574.5000	  0.6509
574.0000	  0.6519
573.5000	  0.6526
573.0000	  0.6534
572.5000	  0.6538
572.0000	  0.6558
571.5000	  0.6552
571.0000	  0.6567
570.5000	  0.6569
570.0000	  0.6576
569.5000	  0.6594
569.0000	  0.6584
568.5000	  0.6596
568.0000	  0.6606
567.5000	  0.6613
567.0000	  0.6625
566.5000	  0.6621
566.0000	  0.6636
565.5000	  0.6630
565.0000	  0.6663
564.5000	  0.6653
564.0000	  0.6668
563.5000	  0.6677
563.0000	  0.6672
562.5000	  0.6697
562.0000	  0.6680
561.5000	  0.6695
561.0000	  0.6707
560.5000	  0.6711
560.0000	  0.6728
559.5000	  0.6717
559.0000	  0.6732
558.5000	  0.6746
558.0000	  0.6756
557.5000	  0.6754
557.0000	  0.6757
556.5000	  0.6769
556.0000	  0.6768
555.5000	  0.6792
555.0000	  0.6784
554.5000	  0.6794
554.0000	  0.6799
553.5000	  0.6800
553.0000	  0.6813
552.5000	  0.6807
552.0000	  0.6822
551.5000	  0.6829
551.0000	  0.6838
550.5000	  0.6841
550.0000	  0.6840
549.5000	  0.6850
549.0000	  0.6848
548.5000	  0.6865
548.0000	  0.6864
547.5000	  0.6871
547.0000	  0.6879
546.5000	  0.6884
546.0000	  0.6900
545.5000	  0.6893
545.0000	  0.6895
544.5000	  0.6898
544.0000	  0.6907
543.5000	  0.6908
543.0000	  0.6911
542.5000	  0.6922
542.0000	  0.6927
541.5000	  0.6941
541.0000	  0.6928
540.5000	  0.6937
540.0000	  0.6948
539.5000	  0.6952
539.0000	  0.6961
538.5000	  0.6956
538.0000	  0.6968
537.5000	  0.6970
537.0000	  0.6972
536.5000	  0.6980
536.0000	  0.6976
535.5000	  0.6985
535.0000	  0.6984
534.5000	  0.6988
534.0000	  0.6981
533.5000	  0.7001
533.0000	  0.6999
532.5000	  0.7003
532.0000	  0.7021
531.5000	  0.7002
531.0000	  0.7014
530.5000	  0.7019
530.0000	  0.7012
529.5000	  0.7024
529.0000	  0.7023
528.5000	  0.7024
528.0000	  0.7023
527.5000	  0.7027
527.0000	  0.7036
526.5000	  0.7035
526.0000	  0.7037
525.5000	  0.7035
525.0000	  0.7049
524.5000	  0.7035
524.0000	  0.7043
523.5000	  0.7053
523.0000	  0.7047
522.5000	  0.7055
522.0000	  0.7040
521.5000	  0.7047
521.0000	  0.7057
520.5000	  0.7053
520.0000	  0.7051
519.5000	  0.7048
519.0000	  0.7052
518.5000	  0.7051
518.0000	  0.7058
517.5000	  0.7041
517.0000	  0.7047
516.5000	  0.7049
516.0000	  0.7045
515.5000	  0.7051
515.0000	  0.7033
514.5000	  0.7047
514.0000	  0.7040
513.5000	  0.7047
513.0000	  0.7039
512.5000	  0.7026
512.0000	  0.7035
511.5000	  0.7022
511.0000	  0.7038
510.5000	  0.7025
510.0000	  0.7031
509.5000	  0.7027
509.0000	  0.7026
508.5000	  0.7037
508.0000	  0.7022
507.5000	  0.7036
507.0000	  0.7030
506.5000	  0.7038
506.0000	  0.7032
505.5000	  0.7029
505.0000	  0.7039
504.5000	  0.7035
504.0000	  0.7049
503.5000	  0.7048
503.0000	  0.7046
502.5000	  0.7065
502.0000	  0.7056
501.5000	  0.7068
501.0000	  0.7060
500.5000	  0.7062
500.0000	  0.7068
499.5000	  0.7070
499.0000	  0.7061
498.5000	  0.7062
498.0000	  0.7067
497.5000	  0.7061
497.0000	  0.7074
496.5000	  0.7052
496.0000	  0.7065
495.5000	  0.7064
495.0000	  0.7055
494.5000	  0.7059
494.0000	  0.7050
493.5000	  0.7046
493.0000	  0.7040
492.5000	  0.7044
492.0000	  0.7025
491.5000	  0.7026
491.0000	  0.7027
490.5000	  0.7018
490.0000	  0.7021
489.5000	  0.6991
489.0000	  0.6999
488.5000	  0.6982
488.0000	  0.6974
487.5000	  0.6972
487.0000	  0.6955
486.5000	  0.6952
486.0000	  0.6938
485.5000	  0.6936
485.0000	  0.6918
484.5000	  0.6913
484.0000	  0.6912
483.5000	  0.6898
483.0000	  0.6898
482.5000	  0.6880
482.0000	  0.6877
481.5000	  0.6875
481.0000	  0.6868
480.5000	  0.6851
480.0000	  0.6837
479.5000	  0.6841
479.0000	  0.6838
478.5000	  0.6829
478.0000	  0.6816
477.5000	  0.6812
477.0000	  0.6812
476.5000	  0.6796
476.0000	  0.6793
475.5000	  0.6789
475.0000	  0.6790
474.5000	  0.6769
474.0000	  0.6774
473.5000	  0.6760
473.0000	  0.6766
472.5000	  0.6759
472.0000	  0.6757
471.5000	  0.6747
471.0000	  0.6751
470.5000	  0.6750
470.0000	  0.6732
469.5000	  0.6736
469.0000	  0.6718
468.5000	  0.6720
468.0000	  0.6721
467.5000	  0.6714
467.0000	  0.6722
466.5000	  0.6706
466.0000	  0.6712
465.5000	  0.6715
465.0000	  0.6713
464.5000	  0.6706
464.0000	  0.6708
463.5000	  0.6703
463.0000	  0.6705
462.5000	  0.6705
462.0000	  0.6701
461.5000	  0.6702
461.0000	  0.6689
460.5000	  0.6691
460.0000	  0.6681
459.5000	  0.6683
459.0000	  0.6679
458.5000	  0.6689
458.0000	  0.6691
457.5000	  0.6666
457.0000	  0.6664
456.5000	  0.6670
456.0000	  0.6657
455.5000	  0.6642
455.0000	  0.6635
454.5000	  0.6628
454.0000	  0.6606
453.5000	  0.6601
453.0000	  0.6576
452.5000	  0.6569
452.0000	  0.6545
451.5000	  0.6543
451.0000	  0.6513
450.5000	  0.6515
450.0000	  0.6499
449.5000	  0.6472
449.0000	  0.6462
448.5000	  0.6430
448.0000	  0.6421
447.5000	  0.6403
447.0000	  0.6393
446.5000	  0.6368
446.0000	  0.6346
445.5000	  0.6346
445.0000	  0.6324
444.5000	  0.6308
444.0000	  0.6304
443.5000	  0.6298
443.0000	  0.6282
442.5000	  0.6276
442.0000	  0.6265
441.5000	  0.6254
441.0000	  0.6241
440.5000	  0.6233
440.0000	  0.6232
439.5000	  0.6211
439.0000	  0.6211
438.5000	  0.6196
438.0000	  0.6193
437.5000	  0.6174
437.0000	  0.6175
436.5000	  0.6170
436.0000	  0.6159
435.5000	  0.6158
435.0000	  0.6145
434.5000	  0.6140
434.0000	  0.6123
433.5000	  0.6131
433.0000	  0.6113
432.5000	  0.6114
432.0000	  0.6105
431.5000	  0.6097
431.0000	  0.6098
430.5000	  0.6085
430.0000	  0.6082
429.5000	  0.6093
429.0000	  0.6088
428.5000	  0.6070
428.0000	  0.6062
427.5000	  0.6062
427.0000	  0.6057
426.5000	  0.6059
426.0000	  0.6042
425.5000	  0.6047
425.0000	  0.6045
424.5000	  0.6044
424.0000	  0.6038
423.5000	  0.6033
423.0000	  0.6044
422.5000	  0.6032
422.0000	  0.6043
421.5000	  0.6022
421.0000	  0.6037
420.5000	  0.6021
420.0000	  0.6033
419.5000	  0.6012
419.0000	  0.6016
418.5000	  0.6002
418.0000	  0.6017
417.5000	  0.6016
417.0000	  0.5995
416.5000	  0.6003
416.0000	  0.5997
415.5000	  0.6002
415.0000	  0.5991
414.5000	  0.5980
414.0000	  0.5998
413.5000	  0.5979
413.0000	  0.5989
412.5000	  0.5974
412.0000	  0.5976
411.5000	  0.5978
411.0000	  0.5967
410.5000	  0.5985
410.0000	  0.5963
409.5000	  0.5973
409.0000	  0.5970
408.5000	  0.5967
408.0000	  0.5942
407.5000	  0.5941
407.0000	  0.5937
406.5000	  0.5946
406.0000	  0.5945
405.5000	  0.5935
405.0000	  0.5949
404.5000	  0.5944
404.0000	  0.5933
403.5000	  0.5934
403.0000	  0.5936
402.5000	  0.5925
402.0000	  0.5924
401.5000	  0.5931
401.0000	  0.5915
400.5000	  0.5914
400.0000	  0.5915
399.5000	  0.5917
399.0000	  0.5914
398.5000	  0.5899
398.0000	  0.5897
397.5000	  0.5895
397.0000	  0.5904
396.5000	  0.5906
396.0000	  0.5893
395.5000	  0.5897
395.0000	  0.5907
394.5000	  0.5900
394.0000	  0.5896
393.5000	  0.5908
393.0000	  0.5904
392.5000	  0.5895
392.0000	  0.5881
391.5000	  0.5898
391.0000	  0.5898
390.5000	  0.5890
390.0000	  0.5900
389.5000	  0.5900
389.0000	  0.5901
388.5000	  0.5911
388.0000	  0.5919
387.5000	  0.5912
387.0000	  0.5900
386.5000	  0.5908
386.0000	  0.5934
385.5000	  0.5925
385.0000	  0.5919
384.5000	  0.5916
384.0000	  0.5940
383.5000	  0.5938
383.0000	  0.5951
382.5000	  0.5955
382.0000	  0.5937
381.5000	  0.5942
381.0000	  0.5929
380.5000	  0.5942
380.0000	  0.5954
379.5000	  0.5952
379.0000	  0.5953
378.5000	  0.5945
378.0000	  0.5955
377.5000	  0.5961
377.0000	  0.5974
376.5000	  0.5958
376.0000	  0.5962
375.5000	  0.5966
375.0000	  0.5954
374.5000	  0.5966
374.0000	  0.5954
373.5000	  0.5978
373.0000	  0.5973
372.5000	  0.5978
372.0000	  0.5976
371.5000	  0.5971
371.0000	  0.5988
370.5000	  0.5969
370.0000	  0.5978
369.5000	  0.5990
369.0000	  0.5970
368.5000	  0.5992
368.0000	  0.5989
367.5000	  0.5979
367.0000	  0.5982
366.5000	  0.5992
366.0000	  0.5986
365.5000	  0.5977
365.0000	  0.5985
364.5000	  0.6024
364.0000	  0.6000
363.5000	  0.5994
363.0000	  0.5975
362.5000	  0.6001
362.0000	  0.5982
361.5000	  0.5976
361.0000	  0.5983
360.5000	  0.6008
360.0000	  0.6008
359.5000	  0.6019
359.0000	  0.6005
358.5000	  0.6015
358.0000	  0.5992
357.5000	  0.6020
357.0000	  0.6026
356.5000	  0.6038
356.0000	  0.6016
355.5000	  0.6042
355.0000	  0.6032
354.5000	  0.6017
354.0000	  0.6020
353.5000	  0.6009
353.0000	  0.6009
352.5000	  0.6036
352.0000	  0.6049
351.5000	  0.6036
351.0000	  0.6028
350.5000	  0.6046
350.0000	  0.6019
349.5000	  0.6013
349.0000	  0.6037
348.5000	  0.6059
348.0000	  0.6043
347.5000	  0.6030
347.0000	  0.6015
346.5000	  0.6030
346.0000	  0.6033
345.5000	  0.6012
345.0000	  0.6033
344.5000	  0.6044
344.0000	  0.6024
343.5000	  0.6048
343.0000	  0.6049
342.5000	  0.6016
342.0000	  0.6065
341.5000	  0.6039
341.0000	  0.6021
340.5000	  0.6048
340.0000	  0.5988
339.5000	  0.6038
339.0000	  0.6109
338.5000	  0.6114
338.0000	  0.6047
337.5000	  0.6052
337.0000	  0.6108
336.5000	  0.6079
336.0000	  0.6066
335.5000	  0.6076
335.0000	  0.6083
334.5000	  0.6087
334.0000	  0.6063
333.5000	  0.6111
333.0000	  0.6042
332.5000	  0.6034
332.0000	  0.6088
331.5000	  0.6035
331.0000	  0.6040
330.5000	  0.6038
330.0000	  0.6067
329.5000	  0.6024
329.0000	  0.6080
328.5000	  0.6074
328.0000	  0.6092
327.5000	  0.6050
327.0000	  0.6072
326.5000	  0.6064
326.0000	  0.6059
325.5000	  0.6049
325.0000	  0.6077
324.5000	  0.6001
324.0000	  0.6043
323.5000	  0.6070
323.0000	  0.6033
322.5000	  0.5992
322.0000	  0.6118
321.5000	  0.5973
321.0000	  0.6023
320.5000	  0.6101
320.0000	  0.6053
319.5000	  0.6053
319.0000	  0.6058
318.5000	  0.5983
318.0000	  0.6069
317.5000	  0.6043
317.0000	  0.6047
316.5000	  0.6019
316.0000	  0.5970
315.5000	  0.6080
315.0000	  0.6191
314.5000	  0.6096
314.0000	  0.6076
313.5000	  0.6046
313.0000	  0.6022
312.5000	  0.6040
312.0000	  0.6101
311.5000	  0.5984
311.0000	  0.6091
310.5000	  0.6029
310.0000	  0.6076
309.5000	  0.6077
309.0000	  0.6137
308.5000	  0.6118
308.0000	  0.5931
307.5000	  0.5889
307.0000	  0.6002
306.5000	  0.6116
306.0000	  0.6034
305.5000	  0.6060
305.0000	  0.6031
304.5000	  0.6067
304.0000	  0.6077
303.5000	  0.6048
303.0000	  0.6019
302.5000	  0.5987
302.0000	  0.5639
301.5000	  0.5964
301.0000	  0.5920
300.5000	  0.5855
300.0000	  0.5640
299.5000	  0.6440
299.0000	  0.5181
298.5000	  0.6033
298.0000	  0.6041
297.5000	  0.5419
297.0000	  0.6013
296.5000	  0.7410
296.0000	  0.7381
295.5000	  0.6368
295.0000	  0.3966
294.5000	  0.7257
294.0000	  0.4373
293.5000	  0.6289
293.0000	  0.3413
292.5000	  1.0107
292.0000	  1.1462
291.5000	  1.8183
291.0000	  1.1079
290.5000	 -1.0554
290.0000	  0.6219
289.5000	  0.0913
289.0000	  2.1783
288.5000	  0.4901
288.0000	  0.9855
287.5000	  0.8317
287.0000	  3.7298
286.5000	  0.6048
286.0000	  1.7287
285.5000	  2.0295
285.0000	 -7.0207
284.5000	  1.2440
284.0000	 -2.5073
283.5000	 -0.2074
283.0000	  1.2401
282.5000	  1.2000
282.0000	 -0.4369
281.5000	 -2.3656
281.0000	  0.8423
280.5000	 -1.1698
280.0000	  4.1964
279.5000	 -0.0285
279.0000	  1.0444
278.5000	  0.4933
278.0000	  1.0064
277.5000	  0.6076
277.0000	  1.7983
276.5000	  1.5656
276.0000	  1.3741
275.5000	 -9.7713
275.0000	  1.1701
274.5000	  0.4242
274.0000	  0.1938
273.5000	 -0.2808
273.0000	  4.7519
272.5000	 -0.5708
272.0000	-37.7575
271.5000	  0.7880
271.0000	 24.8234
270.5000	 67.4811
270.0000	  0.8263
269.5000	  0.8977
269.0000	  0.6106
268.5000	  0.8728
268.0000	  0.3558
267.5000	  0.6025
267.0000	  0.2748
266.5000	  0.8736
266.0000	  3.0904
265.5000	  0.7957
265.0000	  0.5701
264.5000	-14.8312
264.0000	 -0.4164
263.5000	  1.2404
263.0000	  1.5546
262.5000	  1.1362
262.0000	-49.7073
261.5000	  1.3536
261.0000	  0.9894
260.5000	  0.7284
260.0000	-10.2429
259.5000	-11.9299
259.0000	  0.2930
258.5000	  0.8475
258.0000	 -1.1132
257.5000	 -0.5955
257.0000	 38.8619
256.5000	  1.0870
256.0000	  0.9235
255.5000	 -4.5294
255.0000	  1.0350
254.5000	  0.5289
254.0000	 -0.1723
253.5000	  1.5493
253.0000	  0.4967
252.5000	  0.9664
252.0000	  0.1812
251.5000	  0.3591
251.0000	 -0.9682
250.5000	  0.6252
250.0000	  2.2306
249.5000	 13.7071
249.0000	  0.0460
248.5000	  2.2302
248.0000	  0.8083
247.5000	  0.5052
247.0000	  0.8335
246.5000	  0.3744
246.0000	  0.2809
245.5000	 -0.2951
245.0000	 -0.0596
244.5000	 -0.9361
244.0000	  0.2399
243.5000	 -3.6394
243.0000	  0.2279
242.5000	  3.4154
242.0000	  1.6010
241.5000	  0.0861
241.0000	-72.3013
240.5000	  2.3357
240.0000	  0.8203
239.5000	  2.0022
239.0000	  4.8418
238.5000	  3.9364
238.0000	  0.6918
237.5000	  0.3912
237.0000	-25.1961
236.5000	  1.9878
236.0000	  3.1212
235.5000	  0.6712
235.0000	 -0.0645
234.5000	 -1.3646
234.0000	  3.7198
233.5000	  0.2951
233.0000	  0.2168
232.5000	 -0.1376
232.0000	 -2.6283
231.5000	  0.1012
231.0000	  9.3724
230.5000	  0.7756
230.0000	  4.3099
229.5000	 -0.3433
229.0000	  1.6858
228.5000	  1.3283
228.0000	  4.6382
227.5000	  2.0569
227.0000	-24.0002
226.5000	  0.6652
226.0000	  1.5226
225.5000	 -0.4588
225.0000	 -0.2612
224.5000	  8.2160
224.0000	  5.8775
223.5000	  0.4221
223.0000	  1.5195
222.5000	  0.2391
222.0000	  9.4839
221.5000	  1.0077
221.0000	 10.3150
220.5000	 -0.9460
220.0000	  0.8790
219.5000	 -5.3291
219.0000	  0.7545
218.5000	  1.4399
218.0000	  0.5132
217.5000	  4.1745
217.0000	  0.0891
216.5000	  0.7380
216.0000	  0.1004
215.5000	  4.7237
215.0000	  0.0738
214.5000	 -1.2642
214.0000	  1.2766
213.5000	 -0.1280
213.0000	-39.1799
212.5000	  0.7990
212.0000	 -3.5751
211.5000	  1.9324
211.0000	  2.2237
210.5000	  0.0882
210.0000	  0.6312
209.5000	 -0.2471
209.0000	  0.8607
208.5000	  0.8815
208.0000	  0.2851
207.5000	 -0.0047
207.0000	 -1.4190
206.5000	 -2.8387
206.0000	 -0.4322
205.5000	  2.3504
205.0000	  0.9468
204.5000	 -0.2663
204.0000	  0.8146
203.5000	  4.5631
203.0000	 -0.1428
202.5000	  3.4406
202.0000	 -0.7543
201.5000	  0.5084
201.0000	  1.0323
200.5000	 -1.2774
200.0000	 -0.2249
