30/04/2024 17.02.06
30/04/2024 17.11.05

800.0000	 22.7800

800.0000	 22.7800

900.0000	 17.8300



  1.0000
900.0000
  3.0000
340.0000
  1.0000
1401.0000
  5.0000
  6.0000
  1.0000
  1.0000
  0.0000
  0.0000
100.0000
  0.0000
  1.0000
  0.0000
500.0000
900.0000
200.0000
  4.0000
  1.0000
 18.0000
  2.0000
  1.0000
255.0000
  0.8278
  1.0000
 30.0000
  4.0000
500.0000
  0.0000
  0.0000
  4.0000
900.0000
200.0000
  0.0000
100.0000
  0.0000
  1.0000
  0.0000
500.0000
  1.0000
  1.0000
  1.0000
  1.0000
  4.0000
  0.0000
  1.0000
  1.0000
  1.0000
  1.0000
  1.0000
  2.0000
  1.0000
  1.0000
  1.0000
  3.0000
  1.0000
  1.0000
  1.0000
  4.0000
  5.0000
538.842
0.000


ID: 7
lambda: 800
Abs:    0.0002
#
900.0000	  0.1892
899.5000	  0.2072
899.0000	  0.1690
898.5000	  0.1780
898.0000	  0.1850
897.5000	  0.1794
897.0000	  0.1901
896.5000	  0.1879
896.0000	  0.1731
895.5000	  0.1997
895.0000	  0.1835
894.5000	  0.1796
894.0000	  0.1791
893.5000	  0.1794
893.0000	  0.1817
892.5000	  0.1833
892.0000	  0.1833
891.5000	  0.1788
891.0000	  0.1884
890.5000	  0.1833
890.0000	  0.1805
889.5000	  0.1827
889.0000	  0.1842
888.5000	  0.1888
888.0000	  0.1884
887.5000	  0.1793
887.0000	  0.1754
886.5000	  0.1783
886.0000	  0.1879
885.5000	  0.1846
885.0000	  0.1807
884.5000	  0.1815
884.0000	  0.1927
883.5000	  0.1835
883.0000	  0.1778
882.5000	  0.1825
882.0000	  0.1782
881.5000	  0.1869
881.0000	  0.1903
880.5000	  0.1852
880.0000	  0.1814
879.5000	  0.1854
879.0000	  0.1771
878.5000	  0.1873
878.0000	  0.1856
877.5000	  0.1852
877.0000	  0.1849
876.5000	  0.1852
876.0000	  0.1845
875.5000	  0.1890
875.0000	  0.1857
874.5000	  0.1867
874.0000	  0.1878
873.5000	  0.1850
873.0000	  0.1844
872.5000	  0.1865
872.0000	  0.1835
871.5000	  0.1890
871.0000	  0.1909
870.5000	  0.1875
870.0000	  0.1873
869.5000	  0.1877
869.0000	  0.1854
868.5000	  0.1879
868.0000	  0.1890
867.5000	  0.1888
867.0000	  0.1878
866.5000	  0.1881
866.0000	  0.1874
865.5000	  0.1869
865.0000	  0.1879
864.5000	  0.1900
864.0000	  0.1911
863.5000	  0.1881
863.0000	  0.1898
862.5000	  0.1915
862.0000	  0.1898
861.5000	  0.1925
861.0000	  0.1893
860.5000	  0.1906
860.0000	  0.1905
859.5000	  0.1925
859.0000	  0.1929
858.5000	  0.1917
858.0000	  0.1928
857.5000	  0.1941
857.0000	  0.1926
856.5000	  0.1943
856.0000	  0.1935
855.5000	  0.1933
855.0000	  0.1946
854.5000	  0.1939
854.0000	  0.1951
853.5000	  0.1958
853.0000	  0.1944
852.5000	  0.1967
852.0000	  0.1974
851.5000	  0.1973
851.0000	  0.1958
850.5000	  0.1974
850.0000	  0.1965
849.5000	  0.1985
849.0000	  0.1976
848.5000	  0.1979
848.0000	  0.1985
847.5000	  0.1981
847.0000	  0.1991
846.5000	  0.1994
846.0000	  0.1997
845.5000	  0.2001
845.0000	  0.1999
844.5000	  0.2005
844.0000	  0.2007
843.5000	  0.2008
843.0000	  0.2011
842.5000	  0.2011
842.0000	  0.2019
841.5000	  0.2010
841.0000	  0.2029
840.5000	  0.2019
840.0000	  0.2026
839.5000	  0.2031
839.0000	  0.2026
838.5000	  0.2033
838.0000	  0.2033
837.5000	  0.2035
837.0000	  0.2038
836.5000	  0.2041
836.0000	  0.2042
835.5000	  0.2050
835.0000	  0.2047
834.5000	  0.2057
834.0000	  0.2046
833.5000	  0.2062
833.0000	  0.2059
832.5000	  0.2056
832.0000	  0.2065
831.5000	  0.2070
831.0000	  0.2066
830.5000	  0.2068
830.0000	  0.2077
829.5000	  0.2074
829.0000	  0.2071
828.5000	  0.2077
828.0000	  0.2083
827.5000	  0.2087
827.0000	  0.2086
826.5000	  0.2090
826.0000	  0.2093
825.5000	  0.2097
825.0000	  0.2107
824.5000	  0.2096
824.0000	  0.2110
823.5000	  0.2111
823.0000	  0.2113
822.5000	  0.2115
822.0000	  0.2119
821.5000	  0.2118
821.0000	  0.2127
820.5000	  0.2128
820.0000	  0.2136
819.5000	  0.2130
819.0000	  0.2127
818.5000	  0.2141
818.0000	  0.2136
817.5000	  0.2147
817.0000	  0.2144
816.5000	  0.2144
816.0000	  0.2154
815.5000	  0.2166
815.0000	  0.2164
814.5000	  0.2166
814.0000	  0.2169
813.5000	  0.2180
813.0000	  0.2181
812.5000	  0.2180
812.0000	  0.2183
811.5000	  0.2192
811.0000	  0.2195
810.5000	  0.2196
810.0000	  0.2204
809.5000	  0.2204
809.0000	  0.2210
808.5000	  0.2212
808.0000	  0.2218
807.5000	  0.2219
807.0000	  0.2223
806.5000	  0.2227
806.0000	  0.2236
805.5000	  0.2232
805.0000	  0.2236
804.5000	  0.2241
804.0000	  0.2248
803.5000	  0.2248
803.0000	  0.2257
802.5000	  0.2264
802.0000	  0.2267
801.5000	  0.2270
801.0000	  0.2278
800.5000	  0.2281
800.0000	  0.2283
799.5000	  0.2291
799.0000	  0.2287
798.5000	  0.2301
798.0000	  0.2305
797.5000	  0.2306
797.0000	  0.2318
796.5000	  0.2321
796.0000	  0.2327
795.5000	  0.2323
795.0000	  0.2332
794.5000	  0.2334
794.0000	  0.2345
793.5000	  0.2341
793.0000	  0.2351
792.5000	  0.2356
792.0000	  0.2356
791.5000	  0.2365
791.0000	  0.2368
790.5000	  0.2371
790.0000	  0.2375
789.5000	  0.2384
789.0000	  0.2392
788.5000	  0.2389
788.0000	  0.2402
787.5000	  0.2408
787.0000	  0.2404
786.5000	  0.2408
786.0000	  0.2417
785.5000	  0.2424
785.0000	  0.2422
784.5000	  0.2426
784.0000	  0.2442
783.5000	  0.2445
783.0000	  0.2445
782.5000	  0.2446
782.0000	  0.2453
781.5000	  0.2465
781.0000	  0.2465
780.5000	  0.2474
780.0000	  0.2471
779.5000	  0.2483
779.0000	  0.2486
778.5000	  0.2493
778.0000	  0.2493
777.5000	  0.2504
777.0000	  0.2511
776.5000	  0.2516
776.0000	  0.2520
775.5000	  0.2522
775.0000	  0.2529
774.5000	  0.2536
774.0000	  0.2542
773.5000	  0.2549
773.0000	  0.2549
772.5000	  0.2558
772.0000	  0.2566
771.5000	  0.2573
771.0000	  0.2572
770.5000	  0.2580
770.0000	  0.2588
769.5000	  0.2593
769.0000	  0.2598
768.5000	  0.2612
768.0000	  0.2614
767.5000	  0.2612
767.0000	  0.2627
766.5000	  0.2629
766.0000	  0.2634
765.5000	  0.2640
765.0000	  0.2649
764.5000	  0.2660
764.0000	  0.2659
763.5000	  0.2666
763.0000	  0.2675
762.5000	  0.2676
762.0000	  0.2692
761.5000	  0.2692
761.0000	  0.2702
760.5000	  0.2704
760.0000	  0.2716
759.5000	  0.2719
759.0000	  0.2730
758.5000	  0.2736
758.0000	  0.2741
757.5000	  0.2747
757.0000	  0.2756
756.5000	  0.2759
756.0000	  0.2770
755.5000	  0.2773
755.0000	  0.2772
754.5000	  0.2789
754.0000	  0.2795
753.5000	  0.2800
753.0000	  0.2804
752.5000	  0.2816
752.0000	  0.2817
751.5000	  0.2829
751.0000	  0.2833
750.5000	  0.2842
750.0000	  0.2849
749.5000	  0.2853
749.0000	  0.2866
748.5000	  0.2867
748.0000	  0.2879
747.5000	  0.2891
747.0000	  0.2891
746.5000	  0.2893
746.0000	  0.2901
745.5000	  0.2906
745.0000	  0.2923
744.5000	  0.2929
744.0000	  0.2936
743.5000	  0.2948
743.0000	  0.2949
742.5000	  0.2962
742.0000	  0.2969
741.5000	  0.2973
741.0000	  0.2980
740.5000	  0.2987
740.0000	  0.2993
739.5000	  0.3006
739.0000	  0.3013
738.5000	  0.3017
738.0000	  0.3031
737.5000	  0.3039
737.0000	  0.3048
736.5000	  0.3058
736.0000	  0.3063
735.5000	  0.3081
735.0000	  0.3089
734.5000	  0.3093
734.0000	  0.3102
733.5000	  0.3121
733.0000	  0.3122
732.5000	  0.3139
732.0000	  0.3145
731.5000	  0.3155
731.0000	  0.3177
730.5000	  0.3183
730.0000	  0.3201
729.5000	  0.3212
729.0000	  0.3224
728.5000	  0.3241
728.0000	  0.3260
727.5000	  0.3275
727.0000	  0.3285
726.5000	  0.3303
726.0000	  0.3326
725.5000	  0.3335
725.0000	  0.3363
724.5000	  0.3380
724.0000	  0.3409
723.5000	  0.3428
723.0000	  0.3445
722.5000	  0.3486
722.0000	  0.3510
721.5000	  0.3549
721.0000	  0.3567
720.5000	  0.3593
720.0000	  0.3637
719.5000	  0.3667
719.0000	  0.3705
718.5000	  0.3725
718.0000	  0.3753
717.5000	  0.3770
717.0000	  0.3788
716.5000	  0.3783
716.0000	  0.3785
715.5000	  0.3777
715.0000	  0.3771
714.5000	  0.3753
714.0000	  0.3732
713.5000	  0.3710
713.0000	  0.3686
712.5000	  0.3675
712.0000	  0.3657
711.5000	  0.3635
711.0000	  0.3625
710.5000	  0.3603
710.0000	  0.3586
709.5000	  0.3584
709.0000	  0.3575
708.5000	  0.3563
708.0000	  0.3570
707.5000	  0.3561
707.0000	  0.3570
706.5000	  0.3574
706.0000	  0.3578
705.5000	  0.3586
705.0000	  0.3592
704.5000	  0.3601
704.0000	  0.3613
703.5000	  0.3621
703.0000	  0.3642
702.5000	  0.3640
702.0000	  0.3654
701.5000	  0.3655
701.0000	  0.3662
700.5000	  0.3673
700.0000	  0.3680
699.5000	  0.3688
699.0000	  0.3695
698.5000	  0.3697
698.0000	  0.3714
697.5000	  0.3726
697.0000	  0.3726
696.5000	  0.3739
696.0000	  0.3746
695.5000	  0.3759
695.0000	  0.3761
694.5000	  0.3772
694.0000	  0.3786
693.5000	  0.3785
693.0000	  0.3798
692.5000	  0.3807
692.0000	  0.3816
691.5000	  0.3828
691.0000	  0.3841
690.5000	  0.3844
690.0000	  0.3845
689.5000	  0.3859
689.0000	  0.3872
688.5000	  0.3882
688.0000	  0.3885
687.5000	  0.3899
687.0000	  0.3904
686.5000	  0.3910
686.0000	  0.3928
685.5000	  0.3930
685.0000	  0.3937
684.5000	  0.3955
684.0000	  0.3960
683.5000	  0.3972
683.0000	  0.3977
682.5000	  0.3989
682.0000	  0.4001
681.5000	  0.4008
681.0000	  0.4017
680.5000	  0.4018
680.0000	  0.4036
679.5000	  0.4048
679.0000	  0.4048
678.5000	  0.4062
678.0000	  0.4063
677.5000	  0.4073
677.0000	  0.4089
676.5000	  0.4103
676.0000	  0.4111
675.5000	  0.4118
675.0000	  0.4130
674.5000	  0.4141
674.0000	  0.4149
673.5000	  0.4155
673.0000	  0.4166
672.5000	  0.4175
672.0000	  0.4185
671.5000	  0.4193
671.0000	  0.4208
670.5000	  0.4214
670.0000	  0.4218
669.5000	  0.4227
669.0000	  0.4245
668.5000	  0.4253
668.0000	  0.4265
667.5000	  0.4266
667.0000	  0.4274
666.5000	  0.4287
666.0000	  0.4299
665.5000	  0.4303
665.0000	  0.4311
664.5000	  0.4325
664.0000	  0.4336
663.5000	  0.4344
663.0000	  0.4350
662.5000	  0.4360
662.0000	  0.4374
661.5000	  0.4379
661.0000	  0.4385
660.5000	  0.4392
660.0000	  0.4410
659.5000	  0.4416
659.0000	  0.4429
658.5000	  0.4429
658.0000	  0.4439
657.5000	  0.4455
657.0000	  0.4464
656.5000	  0.4469
656.0000	  0.4474
655.5000	  0.4486
655.0000	  0.4498
654.5000	  0.4505
654.0000	  0.4517
653.5000	  0.4519
653.0000	  0.4534
652.5000	  0.4544
652.0000	  0.4556
651.5000	  0.4557
651.0000	  0.4559
650.5000	  0.4571
650.0000	  0.4580
649.5000	  0.4593
649.0000	  0.4603
648.5000	  0.4608
648.0000	  0.4612
647.5000	  0.4629
647.0000	  0.4638
646.5000	  0.4646
646.0000	  0.4653
645.5000	  0.4662
645.0000	  0.4665
644.5000	  0.4678
644.0000	  0.4683
643.5000	  0.4686
643.0000	  0.4702
642.5000	  0.4707
642.0000	  0.4714
641.5000	  0.4716
641.0000	  0.4732
640.5000	  0.4741
640.0000	  0.4744
639.5000	  0.4754
639.0000	  0.4751
638.5000	  0.4763
638.0000	  0.4773
637.5000	  0.4776
637.0000	  0.4790
636.5000	  0.4794
636.0000	  0.4802
635.5000	  0.4809
635.0000	  0.4811
634.5000	  0.4832
634.0000	  0.4830
633.5000	  0.4841
633.0000	  0.4851
632.5000	  0.4856
632.0000	  0.4871
631.5000	  0.4879
631.0000	  0.4895
630.5000	  0.4914
630.0000	  0.4931
629.5000	  0.4948
629.0000	  0.4958
628.5000	  0.4980
628.0000	  0.5012
627.5000	  0.5026
627.0000	  0.5051
626.5000	  0.5073
626.0000	  0.5096
625.5000	  0.5128
625.0000	  0.5144
624.5000	  0.5173
624.0000	  0.5193
623.5000	  0.5221
623.0000	  0.5237
622.5000	  0.5266
622.0000	  0.5283
621.5000	  0.5297
621.0000	  0.5321
620.5000	  0.5346
620.0000	  0.5361
619.5000	  0.5365
619.0000	  0.5387
618.5000	  0.5400
618.0000	  0.5414
617.5000	  0.5423
617.0000	  0.5419
616.5000	  0.5423
616.0000	  0.5429
615.5000	  0.5430
615.0000	  0.5444
614.5000	  0.5445
614.0000	  0.5455
613.5000	  0.5472
613.0000	  0.5468
612.5000	  0.5485
612.0000	  0.5495
611.5000	  0.5506
611.0000	  0.5516
610.5000	  0.5519
610.0000	  0.5538
609.5000	  0.5539
609.0000	  0.5554
608.5000	  0.5567
608.0000	  0.5572
607.5000	  0.5582
607.0000	  0.5586
606.5000	  0.5596
606.0000	  0.5609
605.5000	  0.5625
605.0000	  0.5629
604.5000	  0.5642
604.0000	  0.5647
603.5000	  0.5658
603.0000	  0.5666
602.5000	  0.5677
602.0000	  0.5686
601.5000	  0.5704
601.0000	  0.5708
600.5000	  0.5725
600.0000	  0.5721
599.5000	  0.5739
599.0000	  0.5753
598.5000	  0.5753
598.0000	  0.5775
597.5000	  0.5769
597.0000	  0.5788
596.5000	  0.5799
596.0000	  0.5809
595.5000	  0.5823
595.0000	  0.5828
594.5000	  0.5839
594.0000	  0.5851
593.5000	  0.5853
593.0000	  0.5863
592.5000	  0.5868
592.0000	  0.5881
591.5000	  0.5897
591.0000	  0.5903
590.5000	  0.5918
590.0000	  0.5920
589.5000	  0.5937
589.0000	  0.5932
588.5000	  0.5947
588.0000	  0.5957
587.5000	  0.5968
587.0000	  0.5984
586.5000	  0.5990
586.0000	  0.6000
585.5000	  0.5994
585.0000	  0.6006
584.5000	  0.6026
584.0000	  0.6031
583.5000	  0.6040
583.0000	  0.6049
582.5000	  0.6056
582.0000	  0.6067
581.5000	  0.6077
581.0000	  0.6093
580.5000	  0.6085
580.0000	  0.6098
579.5000	  0.6112
579.0000	  0.6120
578.5000	  0.6135
578.0000	  0.6125
577.5000	  0.6143
577.0000	  0.6150
576.5000	  0.6158
576.0000	  0.6172
575.5000	  0.6174
575.0000	  0.6188
574.5000	  0.6191
574.0000	  0.6206
573.5000	  0.6201
573.0000	  0.6210
572.5000	  0.6223
572.0000	  0.6231
571.5000	  0.6241
571.0000	  0.6247
570.5000	  0.6263
570.0000	  0.6269
569.5000	  0.6274
569.0000	  0.6287
568.5000	  0.6292
568.0000	  0.6295
567.5000	  0.6316
567.0000	  0.6315
566.5000	  0.6330
566.0000	  0.6331
565.5000	  0.6337
565.0000	  0.6352
564.5000	  0.6354
564.0000	  0.6369
563.5000	  0.6371
563.0000	  0.6377
562.5000	  0.6387
562.0000	  0.6404
561.5000	  0.6403
561.0000	  0.6403
560.5000	  0.6416
560.0000	  0.6430
559.5000	  0.6436
559.0000	  0.6439
558.5000	  0.6447
558.0000	  0.6458
557.5000	  0.6467
557.0000	  0.6477
556.5000	  0.6481
556.0000	  0.6481
555.5000	  0.6495
555.0000	  0.6496
554.5000	  0.6509
554.0000	  0.6508
553.5000	  0.6518
553.0000	  0.6525
552.5000	  0.6531
552.0000	  0.6549
551.5000	  0.6544
551.0000	  0.6550
550.5000	  0.6565
550.0000	  0.6566
549.5000	  0.6572
549.0000	  0.6577
548.5000	  0.6577
548.0000	  0.6594
547.5000	  0.6591
547.0000	  0.6592
546.5000	  0.6600
546.0000	  0.6610
545.5000	  0.6611
545.0000	  0.6627
544.5000	  0.6620
544.0000	  0.6627
543.5000	  0.6634
543.0000	  0.6641
542.5000	  0.6653
542.0000	  0.6650
541.5000	  0.6659
541.0000	  0.6661
540.5000	  0.6666
540.0000	  0.6671
539.5000	  0.6676
539.0000	  0.6682
538.5000	  0.6684
538.0000	  0.6692
537.5000	  0.6691
537.0000	  0.6697
536.5000	  0.6709
536.0000	  0.6706
535.5000	  0.6708
535.0000	  0.6716
534.5000	  0.6716
534.0000	  0.6732
533.5000	  0.6723
533.0000	  0.6729
532.5000	  0.6732
532.0000	  0.6738
531.5000	  0.6742
531.0000	  0.6740
530.5000	  0.6741
530.0000	  0.6748
529.5000	  0.6750
529.0000	  0.6754
528.5000	  0.6756
528.0000	  0.6758
527.5000	  0.6753
527.0000	  0.6769
526.5000	  0.6765
526.0000	  0.6765
525.5000	  0.6770
525.0000	  0.6772
524.5000	  0.6767
524.0000	  0.6773
523.5000	  0.6774
523.0000	  0.6773
522.5000	  0.6782
522.0000	  0.6779
521.5000	  0.6784
521.0000	  0.6785
520.5000	  0.6780
520.0000	  0.6782
519.5000	  0.6783
519.0000	  0.6781
518.5000	  0.6782
518.0000	  0.6784
517.5000	  0.6785
517.0000	  0.6782
516.5000	  0.6775
516.0000	  0.6770
515.5000	  0.6777
515.0000	  0.6771
514.5000	  0.6771
514.0000	  0.6766
513.5000	  0.6766
513.0000	  0.6766
512.5000	  0.6769
512.0000	  0.6772
511.5000	  0.6773
511.0000	  0.6769
510.5000	  0.6772
510.0000	  0.6772
509.5000	  0.6764
509.0000	  0.6763
508.5000	  0.6764
508.0000	  0.6775
507.5000	  0.6770
507.0000	  0.6772
506.5000	  0.6775
506.0000	  0.6782
505.5000	  0.6783
505.0000	  0.6779
504.5000	  0.6789
504.0000	  0.6803
503.5000	  0.6790
503.0000	  0.6803
502.5000	  0.6800
502.0000	  0.6803
501.5000	  0.6814
501.0000	  0.6812
500.5000	  0.6822
500.0000	  0.6820
499.5000	  0.6823
499.0000	  0.6831
498.5000	  0.6828
498.0000	  0.6822
497.5000	  0.6828
497.0000	  0.6822
496.5000	  0.6824
496.0000	  0.6820
495.5000	  0.6813
495.0000	  0.6813
494.5000	  0.6816
494.0000	  0.6814
493.5000	  0.6808
493.0000	  0.6798
492.5000	  0.6791
492.0000	  0.6795
491.5000	  0.6783
491.0000	  0.6776
490.5000	  0.6764
490.0000	  0.6762
489.5000	  0.6752
489.0000	  0.6743
488.5000	  0.6737
488.0000	  0.6722
487.5000	  0.6716
487.0000	  0.6703
486.5000	  0.6694
486.0000	  0.6686
485.5000	  0.6676
485.0000	  0.6672
484.5000	  0.6653
484.0000	  0.6649
483.5000	  0.6636
483.0000	  0.6631
482.5000	  0.6624
482.0000	  0.6620
481.5000	  0.6615
481.0000	  0.6599
480.5000	  0.6592
480.0000	  0.6588
479.5000	  0.6573
479.0000	  0.6574
478.5000	  0.6566
478.0000	  0.6553
477.5000	  0.6560
477.0000	  0.6536
476.5000	  0.6530
476.0000	  0.6534
475.5000	  0.6516
475.0000	  0.6522
474.5000	  0.6514
474.0000	  0.6495
473.5000	  0.6491
473.0000	  0.6497
472.5000	  0.6486
472.0000	  0.6480
471.5000	  0.6478
471.0000	  0.6473
470.5000	  0.6477
470.0000	  0.6467
469.5000	  0.6459
469.0000	  0.6461
468.5000	  0.6453
468.0000	  0.6449
467.5000	  0.6449
467.0000	  0.6444
466.5000	  0.6453
466.0000	  0.6441
465.5000	  0.6444
465.0000	  0.6437
464.5000	  0.6445
464.0000	  0.6437
463.5000	  0.6435
463.0000	  0.6430
462.5000	  0.6421
462.0000	  0.6420
461.5000	  0.6425
461.0000	  0.6422
460.5000	  0.6425
460.0000	  0.6437
459.5000	  0.6420
459.0000	  0.6412
458.5000	  0.6418
458.0000	  0.6411
457.5000	  0.6417
457.0000	  0.6399
456.5000	  0.6380
456.0000	  0.6394
455.5000	  0.6375
455.0000	  0.6359
454.5000	  0.6353
454.0000	  0.6341
453.5000	  0.6323
453.0000	  0.6320
452.5000	  0.6285
452.0000	  0.6275
451.5000	  0.6258
451.0000	  0.6243
450.5000	  0.6232
450.0000	  0.6207
449.5000	  0.6189
449.0000	  0.6159
448.5000	  0.6145
448.0000	  0.6137
447.5000	  0.6123
447.0000	  0.6096
446.5000	  0.6085
446.0000	  0.6068
445.5000	  0.6047
445.0000	  0.6033
444.5000	  0.6014
444.0000	  0.5998
443.5000	  0.5996
443.0000	  0.5972
442.5000	  0.5969
442.0000	  0.5959
441.5000	  0.5945
441.0000	  0.5942
440.5000	  0.5942
440.0000	  0.5931
439.5000	  0.5913
439.0000	  0.5903
438.5000	  0.5906
438.0000	  0.5889
437.5000	  0.5868
437.0000	  0.5868
436.5000	  0.5863
436.0000	  0.5851
435.5000	  0.5839
435.0000	  0.5833
434.5000	  0.5823
434.0000	  0.5818
433.5000	  0.5814
433.0000	  0.5796
432.5000	  0.5802
432.0000	  0.5804
431.5000	  0.5787
431.0000	  0.5780
430.5000	  0.5784
430.0000	  0.5763
429.5000	  0.5768
429.0000	  0.5766
428.5000	  0.5757
428.0000	  0.5753
427.5000	  0.5747
427.0000	  0.5744
426.5000	  0.5746
426.0000	  0.5727
425.5000	  0.5741
425.0000	  0.5735
424.5000	  0.5735
424.0000	  0.5725
423.5000	  0.5717
423.0000	  0.5722
422.5000	  0.5715
422.0000	  0.5703
421.5000	  0.5709
421.0000	  0.5705
420.5000	  0.5709
420.0000	  0.5702
419.5000	  0.5705
419.0000	  0.5690
418.5000	  0.5696
418.0000	  0.5694
417.5000	  0.5672
417.0000	  0.5664
416.5000	  0.5675
416.0000	  0.5671
415.5000	  0.5675
415.0000	  0.5670
414.5000	  0.5668
414.0000	  0.5650
413.5000	  0.5662
413.0000	  0.5659
412.5000	  0.5646
412.0000	  0.5641
411.5000	  0.5649
411.0000	  0.5644
410.5000	  0.5635
410.0000	  0.5648
409.5000	  0.5635
409.0000	  0.5632
408.5000	  0.5630
408.0000	  0.5619
407.5000	  0.5624
407.0000	  0.5620
406.5000	  0.5615
406.0000	  0.5615
405.5000	  0.5608
405.0000	  0.5609
404.5000	  0.5600
404.0000	  0.5596
403.5000	  0.5594
403.0000	  0.5599
402.5000	  0.5590
402.0000	  0.5582
401.5000	  0.5587
401.0000	  0.5581
400.5000	  0.5582
400.0000	  0.5577
399.5000	  0.5576
399.0000	  0.5579
398.5000	  0.5566
398.0000	  0.5565
397.5000	  0.5565
397.0000	  0.5563
396.5000	  0.5564
396.0000	  0.5555
395.5000	  0.5559
395.0000	  0.5551
394.5000	  0.5556
394.0000	  0.5554
393.5000	  0.5553
393.0000	  0.5540
392.5000	  0.5544
392.0000	  0.5549
391.5000	  0.5563
391.0000	  0.5550
390.5000	  0.5547
390.0000	  0.5550
389.5000	  0.5569
389.0000	  0.5561
388.5000	  0.5535
388.0000	  0.5550
387.5000	  0.5554
387.0000	  0.5578
386.5000	  0.5569
386.0000	  0.5560
385.5000	  0.5570
385.0000	  0.5583
384.5000	  0.5593
384.0000	  0.5583
383.5000	  0.5600
383.0000	  0.5572
382.5000	  0.5586
382.0000	  0.5596
381.5000	  0.5592
381.0000	  0.5585
380.5000	  0.5581
380.0000	  0.5609
379.5000	  0.5600
379.0000	  0.5587
378.5000	  0.5587
378.0000	  0.5600
377.5000	  0.5601
377.0000	  0.5596
376.5000	  0.5603
376.0000	  0.5607
375.5000	  0.5596
375.0000	  0.5600
374.5000	  0.5596
374.0000	  0.5601
373.5000	  0.5590
373.0000	  0.5608
372.5000	  0.5602
372.0000	  0.5604
371.5000	  0.5617
371.0000	  0.5617
370.5000	  0.5600
370.0000	  0.5608
369.5000	  0.5600
369.0000	  0.5610
368.5000	  0.5620
368.0000	  0.5607
367.5000	  0.5611
367.0000	  0.5610
366.5000	  0.5621
366.0000	  0.5604
365.5000	  0.5611
365.0000	  0.5619
364.5000	  0.5602
364.0000	  0.5605
363.5000	  0.5620
363.0000	  0.5628
362.5000	  0.5622
362.0000	  0.5610
361.5000	  0.5610
361.0000	  0.5626
360.5000	  0.5626
360.0000	  0.5642
359.5000	  0.5631
359.0000	  0.5638
358.5000	  0.5639
358.0000	  0.5632
357.5000	  0.5634
357.0000	  0.5641
356.5000	  0.5624
356.0000	  0.5639
355.5000	  0.5637
355.0000	  0.5611
354.5000	  0.5644
354.0000	  0.5643
353.5000	  0.5632
353.0000	  0.5616
352.5000	  0.5631
352.0000	  0.5647
351.5000	  0.5632
351.0000	  0.5650
350.5000	  0.5638
350.0000	  0.5661
349.5000	  0.5647
349.0000	  0.5672
348.5000	  0.5665
348.0000	  0.5609
347.5000	  0.5624
347.0000	  0.5667
346.5000	  0.5660
346.0000	  0.5643
345.5000	  0.5645
345.0000	  0.5623
344.5000	  0.5658
344.0000	  0.5644
343.5000	  0.5635
343.0000	  0.5638
342.5000	  0.5654
342.0000	  0.5674
341.5000	  0.5643
341.0000	  0.5660
340.5000	  0.5635
340.0000	  0.5601
339.5000	  0.5697
339.0000	  0.5662
338.5000	  0.5685
338.0000	  0.5667
337.5000	  0.5641
337.0000	  0.5622
336.5000	  0.5658
336.0000	  0.5646
335.5000	  0.5681
335.0000	  0.5677
334.5000	  0.5676
334.0000	  0.5681
333.5000	  0.5661
333.0000	  0.5650
332.5000	  0.5693
332.0000	  0.5662
331.5000	  0.5678
331.0000	  0.5656
330.5000	  0.5664
330.0000	  0.5682
329.5000	  0.5686
329.0000	  0.5675
328.5000	  0.5655
328.0000	  0.5690
327.5000	  0.5703
327.0000	  0.5701
326.5000	  0.5694
326.0000	  0.5666
325.5000	  0.5701
325.0000	  0.5726
324.5000	  0.5676
324.0000	  0.5673
323.5000	  0.5691
323.0000	  0.5678
322.5000	  0.5736
322.0000	  0.5746
321.5000	  0.5711
321.0000	  0.5742
320.5000	  0.5770
320.0000	  0.5779
319.5000	  0.5780
319.0000	  0.5759
318.5000	  0.5791
318.0000	  0.5845
317.5000	  0.5796
317.0000	  0.5889
316.5000	  0.5899
316.0000	  0.5923
315.5000	  0.5845
315.0000	  0.5928
314.5000	  0.5895
314.0000	  0.5952
313.5000	  0.6040
313.0000	  0.6021
312.5000	  0.5947
312.0000	  0.6056
311.5000	  0.6116
311.0000	  0.6104
310.5000	  0.6059
310.0000	  0.6171
309.5000	  0.6168
309.0000	  0.6158
308.5000	  0.6234
308.0000	  0.6338
307.5000	  0.6371
307.0000	  0.6399
306.5000	  0.6375
306.0000	  0.6595
305.5000	  0.6357
305.0000	  0.6728
304.5000	  0.6613
304.0000	  0.6668
303.5000	  0.6985
303.0000	  0.7003
302.5000	  0.6597
302.0000	  0.6959
301.5000	  0.6921
301.0000	  0.7437
300.5000	  0.7491
300.0000	  0.6861
299.5000	  0.7229
299.0000	  0.7074
298.5000	  0.6976
298.0000	  0.7343
297.5000	  0.6645
297.0000	  0.7899
296.5000	  0.8231
296.0000	  0.7514
295.5000	  1.1531
295.0000	  0.8165
294.5000	  0.8006
294.0000	  0.2354
293.5000	  0.8037
293.0000	  0.8738
292.5000	  0.0640
292.0000	  0.7596
291.5000	  0.9237
291.0000	  0.4251
290.5000	 -0.1596
290.0000	  0.9417
289.5000	 -1.6915
289.0000	  1.2235
288.5000	  0.4505
288.0000	 -0.2122
287.5000	  0.6972
287.0000	  0.3185
286.5000	 -2.8191
286.0000	  0.8888
285.5000	  0.5979
285.0000	  0.1636
284.5000	  2.1922
284.0000	 -0.1084
283.5000	 -2.6695
283.0000	  0.3872
282.5000	 -0.1756
282.0000	  0.2236
281.5000	  0.2543
281.0000	  0.6966
280.5000	 -9.9410
280.0000	  0.3412
279.5000	  1.7158
279.0000	  1.0506
278.5000	  0.6111
278.0000	  1.1828
277.5000	  0.3165
277.0000	  1.5969
276.5000	  0.8910
276.0000	 -0.0516
275.5000	  0.8185
275.0000	  0.0260
274.5000	  0.9143
274.0000	 -1.1661
273.5000	  0.3989
273.0000	 -1.1406
272.5000	  0.8895
272.0000	 38.4171
271.5000	  0.7615
271.0000	  0.4431
270.5000	  0.1363
270.0000	  0.5262
269.5000	-39.7572
269.0000	  1.6951
268.5000	  1.1241
268.0000	  1.4077
267.5000	  0.7755
267.0000	 -0.4459
266.5000	  1.3382
266.0000	  1.5346
265.5000	 -2.0725
265.0000	  6.3958
264.5000	  1.0331
264.0000	 -0.3726
263.5000	  0.8333
263.0000	  0.9423
262.5000	  0.6528
262.0000	  0.0024
261.5000	 -3.0370
261.0000	  0.7113
260.5000	  0.3345
260.0000	  0.5378
259.5000	  1.7517
259.0000	  3.8305
258.5000	  1.1520
258.0000	  0.3053
257.5000	  0.3399
257.0000	  0.4442
256.5000	  1.0698
256.0000	  0.2223
255.5000	 -0.8282
255.0000	  0.0044
254.5000	  0.9349
254.0000	  1.1837
253.5000	  3.5676
253.0000	  1.0799
252.5000	  0.6273
252.0000	  0.7572
251.5000	  0.5028
251.0000	 -0.1814
250.5000	  0.6478
250.0000	  0.9340
249.5000	  0.1736
249.0000	  0.3710
248.5000	  1.5234
248.0000	  1.3228
247.5000	  3.0787
247.0000	  0.3179
246.5000	 -0.2245
246.0000	 -1.0527
245.5000	  0.6115
245.0000	  1.5737
244.5000	 42.0414
244.0000	  0.4530
243.5000	  0.5009
243.0000	  3.5103
242.5000	  0.2891
242.0000	  1.7465
241.5000	  0.0699
241.0000	-12.1961
240.5000	  3.3941
240.0000	  1.3001
239.5000	  0.4315
239.0000	  3.1792
238.5000	  1.0233
238.0000	  1.6913
237.5000	  0.4571
237.0000	  1.2140
236.5000	 -1.7882
236.0000	 -1.6678
235.5000	  2.9773
235.0000	  2.3273
234.5000	  0.6121
234.0000	  1.0297
233.5000	 -1.8068
233.0000	  1.5610
232.5000	  0.6941
232.0000	  0.9449
231.5000	 19.3869
231.0000	 -9.8874
230.5000	  0.9333
230.0000	 -1.5426
229.5000	  2.0004
229.0000	  0.9280
228.5000	  0.1349
228.0000	 -0.4029
227.5000	  0.7324
227.0000	  1.5450
226.5000	  1.0320
226.0000	  3.2678
225.5000	  1.2768
225.0000	 -1.0914
224.5000	  0.5474
224.0000	  0.5476
223.5000	  0.9091
223.0000	  0.8172
222.5000	  1.2561
222.0000	  0.4507
221.5000	  1.1357
221.0000	  2.1211
220.5000	  1.3778
220.0000	  0.4537
219.5000	 -1.0475
219.0000	  0.1886
218.5000	  0.3705
218.0000	  1.0423
217.5000	  0.5758
217.0000	  0.1087
216.5000	  0.4793
216.0000	  0.9448
215.5000	-39.4953
215.0000	  1.0377
214.5000	  1.1971
214.0000	  0.4652
213.5000	  1.3591
213.0000	  2.5473
212.5000	  0.9278
212.0000	 -6.6619
211.5000	  0.0929
211.0000	  1.1375
210.5000	 -0.2199
210.0000	 -0.2818
209.5000	  2.7937
209.0000	  1.9984
208.5000	  1.3983
208.0000	  0.0452
207.5000	 -7.4098
207.0000	  2.6500
206.5000	  2.0208
206.0000	  3.8508
205.5000	  0.3295
205.0000	 -0.1474
204.5000	  1.1598
204.0000	  0.7357
203.5000	  1.2081
203.0000	  0.2319
202.5000	  0.3489
202.0000	  4.3541
201.5000	  1.4094
201.0000	 -1.8782
200.5000	  1.1560
200.0000	  2.9484
