lambda		value

Calibration:
lambda:	900
Abs:	0

Data:
#
900		0.2583
899.5		0.260104
899		0.258549
898.5		0.247203
898		0.259812
897.5		0.25934
897		0.26036
896.5		0.267574
896		0.249377
895.5		0.243641
895		0.247656
894.5		0.266975
894		0.254572
893.5		0.259016
893		0.268362
892.5		0.251369
892		0.260562
891.5		0.24843
891		0.255715
890.5		0.255255
890		0.247001
889.5		0.250678
889		0.256246
888.5		0.253093
888		0.26227
887.5		0.256312
887		0.251209
886.5		0.258263
886		0.252676
885.5		0.251739
885		0.254351
884.5		0.261319
884		0.263704
883.5		0.2503
883		0.269512
882.5		0.255175
882		0.26004
881.5		0.24916
881		0.258142
880.5		0.256844
880		0.263393
879.5		0.25989
879		0.261584
878.5		0.261563
878		0.25429
877.5		0.253122
877		0.269051
876.5		0.258259
876		0.256826
875.5		0.265348
875		0.262458
874.5		0.262401
874		0.261838
873.5		0.262704
873		0.261835
872.5		0.266364
872		0.259879
871.5		0.26063
871		0.261657
870.5		0.256805
870		0.260304
869.5		0.259677
869		0.262847
868.5		0.263216
868		0.261499
867.5		0.263016
867		0.265029
866.5		0.260917
866		0.262372
865.5		0.258893
865		0.262173
864.5		0.258163
864		0.263363
863.5		0.261881
863		0.262849
862.5		0.263005
862		0.260745
861.5		0.263771
861		0.268864
860.5		0.264788
860		0.26202
859.5		0.265511
859		0.266805
858.5		0.265541
858		0.26451
857.5		0.267166
857		0.265561
856.5		0.266865
856		0.264837
855.5		0.265439
855		0.265458
854.5		0.265559
854		0.267691
853.5		0.265966
853		0.268834
852.5		0.266673
852		0.267252
851.5		0.268242
851		0.265304
850.5		0.268942
850		0.268561
849.5		0.26947
849		0.270006
848.5		0.267565
848		0.269417
847.5		0.269721
847		0.270081
846.5		0.269242
846		0.270761
845.5		0.271297
845		0.271784
844.5		0.271543
844		0.271282
843.5		0.27077
843		0.27209
842.5		0.272709
842		0.273095
841.5		0.272808
841		0.273912
840.5		0.274273
840		0.273877
839.5		0.273929
839		0.273123
838.5		0.274568
838		0.27505
837.5		0.275245
837		0.274923
836.5		0.275937
836		0.275964
835.5		0.276354
835		0.276262
834.5		0.277574
834		0.277221
833.5		0.277524
833		0.277122
832.5		0.278346
832		0.278982
831.5		0.278943
831		0.278811
830.5		0.280291
830		0.279761
829.5		0.278956
829		0.27994
828.5		0.281331
828		0.280566
827.5		0.281842
827		0.281459
826.5		0.281959
826		0.282494
825.5		0.281729
825		0.283548
824.5		0.284047
824		0.283889
823.5		0.283616
823		0.284674
822.5		0.284714
822		0.284404
821.5		0.284944
821		0.285515
820.5		0.284504
820		0.285529
819.5		0.286285
819		0.2871
818.5		0.287126
818		0.287344
817.5		0.289065
817		0.287328
816.5		0.288354
816		0.28731
815.5		0.288776
815		0.289961
814.5		0.289784
814		0.2903
813.5		0.290387
813		0.289913
812.5		0.290609
812		0.292054
811.5		0.291746
811		0.293224
810.5		0.291658
810		0.292325
809.5		0.292751
809		0.293188
808.5		0.294429
808		0.294171
807.5		0.295248
807		0.294882
806.5		0.295477
806		0.295407
805.5		0.295904
805		0.297268
804.5		0.297062
804		0.297643
803.5		0.298249
803		0.297554
802.5		0.29871
802		0.299082
801.5		0.298661
801		0.300381
800.5		0.299282
800		0.30101
799.5		0.30111
799		0.301776
798.5		0.301898
798		0.302398
797.5		0.303625
797		0.302767
796.5		0.303844
796		0.303502
795.5		0.304252
795		0.305247
794.5		0.304456
794		0.305381
793.5		0.304938
793		0.306908
792.5		0.307523
792		0.308547
791.5		0.30724
791		0.307134
790.5		0.309075
790		0.3077
789.5		0.310552
789		0.310548
788.5		0.310545
788		0.311053
787.5		0.311315
787		0.312288
786.5		0.312026
786		0.312264
785.5		0.313224
785		0.312668
784.5		0.314177
784		0.314414
783.5		0.314693
783		0.31611
782.5		0.31601
782		0.316728
781.5		0.317102
781		0.316587
780.5		0.317516
780		0.318318
779.5		0.318336
779		0.319501
778.5		0.318426
778		0.320224
777.5		0.320227
777		0.32055
776.5		0.32124
776		0.321421
775.5		0.321827
775		0.323215
774.5		0.323389
774		0.324046
773.5		0.32423
773		0.324408
772.5		0.325389
772		0.324749
771.5		0.326748
771		0.326797
770.5		0.327231
770		0.328284
769.5		0.32812
769		0.32935
768.5		0.329087
768		0.330315
767.5		0.330711
767		0.330682
766.5		0.331142
766		0.333001
765.5		0.333167
765		0.33244
764.5		0.334097
764		0.33413
763.5		0.335228
763		0.335023
762.5		0.336088
762		0.336783
761.5		0.336312
761		0.337282
760.5		0.338443
760		0.339012
759.5		0.339236
759		0.339163
758.5		0.340163
758		0.340785
757.5		0.341088
757		0.341352
756.5		0.342241
756		0.343781
755.5		0.343974
755		0.344269
754.5		0.34444
754		0.344934
753.5		0.346575
753		0.346502
752.5		0.346505
752		0.348042
751.5		0.347236
751		0.348669
750.5		0.348858
750		0.349454
749.5		0.350631
749		0.35058
748.5		0.351177
748		0.352538
747.5		0.35328
747		0.354181
746.5		0.352959
746		0.354957
745.5		0.355293
745		0.356115
744.5		0.356003
744		0.355941
743.5		0.357355
743		0.358651
742.5		0.359076
742		0.35979
741.5		0.359335
741		0.359929
740.5		0.3608
740		0.361037
739.5		0.36205
739		0.362567
738.5		0.363106
738		0.363807
737.5		0.364805
737		0.364849
736.5		0.365109
736		0.365613
735.5		0.36667
735		0.366357
734.5		0.367369
734		0.36838
733.5		0.368665
733		0.369812
732.5		0.369441
732		0.369796
731.5		0.370825
731		0.371123
730.5		0.372482
730		0.37228
729.5		0.372856
729		0.372775
728.5		0.373549
728		0.374402
727.5		0.374209
727		0.375402
726.5		0.375645
726		0.375267
725.5		0.376346
725		0.375447
724.5		0.375856
724		0.376877
723.5		0.375685
723		0.377183
722.5		0.376041
722		0.376096
721.5		0.375749
721		0.373473
720.5		0.373796
720		0.375201
719.5		0.373744
719		0.37413
718.5		0.373045
718		0.373161
717.5		0.374203
717		0.373783
716.5		0.374777
716		0.375622
715.5		0.37694
715		0.38107
714.5		0.382417
714		0.383744
713.5		0.385864
713		0.38765
712.5		0.389257
712		0.391552
711.5		0.392747
711		0.395
710.5		0.39658
710		0.398633
709.5		0.399629
709		0.401743
708.5		0.402944
708		0.404201
707.5		0.405552
707		0.406561
706.5		0.408097
706		0.408723
705.5		0.408983
705		0.4094
704.5		0.411186
704		0.411556
703.5		0.412228
703		0.412564
702.5		0.414096
702		0.415204
701.5		0.41578
701		0.417094
700.5		0.417793
700		0.417503
699.5		0.419307
699		0.42026
698.5		0.420363
698		0.421749
697.5		0.422007
697		0.423373
696.5		0.424664
696		0.424897
695.5		0.424983
695		0.426799
694.5		0.427838
694		0.428614
693.5		0.428741
693		0.429516
692.5		0.430824
692		0.432408
691.5		0.433001
691		0.432712
690.5		0.434357
690		0.434718
689.5		0.436513
689		0.437691
688.5		0.437808
688		0.439509
687.5		0.439708
687		0.440814
686.5		0.440869
686		0.442775
685.5		0.443325
685		0.443918
684.5		0.444664
684		0.445871
683.5		0.446827
683		0.447847
682.5		0.448681
682		0.448939
681.5		0.450459
681		0.451021
680.5		0.452129
680		0.453378
679.5		0.45346
679		0.45585
678.5		0.455669
678		0.456397
677.5		0.457736
677		0.458445
676.5		0.460784
676		0.461013
675.5		0.461523
675		0.463275
674.5		0.462679
674		0.464667
673.5		0.464971
673		0.466963
672.5		0.466924
672		0.467708
671.5		0.469186
671		0.46943
670.5		0.471455
670		0.472027
669.5		0.472612
669		0.473773
668.5		0.474809
668		0.47524
667.5		0.475823
667		0.476695
666.5		0.478347
666		0.479925
665.5		0.479877
665		0.480792
664.5		0.482256
664		0.482506
663.5		0.484695
663		0.484551
662.5		0.484711
662		0.486484
661.5		0.486783
661		0.487626
660.5		0.488416
660		0.489798
659.5		0.490833
659		0.491284
658.5		0.49321
658		0.493058
657.5		0.493908
657		0.495639
656.5		0.495542
656		0.497621
655.5		0.499206
655		0.498811
654.5		0.499752
654		0.502083
653.5		0.501289
653		0.503326
652.5		0.503421
652		0.505257
651.5		0.507104
651		0.505844
650.5		0.507144
650		0.508833
649.5		0.510184
649		0.510928
648.5		0.510524
648		0.513371
647.5		0.514161
647		0.515532
646.5		0.516254
646		0.515751
645.5		0.517786
645		0.51881
644.5		0.520299
644		0.521276
643.5		0.522008
643		0.52297
642.5		0.525092
642		0.525229
641.5		0.526148
641		0.52693
640.5		0.528022
640		0.529559
639.5		0.530594
639		0.530388
638.5		0.533387
638		0.533694
637.5		0.535374
637		0.536671
636.5		0.536578
636		0.538693
635.5		0.539126
635		0.541063
634.5		0.541272
634		0.542552
633.5		0.543822
633		0.544757
632.5		0.545941
632		0.54664
631.5		0.547381
631		0.548218
630.5		0.55
630		0.550333
629.5		0.550378
629		0.551329
628.5		0.552203
628		0.552354
627.5		0.551652
627		0.55343
626.5		0.553017
626		0.553774
625.5		0.554496
625		0.552522
624.5		0.554589
624		0.553617
623.5		0.55467
623		0.555708
622.5		0.554087
622		0.556961
621.5		0.556392
621		0.557182
620.5		0.557385
620		0.557382
619.5		0.558546
619		0.559172
618.5		0.559426
618		0.560004
617.5		0.56064
617		0.562439
616.5		0.563205
616		0.56501
615.5		0.564444
615		0.566242
614.5		0.566307
614		0.568925
613.5		0.568914
613		0.56983
612.5		0.571609
612		0.571345
611.5		0.573571
611		0.571915
610.5		0.575102
610		0.575068
609.5		0.575051
609		0.577248
608.5		0.577192
608		0.578512
607.5		0.578763
607		0.580171
606.5		0.579909
606		0.582312
605.5		0.581827
605		0.583649
604.5		0.584079
604		0.585375
603.5		0.585925
603		0.586602
602.5		0.587584
602		0.588264
601.5		0.587693
601		0.591303
600.5		0.590124
600		0.591496
599.5		0.592211
599		0.59241
598.5		0.594023
598		0.593235
597.5		0.596931
597		0.59592
596.5		0.596801
596		0.597807
595.5		0.597424
595		0.598935
594.5		0.59936
594		0.600484
593.5		0.601494
593		0.602015
592.5		0.601685
592		0.60405
591.5		0.604064
591		0.60507
590.5		0.606275
590		0.605902
589.5		0.606891
589		0.607468
588.5		0.608742
588		0.610106
587.5		0.610498
587		0.611004
586.5		0.610934
586		0.612205
585.5		0.612885
585		0.611867
584.5		0.614255
584		0.61482
583.5		0.614798
583		0.616754
582.5		0.617792
582		0.617457
581.5		0.61817
581		0.618166
580.5		0.62028
580		0.620164
579.5		0.621019
579		0.621937
578.5		0.620846
578		0.623359
577.5		0.623422
577		0.623915
576.5		0.625084
576		0.624928
575.5		0.628345
575		0.627241
574.5		0.627313
574		0.627974
573.5		0.627741
573		0.63033
572.5		0.630169
572		0.631366
571.5		0.630728
571		0.632233
570.5		0.632303
570		0.633404
569.5		0.634527
569		0.633077
568.5		0.633987
568		0.634095
567.5		0.636539
567		0.63708
566.5		0.636329
566		0.637586
565.5		0.636215
565		0.640796
564.5		0.639404
564		0.640476
563.5		0.641095
563		0.639387
562.5		0.643757
562		0.641075
561.5		0.641652
561		0.644161
560.5		0.643247
560		0.646053
559.5		0.646425
559		0.646003
558.5		0.647844
558		0.649054
557.5		0.647617
557		0.648402
556.5		0.649367
556		0.648835
555.5		0.651511
555		0.649871
554.5		0.651703
554		0.651557
553.5		0.651653
553		0.653087
552.5		0.651699
552		0.653386
551.5		0.654307
551		0.655044
550.5		0.655394
550		0.653295
549.5		0.656382
549		0.654685
548.5		0.657189
548		0.65634
547.5		0.656068
547		0.658404
546.5		0.658315
546		0.660034
545.5		0.660059
545		0.658863
544.5		0.659843
544		0.659946
543.5		0.659727
543		0.660834
542.5		0.66037
542		0.661921
541.5		0.662183
541		0.660943
540.5		0.661738
540		0.661588
539.5		0.664119
539		0.663964
538.5		0.663297
538		0.664695
537.5		0.664062
537		0.665585
536.5		0.665396
536		0.665078
535.5		0.664921
535		0.664636
534.5		0.665144
534		0.665174
533.5		0.665937
533		0.666698
532.5		0.667207
532		0.668285
531.5		0.66673
531		0.667111
530.5		0.668413
530		0.667301
529.5		0.667871
529		0.669048
528.5		0.668125
528		0.66803
527.5		0.669111
527		0.669012
526.5		0.669617
526		0.669744
525.5		0.669108
525		0.671525
524.5		0.669172
524		0.670124
523.5		0.671906
523		0.670696
522.5		0.671202
522		0.669583
521.5		0.671015
521		0.672223
520.5		0.670692
520		0.670693
519.5		0.670089
519		0.671172
518.5		0.671716
518		0.671487
517.5		0.670125
517		0.670632
516.5		0.670312
516		0.671592
515.5		0.67146
515		0.669873
514.5		0.672167
514		0.670157
513.5		0.67236
513		0.670828
512.5		0.670292
512		0.671856
511.5		0.668826
511		0.672142
510.5		0.670005
510		0.67013
509.5		0.670579
509		0.669015
508.5		0.671149
508		0.66838
507.5		0.669776
507		0.66895
506.5		0.668186
506		0.66692
505.5		0.666698
505		0.666446
504.5		0.665248
504		0.665377
503.5		0.664154
503		0.663778
502.5		0.663692
502		0.662038
501.5		0.661612
501		0.66006
500.5		0.660988
500		0.659328
499.5		0.659207
499		0.657388
498.5		0.65571
498		0.656845
497.5		0.655252
497		0.65585
496.5		0.652903
496		0.653682
495.5		0.653227
495		0.65095
494.5		0.650539
494		0.64953
493.5		0.648504
493		0.648191
492.5		0.647486
492		0.645799
491.5		0.644705
491		0.644147
490.5		0.64403
490		0.644779
489.5		0.640906
489		0.641345
488.5		0.639377
488		0.638294
487.5		0.639809
487		0.636206
486.5		0.636164
486		0.635115
485.5		0.633309
485		0.633227
484.5		0.632248
484		0.631521
483.5		0.628978
483		0.629035
482.5		0.627565
482		0.626663
481.5		0.625853
481		0.624591
480.5		0.622422
480		0.621828
479.5		0.622022
479		0.620339
478.5		0.619635
478		0.617335
477.5		0.616192
477		0.616917
476.5		0.613911
476		0.614084
475.5		0.611842
475		0.611602
474.5		0.61026
474		0.609227
473.5		0.607804
473		0.607797
472.5		0.606188
472		0.605955
471.5		0.604678
471		0.602822
470.5		0.602679
470		0.599947
469.5		0.600838
469		0.598166
468.5		0.597121
468		0.597051
467.5		0.594738
467		0.594709
466.5		0.592298
466		0.59241
465.5		0.591839
465		0.590621
464.5		0.589901
464		0.588576
463.5		0.588189
463		0.586358
462.5		0.585948
462		0.584525
461.5		0.585174
461		0.58297
460.5		0.581573
460		0.580553
459.5		0.580021
459		0.57887
458.5		0.578583
458		0.579057
457.5		0.575797
457		0.57473
456.5		0.57669
456		0.574325
455.5		0.57422
455		0.573714
454.5		0.573208
454		0.571552
453.5		0.570873
453		0.569006
452.5		0.570176
452		0.568587
451.5		0.568709
451		0.567532
450.5		0.568499
450		0.566905
449.5		0.565833
449		0.564367
448.5		0.564431
448		0.5629
447.5		0.562407
447		0.563061
446.5		0.56007
446		0.559612
445.5		0.559661
445		0.557967
444.5		0.558131
444		0.556989
443.5		0.556754
443		0.556767
442.5		0.556087
442		0.555851
441.5		0.554236
441		0.55328
440.5		0.553454
440		0.554054
439.5		0.552531
439		0.55204
438.5		0.550511
438		0.550098
437.5		0.548995
437		0.549622
436.5		0.548737
436		0.547954
435.5		0.548157
435		0.546077
434.5		0.54714
434		0.544557
433.5		0.544349
433		0.544006
432.5		0.544483
432		0.542377
431.5		0.5421
431		0.541611
430.5		0.54248
430		0.540238
429.5		0.541311
429		0.541204
428.5		0.538502
428		0.538797
427.5		0.538079
427		0.537588
426.5		0.536812
426		0.535306
425.5		0.535749
425		0.535098
424.5		0.535151
424		0.533911
423.5		0.533705
423		0.53482
422.5		0.5339
422		0.532939
421.5		0.532543
421		0.53241
420.5		0.530859
420		0.532621
419.5		0.529878
419		0.529624
418.5		0.528578
418		0.529153
417.5		0.529019
417		0.52537
416.5		0.52718
416		0.526885
415.5		0.526399
415		0.52525
414.5		0.523734
414		0.525817
413.5		0.523739
413		0.524064
412.5		0.523759
412		0.522378
411.5		0.523422
411		0.52191
410.5		0.522297
410		0.522383
409.5		0.520841
409		0.520261
408.5		0.519638
408		0.518454
407.5		0.518729
407		0.516485
406.5		0.518215
406		0.518128
405.5		0.515594
405		0.518567
404.5		0.51687
404		0.516048
403.5		0.515686
403		0.515323
402.5		0.514502
402		0.514459
401.5		0.515246
401		0.51301
400.5		0.512301
400		0.513856
399.5		0.514209
399		0.512567
398.5		0.510073
398		0.51043
397.5		0.510345
397		0.511213
396.5		0.511475
396		0.510216
395.5		0.51043
395		0.51028
394.5		0.510911
394		0.50832
393.5		0.511648
393		0.50879
392.5		0.50714
392		0.507289
391.5		0.507879
391		0.507835
390.5		0.506144
390		0.506307
389.5		0.50557
389		0.506133
388.5		0.505949
388		0.506114
387.5		0.504437
387		0.503413
386.5		0.503666
386		0.505021
385.5		0.504041
385		0.502504
384.5		0.500423
384		0.503646
383.5		0.502581
383		0.502916
382.5		0.501347
382		0.501817
381.5		0.500843
381		0.499158
380.5		0.498825
380		0.501981
379.5		0.497742
379		0.500084
378.5		0.498616
378		0.498451
377.5		0.498912
377		0.499707
376.5		0.496914
376		0.497954
375.5		0.498163
375		0.496332
374.5		0.498579
374		0.496373
373.5		0.499916
373		0.49746
372.5		0.49771
372		0.49854
371.5		0.495313
371		0.497632
370.5		0.495435
370		0.496594
369.5		0.498295
369		0.494533
368.5		0.495985
368		0.496477
367.5		0.492788
367		0.494013
366.5		0.495452
366		0.494139
365.5		0.493315
365		0.492552
364.5		0.496661
364		0.494478
363.5		0.493374
363		0.491689
362.5		0.493341
362		0.490811
361.5		0.489235
361		0.49037
360.5		0.492742
360		0.491854
359.5		0.493078
359		0.491931
358.5		0.488468
358		0.490785
357.5		0.490668
357		0.491477
356.5		0.493019
356		0.489982
355.5		0.491459
355		0.491365
354.5		0.487641
354		0.48828
353.5		0.48814
353		0.486914
352.5		0.489577
352		0.487901
351.5		0.489379
351		0.488414
350.5		0.488645
350		0.486817
349.5		0.485037
349		0.486502
348.5		0.486588
348		0.48406
347.5		0.485195
347		0.484885
346.5		0.483793
346		0.482563
345.5		0.47851
345		0.482794
344.5		0.484528
344		0.481496
343.5		0.482489
343		0.483495
342.5		0.479133
342		0.483691
341.5		0.482657
341		0.478123
340.5		0.479619
340		0.473884
339.5		0.472716
339		0.478349
338.5		0.481721
338		0.476742
337.5		0.474741
337		0.479698
336.5		0.474403
336		0.476362
335.5		0.474539
335		0.473606
334.5		0.474029
334		0.470766
333.5		0.473941
333		0.469719
332.5		0.468806
332		0.471171
331.5		0.466997
331		0.468835
330.5		0.465356
330		0.469764
329.5		0.463313
329		0.468197
328.5		0.465334
328		0.466891
327.5		0.464598
327		0.464931
326.5		0.46375
326		0.462908
325.5		0.462532
325		0.463822
324.5		0.459952
324		0.461122
323.5		0.462582
323		0.462016
322.5		0.4573
322		0.465956
321.5		0.451372
321		0.45698
320.5		0.462863
320		0.456727
319.5		0.456348
319		0.457139
318.5		0.451991
318		0.458107
317.5		0.455732
317		0.452146
316.5		0.450794
316		0.446122
315.5		0.455533
315		0.461086
314.5		0.453977
314		0.451311
313.5		0.449016
313		0.450075
312.5		0.449071
312		0.450258
311.5		0.444279
311		0.449852
310.5		0.445701
310		0.450374
309.5		0.443966
309		0.452214
308.5		0.449787
308		0.436039
307.5		0.430199
307		0.442658
306.5		0.449607
306		0.440824
305.5		0.441305
305		0.441443
304.5		0.443267
304		0.443901
303.5		0.443564
303		0.440726
302.5		0.439252
302		0.409068
301.5		0.434821
301		0.428706
300.5		0.426594
300		0.412763
299.5		0.468159
299		0.377349
298.5		0.43651
298		0.435136
297.5		0.391886
297		0.433901
296.5		0.534054
296		0.53304
295.5		0.460249
295		0.286851
294.5		0.520925
294		0.311934
293.5		0.450727
293		0.244117
292.5		0.722755
292		0.818597
291.5		1.28629
291		0.78798
290.5		-0.7508
290		0.442004
289.5		0.0647242
289		1.53207
288.5		0.345262
288		0.69221
287.5		0.583813
287		2.60297
286.5		0.420613
286		1.20795
285.5		1.40977
285		-4.8452
284.5		0.864609
284		-1.74847
283.5		-0.142729
283		0.856837
282.5		0.824063
282		-0.301206
281.5		-1.62763
281		0.575695
280.5		-0.796378
280		2.85237
279.5		-0.0192737
279		0.705628
278.5		0.335008
278		0.678579
277.5		0.409048
277		1.20433
276.5		1.05449
276		0.918332
275.5		-6.54036
275		0.77763
274.5		0.282217
274		0.128549
273.5		-0.186108
273		3.1314
272.5		-0.376195
272		-24.7753
271.5		0.515774
271		16.2915
270.5		43.8274
270		0.535342
269.5		0.58505
269		0.394393
268.5		0.562879
268		0.229534
267.5		0.387136
267		0.175143
266.5		0.558711
266		1.97887
265.5		0.505559
265		0.359571
264.5		-9.36195
264		-0.263611
263.5		0.784021
263		0.972172
262.5		0.706988
262		-31.0225
261.5		0.846953
261		0.61442
260.5		0.451777
260		-6.34314
259.5		-7.33245
259		0.178311
258.5		0.516768
258		-0.678822
257.5		-0.36104
257		23.6804
256.5		0.659908
256		0.555823
255.5		-2.72724
255		0.618427
254.5		0.316536
254		-0.102517
253.5		0.9168
253		0.29401
252.5		0.568705
252		0.106176
251.5		0.212146
251		-0.563923
250.5		0.362877
250		1.29679
249.5		7.9241
249		0.026417
248.5		1.29033
248		0.464727
247.5		0.284812
247		0.474685
246.5		0.213443
246		0.159006
245.5		-0.165267
245		-0.0334681
244.5		-0.525279
244		0.133093
243.5		-2.00883
243		0.125007
242.5		1.8645
242		0.867234
241.5		0.0467198
241		-39.105
240.5		1.25158
240		0.436632
239.5		1.05875
239		2.54698
238.5		2.08099
238		0.359994
237.5		0.203846
237		-13.1127
236.5		1.01771
236		1.61419
235.5		0.340141
235		-0.0326483
234.5		-0.693148
234		1.87537
233.5		0.148762
233		0.107818
232.5		-0.0684509
232		-1.29371
231.5		0.0502034
231		4.55856
230.5		0.378692
230		2.07187
229.5		-0.162632
229		0.808537
228.5		0.629854
228		2.2268
227.5		0.971014
227		-11.2555
226.5		0.312154
226		0.707956
225.5		-0.214393
225		-0.12053
224.5		3.77192
224		2.65926
223.5		0.18598
223		0.676626
222.5		0.106503
222		4.1418
221.5		0.442789
221		4.50949
220.5		-0.414222
220		0.383458
219.5		-2.27147
219		0.326186
218.5		0.620914
218		0.226598
217.5		1.72907
217		0.0369128
216.5		0.310815
216		0.0406972
215.5		1.95752
215		0.0297341
214.5		-0.493443
214		0.504007
213.5		-0.0502513
213		-15.1006
212.5		0.316048
212		-1.39418
211.5		0.757388
211		0.858538
210.5		0.034108
210		0.236113
209.5		-0.0948342
209		0.327649
208.5		0.338037
208		0.10288
207.5		-0.00170543
207		-0.48203
206.5		-1.02837
206		-0.153127
205.5		0.821445
205		0.340245
204.5		-0.0898539
204		0.318801
203.5		1.64709
203		-0.0469382
202.5		1.1342
202		-0.233334
201.5		0.167314
201		0.330283
200.5		-0.420654
200		-0.0881615
