08/05/2024 16.15.22
08/05/2024 16.24.21

800.0000	 40.2600

800.0000	 40.2600

900.0000	 34.4400



  1.0000
900.0000
  3.0000
340.0000
  1.0000
1401.0000
  5.0000
  6.0000
  1.0000
  1.0000
  0.0000
  0.0000
100.0000
  0.0000
  1.0000
  0.0000
500.0000
900.0000
200.0000
  4.0000
  1.0000
 18.0000
  2.0000
  1.0000
255.0000
  0.8238
  1.0000
 30.0000
  4.0000
500.0000
  0.0000
  0.0000
  4.0000
900.0000
200.0000
  0.0000
100.0000
  0.0000
  1.0000
  0.0000
500.0000
  1.0000
  1.0000
  1.0000
  1.0000
  4.0000
  0.0000
  1.0000
  1.0000
  1.0000
  1.0000
  1.0000
  2.0000
  1.0000
  1.0000
  1.0000
  3.0000
  1.0000
  1.0000
  1.0000
  4.0000
  5.0000
538.852
0.000

lambda: 800
Abs:    0.000
ID:     0

#
900.0000	  0.3436
899.5000	  0.3462
899.0000	  0.3443
898.5000	  0.3307
898.0000	  0.3428
897.5000	  0.3368
897.0000	  0.3503
896.5000	  0.3473
896.0000	  0.3474
895.5000	  0.3346
895.0000	  0.3180
894.5000	  0.3322
894.0000	  0.3460
893.5000	  0.3470
893.0000	  0.3211
892.5000	  0.3426
892.0000	  0.3374
891.5000	  0.3411
891.0000	  0.3417
890.5000	  0.3406
890.0000	  0.3405
889.5000	  0.3448
889.0000	  0.3458
888.5000	  0.3566
888.0000	  0.3410
887.5000	  0.3346
887.0000	  0.3405
886.5000	  0.3485
886.0000	  0.3430
885.5000	  0.3486
885.0000	  0.3441
884.5000	  0.3429
884.0000	  0.3444
883.5000	  0.3368
883.0000	  0.3394
882.5000	  0.3415
882.0000	  0.3446
881.5000	  0.3431
881.0000	  0.3446
880.5000	  0.3472
880.0000	  0.3358
879.5000	  0.3468
879.0000	  0.3516
878.5000	  0.3526
878.0000	  0.3513
877.5000	  0.3486
877.0000	  0.3479
876.5000	  0.3457
876.0000	  0.3548
875.5000	  0.3563
875.0000	  0.3439
874.5000	  0.3489
874.0000	  0.3491
873.5000	  0.3539
873.0000	  0.3553
872.5000	  0.3542
872.0000	  0.3544
871.5000	  0.3500
871.0000	  0.3544
870.5000	  0.3540
870.0000	  0.3496
869.5000	  0.3562
869.0000	  0.3562
868.5000	  0.3526
868.0000	  0.3545
867.5000	  0.3552
867.0000	  0.3560
866.5000	  0.3557
866.0000	  0.3555
865.5000	  0.3560
865.0000	  0.3558
864.5000	  0.3552
864.0000	  0.3569
863.5000	  0.3591
863.0000	  0.3578
862.5000	  0.3570
862.0000	  0.3593
861.5000	  0.3591
861.0000	  0.3604
860.5000	  0.3619
860.0000	  0.3607
859.5000	  0.3615
859.0000	  0.3630
858.5000	  0.3590
858.0000	  0.3585
857.5000	  0.3654
857.0000	  0.3641
856.5000	  0.3641
856.0000	  0.3626
855.5000	  0.3652
855.0000	  0.3649
854.5000	  0.3678
854.0000	  0.3686
853.5000	  0.3669
853.0000	  0.3692
852.5000	  0.3682
852.0000	  0.3692
851.5000	  0.3674
851.0000	  0.3698
850.5000	  0.3701
850.0000	  0.3714
849.5000	  0.3707
849.0000	  0.3691
848.5000	  0.3723
848.0000	  0.3693
847.5000	  0.3718
847.0000	  0.3714
846.5000	  0.3724
846.0000	  0.3725
845.5000	  0.3727
845.0000	  0.3737
844.5000	  0.3743
844.0000	  0.3747
843.5000	  0.3755
843.0000	  0.3746
842.5000	  0.3754
842.0000	  0.3752
841.5000	  0.3763
841.0000	  0.3758
840.5000	  0.3781
840.0000	  0.3764
839.5000	  0.3779
839.0000	  0.3771
838.5000	  0.3770
838.0000	  0.3776
837.5000	  0.3780
837.0000	  0.3777
836.5000	  0.3797
836.0000	  0.3795
835.5000	  0.3795
835.0000	  0.3803
834.5000	  0.3800
834.0000	  0.3797
833.5000	  0.3796
833.0000	  0.3789
832.5000	  0.3802
832.0000	  0.3817
831.5000	  0.3804
831.0000	  0.3809
830.5000	  0.3817
830.0000	  0.3813
829.5000	  0.3818
829.0000	  0.3837
828.5000	  0.3824
828.0000	  0.3837
827.5000	  0.3832
827.0000	  0.3821
826.5000	  0.3827
826.0000	  0.3842
825.5000	  0.3847
825.0000	  0.3844
824.5000	  0.3844
824.0000	  0.3851
823.5000	  0.3851
823.0000	  0.3842
822.5000	  0.3860
822.0000	  0.3874
821.5000	  0.3866
821.0000	  0.3868
820.5000	  0.3879
820.0000	  0.3872
819.5000	  0.3884
819.0000	  0.3874
818.5000	  0.3885
818.0000	  0.3889
817.5000	  0.3891
817.0000	  0.3898
816.5000	  0.3886
816.0000	  0.3901
815.5000	  0.3910
815.0000	  0.3900
814.5000	  0.3912
814.0000	  0.3906
813.5000	  0.3917
813.0000	  0.3922
812.5000	  0.3934
812.0000	  0.3938
811.5000	  0.3941
811.0000	  0.3934
810.5000	  0.3950
810.0000	  0.3951
809.5000	  0.3945
809.0000	  0.3955
808.5000	  0.3968
808.0000	  0.3967
807.5000	  0.3971
807.0000	  0.3975
806.5000	  0.3981
806.0000	  0.3978
805.5000	  0.3981
805.0000	  0.3987
804.5000	  0.3993
804.0000	  0.4002
803.5000	  0.3999
803.0000	  0.4005
802.5000	  0.4012
802.0000	  0.4017
801.5000	  0.4020
801.0000	  0.4012
800.5000	  0.4034
800.0000	  0.4027
799.5000	  0.4028
799.0000	  0.4033
798.5000	  0.4044
798.0000	  0.4052
797.5000	  0.4057
797.0000	  0.4057
796.5000	  0.4067
796.0000	  0.4067
795.5000	  0.4081
795.0000	  0.4078
794.5000	  0.4089
794.0000	  0.4088
793.5000	  0.4090
793.0000	  0.4088
792.5000	  0.4102
792.0000	  0.4108
791.5000	  0.4103
791.0000	  0.4116
790.5000	  0.4111
790.0000	  0.4122
789.5000	  0.4132
789.0000	  0.4132
788.5000	  0.4139
788.0000	  0.4136
787.5000	  0.4147
787.0000	  0.4151
786.5000	  0.4145
786.0000	  0.4154
785.5000	  0.4160
785.0000	  0.4158
784.5000	  0.4168
784.0000	  0.4175
783.5000	  0.4176
783.0000	  0.4184
782.5000	  0.4184
782.0000	  0.4196
781.5000	  0.4201
781.0000	  0.4198
780.5000	  0.4205
780.0000	  0.4214
779.5000	  0.4231
779.0000	  0.4217
778.5000	  0.4232
778.0000	  0.4240
777.5000	  0.4236
777.0000	  0.4243
776.5000	  0.4242
776.0000	  0.4254
775.5000	  0.4254
775.0000	  0.4266
774.5000	  0.4267
774.0000	  0.4271
773.5000	  0.4272
773.0000	  0.4276
772.5000	  0.4286
772.0000	  0.4293
771.5000	  0.4304
771.0000	  0.4302
770.5000	  0.4316
770.0000	  0.4314
769.5000	  0.4319
769.0000	  0.4331
768.5000	  0.4325
768.0000	  0.4337
767.5000	  0.4339
767.0000	  0.4338
766.5000	  0.4352
766.0000	  0.4358
765.5000	  0.4358
765.0000	  0.4362
764.5000	  0.4375
764.0000	  0.4384
763.5000	  0.4376
763.0000	  0.4386
762.5000	  0.4390
762.0000	  0.4394
761.5000	  0.4394
761.0000	  0.4414
760.5000	  0.4418
760.0000	  0.4416
759.5000	  0.4424
759.0000	  0.4426
758.5000	  0.4437
758.0000	  0.4440
757.5000	  0.4446
757.0000	  0.4457
756.5000	  0.4463
756.0000	  0.4455
755.5000	  0.4458
755.0000	  0.4465
754.5000	  0.4483
754.0000	  0.4492
753.5000	  0.4490
753.0000	  0.4504
752.5000	  0.4499
752.0000	  0.4495
751.5000	  0.4513
751.0000	  0.4517
750.5000	  0.4521
750.0000	  0.4532
749.5000	  0.4533
749.0000	  0.4541
748.5000	  0.4542
748.0000	  0.4550
747.5000	  0.4559
747.0000	  0.4567
746.5000	  0.4572
746.0000	  0.4577
745.5000	  0.4584
745.0000	  0.4592
744.5000	  0.4606
744.0000	  0.4599
743.5000	  0.4612
743.0000	  0.4608
742.5000	  0.4617
742.0000	  0.4631
741.5000	  0.4636
741.0000	  0.4644
740.5000	  0.4640
740.0000	  0.4646
739.5000	  0.4653
739.0000	  0.4661
738.5000	  0.4669
738.0000	  0.4671
737.5000	  0.4689
737.0000	  0.4682
736.5000	  0.4697
736.0000	  0.4703
735.5000	  0.4708
735.0000	  0.4716
734.5000	  0.4728
734.0000	  0.4736
733.5000	  0.4747
733.0000	  0.4757
732.5000	  0.4759
732.0000	  0.4770
731.5000	  0.4771
731.0000	  0.4788
730.5000	  0.4802
730.0000	  0.4802
729.5000	  0.4813
729.0000	  0.4822
728.5000	  0.4831
728.0000	  0.4851
727.5000	  0.4844
727.0000	  0.4870
726.5000	  0.4883
726.0000	  0.4896
725.5000	  0.4902
725.0000	  0.4931
724.5000	  0.4929
724.0000	  0.4956
723.5000	  0.4977
723.0000	  0.4989
722.5000	  0.4990
722.0000	  0.5026
721.5000	  0.5038
721.0000	  0.5047
720.5000	  0.5069
720.0000	  0.5072
719.5000	  0.5104
719.0000	  0.5132
718.5000	  0.5141
718.0000	  0.5155
717.5000	  0.5171
717.0000	  0.5173
716.5000	  0.5182
716.0000	  0.5179
715.5000	  0.5167
715.0000	  0.5165
714.5000	  0.5159
714.0000	  0.5142
713.5000	  0.5139
713.0000	  0.5127
712.5000	  0.5121
712.0000	  0.5111
711.5000	  0.5096
711.0000	  0.5100
710.5000	  0.5084
710.0000	  0.5087
709.5000	  0.5083
709.0000	  0.5072
708.5000	  0.5072
708.0000	  0.5064
707.5000	  0.5076
707.0000	  0.5072
706.5000	  0.5075
706.0000	  0.5086
705.5000	  0.5088
705.0000	  0.5098
704.5000	  0.5096
704.0000	  0.5107
703.5000	  0.5115
703.0000	  0.5122
702.5000	  0.5133
702.0000	  0.5128
701.5000	  0.5141
701.0000	  0.5146
700.5000	  0.5150
700.0000	  0.5151
699.5000	  0.5164
699.0000	  0.5163
698.5000	  0.5170
698.0000	  0.5189
697.5000	  0.5185
697.0000	  0.5179
696.5000	  0.5196
696.0000	  0.5202
695.5000	  0.5220
695.0000	  0.5220
694.5000	  0.5221
694.0000	  0.5230
693.5000	  0.5237
693.0000	  0.5241
692.5000	  0.5241
692.0000	  0.5256
691.5000	  0.5257
691.0000	  0.5273
690.5000	  0.5274
690.0000	  0.5281
689.5000	  0.5289
689.0000	  0.5289
688.5000	  0.5308
688.0000	  0.5301
687.5000	  0.5316
687.0000	  0.5327
686.5000	  0.5321
686.0000	  0.5339
685.5000	  0.5328
685.0000	  0.5345
684.5000	  0.5352
684.0000	  0.5361
683.5000	  0.5364
683.0000	  0.5371
682.5000	  0.5378
682.0000	  0.5385
681.5000	  0.5403
681.0000	  0.5396
680.5000	  0.5404
680.0000	  0.5409
679.5000	  0.5420
679.0000	  0.5433
678.5000	  0.5422
678.0000	  0.5434
677.5000	  0.5440
677.0000	  0.5455
676.5000	  0.5449
676.0000	  0.5458
675.5000	  0.5466
675.0000	  0.5472
674.5000	  0.5486
674.0000	  0.5486
673.5000	  0.5492
673.0000	  0.5499
672.5000	  0.5506
672.0000	  0.5518
671.5000	  0.5520
671.0000	  0.5525
670.5000	  0.5535
670.0000	  0.5533
669.5000	  0.5547
669.0000	  0.5546
668.5000	  0.5559
668.0000	  0.5557
667.5000	  0.5576
667.0000	  0.5571
666.5000	  0.5576
666.0000	  0.5591
665.5000	  0.5592
665.0000	  0.5599
664.5000	  0.5605
664.0000	  0.5614
663.5000	  0.5625
663.0000	  0.5629
662.5000	  0.5630
662.0000	  0.5643
661.5000	  0.5640
661.0000	  0.5648
660.5000	  0.5664
660.0000	  0.5660
659.5000	  0.5671
659.0000	  0.5671
658.5000	  0.5682
658.0000	  0.5690
657.5000	  0.5684
657.0000	  0.5701
656.5000	  0.5709
656.0000	  0.5711
655.5000	  0.5715
655.0000	  0.5721
654.5000	  0.5725
654.0000	  0.5729
653.5000	  0.5742
653.0000	  0.5738
652.5000	  0.5749
652.0000	  0.5751
651.5000	  0.5755
651.0000	  0.5766
650.5000	  0.5764
650.0000	  0.5775
649.5000	  0.5787
649.0000	  0.5790
648.5000	  0.5793
648.0000	  0.5795
647.5000	  0.5806
647.0000	  0.5810
646.5000	  0.5817
646.0000	  0.5814
645.5000	  0.5824
645.0000	  0.5828
644.5000	  0.5835
644.0000	  0.5839
643.5000	  0.5837
643.0000	  0.5848
642.5000	  0.5852
642.0000	  0.5858
641.5000	  0.5860
641.0000	  0.5859
640.5000	  0.5869
640.0000	  0.5873
639.5000	  0.5873
639.0000	  0.5881
638.5000	  0.5881
638.0000	  0.5888
637.5000	  0.5890
637.0000	  0.5903
636.5000	  0.5894
636.0000	  0.5906
635.5000	  0.5908
635.0000	  0.5908
634.5000	  0.5916
634.0000	  0.5915
633.5000	  0.5915
633.0000	  0.5916
632.5000	  0.5927
632.0000	  0.5935
631.5000	  0.5938
631.0000	  0.5949
630.5000	  0.5954
630.0000	  0.5971
629.5000	  0.5972
629.0000	  0.5989
628.5000	  0.6000
628.0000	  0.6009
627.5000	  0.6025
627.0000	  0.6042
626.5000	  0.6056
626.0000	  0.6082
625.5000	  0.6097
625.0000	  0.6098
624.5000	  0.6132
624.0000	  0.6143
623.5000	  0.6158
623.0000	  0.6179
622.5000	  0.6187
622.0000	  0.6203
621.5000	  0.6218
621.0000	  0.6223
620.5000	  0.6238
620.0000	  0.6245
619.5000	  0.6259
619.0000	  0.6272
618.5000	  0.6297
618.0000	  0.6283
617.5000	  0.6297
617.0000	  0.6301
616.5000	  0.6297
616.0000	  0.6309
615.5000	  0.6301
615.0000	  0.6305
614.5000	  0.6318
614.0000	  0.6319
613.5000	  0.6322
613.0000	  0.6329
612.5000	  0.6336
612.0000	  0.6333
611.5000	  0.6339
611.0000	  0.6337
610.5000	  0.6348
610.0000	  0.6350
609.5000	  0.6366
609.0000	  0.6357
608.5000	  0.6363
608.0000	  0.6382
607.5000	  0.6379
607.0000	  0.6391
606.5000	  0.6389
606.0000	  0.6404
605.5000	  0.6403
605.0000	  0.6411
604.5000	  0.6411
604.0000	  0.6428
603.5000	  0.6425
603.0000	  0.6434
602.5000	  0.6444
602.0000	  0.6443
601.5000	  0.6452
601.0000	  0.6461
600.5000	  0.6468
600.0000	  0.6474
599.5000	  0.6471
599.0000	  0.6478
598.5000	  0.6483
598.0000	  0.6495
597.5000	  0.6498
597.0000	  0.6501
596.5000	  0.6514
596.0000	  0.6511
595.5000	  0.6516
595.0000	  0.6512
594.5000	  0.6521
594.0000	  0.6529
593.5000	  0.6539
593.0000	  0.6537
592.5000	  0.6544
592.0000	  0.6563
591.5000	  0.6553
591.0000	  0.6567
590.5000	  0.6561
590.0000	  0.6572
589.5000	  0.6575
589.0000	  0.6589
588.5000	  0.6591
588.0000	  0.6592
587.5000	  0.6607
587.0000	  0.6605
586.5000	  0.6622
586.0000	  0.6603
585.5000	  0.6610
585.0000	  0.6629
584.5000	  0.6625
584.0000	  0.6640
583.5000	  0.6634
583.0000	  0.6644
582.5000	  0.6643
582.0000	  0.6654
581.5000	  0.6649
581.0000	  0.6650
580.5000	  0.6667
580.0000	  0.6653
579.5000	  0.6675
579.0000	  0.6670
578.5000	  0.6682
578.0000	  0.6690
577.5000	  0.6688
577.0000	  0.6693
576.5000	  0.6691
576.0000	  0.6715
575.5000	  0.6702
575.0000	  0.6716
574.5000	  0.6715
574.0000	  0.6720
573.5000	  0.6724
573.0000	  0.6731
572.5000	  0.6741
572.0000	  0.6737
571.5000	  0.6741
571.0000	  0.6739
570.5000	  0.6754
570.0000	  0.6751
569.5000	  0.6753
569.0000	  0.6753
568.5000	  0.6763
568.0000	  0.6774
567.5000	  0.6774
567.0000	  0.6786
566.5000	  0.6785
566.0000	  0.6788
565.5000	  0.6782
565.0000	  0.6789
564.5000	  0.6795
564.0000	  0.6803
563.5000	  0.6803
563.0000	  0.6800
562.5000	  0.6802
562.0000	  0.6817
561.5000	  0.6826
561.0000	  0.6815
560.5000	  0.6817
560.0000	  0.6829
559.5000	  0.6837
559.0000	  0.6839
558.5000	  0.6843
558.0000	  0.6843
557.5000	  0.6845
557.0000	  0.6846
556.5000	  0.6855
556.0000	  0.6856
555.5000	  0.6852
555.0000	  0.6861
554.5000	  0.6861
554.0000	  0.6870
553.5000	  0.6860
553.0000	  0.6870
552.5000	  0.6877
552.0000	  0.6872
551.5000	  0.6873
551.0000	  0.6876
550.5000	  0.6887
550.0000	  0.6883
549.5000	  0.6895
549.0000	  0.6893
548.5000	  0.6890
548.0000	  0.6889
547.5000	  0.6902
547.0000	  0.6898
546.5000	  0.6902
546.0000	  0.6904
545.5000	  0.6903
545.0000	  0.6904
544.5000	  0.6902
544.0000	  0.6910
543.5000	  0.6911
543.0000	  0.6912
542.5000	  0.6907
542.0000	  0.6919
541.5000	  0.6920
541.0000	  0.6912
540.5000	  0.6927
540.0000	  0.6914
539.5000	  0.6923
539.0000	  0.6923
538.5000	  0.6924
538.0000	  0.6927
537.5000	  0.6921
537.0000	  0.6931
536.5000	  0.6927
536.0000	  0.6940
535.5000	  0.6925
535.0000	  0.6926
534.5000	  0.6932
534.0000	  0.6928
533.5000	  0.6925
533.0000	  0.6919
532.5000	  0.6932
532.0000	  0.6929
531.5000	  0.6929
531.0000	  0.6933
530.5000	  0.6923
530.0000	  0.6928
529.5000	  0.6923
529.0000	  0.6939
528.5000	  0.6923
528.0000	  0.6919
527.5000	  0.6922
527.0000	  0.6921
526.5000	  0.6919
526.0000	  0.6919
525.5000	  0.6915
525.0000	  0.6914
524.5000	  0.6915
524.0000	  0.6901
523.5000	  0.6909
523.0000	  0.6912
522.5000	  0.6896
522.0000	  0.6913
521.5000	  0.6897
521.0000	  0.6900
520.5000	  0.6898
520.0000	  0.6898
519.5000	  0.6889
519.0000	  0.6876
518.5000	  0.6882
518.0000	  0.6877
517.5000	  0.6885
517.0000	  0.6867
516.5000	  0.6864
516.0000	  0.6867
515.5000	  0.6857
515.0000	  0.6853
514.5000	  0.6853
514.0000	  0.6846
513.5000	  0.6841
513.0000	  0.6839
512.5000	  0.6828
512.0000	  0.6828
511.5000	  0.6821
511.0000	  0.6811
510.5000	  0.6821
510.0000	  0.6802
509.5000	  0.6806
509.0000	  0.6811
508.5000	  0.6802
508.0000	  0.6799
507.5000	  0.6791
507.0000	  0.6798
506.5000	  0.6791
506.0000	  0.6796
505.5000	  0.6796
505.0000	  0.6786
504.5000	  0.6795
504.0000	  0.6791
503.5000	  0.6805
503.0000	  0.6790
502.5000	  0.6795
502.0000	  0.6800
501.5000	  0.6799
501.0000	  0.6797
500.5000	  0.6788
500.0000	  0.6799
499.5000	  0.6788
499.0000	  0.6793
498.5000	  0.6787
498.0000	  0.6784
497.5000	  0.6782
497.0000	  0.6783
496.5000	  0.6784
496.0000	  0.6764
495.5000	  0.6776
495.0000	  0.6762
494.5000	  0.6755
494.0000	  0.6752
493.5000	  0.6730
493.0000	  0.6732
492.5000	  0.6717
492.0000	  0.6721
491.5000	  0.6697
491.0000	  0.6695
490.5000	  0.6690
490.0000	  0.6685
489.5000	  0.6669
489.0000	  0.6655
488.5000	  0.6657
488.0000	  0.6642
487.5000	  0.6621
487.0000	  0.6599
486.5000	  0.6588
486.0000	  0.6588
485.5000	  0.6571
485.0000	  0.6575
484.5000	  0.6553
484.0000	  0.6530
483.5000	  0.6532
483.0000	  0.6522
482.5000	  0.6512
482.0000	  0.6502
481.5000	  0.6489
481.0000	  0.6471
480.5000	  0.6469
480.0000	  0.6445
479.5000	  0.6447
479.0000	  0.6436
478.5000	  0.6422
478.0000	  0.6429
477.5000	  0.6411
477.0000	  0.6404
476.5000	  0.6407
476.0000	  0.6387
475.5000	  0.6380
475.0000	  0.6364
474.5000	  0.6361
474.0000	  0.6360
473.5000	  0.6350
473.0000	  0.6340
472.5000	  0.6339
472.0000	  0.6323
471.5000	  0.6310
471.0000	  0.6312
470.5000	  0.6301
470.0000	  0.6293
469.5000	  0.6291
469.0000	  0.6282
468.5000	  0.6280
468.0000	  0.6278
467.5000	  0.6274
467.0000	  0.6264
466.5000	  0.6282
466.0000	  0.6250
465.5000	  0.6260
465.0000	  0.6247
464.5000	  0.6248
464.0000	  0.6244
463.5000	  0.6244
463.0000	  0.6230
462.5000	  0.6237
462.0000	  0.6232
461.5000	  0.6223
461.0000	  0.6217
460.5000	  0.6235
460.0000	  0.6214
459.5000	  0.6221
459.0000	  0.6201
458.5000	  0.6195
458.0000	  0.6206
457.5000	  0.6189
457.0000	  0.6190
456.5000	  0.6169
456.0000	  0.6158
455.5000	  0.6151
455.0000	  0.6145
454.5000	  0.6134
454.0000	  0.6117
453.5000	  0.6112
453.0000	  0.6077
452.5000	  0.6078
452.0000	  0.6054
451.5000	  0.6029
451.0000	  0.6035
450.5000	  0.5998
450.0000	  0.5991
449.5000	  0.5969
449.0000	  0.5944
448.5000	  0.5928
448.0000	  0.5922
447.5000	  0.5895
447.0000	  0.5879
446.5000	  0.5863
446.0000	  0.5848
445.5000	  0.5846
445.0000	  0.5820
444.5000	  0.5798
444.0000	  0.5786
443.5000	  0.5782
443.0000	  0.5775
442.5000	  0.5751
442.0000	  0.5756
441.5000	  0.5743
441.0000	  0.5718
440.5000	  0.5717
440.0000	  0.5694
439.5000	  0.5691
439.0000	  0.5690
438.5000	  0.5676
438.0000	  0.5659
437.5000	  0.5661
437.0000	  0.5650
436.5000	  0.5632
436.0000	  0.5631
435.5000	  0.5615
435.0000	  0.5612
434.5000	  0.5611
434.0000	  0.5601
433.5000	  0.5589
433.0000	  0.5579
432.5000	  0.5577
432.0000	  0.5564
431.5000	  0.5572
431.0000	  0.5547
430.5000	  0.5549
430.0000	  0.5545
429.5000	  0.5540
429.0000	  0.5539
428.5000	  0.5530
428.0000	  0.5519
427.5000	  0.5523
427.0000	  0.5519
426.5000	  0.5503
426.0000	  0.5502
425.5000	  0.5503
425.0000	  0.5492
424.5000	  0.5495
424.0000	  0.5482
423.5000	  0.5483
423.0000	  0.5482
422.5000	  0.5481
422.0000	  0.5481
421.5000	  0.5460
421.0000	  0.5467
420.5000	  0.5469
420.0000	  0.5468
419.5000	  0.5457
419.0000	  0.5443
418.5000	  0.5459
418.0000	  0.5441
417.5000	  0.5449
417.0000	  0.5441
416.5000	  0.5429
416.0000	  0.5428
415.5000	  0.5423
415.0000	  0.5433
414.5000	  0.5415
414.0000	  0.5412
413.5000	  0.5420
413.0000	  0.5408
412.5000	  0.5404
412.0000	  0.5398
411.5000	  0.5405
411.0000	  0.5395
410.5000	  0.5389
410.0000	  0.5386
409.5000	  0.5383
409.0000	  0.5376
408.5000	  0.5375
408.0000	  0.5372
407.5000	  0.5374
407.0000	  0.5363
406.5000	  0.5364
406.0000	  0.5362
405.5000	  0.5363
405.0000	  0.5347
404.5000	  0.5350
404.0000	  0.5347
403.5000	  0.5344
403.0000	  0.5344
402.5000	  0.5332
402.0000	  0.5323
401.5000	  0.5331
401.0000	  0.5326
400.5000	  0.5327
400.0000	  0.5318
399.5000	  0.5331
399.0000	  0.5303
398.5000	  0.5319
398.0000	  0.5311
397.5000	  0.5303
397.0000	  0.5314
396.5000	  0.5302
396.0000	  0.5306
395.5000	  0.5289
395.0000	  0.5296
394.5000	  0.5298
394.0000	  0.5286
393.5000	  0.5295
393.0000	  0.5284
392.5000	  0.5290
392.0000	  0.5279
391.5000	  0.5283
391.0000	  0.5285
390.5000	  0.5280
390.0000	  0.5291
389.5000	  0.5286
389.0000	  0.5295
388.5000	  0.5293
388.0000	  0.5292
387.5000	  0.5287
387.0000	  0.5298
386.5000	  0.5302
386.0000	  0.5293
385.5000	  0.5306
385.0000	  0.5304
384.5000	  0.5323
384.0000	  0.5322
383.5000	  0.5311
383.0000	  0.5319
382.5000	  0.5333
382.0000	  0.5321
381.5000	  0.5315
381.0000	  0.5323
380.5000	  0.5328
380.0000	  0.5326
379.5000	  0.5331
379.0000	  0.5317
378.5000	  0.5333
378.0000	  0.5314
377.5000	  0.5339
377.0000	  0.5339
376.5000	  0.5327
376.0000	  0.5346
375.5000	  0.5339
375.0000	  0.5320
374.5000	  0.5318
374.0000	  0.5336
373.5000	  0.5304
373.0000	  0.5320
372.5000	  0.5327
372.0000	  0.5326
371.5000	  0.5334
371.0000	  0.5323
370.5000	  0.5345
370.0000	  0.5320
369.5000	  0.5328
369.0000	  0.5323
368.5000	  0.5322
368.0000	  0.5337
367.5000	  0.5332
367.0000	  0.5321
366.5000	  0.5322
366.0000	  0.5343
365.5000	  0.5323
365.0000	  0.5334
364.5000	  0.5324
364.0000	  0.5324
363.5000	  0.5335
363.0000	  0.5328
362.5000	  0.5329
362.0000	  0.5305
361.5000	  0.5335
361.0000	  0.5313
360.5000	  0.5354
360.0000	  0.5328
359.5000	  0.5344
359.0000	  0.5333
358.5000	  0.5344
358.0000	  0.5341
357.5000	  0.5332
357.0000	  0.5351
356.5000	  0.5337
356.0000	  0.5346
355.5000	  0.5337
355.0000	  0.5329
354.5000	  0.5336
354.0000	  0.5331
353.5000	  0.5320
353.0000	  0.5347
352.5000	  0.5324
352.0000	  0.5329
351.5000	  0.5355
351.0000	  0.5346
350.5000	  0.5320
350.0000	  0.5333
349.5000	  0.5319
349.0000	  0.5318
348.5000	  0.5313
348.0000	  0.5341
347.5000	  0.5323
347.0000	  0.5332
346.5000	  0.5326
346.0000	  0.5335
345.5000	  0.5280
345.0000	  0.5304
344.5000	  0.5292
344.0000	  0.5273
343.5000	  0.5266
343.0000	  0.5282
342.5000	  0.5301
342.0000	  0.5288
341.5000	  0.5298
341.0000	  0.5265
340.5000	  0.5265
340.0000	  0.5330
339.5000	  0.5276
339.0000	  0.5296
338.5000	  0.5298
338.0000	  0.5294
337.5000	  0.5306
337.0000	  0.5260
336.5000	  0.5285
336.0000	  0.5326
335.5000	  0.5302
335.0000	  0.5316
334.5000	  0.5276
334.0000	  0.5294
333.5000	  0.5296
333.0000	  0.5288
332.5000	  0.5274
332.0000	  0.5247
331.5000	  0.5249
331.0000	  0.5252
330.5000	  0.5225
330.0000	  0.5234
329.5000	  0.5202
329.0000	  0.5239
328.5000	  0.5241
328.0000	  0.5229
327.5000	  0.5220
327.0000	  0.5230
326.5000	  0.5241
326.0000	  0.5261
325.5000	  0.5223
325.0000	  0.5167
324.5000	  0.5190
324.0000	  0.5197
323.5000	  0.5181
323.0000	  0.5202
322.5000	  0.5187
322.0000	  0.5176
321.5000	  0.5173
321.0000	  0.5163
320.5000	  0.5153
320.0000	  0.5170
319.5000	  0.5177
319.0000	  0.5129
318.5000	  0.5186
318.0000	  0.5138
317.5000	  0.5119
317.0000	  0.5094
316.5000	  0.5102
316.0000	  0.5110
315.5000	  0.5089
315.0000	  0.5098
314.5000	  0.5057
314.0000	  0.5041
313.5000	  0.5022
313.0000	  0.5040
312.5000	  0.5005
312.0000	  0.4998
311.5000	  0.5027
311.0000	  0.4974
310.5000	  0.4968
310.0000	  0.4985
309.5000	  0.4950
309.0000	  0.4861
308.5000	  0.4899
308.0000	  0.4921
307.5000	  0.4814
307.0000	  0.4824
306.5000	  0.4879
306.0000	  0.4857
305.5000	  0.4802
305.0000	  0.4816
304.5000	  0.4927
304.0000	  0.4830
303.5000	  0.4576
303.0000	  0.4696
302.5000	  0.4664
302.0000	  0.4532
301.5000	  0.4415
301.0000	  0.4653
300.5000	  0.4573
300.0000	  0.4422
299.5000	  0.4353
299.0000	  0.5065
298.5000	  0.3827
298.0000	  0.4418
297.5000	  0.4327
297.0000	  0.5237
296.5000	  0.4060
296.0000	  0.5630
295.5000	  0.6050
295.0000	  0.3168
294.5000	  0.5331
294.0000	  0.4158
293.5000	  0.6998
293.0000	  0.9690
292.5000	  4.2082
292.0000	  0.7402
291.5000	  1.4718
291.0000	  0.3533
290.5000	  0.4467
290.0000	  1.1358
289.5000	  0.9968
289.0000	  2.3856
288.5000	  0.9772
288.0000	 -3.5357
287.5000	  1.1830
287.0000	  1.4011
286.5000	  0.9074
286.0000	  0.9785
285.5000	  4.7584
285.0000	  0.7327
284.5000	  1.4615
284.0000	 -0.2378
283.5000	 -0.8918
283.0000	  0.2553
282.5000	  0.4128
282.0000	  0.0257
281.5000	  1.9422
281.0000	  0.7542
280.5000	  0.9659
280.0000	  0.2062
279.5000	  1.4094
279.0000	  1.3454
278.5000	  1.0919
278.0000	  1.3138
277.5000	  0.0861
277.0000	  2.2810
276.5000	  0.7880
276.0000	  2.9943
275.5000	  1.2526
275.0000	  1.0103
274.5000	 -0.4283
274.0000	  0.0108
273.5000	 -0.3825
273.0000	  0.6114
272.5000	  0.9250
272.0000	  1.2465
271.5000	  1.3514
271.0000	  1.6691
270.5000	 -2.3066
270.0000	  0.1628
269.5000	 -8.9021
269.0000	  0.9940
268.5000	 -2.2988
268.0000	  1.3334
267.5000	  0.1276
267.0000	  0.5194
266.5000	 -0.8634
266.0000	  1.0378
265.5000	  1.7009
265.0000	  0.4920
264.5000	  1.7208
264.0000	  1.1420
263.5000	  0.9596
263.0000	  0.2165
262.5000	 -1.7441
262.0000	  0.4776
261.5000	  0.6607
261.0000	 -1.4034
260.5000	  0.5968
260.0000	 -0.0773
259.5000	  0.2409
259.0000	  2.2806
258.5000	  1.1444
258.0000	  0.8501
257.5000	 -0.6623
257.0000	  2.1722
256.5000	  0.6983
256.0000	 -0.2621
255.5000	  1.7511
255.0000	  1.5464
254.5000	  1.5819
254.0000	  3.3768
253.5000	  0.1415
253.0000	  1.4162
252.5000	  0.9725
252.0000	 -0.1371
251.5000	 -4.2353
251.0000	  0.7283
250.5000	 -0.6678
250.0000	  0.0561
249.5000	  5.0405
249.0000	 -1.2855
248.5000	  0.5741
248.0000	  0.2477
247.5000	  0.8718
247.0000	  0.5202
246.5000	  8.7670
246.0000	  4.1375
245.5000	  0.9462
245.0000	  0.5004
244.5000	  1.1777
244.0000	 -0.1186
243.5000	 -1.1075
243.0000	  0.3118
242.5000	  4.9230
242.0000	  8.3338
241.5000	 -1.2845
241.0000	  1.3556
240.5000	  3.1067
240.0000	  1.7677
239.5000	  1.2595
239.0000	  2.4144
238.5000	  0.3413
238.0000	  0.5118
237.5000	 -0.2589
237.0000	  0.0280
236.5000	  0.3414
236.0000	  0.8079
235.5000	  0.9125
235.0000	 -0.3470
234.5000	  1.6830
234.0000	  0.8287
233.5000	  0.2297
233.0000	 -2.1043
232.5000	  0.7784
232.0000	 -3.9527
231.5000	  0.6636
231.0000	  5.3522
230.5000	  0.5870
230.0000	 -0.8740
229.5000	  0.3365
229.0000	  0.0372
228.5000	  1.6290
228.0000	 -0.1036
227.5000	  1.8675
227.0000	  1.4909
226.5000	 -1.5639
226.0000	 -1.3520
225.5000	  1.2312
225.0000	  0.6341
224.5000	  0.1339
224.0000	  3.6256
223.5000	 -0.4729
223.0000	  3.1316
222.5000	  1.3070
222.0000	  5.0174
221.5000	  0.5245
221.0000	  0.3118
220.5000	 -0.2654
220.0000	  0.8213
219.5000	  4.0142
219.0000	  0.4633
218.5000	  1.1480
218.0000	 -2.5954
217.5000	  0.4701
217.0000	  2.2487
216.5000	  1.4756
216.0000	  5.2483
215.5000	  0.2023
215.0000	-72.2266
214.5000	  0.6728
214.0000	  2.3249
213.5000	  0.9089
213.0000	  0.6213
212.5000	 -0.4224
212.0000	  3.6598
211.5000	 -1.1129
211.0000	  0.6393
210.5000	 -0.7259
210.0000	  0.7483
209.5000	 -0.2039
209.0000	  0.5202
208.5000	  3.4483
208.0000	  4.3278
207.5000	 -2.8482
207.0000	 -2.1245
206.5000	  0.0274
206.0000	 -0.4348
205.5000	 -2.2868
205.0000	 -0.5165
204.5000	  2.0978
204.0000	  9.1716
203.5000	-13.1388
203.0000	  1.0111
202.5000	  1.2139
202.0000	  0.6374
201.5000	  0.0674
201.0000	  0.7917
200.5000	  3.7185
200.0000	  0.4875
