14/05/2024 15.34.28
14/05/2024 15.43.27

800.0000	 43.0200

800.0000	 43.0200

900.0000	 46.0900



  1.0000
900.0000
  1.0000
340.0000
  1.0000
1401.0000
  5.0000
  6.0000
  1.0000
  1.0000
  0.0000
  0.0000
100.0000
  0.0000
  1.0000
  0.0000
500.0000
900.0000
200.0000
  4.0000
  1.0000
 18.0000
  2.0000
  1.0000
255.0000
  0.8206
  1.0000
 30.0000
  4.0000
500.0000
  0.0000
  0.0000
  4.0000
900.0000
200.0000
  0.0000
100.0000
  0.0000
  1.0000
  0.0000
500.0000
  1.0000
  1.0000
  1.0000
  1.0000
  4.0000
  0.0000
  1.0000
  1.0000
  1.0000
  1.0000
  1.0000
  2.0000
  1.0000
  1.0000
  1.0000
  3.0000
  1.0000
  1.0000
  1.0000
  4.0000
  5.0000
539.220
0.000

Lambda:	800
Abs:		-0.0004
ID:			A
Run:		4
Temp:		0
#

900.0000	  0.4487
899.5000	  0.4544
899.0000	  0.4680
898.5000	  0.4678
898.0000	  0.4658
897.5000	  0.4525
897.0000	  0.4754
896.5000	  0.4498
896.0000	  0.4723
895.5000	  0.4653
895.0000	  0.4461
894.5000	  0.4647
894.0000	  0.4762
893.5000	  0.4403
893.0000	  0.4492
892.5000	  0.4604
892.0000	  0.4605
891.5000	  0.4608
891.0000	  0.4723
890.5000	  0.4386
890.0000	  0.4597
889.5000	  0.4562
889.0000	  0.4637
888.5000	  0.4586
888.0000	  0.4601
887.5000	  0.4647
887.0000	  0.4538
886.5000	  0.4522
886.0000	  0.4547
885.5000	  0.4543
885.0000	  0.4497
884.5000	  0.4550
884.0000	  0.4558
883.5000	  0.4625
883.0000	  0.4662
882.5000	  0.4566
882.0000	  0.4510
881.5000	  0.4545
881.0000	  0.4457
880.5000	  0.4570
880.0000	  0.4476
879.5000	  0.4492
879.0000	  0.4509
878.5000	  0.4480
878.0000	  0.4550
877.5000	  0.4522
877.0000	  0.4551
876.5000	  0.4482
876.0000	  0.4508
875.5000	  0.4451
875.0000	  0.4589
874.5000	  0.4533
874.0000	  0.4454
873.5000	  0.4538
873.0000	  0.4472
872.5000	  0.4509
872.0000	  0.4537
871.5000	  0.4488
871.0000	  0.4480
870.5000	  0.4514
870.0000	  0.4494
869.5000	  0.4498
869.0000	  0.4476
868.5000	  0.4496
868.0000	  0.4479
867.5000	  0.4483
867.0000	  0.4485
866.5000	  0.4474
866.0000	  0.4479
865.5000	  0.4465
865.0000	  0.4499
864.5000	  0.4515
864.0000	  0.4504
863.5000	  0.4480
863.0000	  0.4521
862.5000	  0.4518
862.0000	  0.4472
861.5000	  0.4504
861.0000	  0.4523
860.5000	  0.4482
860.0000	  0.4515
859.5000	  0.4512
859.0000	  0.4487
858.5000	  0.4519
858.0000	  0.4501
857.5000	  0.4494
857.0000	  0.4511
856.5000	  0.4490
856.0000	  0.4480
855.5000	  0.4513
855.0000	  0.4501
854.5000	  0.4483
854.0000	  0.4487
853.5000	  0.4476
853.0000	  0.4490
852.5000	  0.4460
852.0000	  0.4515
851.5000	  0.4501
851.0000	  0.4499
850.5000	  0.4492
850.0000	  0.4492
849.5000	  0.4487
849.0000	  0.4489
848.5000	  0.4490
848.0000	  0.4497
847.5000	  0.4487
847.0000	  0.4502
846.5000	  0.4475
846.0000	  0.4498
845.5000	  0.4496
845.0000	  0.4481
844.5000	  0.4481
844.0000	  0.4486
843.5000	  0.4492
843.0000	  0.4469
842.5000	  0.4486
842.0000	  0.4474
841.5000	  0.4460
841.0000	  0.4469
840.5000	  0.4462
840.0000	  0.4456
839.5000	  0.4459
839.0000	  0.4459
838.5000	  0.4463
838.0000	  0.4446
837.5000	  0.4457
837.0000	  0.4448
836.5000	  0.4435
836.0000	  0.4449
835.5000	  0.4429
835.0000	  0.4445
834.5000	  0.4425
834.0000	  0.4436
833.5000	  0.4428
833.0000	  0.4422
832.5000	  0.4423
832.0000	  0.4421
831.5000	  0.4419
831.0000	  0.4418
830.5000	  0.4408
830.0000	  0.4416
829.5000	  0.4411
829.0000	  0.4401
828.5000	  0.4400
828.0000	  0.4407
827.5000	  0.4392
827.0000	  0.4383
826.5000	  0.4401
826.0000	  0.4378
825.5000	  0.4386
825.0000	  0.4362
824.5000	  0.4381
824.0000	  0.4387
823.5000	  0.4372
823.0000	  0.4366
822.5000	  0.4365
822.0000	  0.4366
821.5000	  0.4362
821.0000	  0.4363
820.5000	  0.4369
820.0000	  0.4353
819.5000	  0.4353
819.0000	  0.4354
818.5000	  0.4357
818.0000	  0.4341
817.5000	  0.4340
817.0000	  0.4338
816.5000	  0.4326
816.0000	  0.4343
815.5000	  0.4342
815.0000	  0.4334
814.5000	  0.4339
814.0000	  0.4336
813.5000	  0.4347
813.0000	  0.4321
812.5000	  0.4333
812.0000	  0.4327
811.5000	  0.4323
811.0000	  0.4320
810.5000	  0.4336
810.0000	  0.4326
809.5000	  0.4319
809.0000	  0.4333
808.5000	  0.4321
808.0000	  0.4311
807.5000	  0.4317
807.0000	  0.4308
806.5000	  0.4329
806.0000	  0.4304
805.5000	  0.4309
805.0000	  0.4309
804.5000	  0.4306
804.0000	  0.4313
803.5000	  0.4316
803.0000	  0.4304
802.5000	  0.4305
802.0000	  0.4304
801.5000	  0.4299
801.0000	  0.4308
800.5000	  0.4303
800.0000	  0.4299
799.5000	  0.4296
799.0000	  0.4297
798.5000	  0.4306
798.0000	  0.4305
797.5000	  0.4286
797.0000	  0.4294
796.5000	  0.4295
796.0000	  0.4291
795.5000	  0.4288
795.0000	  0.4284
794.5000	  0.4283
794.0000	  0.4283
793.5000	  0.4286
793.0000	  0.4292
792.5000	  0.4297
792.0000	  0.4284
791.5000	  0.4283
791.0000	  0.4274
790.5000	  0.4282
790.0000	  0.4275
789.5000	  0.4280
789.0000	  0.4278
788.5000	  0.4280
788.0000	  0.4273
787.5000	  0.4280
787.0000	  0.4272
786.5000	  0.4280
786.0000	  0.4280
785.5000	  0.4276
785.0000	  0.4279
784.5000	  0.4274
784.0000	  0.4283
783.5000	  0.4266
783.0000	  0.4276
782.5000	  0.4280
782.0000	  0.4273
781.5000	  0.4268
781.0000	  0.4274
780.5000	  0.4279
780.0000	  0.4271
779.5000	  0.4270
779.0000	  0.4277
778.5000	  0.4262
778.0000	  0.4260
777.5000	  0.4265
777.0000	  0.4267
776.5000	  0.4266
776.0000	  0.4265
775.5000	  0.4271
775.0000	  0.4265
774.5000	  0.4265
774.0000	  0.4269
773.5000	  0.4271
773.0000	  0.4267
772.5000	  0.4252
772.0000	  0.4267
771.5000	  0.4268
771.0000	  0.4265
770.5000	  0.4252
770.0000	  0.4258
769.5000	  0.4269
769.0000	  0.4262
768.5000	  0.4267
768.0000	  0.4267
767.5000	  0.4263
767.0000	  0.4270
766.5000	  0.4257
766.0000	  0.4262
765.5000	  0.4260
765.0000	  0.4260
764.5000	  0.4264
764.0000	  0.4262
763.5000	  0.4263
763.0000	  0.4256
762.5000	  0.4255
762.0000	  0.4263
761.5000	  0.4260
761.0000	  0.4265
760.5000	  0.4255
760.0000	  0.4266
759.5000	  0.4264
759.0000	  0.4251
758.5000	  0.4264
758.0000	  0.4260
757.5000	  0.4262
757.0000	  0.4263
756.5000	  0.4262
756.0000	  0.4261
755.5000	  0.4262
755.0000	  0.4261
754.5000	  0.4264
754.0000	  0.4269
753.5000	  0.4265
753.0000	  0.4262
752.5000	  0.4265
752.0000	  0.4270
751.5000	  0.4265
751.0000	  0.4271
750.5000	  0.4272
750.0000	  0.4272
749.5000	  0.4264
749.0000	  0.4276
748.5000	  0.4274
748.0000	  0.4275
747.5000	  0.4268
747.0000	  0.4277
746.5000	  0.4273
746.0000	  0.4274
745.5000	  0.4278
745.0000	  0.4275
744.5000	  0.4278
744.0000	  0.4278
743.5000	  0.4285
743.0000	  0.4283
742.5000	  0.4286
742.0000	  0.4288
741.5000	  0.4292
741.0000	  0.4295
740.5000	  0.4293
740.0000	  0.4298
739.5000	  0.4304
739.0000	  0.4293
738.5000	  0.4299
738.0000	  0.4303
737.5000	  0.4309
737.0000	  0.4304
736.5000	  0.4310
736.0000	  0.4309
735.5000	  0.4321
735.0000	  0.4311
734.5000	  0.4325
734.0000	  0.4322
733.5000	  0.4325
733.0000	  0.4334
732.5000	  0.4341
732.0000	  0.4337
731.5000	  0.4340
731.0000	  0.4347
730.5000	  0.4350
730.0000	  0.4351
729.5000	  0.4373
729.0000	  0.4369
728.5000	  0.4381
728.0000	  0.4384
727.5000	  0.4398
727.0000	  0.4392
726.5000	  0.4404
726.0000	  0.4411
725.5000	  0.4424
725.0000	  0.4439
724.5000	  0.4440
724.0000	  0.4458
723.5000	  0.4470
723.0000	  0.4485
722.5000	  0.4504
722.0000	  0.4501
721.5000	  0.4530
721.0000	  0.4549
720.5000	  0.4550
720.0000	  0.4577
719.5000	  0.4573
719.0000	  0.4591
718.5000	  0.4609
718.0000	  0.4617
717.5000	  0.4615
717.0000	  0.4621
716.5000	  0.4626
716.0000	  0.4618
715.5000	  0.4595
715.0000	  0.4584
714.5000	  0.4579
714.0000	  0.4561
713.5000	  0.4543
713.0000	  0.4537
712.5000	  0.4512
712.0000	  0.4488
711.5000	  0.4497
711.0000	  0.4479
710.5000	  0.4467
710.0000	  0.4461
709.5000	  0.4453
709.0000	  0.4450
708.5000	  0.4435
708.0000	  0.4433
707.5000	  0.4431
707.0000	  0.4431
706.5000	  0.4437
706.0000	  0.4440
705.5000	  0.4445
705.0000	  0.4434
704.5000	  0.4446
704.0000	  0.4452
703.5000	  0.4457
703.0000	  0.4465
702.5000	  0.4455
702.0000	  0.4458
701.5000	  0.4469
701.0000	  0.4457
700.5000	  0.4472
700.0000	  0.4470
699.5000	  0.4476
699.0000	  0.4485
698.5000	  0.4486
698.0000	  0.4490
697.5000	  0.4483
697.0000	  0.4495
696.5000	  0.4494
696.0000	  0.4496
695.5000	  0.4508
695.0000	  0.4507
694.5000	  0.4514
694.0000	  0.4508
693.5000	  0.4532
693.0000	  0.4525
692.5000	  0.4523
692.0000	  0.4536
691.5000	  0.4534
691.0000	  0.4539
690.5000	  0.4534
690.0000	  0.4553
689.5000	  0.4548
689.0000	  0.4551
688.5000	  0.4561
688.0000	  0.4562
687.5000	  0.4571
687.0000	  0.4576
686.5000	  0.4580
686.0000	  0.4584
685.5000	  0.4583
685.0000	  0.4590
684.5000	  0.4604
684.0000	  0.4596
683.5000	  0.4608
683.0000	  0.4605
682.5000	  0.4616
682.0000	  0.4619
681.5000	  0.4629
681.0000	  0.4632
680.5000	  0.4638
680.0000	  0.4646
679.5000	  0.4653
679.0000	  0.4656
678.5000	  0.4654
678.0000	  0.4666
677.5000	  0.4666
677.0000	  0.4674
676.5000	  0.4690
676.0000	  0.4683
675.5000	  0.4697
675.0000	  0.4702
674.5000	  0.4702
674.0000	  0.4714
673.5000	  0.4714
673.0000	  0.4723
672.5000	  0.4730
672.0000	  0.4732
671.5000	  0.4742
671.0000	  0.4741
670.5000	  0.4752
670.0000	  0.4758
669.5000	  0.4768
669.0000	  0.4775
668.5000	  0.4782
668.0000	  0.4787
667.5000	  0.4793
667.0000	  0.4797
666.5000	  0.4805
666.0000	  0.4805
665.5000	  0.4822
665.0000	  0.4823
664.5000	  0.4836
664.0000	  0.4837
663.5000	  0.4849
663.0000	  0.4852
662.5000	  0.4862
662.0000	  0.4868
661.5000	  0.4866
661.0000	  0.4870
660.5000	  0.4890
660.0000	  0.4892
659.5000	  0.4902
659.0000	  0.4904
658.5000	  0.4918
658.0000	  0.4919
657.5000	  0.4928
657.0000	  0.4936
656.5000	  0.4942
656.0000	  0.4953
655.5000	  0.4955
655.0000	  0.4960
654.5000	  0.4973
654.0000	  0.4982
653.5000	  0.4985
653.0000	  0.4992
652.5000	  0.5004
652.0000	  0.5012
651.5000	  0.5015
651.0000	  0.5026
650.5000	  0.5042
650.0000	  0.5042
649.5000	  0.5052
649.0000	  0.5054
648.5000	  0.5070
648.0000	  0.5071
647.5000	  0.5082
647.0000	  0.5087
646.5000	  0.5094
646.0000	  0.5106
645.5000	  0.5106
645.0000	  0.5125
644.5000	  0.5123
644.0000	  0.5135
643.5000	  0.5140
643.0000	  0.5150
642.5000	  0.5162
642.0000	  0.5168
641.5000	  0.5182
641.0000	  0.5185
640.5000	  0.5191
640.0000	  0.5199
639.5000	  0.5201
639.0000	  0.5207
638.5000	  0.5219
638.0000	  0.5225
637.5000	  0.5235
637.0000	  0.5239
636.5000	  0.5254
636.0000	  0.5254
635.5000	  0.5261
635.0000	  0.5274
634.5000	  0.5276
634.0000	  0.5284
633.5000	  0.5287
633.0000	  0.5302
632.5000	  0.5306
632.0000	  0.5317
631.5000	  0.5334
631.0000	  0.5327
630.5000	  0.5356
630.0000	  0.5358
629.5000	  0.5377
629.0000	  0.5388
628.5000	  0.5397
628.0000	  0.5424
627.5000	  0.5437
627.0000	  0.5453
626.5000	  0.5471
626.0000	  0.5490
625.5000	  0.5508
625.0000	  0.5529
624.5000	  0.5539
624.0000	  0.5561
623.5000	  0.5577
623.0000	  0.5603
622.5000	  0.5606
622.0000	  0.5634
621.5000	  0.5645
621.0000	  0.5665
620.5000	  0.5686
620.0000	  0.5684
619.5000	  0.5708
619.0000	  0.5727
618.5000	  0.5732
618.0000	  0.5748
617.5000	  0.5750
617.0000	  0.5760
616.5000	  0.5772
616.0000	  0.5776
615.5000	  0.5788
615.0000	  0.5795
614.5000	  0.5809
614.0000	  0.5822
613.5000	  0.5832
613.0000	  0.5839
612.5000	  0.5848
612.0000	  0.5862
611.5000	  0.5875
611.0000	  0.5890
610.5000	  0.5901
610.0000	  0.5910
609.5000	  0.5916
609.0000	  0.5931
608.5000	  0.5934
608.0000	  0.5960
607.5000	  0.5963
607.0000	  0.5969
606.5000	  0.5992
606.0000	  0.5999
605.5000	  0.6010
605.0000	  0.6023
604.5000	  0.6035
604.0000	  0.6042
603.5000	  0.6062
603.0000	  0.6065
602.5000	  0.6076
602.0000	  0.6094
601.5000	  0.6096
601.0000	  0.6120
600.5000	  0.6132
600.0000	  0.6145
599.5000	  0.6153
599.0000	  0.6164
598.5000	  0.6185
598.0000	  0.6185
597.5000	  0.6201
597.0000	  0.6216
596.5000	  0.6217
596.0000	  0.6238
595.5000	  0.6244
595.0000	  0.6256
594.5000	  0.6274
594.0000	  0.6285
593.5000	  0.6293
593.0000	  0.6302
592.5000	  0.6321
592.0000	  0.6333
591.5000	  0.6337
591.0000	  0.6354
590.5000	  0.6354
590.0000	  0.6384
589.5000	  0.6392
589.0000	  0.6395
588.5000	  0.6418
588.0000	  0.6413
587.5000	  0.6439
587.0000	  0.6447
586.5000	  0.6458
586.0000	  0.6473
585.5000	  0.6483
585.0000	  0.6498
584.5000	  0.6506
584.0000	  0.6521
583.5000	  0.6538
583.0000	  0.6538
582.5000	  0.6556
582.0000	  0.6565
581.5000	  0.6571
581.0000	  0.6595
580.5000	  0.6591
580.0000	  0.6608
579.5000	  0.6627
579.0000	  0.6632
578.5000	  0.6649
578.0000	  0.6649
577.5000	  0.6666
577.0000	  0.6676
576.5000	  0.6687
576.0000	  0.6700
575.5000	  0.6710
575.0000	  0.6725
574.5000	  0.6730
574.0000	  0.6752
573.5000	  0.6756
573.0000	  0.6772
572.5000	  0.6792
572.0000	  0.6802
571.5000	  0.6812
571.0000	  0.6815
570.5000	  0.6835
570.0000	  0.6847
569.5000	  0.6850
569.0000	  0.6871
568.5000	  0.6872
568.0000	  0.6882
567.5000	  0.6900
567.0000	  0.6900
566.5000	  0.6925
566.0000	  0.6919
565.5000	  0.6951
565.0000	  0.6963
564.5000	  0.6972
564.0000	  0.6988
563.5000	  0.6984
563.0000	  0.6999
562.5000	  0.7000
562.0000	  0.7022
561.5000	  0.7043
561.0000	  0.7048
560.5000	  0.7056
560.0000	  0.7067
559.5000	  0.7073
559.0000	  0.7084
558.5000	  0.7102
558.0000	  0.7117
557.5000	  0.7122
557.0000	  0.7137
556.5000	  0.7145
556.0000	  0.7153
555.5000	  0.7169
555.0000	  0.7167
554.5000	  0.7188
554.0000	  0.7207
553.5000	  0.7209
553.0000	  0.7231
552.5000	  0.7225
552.0000	  0.7244
551.5000	  0.7245
551.0000	  0.7260
550.5000	  0.7267
550.0000	  0.7273
549.5000	  0.7295
549.0000	  0.7305
548.5000	  0.7314
548.0000	  0.7327
547.5000	  0.7321
547.0000	  0.7342
546.5000	  0.7350
546.0000	  0.7362
545.5000	  0.7367
545.0000	  0.7376
544.5000	  0.7394
544.0000	  0.7395
543.5000	  0.7418
543.0000	  0.7414
542.5000	  0.7419
542.0000	  0.7439
541.5000	  0.7444
541.0000	  0.7462
540.5000	  0.7468
540.0000	  0.7480
539.5000	  0.7490
539.0000	  0.7492
538.5000	  0.7508
538.0000	  0.7507
537.5000	  0.7523
537.0000	  0.7535
536.5000	  0.7537
536.0000	  0.7557
535.5000	  0.7552
535.0000	  0.7559
534.5000	  0.7578
534.0000	  0.7572
533.5000	  0.7594
533.0000	  0.7596
532.5000	  0.7600
532.0000	  0.7618
531.5000	  0.7625
531.0000	  0.7640
530.5000	  0.7633
530.0000	  0.7648
529.5000	  0.7655
529.0000	  0.7661
528.5000	  0.7685
528.0000	  0.7680
527.5000	  0.7689
527.0000	  0.7693
526.5000	  0.7699
526.0000	  0.7714
525.5000	  0.7708
525.0000	  0.7725
524.5000	  0.7725
524.0000	  0.7738
523.5000	  0.7751
523.0000	  0.7746
522.5000	  0.7763
522.0000	  0.7763
521.5000	  0.7774
521.0000	  0.7780
520.5000	  0.7780
520.0000	  0.7791
519.5000	  0.7788
519.0000	  0.7806
518.5000	  0.7798
518.0000	  0.7806
517.5000	  0.7817
517.0000	  0.7816
516.5000	  0.7830
516.0000	  0.7818
515.5000	  0.7833
515.0000	  0.7839
514.5000	  0.7837
514.0000	  0.7846
513.5000	  0.7843
513.0000	  0.7856
512.5000	  0.7856
512.0000	  0.7865
511.5000	  0.7869
511.0000	  0.7867
510.5000	  0.7882
510.0000	  0.7881
509.5000	  0.7889
509.0000	  0.7893
508.5000	  0.7898
508.0000	  0.7908
507.5000	  0.7915
507.0000	  0.7924
506.5000	  0.7927
506.0000	  0.7933
505.5000	  0.7948
505.0000	  0.7954
504.5000	  0.7984
504.0000	  0.7983
503.5000	  0.8004
503.0000	  0.8015
502.5000	  0.8020
502.0000	  0.8039
501.5000	  0.8041
501.0000	  0.8053
500.5000	  0.8075
500.0000	  0.8071
499.5000	  0.8102
499.0000	  0.8090
498.5000	  0.8101
498.0000	  0.8117
497.5000	  0.8123
497.0000	  0.8132
496.5000	  0.8131
496.0000	  0.8144
495.5000	  0.8158
495.0000	  0.8169
494.5000	  0.8169
494.0000	  0.8168
493.5000	  0.8181
493.0000	  0.8169
492.5000	  0.8182
492.0000	  0.8185
491.5000	  0.8191
491.0000	  0.8194
490.5000	  0.8196
490.0000	  0.8190
489.5000	  0.8187
489.0000	  0.8194
488.5000	  0.8205
488.0000	  0.8194
487.5000	  0.8199
487.0000	  0.8186
486.5000	  0.8183
486.0000	  0.8197
485.5000	  0.8187
485.0000	  0.8203
484.5000	  0.8193
484.0000	  0.8191
483.5000	  0.8196
483.0000	  0.8192
482.5000	  0.8201
482.0000	  0.8204
481.5000	  0.8199
481.0000	  0.8203
480.5000	  0.8199
480.0000	  0.8221
479.5000	  0.8210
479.0000	  0.8201
478.5000	  0.8206
478.0000	  0.8209
477.5000	  0.8228
477.0000	  0.8205
476.5000	  0.8231
476.0000	  0.8229
475.5000	  0.8216
475.0000	  0.8234
474.5000	  0.8223
474.0000	  0.8226
473.5000	  0.8230
473.0000	  0.8239
472.5000	  0.8244
472.0000	  0.8256
471.5000	  0.8247
471.0000	  0.8268
470.5000	  0.8274
470.0000	  0.8271
469.5000	  0.8267
469.0000	  0.8279
468.5000	  0.8284
468.0000	  0.8302
467.5000	  0.8295
467.0000	  0.8296
466.5000	  0.8297
466.0000	  0.8313
465.5000	  0.8343
465.0000	  0.8318
464.5000	  0.8335
464.0000	  0.8344
463.5000	  0.8350
463.0000	  0.8359
462.5000	  0.8342
462.0000	  0.8373
461.5000	  0.8371
461.0000	  0.8385
460.5000	  0.8375
460.0000	  0.8373
459.5000	  0.8393
459.0000	  0.8398
458.5000	  0.8400
458.0000	  0.8410
457.5000	  0.8387
457.0000	  0.8423
456.5000	  0.8393
456.0000	  0.8397
455.5000	  0.8393
455.0000	  0.8369
454.5000	  0.8373
454.0000	  0.8360
453.5000	  0.8359
453.0000	  0.8341
452.5000	  0.8324
452.0000	  0.8323
451.5000	  0.8300
451.0000	  0.8266
450.5000	  0.8288
450.0000	  0.8241
449.5000	  0.8244
449.0000	  0.8223
448.5000	  0.8219
448.0000	  0.8188
447.5000	  0.8194
447.0000	  0.8162
446.5000	  0.8155
446.0000	  0.8139
445.5000	  0.8136
445.0000	  0.8098
444.5000	  0.8104
444.0000	  0.8086
443.5000	  0.8096
443.0000	  0.8076
442.5000	  0.8062
442.0000	  0.8062
441.5000	  0.8059
441.0000	  0.8043
440.5000	  0.8044
440.0000	  0.8028
439.5000	  0.8024
439.0000	  0.8029
438.5000	  0.8023
438.0000	  0.8022
437.5000	  0.8003
437.0000	  0.8001
436.5000	  0.8000
436.0000	  0.7990
435.5000	  0.7998
435.0000	  0.7978
434.5000	  0.7977
434.0000	  0.7984
433.5000	  0.7984
433.0000	  0.7980
432.5000	  0.7961
432.0000	  0.7967
431.5000	  0.7965
431.0000	  0.7966
430.5000	  0.7959
430.0000	  0.7943
429.5000	  0.7970
429.0000	  0.7957
428.5000	  0.7959
428.0000	  0.7969
427.5000	  0.7951
427.0000	  0.7962
426.5000	  0.7950
426.0000	  0.7947
425.5000	  0.7963
425.0000	  0.7945
424.5000	  0.7950
424.0000	  0.7958
423.5000	  0.7965
423.0000	  0.7957
422.5000	  0.7957
422.0000	  0.7946
421.5000	  0.7952
421.0000	  0.7974
420.5000	  0.7980
420.0000	  0.7957
419.5000	  0.7972
419.0000	  0.7971
418.5000	  0.7965
418.0000	  0.7958
417.5000	  0.7966
417.0000	  0.7972
416.5000	  0.7972
416.0000	  0.7965
415.5000	  0.7959
415.0000	  0.7951
414.5000	  0.7951
414.0000	  0.7966
413.5000	  0.7958
413.0000	  0.7962
412.5000	  0.7961
412.0000	  0.7960
411.5000	  0.7966
411.0000	  0.7964
410.5000	  0.7966
410.0000	  0.7961
409.5000	  0.7976
409.0000	  0.7970
408.5000	  0.7971
408.0000	  0.7967
407.5000	  0.7966
407.0000	  0.7959
406.5000	  0.7954
406.0000	  0.7975
405.5000	  0.7956
405.0000	  0.7968
404.5000	  0.7970
404.0000	  0.7967
403.5000	  0.7972
403.0000	  0.7964
402.5000	  0.7959
402.0000	  0.7963
401.5000	  0.7940
401.0000	  0.7961
400.5000	  0.7950
400.0000	  0.7964
399.5000	  0.7955
399.0000	  0.7954
398.5000	  0.7964
398.0000	  0.7947
397.5000	  0.7971
397.0000	  0.7956
396.5000	  0.7944
396.0000	  0.7963
395.5000	  0.7953
395.0000	  0.7965
394.5000	  0.7960
394.0000	  0.7966
393.5000	  0.7983
393.0000	  0.7977
392.5000	  0.7965
392.0000	  0.7961
391.5000	  0.7978
391.0000	  0.7978
390.5000	  0.7979
390.0000	  0.7976
389.5000	  0.7979
389.0000	  0.7987
388.5000	  0.8008
388.0000	  0.8002
387.5000	  0.8034
387.0000	  0.8021
386.5000	  0.8017
386.0000	  0.8021
385.5000	  0.8043
385.0000	  0.8055
384.5000	  0.8035
384.0000	  0.8067
383.5000	  0.8068
383.0000	  0.8053
382.5000	  0.8097
382.0000	  0.8071
381.5000	  0.8109
381.0000	  0.8100
380.5000	  0.8093
380.0000	  0.8127
379.5000	  0.8094
379.0000	  0.8133
378.5000	  0.8098
378.0000	  0.8128
377.5000	  0.8110
377.0000	  0.8125
376.5000	  0.8137
376.0000	  0.8118
375.5000	  0.8146
375.0000	  0.8155
374.5000	  0.8137
374.0000	  0.8164
373.5000	  0.8144
373.0000	  0.8171
372.5000	  0.8162
372.0000	  0.8142
371.5000	  0.8176
371.0000	  0.8143
370.5000	  0.8173
370.0000	  0.8183
369.5000	  0.8158
369.0000	  0.8184
368.5000	  0.8159
368.0000	  0.8187
367.5000	  0.8188
367.0000	  0.8208
366.5000	  0.8200
366.0000	  0.8212
365.5000	  0.8177
365.0000	  0.8199
364.5000	  0.8221
364.0000	  0.8199
363.5000	  0.8192
363.0000	  0.8209
362.5000	  0.8239
362.0000	  0.8242
361.5000	  0.8241
361.0000	  0.8247
360.5000	  0.8252
360.0000	  0.8238
359.5000	  0.8243
359.0000	  0.8232
358.5000	  0.8270
358.0000	  0.8280
357.5000	  0.8267
357.0000	  0.8264
356.5000	  0.8292
356.0000	  0.8272
355.5000	  0.8295
355.0000	  0.8290
354.5000	  0.8298
354.0000	  0.8291
353.5000	  0.8303
353.0000	  0.8339
352.5000	  0.8290
352.0000	  0.8348
351.5000	  0.8319
351.0000	  0.8342
350.5000	  0.8364
350.0000	  0.8337
349.5000	  0.8324
349.0000	  0.8371
348.5000	  0.8338
348.0000	  0.8359
347.5000	  0.8359
347.0000	  0.8410
346.5000	  0.8356
346.0000	  0.8373
345.5000	  0.8384
345.0000	  0.8407
344.5000	  0.8391
344.0000	  0.8410
343.5000	  0.8388
343.0000	  0.8410
342.5000	  0.8380
342.0000	  0.8391
341.5000	  0.8396
341.0000	  0.8362
340.5000	  0.8423
340.0000	  0.8444
339.5000	  0.8387
339.0000	  0.8437
338.5000	  0.8433
338.0000	  0.8404
337.5000	  0.8419
337.0000	  0.8399
336.5000	  0.8467
336.0000	  0.8429
335.5000	  0.8439
335.0000	  0.8439
334.5000	  0.8439
334.0000	  0.8416
333.5000	  0.8391
333.0000	  0.8443
332.5000	  0.8400
332.0000	  0.8470
331.5000	  0.8470
331.0000	  0.8496
330.5000	  0.8465
330.0000	  0.8426
329.5000	  0.8509
329.0000	  0.8446
328.5000	  0.8436
328.0000	  0.8504
327.5000	  0.8456
327.0000	  0.8483
326.5000	  0.8481
326.0000	  0.8445
325.5000	  0.8482
325.0000	  0.8517
324.5000	  0.8427
324.0000	  0.8477
323.5000	  0.8536
323.0000	  0.8418
322.5000	  0.8566
322.0000	  0.8484
321.5000	  0.8477
321.0000	  0.8404
320.5000	  0.8440
320.0000	  0.8493
319.5000	  0.8398
319.0000	  0.8418
318.5000	  0.8481
318.0000	  0.8438
317.5000	  0.8429
317.0000	  0.8455
316.5000	  0.8481
316.0000	  0.8436
315.5000	  0.8416
315.0000	  0.8487
314.5000	  0.8374
314.0000	  0.8398
313.5000	  0.8136
313.0000	  0.8369
312.5000	  0.8433
312.0000	  0.8275
311.5000	  0.8319
311.0000	  0.8046
310.5000	  0.8313
310.0000	  0.8084
309.5000	  0.8107
309.0000	  0.8135
308.5000	  0.8024
308.0000	  0.8041
307.5000	  0.7985
307.0000	  0.8231
306.5000	  0.8175
306.0000	  0.7956
305.5000	  0.8115
305.0000	  0.7593
304.5000	  0.7778
304.0000	  0.7629
303.5000	  0.7801
303.0000	  0.8090
302.5000	  0.7700
302.0000	  0.7927
301.5000	  0.7592
301.0000	  0.6737
300.5000	  0.7114
300.0000	  0.7543
299.5000	  0.7825
299.0000	  0.6766
298.5000	  0.8203
298.0000	  0.7281
297.5000	  0.7404
297.0000	  0.6372
296.5000	  0.8208
296.0000	  0.4952
295.5000	  0.9259
295.0000	  0.7105
294.5000	  0.5852
294.0000	  0.7592
293.5000	  0.5073
293.0000	  0.5749
292.5000	  0.8545
292.0000	  0.5906
291.5000	  0.8159
291.0000	  0.8626
290.5000	  0.6103
290.0000	  0.9781
289.5000	  0.3518
289.0000	  0.8811
288.5000	  0.7535
288.0000	  0.9564
287.5000	  0.4777
287.0000	  0.8724
286.5000	  0.4877
286.0000	  0.6410
285.5000	  0.8058
285.0000	  0.5045
284.5000	  0.5792
284.0000	  0.4684
283.5000	  0.4460
283.0000	  0.9790
282.5000	  0.5372
282.0000	  0.6723
281.5000	  0.3630
281.0000	  0.5102
280.5000	  0.8100
280.0000	  0.4254
279.5000	  0.7756
279.0000	  0.2692
278.5000	  0.7345
278.0000	  0.6418
277.5000	  0.5392
277.0000	  0.6421
276.5000	  0.7884
276.0000	  0.5625
275.5000	  0.3415
275.0000	  0.6590
274.5000	  0.6220
274.0000	  0.6001
273.5000	  0.9394
273.0000	  0.5929
272.5000	  0.5557
272.0000	  0.5280
271.5000	  0.6824
271.0000	  0.6362
270.5000	  0.3977
270.0000	  0.6622
269.5000	  0.4487
269.0000	  0.8987
268.5000	  0.7918
268.0000	  0.6681
267.5000	  0.7700
267.0000	  0.5998
266.5000	  0.5741
266.0000	  0.4786
265.5000	  0.5776
265.0000	  0.6311
264.5000	  0.4852
264.0000	  0.5103
263.5000	  0.5231
263.0000	  0.4780
262.5000	  0.6568
262.0000	  0.4899
261.5000	  0.7795
261.0000	  0.5225
260.5000	  1.0005
260.0000	  0.8487
259.5000	  0.3823
259.0000	  0.7299
258.5000	  0.7345
258.0000	  0.5231
257.5000	  0.6069
257.0000	  0.8386
256.5000	  0.7867
256.0000	  0.5697
255.5000	  0.6705
255.0000	  0.6755
254.5000	  0.5485
254.0000	  0.5895
253.5000	  0.6687
253.0000	  0.6826
252.5000	  0.7691
252.0000	  0.9267
251.5000	  0.7627
251.0000	  0.6023
250.5000	  0.7362
250.0000	  0.6606
249.5000	  0.8293
249.0000	  0.5316
248.5000	  0.7531
248.0000	  0.4724
247.5000	  0.7771
247.0000	  0.5073
246.5000	  0.4331
246.0000	  0.5315
245.5000	  0.7429
245.0000	  0.3935
244.5000	  0.5724
244.0000	  0.4834
243.5000	  0.6991
243.0000	  0.7386
242.5000	  0.5013
242.0000	  0.6372
241.5000	  0.6319
241.0000	  0.7368
240.5000	  0.4894
240.0000	  0.3805
239.5000	  0.8947
239.0000	  0.6649
238.5000	  0.4479
238.0000	  0.4688
237.5000	  0.5334
237.0000	  0.5315
236.5000	  0.4776
236.0000	  1.0556
235.5000	  0.5668
235.0000	  1.0702
234.5000	  0.6773
234.0000	  0.6345
233.5000	  0.6744
233.0000	  0.9132
232.5000	  0.8097
232.0000	  0.5899
231.5000	  0.7190
231.0000	  0.3171
230.5000	  0.7803
230.0000	  0.3970
229.5000	  0.5486
229.0000	  0.6652
228.5000	  0.6567
228.0000	  0.6463
227.5000	  0.6568
227.0000	  0.4492
226.5000	  0.7396
226.0000	  0.8767
225.5000	  0.7668
225.0000	  0.6246
224.5000	  0.8680
224.0000	  0.4205
223.5000	  0.7228
223.0000	  0.4171
222.5000	  0.4330
222.0000	  0.7997
221.5000	  0.6539
221.0000	  0.5313
220.5000	  0.7213
220.0000	  0.6798
219.5000	  0.6045
219.0000	  0.7319
218.5000	  0.5039
218.0000	  0.5947
217.5000	  0.5986
217.0000	  0.5228
216.5000	  0.8244
216.0000	  0.6870
215.5000	  0.5697
215.0000	  0.5163
214.5000	  0.5349
214.0000	  0.7475
213.5000	  0.5658
213.0000	  0.4483
212.5000	  0.8734
212.0000	  0.4188
211.5000	  0.3697
211.0000	  0.6471
210.5000	  0.4058
210.0000	  0.6469
209.5000	  0.4851
209.0000	  0.5290
208.5000	  0.4620
208.0000	  0.6420
207.5000	  0.7242
207.0000	  0.8163
206.5000	  0.6374
206.0000	  0.6411
205.5000	  0.6461
205.0000	  0.5812
204.5000	  0.5455
204.0000	  0.6429
203.5000	  0.5841
203.0000	  0.6448
202.5000	  0.7196
202.0000	  0.6791
201.5000	  0.4881
201.0000	  0.4148
200.5000	  0.3432
200.0000	  0.4513

