14/05/2024 15.53.21
14/05/2024 16.02.20

800.0000	 29.2200

800.0000	 29.2200

900.0000	 21.9500



  1.0000
900.0000
  1.0000
340.0000
  1.0000
1401.0000
  5.0000
  6.0000
  1.0000
  1.0000
  0.0000
  0.0000
100.0000
  0.0000
  1.0000
  0.0000
500.0000
900.0000
200.0000
  4.0000
  1.0000
 18.0000
  2.0000
  1.0000
255.0000
  0.8243
  1.0000
 30.0000
  4.0000
500.0000
  0.0000
  0.0000
  4.0000
900.0000
200.0000
  0.0000
100.0000
  0.0000
  1.0000
  0.0000
500.0000
  1.0000
  1.0000
  1.0000
  1.0000
  4.0000
  0.0000
  1.0000
  1.0000
  1.0000
  1.0000
  1.0000
  2.0000
  1.0000
  1.0000
  1.0000
  3.0000
  1.0000
  1.0000
  1.0000
  4.0000
  5.0000
539.098
0.000

Lambda:	800
Abs:		-0.0003
ID:			12
Run:		4
Temp:		0
#

900.0000	  0.2261
899.5000	  0.2167
899.0000	  0.2129
898.5000	  0.2274
898.0000	  0.2250
897.5000	  0.2228
897.0000	  0.2276
896.5000	  0.2196
896.0000	  0.2305
895.5000	  0.2283
895.0000	  0.2223
894.5000	  0.2270
894.0000	  0.2321
893.5000	  0.2240
893.0000	  0.2425
892.5000	  0.2350
892.0000	  0.2271
891.5000	  0.2276
891.0000	  0.2262
890.5000	  0.2350
890.0000	  0.2319
889.5000	  0.2328
889.0000	  0.2297
888.5000	  0.2342
888.0000	  0.2287
887.5000	  0.2255
887.0000	  0.2337
886.5000	  0.2339
886.0000	  0.2276
885.5000	  0.2419
885.0000	  0.2295
884.5000	  0.2317
884.0000	  0.2373
883.5000	  0.2348
883.0000	  0.2275
882.5000	  0.2347
882.0000	  0.2384
881.5000	  0.2384
881.0000	  0.2377
880.5000	  0.2309
880.0000	  0.2377
879.5000	  0.2351
879.0000	  0.2363
878.5000	  0.2389
878.0000	  0.2366
877.5000	  0.2380
877.0000	  0.2414
876.5000	  0.2377
876.0000	  0.2369
875.5000	  0.2357
875.0000	  0.2385
874.5000	  0.2425
874.0000	  0.2389
873.5000	  0.2412
873.0000	  0.2429
872.5000	  0.2381
872.0000	  0.2372
871.5000	  0.2426
871.0000	  0.2408
870.5000	  0.2401
870.0000	  0.2421
869.5000	  0.2428
869.0000	  0.2451
868.5000	  0.2424
868.0000	  0.2441
867.5000	  0.2415
867.0000	  0.2426
866.5000	  0.2464
866.0000	  0.2439
865.5000	  0.2439
865.0000	  0.2464
864.5000	  0.2462
864.0000	  0.2468
863.5000	  0.2501
863.0000	  0.2474
862.5000	  0.2494
862.0000	  0.2497
861.5000	  0.2506
861.0000	  0.2489
860.5000	  0.2484
860.0000	  0.2505
859.5000	  0.2514
859.0000	  0.2511
858.5000	  0.2497
858.0000	  0.2518
857.5000	  0.2537
857.0000	  0.2516
856.5000	  0.2527
856.0000	  0.2536
855.5000	  0.2529
855.0000	  0.2530
854.5000	  0.2545
854.0000	  0.2548
853.5000	  0.2566
853.0000	  0.2543
852.5000	  0.2566
852.0000	  0.2569
851.5000	  0.2564
851.0000	  0.2566
850.5000	  0.2591
850.0000	  0.2584
849.5000	  0.2581
849.0000	  0.2587
848.5000	  0.2592
848.0000	  0.2607
847.5000	  0.2594
847.0000	  0.2610
846.5000	  0.2619
846.0000	  0.2610
845.5000	  0.2617
845.0000	  0.2631
844.5000	  0.2612
844.0000	  0.2614
843.5000	  0.2620
843.0000	  0.2623
842.5000	  0.2647
842.0000	  0.2641
841.5000	  0.2641
841.0000	  0.2650
840.5000	  0.2649
840.0000	  0.2645
839.5000	  0.2660
839.0000	  0.2665
838.5000	  0.2662
838.0000	  0.2669
837.5000	  0.2659
837.0000	  0.2672
836.5000	  0.2663
836.0000	  0.2679
835.5000	  0.2677
835.0000	  0.2685
834.5000	  0.2679
834.0000	  0.2689
833.5000	  0.2675
833.0000	  0.2696
832.5000	  0.2695
832.0000	  0.2689
831.5000	  0.2698
831.0000	  0.2701
830.5000	  0.2712
830.0000	  0.2714
829.5000	  0.2709
829.0000	  0.2712
828.5000	  0.2719
828.0000	  0.2719
827.5000	  0.2718
827.0000	  0.2732
826.5000	  0.2725
826.0000	  0.2736
825.5000	  0.2722
825.0000	  0.2738
824.5000	  0.2739
824.0000	  0.2737
823.5000	  0.2752
823.0000	  0.2752
822.5000	  0.2754
822.0000	  0.2756
821.5000	  0.2757
821.0000	  0.2765
820.5000	  0.2767
820.0000	  0.2769
819.5000	  0.2773
819.0000	  0.2774
818.5000	  0.2773
818.0000	  0.2781
817.5000	  0.2775
817.0000	  0.2791
816.5000	  0.2790
816.0000	  0.2800
815.5000	  0.2800
815.0000	  0.2806
814.5000	  0.2806
814.0000	  0.2813
813.5000	  0.2815
813.0000	  0.2820
812.5000	  0.2823
812.0000	  0.2820
811.5000	  0.2828
811.0000	  0.2834
810.5000	  0.2839
810.0000	  0.2846
809.5000	  0.2842
809.0000	  0.2846
808.5000	  0.2848
808.0000	  0.2857
807.5000	  0.2859
807.0000	  0.2868
806.5000	  0.2868
806.0000	  0.2869
805.5000	  0.2880
805.0000	  0.2879
804.5000	  0.2883
804.0000	  0.2882
803.5000	  0.2897
803.0000	  0.2905
802.5000	  0.2892
802.0000	  0.2903
801.5000	  0.2910
801.0000	  0.2915
800.5000	  0.2917
800.0000	  0.2918
799.5000	  0.2921
799.0000	  0.2933
798.5000	  0.2942
798.0000	  0.2943
797.5000	  0.2943
797.0000	  0.2944
796.5000	  0.2944
796.0000	  0.2959
795.5000	  0.2962
795.0000	  0.2965
794.5000	  0.2969
794.0000	  0.2972
793.5000	  0.2969
793.0000	  0.2980
792.5000	  0.2980
792.0000	  0.2991
791.5000	  0.2998
791.0000	  0.2999
790.5000	  0.3003
790.0000	  0.3007
789.5000	  0.3010
789.0000	  0.3012
788.5000	  0.3020
788.0000	  0.3021
787.5000	  0.3024
787.0000	  0.3032
786.5000	  0.3034
786.0000	  0.3044
785.5000	  0.3040
785.0000	  0.3053
784.5000	  0.3054
784.0000	  0.3061
783.5000	  0.3062
783.0000	  0.3064
782.5000	  0.3074
782.0000	  0.3070
781.5000	  0.3075
781.0000	  0.3085
780.5000	  0.3086
780.0000	  0.3091
779.5000	  0.3103
779.0000	  0.3100
778.5000	  0.3105
778.0000	  0.3106
777.5000	  0.3114
777.0000	  0.3120
776.5000	  0.3125
776.0000	  0.3136
775.5000	  0.3135
775.0000	  0.3131
774.5000	  0.3150
774.0000	  0.3143
773.5000	  0.3149
773.0000	  0.3153
772.5000	  0.3156
772.0000	  0.3165
771.5000	  0.3170
771.0000	  0.3183
770.5000	  0.3184
770.0000	  0.3178
769.5000	  0.3189
769.0000	  0.3194
768.5000	  0.3200
768.0000	  0.3202
767.5000	  0.3201
767.0000	  0.3211
766.5000	  0.3206
766.0000	  0.3218
765.5000	  0.3214
765.0000	  0.3232
764.5000	  0.3233
764.0000	  0.3234
763.5000	  0.3248
763.0000	  0.3252
762.5000	  0.3255
762.0000	  0.3254
761.5000	  0.3261
761.0000	  0.3268
760.5000	  0.3274
760.0000	  0.3279
759.5000	  0.3281
759.0000	  0.3287
758.5000	  0.3290
758.0000	  0.3299
757.5000	  0.3304
757.0000	  0.3305
756.5000	  0.3307
756.0000	  0.3316
755.5000	  0.3317
755.0000	  0.3317
754.5000	  0.3330
754.0000	  0.3332
753.5000	  0.3342
753.0000	  0.3345
752.5000	  0.3348
752.0000	  0.3351
751.5000	  0.3358
751.0000	  0.3366
750.5000	  0.3371
750.0000	  0.3377
749.5000	  0.3382
749.0000	  0.3378
748.5000	  0.3393
748.0000	  0.3394
747.5000	  0.3399
747.0000	  0.3409
746.5000	  0.3408
746.0000	  0.3412
745.5000	  0.3421
745.0000	  0.3418
744.5000	  0.3429
744.0000	  0.3437
743.5000	  0.3437
743.0000	  0.3441
742.5000	  0.3443
742.0000	  0.3460
741.5000	  0.3470
741.0000	  0.3469
740.5000	  0.3468
740.0000	  0.3477
739.5000	  0.3492
739.0000	  0.3484
738.5000	  0.3490
738.0000	  0.3500
737.5000	  0.3510
737.0000	  0.3521
736.5000	  0.3520
736.0000	  0.3528
735.5000	  0.3534
735.0000	  0.3540
734.5000	  0.3547
734.0000	  0.3545
733.5000	  0.3563
733.0000	  0.3562
732.5000	  0.3567
732.0000	  0.3580
731.5000	  0.3582
731.0000	  0.3588
730.5000	  0.3603
730.0000	  0.3610
729.5000	  0.3621
729.0000	  0.3625
728.5000	  0.3636
728.0000	  0.3643
727.5000	  0.3652
727.0000	  0.3665
726.5000	  0.3677
726.0000	  0.3683
725.5000	  0.3691
725.0000	  0.3710
724.5000	  0.3721
724.0000	  0.3728
723.5000	  0.3745
723.0000	  0.3760
722.5000	  0.3772
722.0000	  0.3791
721.5000	  0.3797
721.0000	  0.3812
720.5000	  0.3832
720.0000	  0.3842
719.5000	  0.3860
719.0000	  0.3868
718.5000	  0.3882
718.0000	  0.3912
717.5000	  0.3909
717.0000	  0.3914
716.5000	  0.3915
716.0000	  0.3921
715.5000	  0.3916
715.0000	  0.3903
714.5000	  0.3907
714.0000	  0.3899
713.5000	  0.3892
713.0000	  0.3885
712.5000	  0.3881
712.0000	  0.3862
711.5000	  0.3859
711.0000	  0.3856
710.5000	  0.3856
710.0000	  0.3858
709.5000	  0.3849
709.0000	  0.3839
708.5000	  0.3838
708.0000	  0.3846
707.5000	  0.3839
707.0000	  0.3856
706.5000	  0.3847
706.0000	  0.3851
705.5000	  0.3859
705.0000	  0.3866
704.5000	  0.3869
704.0000	  0.3879
703.5000	  0.3877
703.0000	  0.3885
702.5000	  0.3895
702.0000	  0.3909
701.5000	  0.3904
701.0000	  0.3907
700.5000	  0.3918
700.0000	  0.3917
699.5000	  0.3921
699.0000	  0.3935
698.5000	  0.3931
698.0000	  0.3939
697.5000	  0.3938
697.0000	  0.3955
696.5000	  0.3952
696.0000	  0.3962
695.5000	  0.3968
695.0000	  0.3974
694.5000	  0.3972
694.0000	  0.3985
693.5000	  0.3993
693.0000	  0.3995
692.5000	  0.3999
692.0000	  0.4003
691.5000	  0.4016
691.0000	  0.4014
690.5000	  0.4029
690.0000	  0.4030
689.5000	  0.4036
689.0000	  0.4043
688.5000	  0.4036
688.0000	  0.4054
687.5000	  0.4062
687.0000	  0.4065
686.5000	  0.4074
686.0000	  0.4068
685.5000	  0.4084
685.0000	  0.4086
684.5000	  0.4088
684.0000	  0.4105
683.5000	  0.4096
683.0000	  0.4111
682.5000	  0.4115
682.0000	  0.4117
681.5000	  0.4123
681.0000	  0.4127
680.5000	  0.4141
680.0000	  0.4138
679.5000	  0.4144
679.0000	  0.4155
678.5000	  0.4160
678.0000	  0.4163
677.5000	  0.4179
677.0000	  0.4175
676.5000	  0.4190
676.0000	  0.4190
675.5000	  0.4194
675.0000	  0.4200
674.5000	  0.4209
674.0000	  0.4215
673.5000	  0.4220
673.0000	  0.4223
672.5000	  0.4228
672.0000	  0.4241
671.5000	  0.4240
671.0000	  0.4240
670.5000	  0.4247
670.0000	  0.4259
669.5000	  0.4264
669.0000	  0.4269
668.5000	  0.4273
668.0000	  0.4281
667.5000	  0.4287
667.0000	  0.4297
666.5000	  0.4292
666.0000	  0.4299
665.5000	  0.4308
665.0000	  0.4310
664.5000	  0.4320
664.0000	  0.4323
663.5000	  0.4330
663.0000	  0.4330
662.5000	  0.4343
662.0000	  0.4345
661.5000	  0.4348
661.0000	  0.4357
660.5000	  0.4356
660.0000	  0.4367
659.5000	  0.4374
659.0000	  0.4379
658.5000	  0.4396
658.0000	  0.4385
657.5000	  0.4395
657.0000	  0.4401
656.5000	  0.4403
656.0000	  0.4414
655.5000	  0.4417
655.0000	  0.4423
654.5000	  0.4424
654.0000	  0.4425
653.5000	  0.4439
653.0000	  0.4442
652.5000	  0.4449
652.0000	  0.4451
651.5000	  0.4455
651.0000	  0.4461
650.5000	  0.4468
650.0000	  0.4469
649.5000	  0.4477
649.0000	  0.4485
648.5000	  0.4490
648.0000	  0.4497
647.5000	  0.4498
647.0000	  0.4503
646.5000	  0.4512
646.0000	  0.4517
645.5000	  0.4517
645.0000	  0.4523
644.5000	  0.4529
644.0000	  0.4534
643.5000	  0.4541
643.0000	  0.4545
642.5000	  0.4545
642.0000	  0.4546
641.5000	  0.4557
641.0000	  0.4559
640.5000	  0.4564
640.0000	  0.4561
639.5000	  0.4574
639.0000	  0.4576
638.5000	  0.4577
638.0000	  0.4586
637.5000	  0.4582
637.0000	  0.4590
636.5000	  0.4593
636.0000	  0.4598
635.5000	  0.4606
635.0000	  0.4600
634.5000	  0.4607
634.0000	  0.4619
633.5000	  0.4617
633.0000	  0.4623
632.5000	  0.4624
632.0000	  0.4632
631.5000	  0.4641
631.0000	  0.4647
630.5000	  0.4657
630.0000	  0.4662
629.5000	  0.4675
629.0000	  0.4678
628.5000	  0.4695
628.0000	  0.4710
627.5000	  0.4715
627.0000	  0.4731
626.5000	  0.4740
626.0000	  0.4752
625.5000	  0.4777
625.0000	  0.4781
624.5000	  0.4803
624.0000	  0.4821
623.5000	  0.4826
623.0000	  0.4841
622.5000	  0.4856
622.0000	  0.4867
621.5000	  0.4874
621.0000	  0.4893
620.5000	  0.4903
620.0000	  0.4902
619.5000	  0.4921
619.0000	  0.4929
618.5000	  0.4932
618.0000	  0.4942
617.5000	  0.4950
617.0000	  0.4947
616.5000	  0.4953
616.0000	  0.4957
615.5000	  0.4950
615.0000	  0.4963
614.5000	  0.4960
614.0000	  0.4979
613.5000	  0.4986
613.0000	  0.4974
612.5000	  0.4986
612.0000	  0.4988
611.5000	  0.4999
611.0000	  0.5002
610.5000	  0.5006
610.0000	  0.5022
609.5000	  0.5025
609.0000	  0.5032
608.5000	  0.5036
608.0000	  0.5032
607.5000	  0.5045
607.0000	  0.5040
606.5000	  0.5055
606.0000	  0.5062
605.5000	  0.5059
605.0000	  0.5070
604.5000	  0.5073
604.0000	  0.5077
603.5000	  0.5085
603.0000	  0.5094
602.5000	  0.5099
602.0000	  0.5098
601.5000	  0.5100
601.0000	  0.5117
600.5000	  0.5121
600.0000	  0.5125
599.5000	  0.5131
599.0000	  0.5131
598.5000	  0.5142
598.0000	  0.5147
597.5000	  0.5150
597.0000	  0.5155
596.5000	  0.5167
596.0000	  0.5171
595.5000	  0.5174
595.0000	  0.5180
594.5000	  0.5187
594.0000	  0.5187
593.5000	  0.5196
593.0000	  0.5196
592.5000	  0.5202
592.0000	  0.5210
591.5000	  0.5220
591.0000	  0.5222
590.5000	  0.5230
590.0000	  0.5231
589.5000	  0.5238
589.0000	  0.5236
588.5000	  0.5248
588.0000	  0.5254
587.5000	  0.5250
587.0000	  0.5266
586.5000	  0.5270
586.0000	  0.5268
585.5000	  0.5280
585.0000	  0.5281
584.5000	  0.5289
584.0000	  0.5298
583.5000	  0.5292
583.0000	  0.5298
582.5000	  0.5306
582.0000	  0.5306
581.5000	  0.5323
581.0000	  0.5314
580.5000	  0.5324
580.0000	  0.5323
579.5000	  0.5331
579.0000	  0.5340
578.5000	  0.5338
578.0000	  0.5349
577.5000	  0.5348
577.0000	  0.5355
576.5000	  0.5365
576.0000	  0.5360
575.5000	  0.5373
575.0000	  0.5371
574.5000	  0.5382
574.0000	  0.5396
573.5000	  0.5382
573.0000	  0.5398
572.5000	  0.5391
572.0000	  0.5399
571.5000	  0.5404
571.0000	  0.5402
570.5000	  0.5416
570.0000	  0.5418
569.5000	  0.5416
569.0000	  0.5426
568.5000	  0.5422
568.0000	  0.5432
567.5000	  0.5434
567.0000	  0.5437
566.5000	  0.5445
566.0000	  0.5440
565.5000	  0.5455
565.0000	  0.5459
564.5000	  0.5459
564.0000	  0.5457
563.5000	  0.5471
563.0000	  0.5471
562.5000	  0.5480
562.0000	  0.5484
561.5000	  0.5485
561.0000	  0.5485
560.5000	  0.5484
560.0000	  0.5498
559.5000	  0.5498
559.0000	  0.5503
558.5000	  0.5506
558.0000	  0.5508
557.5000	  0.5510
557.0000	  0.5524
556.5000	  0.5517
556.0000	  0.5525
555.5000	  0.5518
555.0000	  0.5528
554.5000	  0.5532
554.0000	  0.5530
553.5000	  0.5534
553.0000	  0.5538
552.5000	  0.5541
552.0000	  0.5543
551.5000	  0.5549
551.0000	  0.5554
550.5000	  0.5557
550.0000	  0.5557
549.5000	  0.5562
549.0000	  0.5569
548.5000	  0.5564
548.0000	  0.5575
547.5000	  0.5575
547.0000	  0.5579
546.5000	  0.5575
546.0000	  0.5576
545.5000	  0.5582
545.0000	  0.5574
544.5000	  0.5594
544.0000	  0.5590
543.5000	  0.5593
543.0000	  0.5593
542.5000	  0.5591
542.0000	  0.5595
541.5000	  0.5597
541.0000	  0.5597
540.5000	  0.5601
540.0000	  0.5601
539.5000	  0.5607
539.0000	  0.5608
538.5000	  0.5605
538.0000	  0.5616
537.5000	  0.5609
537.0000	  0.5612
536.5000	  0.5621
536.0000	  0.5617
535.5000	  0.5621
535.0000	  0.5623
534.5000	  0.5615
534.0000	  0.5618
533.5000	  0.5623
533.0000	  0.5620
532.5000	  0.5625
532.0000	  0.5622
531.5000	  0.5625
531.0000	  0.5624
530.5000	  0.5629
530.0000	  0.5633
529.5000	  0.5618
529.0000	  0.5629
528.5000	  0.5628
528.0000	  0.5629
527.5000	  0.5632
527.0000	  0.5627
526.5000	  0.5629
526.0000	  0.5629
525.5000	  0.5626
525.0000	  0.5633
524.5000	  0.5623
524.0000	  0.5625
523.5000	  0.5629
523.0000	  0.5625
522.5000	  0.5629
522.0000	  0.5620
521.5000	  0.5623
521.0000	  0.5625
520.5000	  0.5617
520.0000	  0.5620
519.5000	  0.5617
519.0000	  0.5614
518.5000	  0.5611
518.0000	  0.5604
517.5000	  0.5609
517.0000	  0.5609
516.5000	  0.5598
516.0000	  0.5595
515.5000	  0.5600
515.0000	  0.5596
514.5000	  0.5595
514.0000	  0.5583
513.5000	  0.5589
513.0000	  0.5586
512.5000	  0.5580
512.0000	  0.5574
511.5000	  0.5563
511.0000	  0.5576
510.5000	  0.5561
510.0000	  0.5559
509.5000	  0.5564
509.0000	  0.5554
508.5000	  0.5557
508.0000	  0.5556
507.5000	  0.5544
507.0000	  0.5553
506.5000	  0.5539
506.0000	  0.5547
505.5000	  0.5551
505.0000	  0.5540
504.5000	  0.5550
504.0000	  0.5536
503.5000	  0.5547
503.0000	  0.5545
502.5000	  0.5543
502.0000	  0.5548
501.5000	  0.5537
501.0000	  0.5534
500.5000	  0.5541
500.0000	  0.5536
499.5000	  0.5539
499.0000	  0.5529
498.5000	  0.5531
498.0000	  0.5529
497.5000	  0.5515
497.0000	  0.5510
496.5000	  0.5501
496.0000	  0.5498
495.5000	  0.5497
495.0000	  0.5491
494.5000	  0.5482
494.0000	  0.5474
493.5000	  0.5466
493.0000	  0.5455
492.5000	  0.5448
492.0000	  0.5449
491.5000	  0.5423
491.0000	  0.5411
490.5000	  0.5414
490.0000	  0.5397
489.5000	  0.5390
489.0000	  0.5380
488.5000	  0.5349
488.0000	  0.5355
487.5000	  0.5330
487.0000	  0.5320
486.5000	  0.5316
486.0000	  0.5291
485.5000	  0.5288
485.0000	  0.5272
484.5000	  0.5268
484.0000	  0.5251
483.5000	  0.5234
483.0000	  0.5220
482.5000	  0.5207
482.0000	  0.5201
481.5000	  0.5190
481.0000	  0.5168
480.5000	  0.5165
480.0000	  0.5152
479.5000	  0.5142
479.0000	  0.5133
478.5000	  0.5114
478.0000	  0.5106
477.5000	  0.5097
477.0000	  0.5086
476.5000	  0.5080
476.0000	  0.5061
475.5000	  0.5057
475.0000	  0.5041
474.5000	  0.5030
474.0000	  0.5031
473.5000	  0.5014
473.0000	  0.5008
472.5000	  0.5000
472.0000	  0.4986
471.5000	  0.4983
471.0000	  0.4964
470.5000	  0.4962
470.0000	  0.4954
469.5000	  0.4942
469.0000	  0.4940
468.5000	  0.4919
468.0000	  0.4924
467.5000	  0.4905
467.0000	  0.4904
466.5000	  0.4906
466.0000	  0.4893
465.5000	  0.4883
465.0000	  0.4889
464.5000	  0.4871
464.0000	  0.4875
463.5000	  0.4856
463.0000	  0.4861
462.5000	  0.4857
462.0000	  0.4856
461.5000	  0.4849
461.0000	  0.4830
460.5000	  0.4831
460.0000	  0.4817
459.5000	  0.4817
459.0000	  0.4814
458.5000	  0.4806
458.0000	  0.4791
457.5000	  0.4798
457.0000	  0.4780
456.5000	  0.4768
456.0000	  0.4763
455.5000	  0.4750
455.0000	  0.4739
454.5000	  0.4729
454.0000	  0.4715
453.5000	  0.4700
453.0000	  0.4681
452.5000	  0.4673
452.0000	  0.4667
451.5000	  0.4647
451.0000	  0.4620
450.5000	  0.4608
450.0000	  0.4602
449.5000	  0.4577
449.0000	  0.4569
448.5000	  0.4539
448.0000	  0.4527
447.5000	  0.4515
447.0000	  0.4500
446.5000	  0.4486
446.0000	  0.4469
445.5000	  0.4457
445.0000	  0.4439
444.5000	  0.4433
444.0000	  0.4417
443.5000	  0.4398
443.0000	  0.4394
442.5000	  0.4385
442.0000	  0.4372
441.5000	  0.4365
441.0000	  0.4350
440.5000	  0.4336
440.0000	  0.4337
439.5000	  0.4322
439.0000	  0.4309
438.5000	  0.4298
438.0000	  0.4294
437.5000	  0.4291
437.0000	  0.4269
436.5000	  0.4266
436.0000	  0.4266
435.5000	  0.4251
435.0000	  0.4247
434.5000	  0.4246
434.0000	  0.4224
433.5000	  0.4226
433.0000	  0.4212
432.5000	  0.4209
432.0000	  0.4201
431.5000	  0.4189
431.0000	  0.4188
430.5000	  0.4170
430.0000	  0.4173
429.5000	  0.4169
429.0000	  0.4161
428.5000	  0.4155
428.0000	  0.4148
427.5000	  0.4144
427.0000	  0.4142
426.5000	  0.4120
426.0000	  0.4140
425.5000	  0.4116
425.0000	  0.4115
424.5000	  0.4114
424.0000	  0.4106
423.5000	  0.4112
423.0000	  0.4102
422.5000	  0.4089
422.0000	  0.4088
421.5000	  0.4085
421.0000	  0.4080
420.5000	  0.4071
420.0000	  0.4074
419.5000	  0.4072
419.0000	  0.4065
418.5000	  0.4060
418.0000	  0.4054
417.5000	  0.4057
417.0000	  0.4049
416.5000	  0.4046
416.0000	  0.4039
415.5000	  0.4028
415.0000	  0.4028
414.5000	  0.4018
414.0000	  0.4024
413.5000	  0.4025
413.0000	  0.4007
412.5000	  0.4004
412.0000	  0.4003
411.5000	  0.4004
411.0000	  0.3994
410.5000	  0.3999
410.0000	  0.3987
409.5000	  0.3987
409.0000	  0.3982
408.5000	  0.3968
408.0000	  0.3974
407.5000	  0.3965
407.0000	  0.3967
406.5000	  0.3960
406.0000	  0.3948
405.5000	  0.3953
405.0000	  0.3944
404.5000	  0.3949
404.0000	  0.3948
403.5000	  0.3934
403.0000	  0.3929
402.5000	  0.3925
402.0000	  0.3921
401.5000	  0.3928
401.0000	  0.3920
400.5000	  0.3929
400.0000	  0.3922
399.5000	  0.3910
399.0000	  0.3913
398.5000	  0.3902
398.0000	  0.3910
397.5000	  0.3891
397.0000	  0.3889
396.5000	  0.3893
396.0000	  0.3899
395.5000	  0.3882
395.0000	  0.3885
394.5000	  0.3875
394.0000	  0.3876
393.5000	  0.3876
393.0000	  0.3869
392.5000	  0.3867
392.0000	  0.3879
391.5000	  0.3873
391.0000	  0.3876
390.5000	  0.3865
390.0000	  0.3863
389.5000	  0.3879
389.0000	  0.3870
388.5000	  0.3866
388.0000	  0.3864
387.5000	  0.3878
387.0000	  0.3870
386.5000	  0.3876
386.0000	  0.3865
385.5000	  0.3871
385.0000	  0.3876
384.5000	  0.3864
384.0000	  0.3862
383.5000	  0.3877
383.0000	  0.3871
382.5000	  0.3881
382.0000	  0.3871
381.5000	  0.3872
381.0000	  0.3869
380.5000	  0.3855
380.0000	  0.3871
379.5000	  0.3866
379.0000	  0.3870
378.5000	  0.3870
378.0000	  0.3872
377.5000	  0.3869
377.0000	  0.3870
376.5000	  0.3872
376.0000	  0.3869
375.5000	  0.3870
375.0000	  0.3863
374.5000	  0.3872
374.0000	  0.3863
373.5000	  0.3871
373.0000	  0.3866
372.5000	  0.3870
372.0000	  0.3847
371.5000	  0.3856
371.0000	  0.3853
370.5000	  0.3858
370.0000	  0.3861
369.5000	  0.3846
369.0000	  0.3841
368.5000	  0.3847
368.0000	  0.3844
367.5000	  0.3846
367.0000	  0.3866
366.5000	  0.3870
366.0000	  0.3840
365.5000	  0.3864
365.0000	  0.3840
364.5000	  0.3853
364.0000	  0.3858
363.5000	  0.3838
363.0000	  0.3850
362.5000	  0.3846
362.0000	  0.3852
361.5000	  0.3833
361.0000	  0.3842
360.5000	  0.3865
360.0000	  0.3844
359.5000	  0.3845
359.0000	  0.3842
358.5000	  0.3837
358.0000	  0.3844
357.5000	  0.3820
357.0000	  0.3809
356.5000	  0.3843
356.0000	  0.3838
355.5000	  0.3803
355.0000	  0.3829
354.5000	  0.3824
354.0000	  0.3846
353.5000	  0.3837
353.0000	  0.3818
352.5000	  0.3805
352.0000	  0.3835
351.5000	  0.3816
351.0000	  0.3815
350.5000	  0.3822
350.0000	  0.3818
349.5000	  0.3810
349.0000	  0.3812
348.5000	  0.3820
348.0000	  0.3803
347.5000	  0.3798
347.0000	  0.3787
346.5000	  0.3787
346.0000	  0.3780
345.5000	  0.3779
345.0000	  0.3784
344.5000	  0.3762
344.0000	  0.3779
343.5000	  0.3793
343.0000	  0.3753
342.5000	  0.3766
342.0000	  0.3764
341.5000	  0.3746
341.0000	  0.3751
340.5000	  0.3735
340.0000	  0.3758
339.5000	  0.3728
339.0000	  0.3713
338.5000	  0.3723
338.0000	  0.3735
337.5000	  0.3720
337.0000	  0.3714
336.5000	  0.3714
336.0000	  0.3678
335.5000	  0.3688
335.0000	  0.3695
334.5000	  0.3701
334.0000	  0.3696
333.5000	  0.3689
333.0000	  0.3675
332.5000	  0.3663
332.0000	  0.3673
331.5000	  0.3691
331.0000	  0.3656
330.5000	  0.3683
330.0000	  0.3630
329.5000	  0.3670
329.0000	  0.3667
328.5000	  0.3638
328.0000	  0.3657
327.5000	  0.3635
327.0000	  0.3653
326.5000	  0.3625
326.0000	  0.3624
325.5000	  0.3621
325.0000	  0.3647
324.5000	  0.3618
324.0000	  0.3664
323.5000	  0.3611
323.0000	  0.3595
322.5000	  0.3648
322.0000	  0.3604
321.5000	  0.3634
321.0000	  0.3592
320.5000	  0.3590
320.0000	  0.3557
319.5000	  0.3586
319.0000	  0.3589
318.5000	  0.3617
318.0000	  0.3561
317.5000	  0.3534
317.0000	  0.3531
316.5000	  0.3557
316.0000	  0.3565
315.5000	  0.3611
315.0000	  0.3517
314.5000	  0.3574
314.0000	  0.3469
313.5000	  0.3501
313.0000	  0.3555
312.5000	  0.3469
312.0000	  0.3562
311.5000	  0.3377
311.0000	  0.3510
310.5000	  0.3498
310.0000	  0.3658
309.5000	  0.3459
309.0000	  0.3518
308.5000	  0.3512
308.0000	  0.3389
307.5000	  0.3401
307.0000	  0.3624
306.5000	  0.3503
306.0000	  0.3443
305.5000	  0.3525
305.0000	  0.3507
304.5000	  0.3456
304.0000	  0.3419
303.5000	  0.3382
303.0000	  0.3441
302.5000	  0.3490
302.0000	  0.3640
301.5000	  0.3939
301.0000	  0.3653
300.5000	  0.3961
300.0000	  0.4140
299.5000	  0.4186
299.0000	  0.3675
298.5000	  0.3583
298.0000	  0.4826
297.5000	  0.3731
297.0000	  0.4818
296.5000	  0.4873
296.0000	  0.2803
295.5000	  0.5444
295.0000	  0.5057
294.5000	  0.4999
294.0000	  0.4369
293.5000	  0.4744
293.0000	  0.5068
292.5000	  0.2510
292.0000	  0.6732
291.5000	  0.5141
291.0000	  0.5247
290.5000	  0.3710
290.0000	  0.3681
289.5000	  0.3918
289.0000	  0.2517
288.5000	  0.2698
288.0000	  0.4874
287.5000	  0.5501
287.0000	  0.3596
286.5000	  0.4065
286.0000	  0.6815
285.5000	  0.6083
285.0000	  0.5761
284.5000	  0.7270
284.0000	  0.5417
283.5000	  0.4879
283.0000	  0.2751
282.5000	  0.5461
282.0000	  0.6359
281.5000	  0.3871
281.0000	  0.3951
280.5000	  0.4706
280.0000	  0.5573
279.5000	  0.3993
279.0000	  0.4757
278.5000	  0.3959
278.0000	  0.4162
277.5000	  0.4341
277.0000	  0.5115
276.5000	  0.3011
276.0000	  0.4527
275.5000	  0.2440
275.0000	  0.6716
274.5000	  0.4942
274.0000	  0.6663
273.5000	  0.4830
273.0000	  0.4102
272.5000	  0.4191
272.0000	  0.4796
271.5000	  0.4559
271.0000	  0.5994
270.5000	  0.5908
270.0000	  0.8985
269.5000	  0.3590
269.0000	  0.1666
268.5000	  0.5800
268.0000	  0.5296
267.5000	  0.3914
267.0000	  0.4059
266.5000	  0.5541
266.0000	  0.5891
265.5000	  0.6179
265.0000	  0.5383
264.5000	  0.5902
264.0000	  0.4607
263.5000	  0.3537
263.0000	  0.2685
262.5000	  0.4658
262.0000	  0.6390
261.5000	  0.5982
261.0000	  0.3108
260.5000	  0.4485
260.0000	  0.5211
259.5000	  0.4575
259.0000	  0.3911
258.5000	  0.5208
258.0000	  0.4323
257.5000	  0.5195
257.0000	  0.3065
256.5000	  0.4899
256.0000	  0.2699
255.5000	  0.5514
255.0000	  0.1453
254.5000	  0.3603
254.0000	  0.3155
253.5000	  0.3205
253.0000	  0.4597
252.5000	  0.2689
252.0000	  0.3181
251.5000	  0.3393
251.0000	  0.7004
250.5000	  0.6803
250.0000	  0.7117
249.5000	  0.3688
249.0000	  0.3021
248.5000	  0.3311
248.0000	  0.6483
247.5000	  0.6879
247.0000	  0.5529
246.5000	  0.3447
246.0000	  0.5736
245.5000	  0.3829
245.0000	  0.4531
244.5000	  0.4113
244.0000	  0.2329
243.5000	  0.3517
243.0000	  0.2305
242.5000	  0.5283
242.0000	  0.4512
241.5000	  0.2987
241.0000	  0.6848
240.5000	  0.4034
240.0000	  0.4664
239.5000	  0.6582
239.0000	  0.3062
238.5000	  0.2858
238.0000	  0.2797
237.5000	  0.6014
237.0000	  0.4232
236.5000	  0.5413
236.0000	  0.5757
235.5000	  0.4509
235.0000	  0.4161
234.5000	  0.6873
234.0000	  0.4212
233.5000	  0.1495
233.0000	  0.7958
232.5000	  0.3827
232.0000	  0.6548
231.5000	  0.3223
231.0000	  0.3960
230.5000	  0.6718
230.0000	  0.5053
229.5000	  0.5004
229.0000	  0.4523
228.5000	  0.4186
228.0000	  0.6168
227.5000	  0.3907
227.0000	  0.5522
226.5000	  0.6385
226.0000	  0.4975
225.5000	  0.6120
225.0000	  0.3149
224.5000	  0.4798
224.0000	  0.4255
223.5000	  0.5307
223.0000	  0.3068
222.5000	  0.2473
222.0000	  0.4634
221.5000	  0.3985
221.0000	  0.5405
220.5000	  0.6534
220.0000	  0.5799
219.5000	  0.5167
219.0000	  0.5609
218.5000	  0.4298
218.0000	  0.8479
217.5000	  0.4026
217.0000	  0.3207
216.5000	  0.5319
216.0000	  0.5670
215.5000	  0.5274
215.0000	  0.5296
214.5000	  0.6435
214.0000	  0.3466
213.5000	  0.3593
213.0000	  0.4589
212.5000	  0.6066
212.0000	  0.4663
211.5000	  0.5717
211.0000	  0.4435
210.5000	  0.7600
210.0000	  0.7192
209.5000	  0.3979
209.0000	  0.7188
208.5000	  0.2642
208.0000	  0.6074
207.5000	  0.4442
207.0000	  0.6971
206.5000	  0.3759
206.0000	  0.3301
205.5000	  0.4131
205.0000	  0.2697
204.5000	  0.5822
204.0000	  0.6018
203.5000	  0.5517
203.0000	  0.4455
202.5000	  0.3144
202.0000	  0.5964
201.5000	  0.4646
201.0000	  0.6204
200.5000	  0.2870
200.0000	  0.4117

