14/05/2024 14.51.28
14/05/2024 15.00.27

800.0000	 36.9900

800.0000	 36.9900

900.0000	 30.6100



  1.0000
900.0000
  1.0000
340.0000
  1.0000
1401.0000
  5.0000
  6.0000
  1.0000
  1.0000
  0.0000
  0.0000
100.0000
  0.0000
  1.0000
  0.0000
500.0000
900.0000
200.0000
  4.0000
  1.0000
 18.0000
  2.0000
  1.0000
255.0000
  0.8136
  1.0000
 30.0000
  4.0000
500.0000
  0.0000
  0.0000
  4.0000
900.0000
200.0000
  0.0000
100.0000
  0.0000
  1.0000
  0.0000
500.0000
  1.0000
  1.0000
  1.0000
  1.0000
  4.0000
  0.0000
  1.0000
  1.0000
  1.0000
  1.0000
  1.0000
  2.0000
  1.0000
  1.0000
  1.0000
  3.0000
  1.0000
  1.0000
  1.0000
  4.0000
  5.0000
539.213
0.000

Lambda:	800
Abs:		-0.0004
ID:			7
Run:		4
Temp:		0
#

900.0000	  0.3095
899.5000	  0.3149
899.0000	  0.2917
898.5000	  0.3167
898.0000	  0.3158
897.5000	  0.3183
897.0000	  0.3020
896.5000	  0.3053
896.0000	  0.3060
895.5000	  0.3220
895.0000	  0.3147
894.5000	  0.3021
894.0000	  0.3089
893.5000	  0.3079
893.0000	  0.3157
892.5000	  0.3000
892.0000	  0.3014
891.5000	  0.2987
891.0000	  0.3099
890.5000	  0.3203
890.0000	  0.3206
889.5000	  0.3162
889.0000	  0.3065
888.5000	  0.3108
888.0000	  0.3215
887.5000	  0.3101
887.0000	  0.3018
886.5000	  0.3218
886.0000	  0.3038
885.5000	  0.3119
885.0000	  0.3144
884.5000	  0.3129
884.0000	  0.3098
883.5000	  0.3050
883.0000	  0.3159
882.5000	  0.3127
882.0000	  0.3080
881.5000	  0.3153
881.0000	  0.3204
880.5000	  0.3165
880.0000	  0.3201
879.5000	  0.3185
879.0000	  0.3092
878.5000	  0.3129
878.0000	  0.3169
877.5000	  0.3141
877.0000	  0.3178
876.5000	  0.3189
876.0000	  0.3200
875.5000	  0.3133
875.0000	  0.3161
874.5000	  0.3196
874.0000	  0.3161
873.5000	  0.3245
873.0000	  0.3232
872.5000	  0.3134
872.0000	  0.3201
871.5000	  0.3211
871.0000	  0.3229
870.5000	  0.3210
870.0000	  0.3192
869.5000	  0.3198
869.0000	  0.3258
868.5000	  0.3210
868.0000	  0.3200
867.5000	  0.3215
867.0000	  0.3177
866.5000	  0.3222
866.0000	  0.3228
865.5000	  0.3231
865.0000	  0.3214
864.5000	  0.3257
864.0000	  0.3259
863.5000	  0.3267
863.0000	  0.3227
862.5000	  0.3242
862.0000	  0.3271
861.5000	  0.3256
861.0000	  0.3286
860.5000	  0.3273
860.0000	  0.3282
859.5000	  0.3254
859.0000	  0.3301
858.5000	  0.3337
858.0000	  0.3303
857.5000	  0.3310
857.0000	  0.3307
856.5000	  0.3317
856.0000	  0.3310
855.5000	  0.3336
855.0000	  0.3327
854.5000	  0.3322
854.0000	  0.3332
853.5000	  0.3337
853.0000	  0.3341
852.5000	  0.3345
852.0000	  0.3333
851.5000	  0.3343
851.0000	  0.3350
850.5000	  0.3351
850.0000	  0.3381
849.5000	  0.3372
849.0000	  0.3387
848.5000	  0.3363
848.0000	  0.3376
847.5000	  0.3364
847.0000	  0.3385
846.5000	  0.3387
846.0000	  0.3407
845.5000	  0.3395
845.0000	  0.3404
844.5000	  0.3398
844.0000	  0.3424
843.5000	  0.3420
843.0000	  0.3415
842.5000	  0.3435
842.0000	  0.3413
841.5000	  0.3427
841.0000	  0.3430
840.5000	  0.3439
840.0000	  0.3439
839.5000	  0.3445
839.0000	  0.3432
838.5000	  0.3459
838.0000	  0.3448
837.5000	  0.3461
837.0000	  0.3453
836.5000	  0.3469
836.0000	  0.3463
835.5000	  0.3458
835.0000	  0.3465
834.5000	  0.3466
834.0000	  0.3479
833.5000	  0.3455
833.0000	  0.3471
832.5000	  0.3484
832.0000	  0.3476
831.5000	  0.3478
831.0000	  0.3486
830.5000	  0.3499
830.0000	  0.3489
829.5000	  0.3499
829.0000	  0.3507
828.5000	  0.3492
828.0000	  0.3508
827.5000	  0.3521
827.0000	  0.3504
826.5000	  0.3520
826.0000	  0.3513
825.5000	  0.3518
825.0000	  0.3534
824.5000	  0.3522
824.0000	  0.3541
823.5000	  0.3531
823.0000	  0.3534
822.5000	  0.3539
822.0000	  0.3535
821.5000	  0.3544
821.0000	  0.3559
820.5000	  0.3560
820.0000	  0.3548
819.5000	  0.3554
819.0000	  0.3560
818.5000	  0.3562
818.0000	  0.3570
817.5000	  0.3571
817.0000	  0.3577
816.5000	  0.3575
816.0000	  0.3584
815.5000	  0.3583
815.0000	  0.3583
814.5000	  0.3584
814.0000	  0.3591
813.5000	  0.3595
813.0000	  0.3615
812.5000	  0.3598
812.0000	  0.3608
811.5000	  0.3617
811.0000	  0.3615
810.5000	  0.3625
810.0000	  0.3621
809.5000	  0.3637
809.0000	  0.3635
808.5000	  0.3629
808.0000	  0.3641
807.5000	  0.3633
807.0000	  0.3649
806.5000	  0.3656
806.0000	  0.3656
805.5000	  0.3671
805.0000	  0.3670
804.5000	  0.3664
804.0000	  0.3679
803.5000	  0.3684
803.0000	  0.3686
802.5000	  0.3689
802.0000	  0.3698
801.5000	  0.3702
801.0000	  0.3706
800.5000	  0.3706
800.0000	  0.3713
799.5000	  0.3720
799.0000	  0.3725
798.5000	  0.3729
798.0000	  0.3741
797.5000	  0.3727
797.0000	  0.3740
796.5000	  0.3745
796.0000	  0.3747
795.5000	  0.3750
795.0000	  0.3766
794.5000	  0.3767
794.0000	  0.3769
793.5000	  0.3776
793.0000	  0.3778
792.5000	  0.3780
792.0000	  0.3785
791.5000	  0.3788
791.0000	  0.3807
790.5000	  0.3792
790.0000	  0.3805
789.5000	  0.3816
789.0000	  0.3813
788.5000	  0.3824
788.0000	  0.3819
787.5000	  0.3830
787.0000	  0.3834
786.5000	  0.3835
786.0000	  0.3838
785.5000	  0.3860
785.0000	  0.3859
784.5000	  0.3859
784.0000	  0.3876
783.5000	  0.3868
783.0000	  0.3872
782.5000	  0.3884
782.0000	  0.3884
781.5000	  0.3893
781.0000	  0.3893
780.5000	  0.3894
780.0000	  0.3899
779.5000	  0.3905
779.0000	  0.3919
778.5000	  0.3917
778.0000	  0.3924
777.5000	  0.3921
777.0000	  0.3928
776.5000	  0.3941
776.0000	  0.3938
775.5000	  0.3948
775.0000	  0.3952
774.5000	  0.3958
774.0000	  0.3962
773.5000	  0.3967
773.0000	  0.3971
772.5000	  0.3973
772.0000	  0.3985
771.5000	  0.3992
771.0000	  0.3993
770.5000	  0.4007
770.0000	  0.4008
769.5000	  0.4013
769.0000	  0.4022
768.5000	  0.4024
768.0000	  0.4031
767.5000	  0.4037
767.0000	  0.4036
766.5000	  0.4047
766.0000	  0.4054
765.5000	  0.4056
765.0000	  0.4061
764.5000	  0.4059
764.0000	  0.4075
763.5000	  0.4083
763.0000	  0.4086
762.5000	  0.4096
762.0000	  0.4091
761.5000	  0.4100
761.0000	  0.4111
760.5000	  0.4111
760.0000	  0.4126
759.5000	  0.4120
759.0000	  0.4131
758.5000	  0.4140
758.0000	  0.4140
757.5000	  0.4144
757.0000	  0.4150
756.5000	  0.4159
756.0000	  0.4164
755.5000	  0.4173
755.0000	  0.4171
754.5000	  0.4184
754.0000	  0.4189
753.5000	  0.4189
753.0000	  0.4197
752.5000	  0.4204
752.0000	  0.4211
751.5000	  0.4216
751.0000	  0.4225
750.5000	  0.4224
750.0000	  0.4236
749.5000	  0.4253
749.0000	  0.4253
748.5000	  0.4252
748.0000	  0.4262
747.5000	  0.4263
747.0000	  0.4278
746.5000	  0.4280
746.0000	  0.4289
745.5000	  0.4290
745.0000	  0.4301
744.5000	  0.4307
744.0000	  0.4309
743.5000	  0.4315
743.0000	  0.4316
742.5000	  0.4339
742.0000	  0.4334
741.5000	  0.4340
741.0000	  0.4348
740.5000	  0.4353
740.0000	  0.4364
739.5000	  0.4373
739.0000	  0.4379
738.5000	  0.4383
738.0000	  0.4392
737.5000	  0.4404
737.0000	  0.4401
736.5000	  0.4418
736.0000	  0.4417
735.5000	  0.4428
735.0000	  0.4441
734.5000	  0.4443
734.0000	  0.4459
733.5000	  0.4466
733.0000	  0.4472
732.5000	  0.4480
732.0000	  0.4489
731.5000	  0.4502
731.0000	  0.4505
730.5000	  0.4516
730.0000	  0.4519
729.5000	  0.4539
729.0000	  0.4549
728.5000	  0.4556
728.0000	  0.4571
727.5000	  0.4587
727.0000	  0.4598
726.5000	  0.4609
726.0000	  0.4624
725.5000	  0.4644
725.0000	  0.4655
724.5000	  0.4668
724.0000	  0.4691
723.5000	  0.4698
723.0000	  0.4708
722.5000	  0.4735
722.0000	  0.4757
721.5000	  0.4768
721.0000	  0.4791
720.5000	  0.4805
720.0000	  0.4834
719.5000	  0.4851
719.0000	  0.4868
718.5000	  0.4888
718.0000	  0.4890
717.5000	  0.4901
717.0000	  0.4912
716.5000	  0.4911
716.0000	  0.4914
715.5000	  0.4901
715.0000	  0.4887
714.5000	  0.4890
714.0000	  0.4886
713.5000	  0.4868
713.0000	  0.4855
712.5000	  0.4851
712.0000	  0.4839
711.5000	  0.4827
711.0000	  0.4825
710.5000	  0.4817
710.0000	  0.4810
709.5000	  0.4821
709.0000	  0.4815
708.5000	  0.4809
708.0000	  0.4814
707.5000	  0.4812
707.0000	  0.4819
706.5000	  0.4818
706.0000	  0.4818
705.5000	  0.4837
705.0000	  0.4837
704.5000	  0.4844
704.0000	  0.4844
703.5000	  0.4854
703.0000	  0.4873
702.5000	  0.4875
702.0000	  0.4876
701.5000	  0.4884
701.0000	  0.4899
700.5000	  0.4897
700.0000	  0.4906
699.5000	  0.4908
699.0000	  0.4921
698.5000	  0.4928
698.0000	  0.4930
697.5000	  0.4938
697.0000	  0.4940
696.5000	  0.4950
696.0000	  0.4953
695.5000	  0.4958
695.0000	  0.4970
694.5000	  0.4975
694.0000	  0.4974
693.5000	  0.4993
693.0000	  0.4994
692.5000	  0.5001
692.0000	  0.5009
691.5000	  0.5013
691.0000	  0.5026
690.5000	  0.5028
690.0000	  0.5034
689.5000	  0.5052
689.0000	  0.5050
688.5000	  0.5051
688.0000	  0.5070
687.5000	  0.5067
687.0000	  0.5078
686.5000	  0.5087
686.0000	  0.5090
685.5000	  0.5099
685.0000	  0.5111
684.5000	  0.5115
684.0000	  0.5123
683.5000	  0.5128
683.0000	  0.5140
682.5000	  0.5149
682.0000	  0.5139
681.5000	  0.5155
681.0000	  0.5154
680.5000	  0.5172
680.0000	  0.5177
679.5000	  0.5180
679.0000	  0.5190
678.5000	  0.5193
678.0000	  0.5200
677.5000	  0.5213
677.0000	  0.5217
676.5000	  0.5222
676.0000	  0.5229
675.5000	  0.5225
675.0000	  0.5240
674.5000	  0.5257
674.0000	  0.5255
673.5000	  0.5270
673.0000	  0.5268
672.5000	  0.5281
672.0000	  0.5284
671.5000	  0.5295
671.0000	  0.5303
670.5000	  0.5300
670.0000	  0.5315
669.5000	  0.5325
669.0000	  0.5321
668.5000	  0.5333
668.0000	  0.5344
667.5000	  0.5348
667.0000	  0.5356
666.5000	  0.5362
666.0000	  0.5368
665.5000	  0.5371
665.0000	  0.5380
664.5000	  0.5383
664.0000	  0.5390
663.5000	  0.5406
663.0000	  0.5412
662.5000	  0.5411
662.0000	  0.5420
661.5000	  0.5426
661.0000	  0.5428
660.5000	  0.5437
660.0000	  0.5444
659.5000	  0.5454
659.0000	  0.5461
658.5000	  0.5470
658.0000	  0.5475
657.5000	  0.5474
657.0000	  0.5483
656.5000	  0.5485
656.0000	  0.5498
655.5000	  0.5511
655.0000	  0.5504
654.5000	  0.5518
654.0000	  0.5524
653.5000	  0.5527
653.0000	  0.5542
652.5000	  0.5536
652.0000	  0.5542
651.5000	  0.5553
651.0000	  0.5550
650.5000	  0.5568
650.0000	  0.5569
649.5000	  0.5580
649.0000	  0.5584
648.5000	  0.5588
648.0000	  0.5598
647.5000	  0.5587
647.0000	  0.5601
646.5000	  0.5610
646.0000	  0.5618
645.5000	  0.5621
645.0000	  0.5624
644.5000	  0.5622
644.0000	  0.5635
643.5000	  0.5645
643.0000	  0.5647
642.5000	  0.5648
642.0000	  0.5655
641.5000	  0.5659
641.0000	  0.5661
640.5000	  0.5665
640.0000	  0.5664
639.5000	  0.5663
639.0000	  0.5678
638.5000	  0.5681
638.0000	  0.5683
637.5000	  0.5685
637.0000	  0.5686
636.5000	  0.5696
636.0000	  0.5696
635.5000	  0.5699
635.0000	  0.5702
634.5000	  0.5705
634.0000	  0.5711
633.5000	  0.5713
633.0000	  0.5721
632.5000	  0.5727
632.0000	  0.5727
631.5000	  0.5737
631.0000	  0.5739
630.5000	  0.5747
630.0000	  0.5758
629.5000	  0.5767
629.0000	  0.5788
628.5000	  0.5795
628.0000	  0.5822
627.5000	  0.5829
627.0000	  0.5839
626.5000	  0.5871
626.0000	  0.5878
625.5000	  0.5905
625.0000	  0.5921
624.5000	  0.5932
624.0000	  0.5960
623.5000	  0.5968
623.0000	  0.5984
622.5000	  0.6009
622.0000	  0.6017
621.5000	  0.6033
621.0000	  0.6040
620.5000	  0.6061
620.0000	  0.6071
619.5000	  0.6070
619.0000	  0.6094
618.5000	  0.6103
618.0000	  0.6111
617.5000	  0.6111
617.0000	  0.6114
616.5000	  0.6106
616.0000	  0.6113
615.5000	  0.6123
615.0000	  0.6129
614.5000	  0.6128
614.0000	  0.6136
613.5000	  0.6131
613.0000	  0.6153
612.5000	  0.6161
612.0000	  0.6157
611.5000	  0.6162
611.0000	  0.6172
610.5000	  0.6180
610.0000	  0.6182
609.5000	  0.6186
609.0000	  0.6196
608.5000	  0.6194
608.0000	  0.6203
607.5000	  0.6207
607.0000	  0.6213
606.5000	  0.6224
606.0000	  0.6235
605.5000	  0.6239
605.0000	  0.6249
604.5000	  0.6246
604.0000	  0.6259
603.5000	  0.6260
603.0000	  0.6265
602.5000	  0.6275
602.0000	  0.6276
601.5000	  0.6291
601.0000	  0.6292
600.5000	  0.6293
600.0000	  0.6304
599.5000	  0.6314
599.0000	  0.6319
598.5000	  0.6325
598.0000	  0.6334
597.5000	  0.6336
597.0000	  0.6331
596.5000	  0.6346
596.0000	  0.6347
595.5000	  0.6365
595.0000	  0.6363
594.5000	  0.6361
594.0000	  0.6376
593.5000	  0.6381
593.0000	  0.6392
592.5000	  0.6390
592.0000	  0.6397
591.5000	  0.6409
591.0000	  0.6412
590.5000	  0.6413
590.0000	  0.6428
589.5000	  0.6422
589.0000	  0.6433
588.5000	  0.6436
588.0000	  0.6441
587.5000	  0.6440
587.0000	  0.6447
586.5000	  0.6451
586.0000	  0.6461
585.5000	  0.6471
585.0000	  0.6474
584.5000	  0.6485
584.0000	  0.6476
583.5000	  0.6489
583.0000	  0.6499
582.5000	  0.6490
582.0000	  0.6507
581.5000	  0.6513
581.0000	  0.6505
580.5000	  0.6516
580.0000	  0.6517
579.5000	  0.6534
579.0000	  0.6533
578.5000	  0.6540
578.0000	  0.6545
577.5000	  0.6548
577.0000	  0.6548
576.5000	  0.6558
576.0000	  0.6558
575.5000	  0.6572
575.0000	  0.6564
574.5000	  0.6584
574.0000	  0.6586
573.5000	  0.6584
573.0000	  0.6587
572.5000	  0.6583
572.0000	  0.6597
571.5000	  0.6603
571.0000	  0.6607
570.5000	  0.6615
570.0000	  0.6612
569.5000	  0.6628
569.0000	  0.6629
568.5000	  0.6632
568.0000	  0.6643
567.5000	  0.6638
567.0000	  0.6640
566.5000	  0.6644
566.0000	  0.6652
565.5000	  0.6660
565.0000	  0.6667
564.5000	  0.6666
564.0000	  0.6670
563.5000	  0.6670
563.0000	  0.6673
562.5000	  0.6681
562.0000	  0.6684
561.5000	  0.6689
561.0000	  0.6693
560.5000	  0.6695
560.0000	  0.6690
559.5000	  0.6695
559.0000	  0.6697
558.5000	  0.6699
558.0000	  0.6716
557.5000	  0.6705
557.0000	  0.6719
556.5000	  0.6722
556.0000	  0.6720
555.5000	  0.6723
555.0000	  0.6730
554.5000	  0.6732
554.0000	  0.6746
553.5000	  0.6739
553.0000	  0.6742
552.5000	  0.6744
552.0000	  0.6754
551.5000	  0.6756
551.0000	  0.6753
550.5000	  0.6764
550.0000	  0.6753
549.5000	  0.6765
549.0000	  0.6772
548.5000	  0.6761
548.0000	  0.6776
547.5000	  0.6774
547.0000	  0.6779
546.5000	  0.6782
546.0000	  0.6770
545.5000	  0.6791
545.0000	  0.6790
544.5000	  0.6786
544.0000	  0.6797
543.5000	  0.6797
543.0000	  0.6799
542.5000	  0.6791
542.0000	  0.6797
541.5000	  0.6800
541.0000	  0.6804
540.5000	  0.6807
540.0000	  0.6807
539.5000	  0.6809
539.0000	  0.6806
538.5000	  0.6808
538.0000	  0.6813
537.5000	  0.6807
537.0000	  0.6816
536.5000	  0.6819
536.0000	  0.6813
535.5000	  0.6814
535.0000	  0.6814
534.5000	  0.6819
534.0000	  0.6820
533.5000	  0.6829
533.0000	  0.6818
532.5000	  0.6825
532.0000	  0.6824
531.5000	  0.6829
531.0000	  0.6829
530.5000	  0.6824
530.0000	  0.6825
529.5000	  0.6830
529.0000	  0.6820
528.5000	  0.6827
528.0000	  0.6821
527.5000	  0.6819
527.0000	  0.6824
526.5000	  0.6817
526.0000	  0.6833
525.5000	  0.6812
525.0000	  0.6811
524.5000	  0.6815
524.0000	  0.6813
523.5000	  0.6823
523.0000	  0.6807
522.5000	  0.6811
522.0000	  0.6814
521.5000	  0.6808
521.0000	  0.6811
520.5000	  0.6792
520.0000	  0.6799
519.5000	  0.6797
519.0000	  0.6788
518.5000	  0.6796
518.0000	  0.6780
517.5000	  0.6774
517.0000	  0.6781
516.5000	  0.6770
516.0000	  0.6773
515.5000	  0.6755
515.0000	  0.6764
514.5000	  0.6756
514.0000	  0.6749
513.5000	  0.6756
513.0000	  0.6744
512.5000	  0.6737
512.0000	  0.6736
511.5000	  0.6730
511.0000	  0.6723
510.5000	  0.6716
510.0000	  0.6720
509.5000	  0.6714
509.0000	  0.6709
508.5000	  0.6714
508.0000	  0.6699
507.5000	  0.6708
507.0000	  0.6695
506.5000	  0.6705
506.0000	  0.6708
505.5000	  0.6696
505.0000	  0.6705
504.5000	  0.6705
504.0000	  0.6704
503.5000	  0.6703
503.0000	  0.6705
502.5000	  0.6711
502.0000	  0.6711
501.5000	  0.6721
501.0000	  0.6718
500.5000	  0.6713
500.0000	  0.6718
499.5000	  0.6709
499.0000	  0.6710
498.5000	  0.6715
498.0000	  0.6707
497.5000	  0.6710
497.0000	  0.6704
496.5000	  0.6712
496.0000	  0.6699
495.5000	  0.6690
495.0000	  0.6685
494.5000	  0.6683
494.0000	  0.6677
493.5000	  0.6672
493.0000	  0.6657
492.5000	  0.6653
492.0000	  0.6638
491.5000	  0.6628
491.0000	  0.6636
490.5000	  0.6619
490.0000	  0.6610
489.5000	  0.6600
489.0000	  0.6587
488.5000	  0.6578
488.0000	  0.6551
487.5000	  0.6552
487.0000	  0.6541
486.5000	  0.6528
486.0000	  0.6517
485.5000	  0.6511
485.0000	  0.6503
484.5000	  0.6485
484.0000	  0.6475
483.5000	  0.6467
483.0000	  0.6457
482.5000	  0.6442
482.0000	  0.6426
481.5000	  0.6426
481.0000	  0.6416
480.5000	  0.6395
480.0000	  0.6397
479.5000	  0.6388
479.0000	  0.6372
478.5000	  0.6374
478.0000	  0.6352
477.5000	  0.6356
477.0000	  0.6341
476.5000	  0.6326
476.0000	  0.6332
475.5000	  0.6318
475.0000	  0.6306
474.5000	  0.6302
474.0000	  0.6300
473.5000	  0.6295
473.0000	  0.6282
472.5000	  0.6266
472.0000	  0.6275
471.5000	  0.6263
471.0000	  0.6253
470.5000	  0.6242
470.0000	  0.6234
469.5000	  0.6232
469.0000	  0.6233
468.5000	  0.6227
468.0000	  0.6220
467.5000	  0.6207
467.0000	  0.6220
466.5000	  0.6218
466.0000	  0.6201
465.5000	  0.6208
465.0000	  0.6189
464.5000	  0.6194
464.0000	  0.6200
463.5000	  0.6186
463.0000	  0.6194
462.5000	  0.6187
462.0000	  0.6184
461.5000	  0.6185
461.0000	  0.6181
460.5000	  0.6166
460.0000	  0.6156
459.5000	  0.6156
459.0000	  0.6153
458.5000	  0.6144
458.0000	  0.6145
457.5000	  0.6117
457.0000	  0.6132
456.5000	  0.6119
456.0000	  0.6100
455.5000	  0.6079
455.0000	  0.6067
454.5000	  0.6064
454.0000	  0.6053
453.5000	  0.6039
453.0000	  0.6012
452.5000	  0.5987
452.0000	  0.5980
451.5000	  0.5964
451.0000	  0.5943
450.5000	  0.5937
450.0000	  0.5909
449.5000	  0.5897
449.0000	  0.5862
448.5000	  0.5858
448.0000	  0.5842
447.5000	  0.5818
447.0000	  0.5802
446.5000	  0.5793
446.0000	  0.5771
445.5000	  0.5765
445.0000	  0.5741
444.5000	  0.5737
444.0000	  0.5711
443.5000	  0.5705
443.0000	  0.5694
442.5000	  0.5679
442.0000	  0.5662
441.5000	  0.5667
441.0000	  0.5660
440.5000	  0.5644
440.0000	  0.5622
439.5000	  0.5624
439.0000	  0.5613
438.5000	  0.5601
438.0000	  0.5600
437.5000	  0.5569
437.0000	  0.5582
436.5000	  0.5577
436.0000	  0.5556
435.5000	  0.5557
435.0000	  0.5545
434.5000	  0.5548
434.0000	  0.5526
433.5000	  0.5527
433.0000	  0.5515
432.5000	  0.5517
432.0000	  0.5512
431.5000	  0.5505
431.0000	  0.5492
430.5000	  0.5496
430.0000	  0.5474
429.5000	  0.5479
429.0000	  0.5474
428.5000	  0.5456
428.0000	  0.5465
427.5000	  0.5448
427.0000	  0.5457
426.5000	  0.5443
426.0000	  0.5432
425.5000	  0.5446
425.0000	  0.5430
424.5000	  0.5428
424.0000	  0.5429
423.5000	  0.5411
423.0000	  0.5417
422.5000	  0.5403
422.0000	  0.5425
421.5000	  0.5402
421.0000	  0.5407
420.5000	  0.5411
420.0000	  0.5400
419.5000	  0.5394
419.0000	  0.5403
418.5000	  0.5390
418.0000	  0.5390
417.5000	  0.5371
417.0000	  0.5379
416.5000	  0.5370
416.0000	  0.5370
415.5000	  0.5368
415.0000	  0.5357
414.5000	  0.5364
414.0000	  0.5360
413.5000	  0.5351
413.0000	  0.5360
412.5000	  0.5344
412.0000	  0.5337
411.5000	  0.5336
411.0000	  0.5335
410.5000	  0.5330
410.0000	  0.5334
409.5000	  0.5328
409.0000	  0.5318
408.5000	  0.5318
408.0000	  0.5325
407.5000	  0.5304
407.0000	  0.5304
406.5000	  0.5300
406.0000	  0.5288
405.5000	  0.5287
405.0000	  0.5298
404.5000	  0.5291
404.0000	  0.5289
403.5000	  0.5292
403.0000	  0.5279
402.5000	  0.5288
402.0000	  0.5275
401.5000	  0.5276
401.0000	  0.5278
400.5000	  0.5267
400.0000	  0.5270
399.5000	  0.5254
399.0000	  0.5266
398.5000	  0.5250
398.0000	  0.5256
397.5000	  0.5259
397.0000	  0.5257
396.5000	  0.5257
396.0000	  0.5237
395.5000	  0.5234
395.0000	  0.5248
394.5000	  0.5233
394.0000	  0.5237
393.5000	  0.5239
393.0000	  0.5232
392.5000	  0.5245
392.0000	  0.5221
391.5000	  0.5230
391.0000	  0.5230
390.5000	  0.5229
390.0000	  0.5236
389.5000	  0.5227
389.0000	  0.5236
388.5000	  0.5246
388.0000	  0.5254
387.5000	  0.5245
387.0000	  0.5238
386.5000	  0.5249
386.0000	  0.5249
385.5000	  0.5266
385.0000	  0.5239
384.5000	  0.5259
384.0000	  0.5261
383.5000	  0.5261
383.0000	  0.5275
382.5000	  0.5277
382.0000	  0.5263
381.5000	  0.5248
381.0000	  0.5264
380.5000	  0.5265
380.0000	  0.5278
379.5000	  0.5291
379.0000	  0.5275
378.5000	  0.5270
378.0000	  0.5270
377.5000	  0.5270
377.0000	  0.5249
376.5000	  0.5278
376.0000	  0.5278
375.5000	  0.5282
375.0000	  0.5290
374.5000	  0.5276
374.0000	  0.5271
373.5000	  0.5275
373.0000	  0.5278
372.5000	  0.5274
372.0000	  0.5267
371.5000	  0.5275
371.0000	  0.5271
370.5000	  0.5254
370.0000	  0.5280
369.5000	  0.5279
369.0000	  0.5272
368.5000	  0.5261
368.0000	  0.5297
367.5000	  0.5288
367.0000	  0.5269
366.5000	  0.5269
366.0000	  0.5260
365.5000	  0.5270
365.0000	  0.5288
364.5000	  0.5283
364.0000	  0.5283
363.5000	  0.5285
363.0000	  0.5273
362.5000	  0.5288
362.0000	  0.5280
361.5000	  0.5275
361.0000	  0.5277
360.5000	  0.5281
360.0000	  0.5307
359.5000	  0.5289
359.0000	  0.5278
358.5000	  0.5286
358.0000	  0.5297
357.5000	  0.5313
357.0000	  0.5295
356.5000	  0.5295
356.0000	  0.5293
355.5000	  0.5299
355.0000	  0.5289
354.5000	  0.5295
354.0000	  0.5311
353.5000	  0.5279
353.0000	  0.5308
352.5000	  0.5297
352.0000	  0.5283
351.5000	  0.5272
351.0000	  0.5287
350.5000	  0.5281
350.0000	  0.5282
349.5000	  0.5279
349.0000	  0.5260
348.5000	  0.5272
348.0000	  0.5260
347.5000	  0.5259
347.0000	  0.5270
346.5000	  0.5267
346.0000	  0.5244
345.5000	  0.5272
345.0000	  0.5250
344.5000	  0.5273
344.0000	  0.5252
343.5000	  0.5239
343.0000	  0.5238
342.5000	  0.5256
342.0000	  0.5249
341.5000	  0.5268
341.0000	  0.5237
340.5000	  0.5229
340.0000	  0.5235
339.5000	  0.5227
339.0000	  0.5224
338.5000	  0.5197
338.0000	  0.5272
337.5000	  0.5225
337.0000	  0.5235
336.5000	  0.5241
336.0000	  0.5190
335.5000	  0.5184
335.0000	  0.5220
334.5000	  0.5191
334.0000	  0.5197
333.5000	  0.5213
333.0000	  0.5211
332.5000	  0.5177
332.0000	  0.5171
331.5000	  0.5185
331.0000	  0.5218
330.5000	  0.5198
330.0000	  0.5122
329.5000	  0.5181
329.0000	  0.5155
328.5000	  0.5127
328.0000	  0.5174
327.5000	  0.5140
327.0000	  0.5133
326.5000	  0.5128
326.0000	  0.5102
325.5000	  0.5112
325.0000	  0.5123
324.5000	  0.5090
324.0000	  0.5105
323.5000	  0.5127
323.0000	  0.5044
322.5000	  0.5055
322.0000	  0.5063
321.5000	  0.5060
321.0000	  0.5144
320.5000	  0.5079
320.0000	  0.5054
319.5000	  0.5033
319.0000	  0.5003
318.5000	  0.5013
318.0000	  0.4940
317.5000	  0.5013
317.0000	  0.4977
316.5000	  0.5029
316.0000	  0.5021
315.5000	  0.4901
315.0000	  0.4945
314.5000	  0.4917
314.0000	  0.4932
313.5000	  0.4988
313.0000	  0.4987
312.5000	  0.4925
312.0000	  0.4863
311.5000	  0.4839
311.0000	  0.4739
310.5000	  0.4816
310.0000	  0.4776
309.5000	  0.4892
309.0000	  0.4772
308.5000	  0.4662
308.0000	  0.4591
307.5000	  0.4603
307.0000	  0.4761
306.5000	  0.4550
306.0000	  0.4707
305.5000	  0.4790
305.0000	  0.4490
304.5000	  0.4689
304.0000	  0.4538
303.5000	  0.4354
303.0000	  0.4412
302.5000	  0.4538
302.0000	  0.4227
301.5000	  0.5183
301.0000	  0.4387
300.5000	  0.4450
300.0000	  0.4103
299.5000	  0.4129
299.0000	  0.5286
298.5000	  0.4111
298.0000	  0.5511
297.5000	  0.5050
297.0000	  0.5375
296.5000	  0.5314
296.0000	  0.5102
295.5000	  0.4820
295.0000	  0.4764
294.5000	  0.4379
294.0000	  0.3700
293.5000	  0.4895
293.0000	  0.5356
292.5000	  0.6374
292.0000	  0.4889
291.5000	  0.5770
291.0000	  0.5166
290.5000	  0.4068
290.0000	  0.5182
289.5000	  0.6689
289.0000	  0.4611
288.5000	  0.6440
288.0000	  0.5962
287.5000	  0.6766
287.0000	  0.4897
286.5000	  0.6078
286.0000	  0.4565
285.5000	  0.6060
285.0000	  0.4295
284.5000	  0.5861
284.0000	  0.7206
283.5000	  0.3327
283.0000	  0.6164
282.5000	  0.4675
282.0000	  0.6740
281.5000	  0.5173
281.0000	  0.8781
280.5000	  0.5263
280.0000	  0.4646
279.5000	  0.5242
279.0000	  0.4889
278.5000	  0.4195
278.0000	  0.5545
277.5000	  0.5880
277.0000	  0.5190
276.5000	  0.7454
276.0000	  0.5699
275.5000	  0.5817
275.0000	  0.9862
274.5000	  0.6524
274.0000	  0.7738
273.5000	  0.4478
273.0000	  0.6237
272.5000	  0.4852
272.0000	  0.5117
271.5000	  0.7293
271.0000	  0.5582
270.5000	  0.7879
270.0000	  0.4843
269.5000	  0.5546
269.0000	  0.4506
268.5000	  0.6898
268.0000	  0.6336
267.5000	  0.6152
267.0000	  0.6442
266.5000	  0.7346
266.0000	  0.4317
265.5000	  0.7264
265.0000	  0.7954
264.5000	  0.4420
264.0000	  0.8406
263.5000	  0.4085
263.0000	  0.7285
262.5000	  0.6636
262.0000	  0.5661
261.5000	  0.7212
261.0000	  0.5730
260.5000	  0.4726
260.0000	  0.7473
259.5000	  0.6777
259.0000	  0.4341
258.5000	  0.5955
258.0000	  0.7458
257.5000	  0.5652
257.0000	  0.7379
256.5000	  0.5899
256.0000	  0.5814
255.5000	  0.5198
255.0000	  0.4061
254.5000	  0.4134
254.0000	  0.8023
253.5000	  0.4002
253.0000	  0.4809
252.5000	  0.5175
252.0000	  0.5911
251.5000	  0.5296
251.0000	  0.6772
250.5000	  0.5841
250.0000	  0.4179
249.5000	  0.4851
249.0000	  0.6294
248.5000	  0.4492
248.0000	  0.6886
247.5000	  0.5311
247.0000	  0.7495
246.5000	  0.6755
246.0000	  0.4572
245.5000	  0.7005
245.0000	  0.5374
244.5000	  0.5838
244.0000	  0.4665
243.5000	  0.6643
243.0000	  0.5974
242.5000	  0.5438
242.0000	  0.8039
241.5000	  0.7476
241.0000	  0.4089
240.5000	  0.3336
240.0000	  0.5909
239.5000	  0.5663
239.0000	  0.6836
238.5000	  0.5871
238.0000	  0.6261
237.5000	  0.3826
237.0000	  0.5419
236.5000	  0.7072
236.0000	  0.5765
235.5000	  0.4999
235.0000	  0.5345
234.5000	  0.9460
234.0000	  1.0197
233.5000	  0.4526
233.0000	  0.6921
232.5000	  0.6620
232.0000	  0.7780
231.5000	  0.6535
231.0000	  0.6829
230.5000	  0.4500
230.0000	  0.7476
229.5000	  0.5003
229.0000	  0.8300
228.5000	  0.6459
228.0000	  0.6216
227.5000	  0.4638
227.0000	  0.6510
226.5000	  0.4392
226.0000	  0.6108
225.5000	  0.6948
225.0000	  0.4979
224.5000	  0.3577
224.0000	  0.2930
223.5000	  0.5845
223.0000	  0.5881
222.5000	  0.6856
222.0000	  0.6694
221.5000	  0.8248
221.0000	  0.5732
220.5000	  0.3079
220.0000	  0.6830
219.5000	  0.5020
219.0000	  0.6847
218.5000	  0.4206
218.0000	  0.7033
217.5000	  0.4872
217.0000	  0.5892
216.5000	  0.5614
216.0000	  0.6111
215.5000	  0.5259
215.0000	  0.5515
214.5000	  0.4481
214.0000	  0.7262
213.5000	  0.5652
213.0000	  0.4411
212.5000	  0.5974
212.0000	  0.5868
211.5000	  0.7362
211.0000	  0.4753
210.5000	  0.4628
210.0000	  0.5961
209.5000	  0.4923
209.0000	  0.4300
208.5000	  0.4399
208.0000	  0.5272
207.5000	  0.4193
207.0000	  0.4286
206.5000	  0.5218
206.0000	  0.5137
205.5000	  0.3294
205.0000	  0.6110
204.5000	  0.3790
204.0000	  0.5175
203.5000	  0.7333
203.0000	  0.6282
202.5000	  0.5988
202.0000	  0.3487
201.5000	  0.5544
201.0000	  0.8410
200.5000	  0.5632
200.0000	  0.5888

