09/04/2024 15.53.53
09/04/2024 16.02.53

800.0000	 77.0700

800.0000	 77.0700

900.0000	 71.9600



  1.0000
900.0000
  3.0000
340.0000
  1.0000
1401.0000
  5.0000
  6.0000
  1.0000
  1.0000
  0.0000
  0.0000
100.0000
  0.0000
  1.0000
  0.0000
500.0000
900.0000
200.0000
  4.0000
  1.0000
 18.0000
  2.0000
  1.0000
255.0000
  0.8324
  1.0000
 30.0000
  4.0000
500.0000
  0.0000
  0.0000
  4.0000
900.0000
200.0000
  0.0000
100.0000
  0.0000
  1.0000
  0.0000
500.0000
  1.0000
  1.0000
  1.0000
  1.0000
  4.0000
  0.0000
  1.0000
  1.0000
  1.0000
  1.0000
  1.0000
  2.0000
  1.0000
  1.0000
  1.0000
  3.0000
  1.0000
  1.0000
  1.0000
  4.0000
  5.0000
539.536
0.000

lambda: 800
Abs:    -0.0002

#
900.0000	  0.7660
899.5000	  0.7760
899.0000	  0.7565
898.5000	  0.7560
898.0000	  0.7701
897.5000	  0.7506
897.0000	  0.7649
896.5000	  0.7600
896.0000	  0.7700
895.5000	  0.7619
895.0000	  0.7457
894.5000	  0.7546
894.0000	  0.7453
893.5000	  0.7720
893.0000	  0.7444
892.5000	  0.7518
892.0000	  0.7476
891.5000	  0.7338
891.0000	  0.7499
890.5000	  0.7673
890.0000	  0.7536
889.5000	  0.7449
889.0000	  0.7511
888.5000	  0.7570
888.0000	  0.7383
887.5000	  0.7712
887.0000	  0.7487
886.5000	  0.7446
886.0000	  0.7638
885.5000	  0.7425
885.0000	  0.7560
884.5000	  0.7456
884.0000	  0.7601
883.5000	  0.7536
883.0000	  0.7407
882.5000	  0.7468
882.0000	  0.7657
881.5000	  0.7487
881.0000	  0.7583
880.5000	  0.7601
880.0000	  0.7569
879.5000	  0.7525
879.0000	  0.7521
878.5000	  0.7616
878.0000	  0.7593
877.5000	  0.7580
877.0000	  0.7541
876.5000	  0.7559
876.0000	  0.7578
875.5000	  0.7515
875.0000	  0.7486
874.5000	  0.7525
874.0000	  0.7541
873.5000	  0.7542
873.0000	  0.7485
872.5000	  0.7476
872.0000	  0.7579
871.5000	  0.7473
871.0000	  0.7603
870.5000	  0.7524
870.0000	  0.7545
869.5000	  0.7573
869.0000	  0.7602
868.5000	  0.7515
868.0000	  0.7546
867.5000	  0.7453
867.0000	  0.7624
866.5000	  0.7556
866.0000	  0.7579
865.5000	  0.7511
865.0000	  0.7545
864.5000	  0.7480
864.0000	  0.7565
863.5000	  0.7504
863.0000	  0.7583
862.5000	  0.7579
862.0000	  0.7584
861.5000	  0.7620
861.0000	  0.7583
860.5000	  0.7589
860.0000	  0.7603
859.5000	  0.7663
859.0000	  0.7579
858.5000	  0.7556
858.0000	  0.7573
857.5000	  0.7606
857.0000	  0.7615
856.5000	  0.7591
856.0000	  0.7593
855.5000	  0.7650
855.0000	  0.7660
854.5000	  0.7603
854.0000	  0.7617
853.5000	  0.7634
853.0000	  0.7597
852.5000	  0.7643
852.0000	  0.7689
851.5000	  0.7617
851.0000	  0.7636
850.5000	  0.7674
850.0000	  0.7661
849.5000	  0.7634
849.0000	  0.7638
848.5000	  0.7669
848.0000	  0.7668
847.5000	  0.7680
847.0000	  0.7684
846.5000	  0.7665
846.0000	  0.7650
845.5000	  0.7679
845.0000	  0.7676
844.5000	  0.7690
844.0000	  0.7683
843.5000	  0.7647
843.0000	  0.7685
842.5000	  0.7675
842.0000	  0.7673
841.5000	  0.7669
841.0000	  0.7691
840.5000	  0.7654
840.0000	  0.7684
839.5000	  0.7669
839.0000	  0.7675
838.5000	  0.7680
838.0000	  0.7674
837.5000	  0.7687
837.0000	  0.7694
836.5000	  0.7684
836.0000	  0.7674
835.5000	  0.7664
835.0000	  0.7667
834.5000	  0.7692
834.0000	  0.7665
833.5000	  0.7664
833.0000	  0.7676
832.5000	  0.7669
832.0000	  0.7675
831.5000	  0.7657
831.0000	  0.7667
830.5000	  0.7672
830.0000	  0.7665
829.5000	  0.7669
829.0000	  0.7656
828.5000	  0.7668
828.0000	  0.7671
827.5000	  0.7669
827.0000	  0.7672
826.5000	  0.7683
826.0000	  0.7669
825.5000	  0.7674
825.0000	  0.7654
824.5000	  0.7669
824.0000	  0.7669
823.5000	  0.7664
823.0000	  0.7670
822.5000	  0.7681
822.0000	  0.7672
821.5000	  0.7687
821.0000	  0.7662
820.5000	  0.7650
820.0000	  0.7670
819.5000	  0.7667
819.0000	  0.7668
818.5000	  0.7673
818.0000	  0.7672
817.5000	  0.7670
817.0000	  0.7675
816.5000	  0.7677
816.0000	  0.7669
815.5000	  0.7649
815.0000	  0.7664
814.5000	  0.7679
814.0000	  0.7695
813.5000	  0.7696
813.0000	  0.7683
812.5000	  0.7691
812.0000	  0.7677
811.5000	  0.7673
811.0000	  0.7690
810.5000	  0.7670
810.0000	  0.7682
809.5000	  0.7691
809.0000	  0.7696
808.5000	  0.7684
808.0000	  0.7697
807.5000	  0.7684
807.0000	  0.7678
806.5000	  0.7684
806.0000	  0.7682
805.5000	  0.7697
805.0000	  0.7671
804.5000	  0.7703
804.0000	  0.7703
803.5000	  0.7692
803.0000	  0.7699
802.5000	  0.7690
802.0000	  0.7707
801.5000	  0.7697
801.0000	  0.7700
800.5000	  0.7716
800.0000	  0.7714
799.5000	  0.7712
799.0000	  0.7703
798.5000	  0.7704
798.0000	  0.7691
797.5000	  0.7713
797.0000	  0.7694
796.5000	  0.7721
796.0000	  0.7719
795.5000	  0.7718
795.0000	  0.7719
794.5000	  0.7716
794.0000	  0.7711
793.5000	  0.7709
793.0000	  0.7726
792.5000	  0.7735
792.0000	  0.7726
791.5000	  0.7714
791.0000	  0.7725
790.5000	  0.7730
790.0000	  0.7720
789.5000	  0.7729
789.0000	  0.7718
788.5000	  0.7723
788.0000	  0.7728
787.5000	  0.7734
787.0000	  0.7743
786.5000	  0.7716
786.0000	  0.7742
785.5000	  0.7727
785.0000	  0.7737
784.5000	  0.7731
784.0000	  0.7736
783.5000	  0.7746
783.0000	  0.7752
782.5000	  0.7755
782.0000	  0.7740
781.5000	  0.7756
781.0000	  0.7727
780.5000	  0.7746
780.0000	  0.7750
779.5000	  0.7751
779.0000	  0.7754
778.5000	  0.7748
778.0000	  0.7762
777.5000	  0.7763
777.0000	  0.7752
776.5000	  0.7765
776.0000	  0.7758
775.5000	  0.7751
775.0000	  0.7758
774.5000	  0.7753
774.0000	  0.7773
773.5000	  0.7764
773.0000	  0.7753
772.5000	  0.7754
772.0000	  0.7767
771.5000	  0.7763
771.0000	  0.7760
770.5000	  0.7769
770.0000	  0.7769
769.5000	  0.7777
769.0000	  0.7772
768.5000	  0.7771
768.0000	  0.7763
767.5000	  0.7774
767.0000	  0.7768
766.5000	  0.7781
766.0000	  0.7773
765.5000	  0.7759
765.0000	  0.7778
764.5000	  0.7767
764.0000	  0.7777
763.5000	  0.7778
763.0000	  0.7776
762.5000	  0.7786
762.0000	  0.7784
761.5000	  0.7790
761.0000	  0.7778
760.5000	  0.7785
760.0000	  0.7779
759.5000	  0.7783
759.0000	  0.7792
758.5000	  0.7789
758.0000	  0.7785
757.5000	  0.7794
757.0000	  0.7790
756.5000	  0.7787
756.0000	  0.7786
755.5000	  0.7802
755.0000	  0.7787
754.5000	  0.7803
754.0000	  0.7793
753.5000	  0.7804
753.0000	  0.7795
752.5000	  0.7788
752.0000	  0.7789
751.5000	  0.7798
751.0000	  0.7814
750.5000	  0.7810
750.0000	  0.7801
749.5000	  0.7800
749.0000	  0.7805
748.5000	  0.7809
748.0000	  0.7804
747.5000	  0.7823
747.0000	  0.7809
746.5000	  0.7816
746.0000	  0.7825
745.5000	  0.7813
745.0000	  0.7826
744.5000	  0.7793
744.0000	  0.7822
743.5000	  0.7812
743.0000	  0.7822
742.5000	  0.7835
742.0000	  0.7816
741.5000	  0.7814
741.0000	  0.7827
740.5000	  0.7821
740.0000	  0.7835
739.5000	  0.7841
739.0000	  0.7827
738.5000	  0.7826
738.0000	  0.7834
737.5000	  0.7839
737.0000	  0.7835
736.5000	  0.7846
736.0000	  0.7833
735.5000	  0.7844
735.0000	  0.7850
734.5000	  0.7853
734.0000	  0.7845
733.5000	  0.7861
733.0000	  0.7849
732.5000	  0.7864
732.0000	  0.7876
731.5000	  0.7878
731.0000	  0.7874
730.5000	  0.7882
730.0000	  0.7876
729.5000	  0.7884
729.0000	  0.7898
728.5000	  0.7895
728.0000	  0.7898
727.5000	  0.7906
727.0000	  0.7923
726.5000	  0.7928
726.0000	  0.7924
725.5000	  0.7948
725.0000	  0.7959
724.5000	  0.7969
724.0000	  0.7990
723.5000	  0.7961
723.0000	  0.8014
722.5000	  0.8020
722.0000	  0.8035
721.5000	  0.8068
721.0000	  0.8087
720.5000	  0.8104
720.0000	  0.8118
719.5000	  0.8120
719.0000	  0.8154
718.5000	  0.8152
718.0000	  0.8181
717.5000	  0.8174
717.0000	  0.8186
716.5000	  0.8166
716.0000	  0.8173
715.5000	  0.8157
715.0000	  0.8129
714.5000	  0.8122
714.0000	  0.8100
713.5000	  0.8078
713.0000	  0.8051
712.5000	  0.8016
712.0000	  0.8006
711.5000	  0.7981
711.0000	  0.7977
710.5000	  0.7945
710.0000	  0.7949
709.5000	  0.7923
709.0000	  0.7909
708.5000	  0.7913
708.0000	  0.7893
707.5000	  0.7881
707.0000	  0.7887
706.5000	  0.7892
706.0000	  0.7890
705.5000	  0.7878
705.0000	  0.7874
704.5000	  0.7894
704.0000	  0.7894
703.5000	  0.7900
703.0000	  0.7899
702.5000	  0.7889
702.0000	  0.7889
701.5000	  0.7892
701.0000	  0.7885
700.5000	  0.7890
700.0000	  0.7893
699.5000	  0.7900
699.0000	  0.7894
698.5000	  0.7891
698.0000	  0.7891
697.5000	  0.7888
697.0000	  0.7890
696.5000	  0.7894
696.0000	  0.7895
695.5000	  0.7888
695.0000	  0.7877
694.5000	  0.7894
694.0000	  0.7892
693.5000	  0.7904
693.0000	  0.7900
692.5000	  0.7885
692.0000	  0.7889
691.5000	  0.7882
691.0000	  0.7889
690.5000	  0.7900
690.0000	  0.7888
689.5000	  0.7891
689.0000	  0.7888
688.5000	  0.7891
688.0000	  0.7887
687.5000	  0.7884
687.0000	  0.7889
686.5000	  0.7889
686.0000	  0.7893
685.5000	  0.7889
685.0000	  0.7885
684.5000	  0.7873
684.0000	  0.7887
683.5000	  0.7896
683.0000	  0.7899
682.5000	  0.7889
682.0000	  0.7886
681.5000	  0.7881
681.0000	  0.7902
680.5000	  0.7889
680.0000	  0.7892
679.5000	  0.7889
679.0000	  0.7888
678.5000	  0.7893
678.0000	  0.7903
677.5000	  0.7905
677.0000	  0.7884
676.5000	  0.7894
676.0000	  0.7892
675.5000	  0.7899
675.0000	  0.7903
674.5000	  0.7886
674.0000	  0.7898
673.5000	  0.7895
673.0000	  0.7887
672.5000	  0.7899
672.0000	  0.7884
671.5000	  0.7896
671.0000	  0.7891
670.5000	  0.7896
670.0000	  0.7900
669.5000	  0.7882
669.0000	  0.7892
668.5000	  0.7900
668.0000	  0.7894
667.5000	  0.7897
667.0000	  0.7891
666.5000	  0.7894
666.0000	  0.7889
665.5000	  0.7895
665.0000	  0.7900
664.5000	  0.7893
664.0000	  0.7893
663.5000	  0.7887
663.0000	  0.7899
662.5000	  0.7898
662.0000	  0.7893
661.5000	  0.7904
661.0000	  0.7893
660.5000	  0.7892
660.0000	  0.7892
659.5000	  0.7903
659.0000	  0.7883
658.5000	  0.7896
658.0000	  0.7897
657.5000	  0.7887
657.0000	  0.7898
656.5000	  0.7886
656.0000	  0.7893
655.5000	  0.7902
655.0000	  0.7889
654.5000	  0.7893
654.0000	  0.7877
653.5000	  0.7893
653.0000	  0.7885
652.5000	  0.7896
652.0000	  0.7889
651.5000	  0.7883
651.0000	  0.7895
650.5000	  0.7895
650.0000	  0.7891
649.5000	  0.7893
649.0000	  0.7892
648.5000	  0.7881
648.0000	  0.7890
647.5000	  0.7884
647.0000	  0.7888
646.5000	  0.7885
646.0000	  0.7879
645.5000	  0.7882
645.0000	  0.7880
644.5000	  0.7873
644.0000	  0.7893
643.5000	  0.7870
643.0000	  0.7879
642.5000	  0.7873
642.0000	  0.7876
641.5000	  0.7875
641.0000	  0.7867
640.5000	  0.7875
640.0000	  0.7872
639.5000	  0.7874
639.0000	  0.7872
638.5000	  0.7863
638.0000	  0.7865
637.5000	  0.7870
637.0000	  0.7862
636.5000	  0.7865
636.0000	  0.7863
635.5000	  0.7863
635.0000	  0.7870
634.5000	  0.7870
634.0000	  0.7867
633.5000	  0.7871
633.0000	  0.7860
632.5000	  0.7880
632.0000	  0.7876
631.5000	  0.7884
631.0000	  0.7895
630.5000	  0.7885
630.0000	  0.7904
629.5000	  0.7906
629.0000	  0.7912
628.5000	  0.7926
628.0000	  0.7926
627.5000	  0.7945
627.0000	  0.7953
626.5000	  0.7959
626.0000	  0.7973
625.5000	  0.7981
625.0000	  0.7985
624.5000	  0.8005
624.0000	  0.8012
623.5000	  0.8023
623.0000	  0.8027
622.5000	  0.8016
622.0000	  0.8037
621.5000	  0.8046
621.0000	  0.8048
620.5000	  0.8059
620.0000	  0.8047
619.5000	  0.8057
619.0000	  0.8053
618.5000	  0.8061
618.0000	  0.8061
617.5000	  0.8051
617.0000	  0.8040
616.5000	  0.8043
616.0000	  0.8050
615.5000	  0.8049
615.0000	  0.8043
614.5000	  0.8041
614.0000	  0.8044
613.5000	  0.8044
613.0000	  0.8038
612.5000	  0.8048
612.0000	  0.8042
611.5000	  0.8043
611.0000	  0.8056
610.5000	  0.8049
610.0000	  0.8050
609.5000	  0.8048
609.0000	  0.8050
608.5000	  0.8050
608.0000	  0.8051
607.5000	  0.8059
607.0000	  0.8043
606.5000	  0.8048
606.0000	  0.8050
605.5000	  0.8057
605.0000	  0.8043
604.5000	  0.8046
604.0000	  0.8052
603.5000	  0.8056
603.0000	  0.8062
602.5000	  0.8055
602.0000	  0.8072
601.5000	  0.8053
601.0000	  0.8073
600.5000	  0.8059
600.0000	  0.8060
599.5000	  0.8073
599.0000	  0.8055
598.5000	  0.8060
598.0000	  0.8063
597.5000	  0.8067
597.0000	  0.8073
596.5000	  0.8076
596.0000	  0.8070
595.5000	  0.8084
595.0000	  0.8067
594.5000	  0.8075
594.0000	  0.8082
593.5000	  0.8068
593.0000	  0.8078
592.5000	  0.8083
592.0000	  0.8086
591.5000	  0.8082
591.0000	  0.8084
590.5000	  0.8088
590.0000	  0.8080
589.5000	  0.8099
589.0000	  0.8091
588.5000	  0.8100
588.0000	  0.8087
587.5000	  0.8090
587.0000	  0.8098
586.5000	  0.8093
586.0000	  0.8092
585.5000	  0.8091
585.0000	  0.8095
584.5000	  0.8098
584.0000	  0.8082
583.5000	  0.8094
583.0000	  0.8104
582.5000	  0.8097
582.0000	  0.8106
581.5000	  0.8098
581.0000	  0.8104
580.5000	  0.8109
580.0000	  0.8102
579.5000	  0.8109
579.0000	  0.8116
578.5000	  0.8112
578.0000	  0.8106
577.5000	  0.8118
577.0000	  0.8106
576.5000	  0.8117
576.0000	  0.8119
575.5000	  0.8115
575.0000	  0.8121
574.5000	  0.8112
574.0000	  0.8119
573.5000	  0.8129
573.0000	  0.8125
572.5000	  0.8128
572.0000	  0.8130
571.5000	  0.8127
571.0000	  0.8139
570.5000	  0.8127
570.0000	  0.8131
569.5000	  0.8141
569.0000	  0.8118
568.5000	  0.8132
568.0000	  0.8132
567.5000	  0.8126
567.0000	  0.8142
566.5000	  0.8138
566.0000	  0.8132
565.5000	  0.8142
565.0000	  0.8135
564.5000	  0.8142
564.0000	  0.8156
563.5000	  0.8122
563.0000	  0.8146
562.5000	  0.8144
562.0000	  0.8142
561.5000	  0.8157
561.0000	  0.8143
560.5000	  0.8140
560.0000	  0.8169
559.5000	  0.8176
559.0000	  0.8172
558.5000	  0.8181
558.0000	  0.8190
557.5000	  0.8179
557.0000	  0.8184
556.5000	  0.8184
556.0000	  0.8190
555.5000	  0.8187
555.0000	  0.8175
554.5000	  0.8188
554.0000	  0.8184
553.5000	  0.8187
553.0000	  0.8196
552.5000	  0.8197
552.0000	  0.8195
551.5000	  0.8200
551.0000	  0.8198
550.5000	  0.8194
550.0000	  0.8201
549.5000	  0.8183
549.0000	  0.8202
548.5000	  0.8215
548.0000	  0.8198
547.5000	  0.8208
547.0000	  0.8206
546.5000	  0.8207
546.0000	  0.8204
545.5000	  0.8211
545.0000	  0.8208
544.5000	  0.8212
544.0000	  0.8201
543.5000	  0.8212
543.0000	  0.8215
542.5000	  0.8202
542.0000	  0.8217
541.5000	  0.8213
541.0000	  0.8209
540.5000	  0.8228
540.0000	  0.8219
539.5000	  0.8222
539.0000	  0.8223
538.5000	  0.8214
538.0000	  0.8225
537.5000	  0.8229
537.0000	  0.8227
536.5000	  0.8226
536.0000	  0.8229
535.5000	  0.8219
535.0000	  0.8229
534.5000	  0.8225
534.0000	  0.8233
533.5000	  0.8236
533.0000	  0.8223
532.5000	  0.8235
532.0000	  0.8236
531.5000	  0.8238
531.0000	  0.8240
530.5000	  0.8241
530.0000	  0.8238
529.5000	  0.8242
529.0000	  0.8245
528.5000	  0.8242
528.0000	  0.8242
527.5000	  0.8244
527.0000	  0.8239
526.5000	  0.8246
526.0000	  0.8248
525.5000	  0.8252
525.0000	  0.8255
524.5000	  0.8243
524.0000	  0.8249
523.5000	  0.8248
523.0000	  0.8245
522.5000	  0.8259
522.0000	  0.8248
521.5000	  0.8246
521.0000	  0.8252
520.5000	  0.8258
520.0000	  0.8255
519.5000	  0.8258
519.0000	  0.8252
518.5000	  0.8261
518.0000	  0.8254
517.5000	  0.8251
517.0000	  0.8259
516.5000	  0.8265
516.0000	  0.8260
515.5000	  0.8263
515.0000	  0.8269
514.5000	  0.8267
514.0000	  0.8267
513.5000	  0.8259
513.0000	  0.8271
512.5000	  0.8264
512.0000	  0.8269
511.5000	  0.8278
511.0000	  0.8278
510.5000	  0.8276
510.0000	  0.8288
509.5000	  0.8283
509.0000	  0.8294
508.5000	  0.8302
508.0000	  0.8294
507.5000	  0.8311
507.0000	  0.8310
506.5000	  0.8317
506.0000	  0.8332
505.5000	  0.8329
505.0000	  0.8326
504.5000	  0.8345
504.0000	  0.8341
503.5000	  0.8350
503.0000	  0.8362
502.5000	  0.8362
502.0000	  0.8378
501.5000	  0.8383
501.0000	  0.8387
500.5000	  0.8397
500.0000	  0.8397
499.5000	  0.8408
499.0000	  0.8410
498.5000	  0.8416
498.0000	  0.8430
497.5000	  0.8430
497.0000	  0.8419
496.5000	  0.8441
496.0000	  0.8445
495.5000	  0.8457
495.0000	  0.8450
494.5000	  0.8449
494.0000	  0.8459
493.5000	  0.8453
493.0000	  0.8457
492.5000	  0.8474
492.0000	  0.8457
491.5000	  0.8464
491.0000	  0.8480
490.5000	  0.8478
490.0000	  0.8483
489.5000	  0.8475
489.0000	  0.8474
488.5000	  0.8481
488.0000	  0.8483
487.5000	  0.8488
487.0000	  0.8498
486.5000	  0.8476
486.0000	  0.8478
485.5000	  0.8480
485.0000	  0.8504
484.5000	  0.8500
484.0000	  0.8503
483.5000	  0.8504
483.0000	  0.8510
482.5000	  0.8514
482.0000	  0.8506
481.5000	  0.8526
481.0000	  0.8505
480.5000	  0.8531
480.0000	  0.8527
479.5000	  0.8525
479.0000	  0.8540
478.5000	  0.8523
478.0000	  0.8541
477.5000	  0.8545
477.0000	  0.8542
476.5000	  0.8565
476.0000	  0.8569
475.5000	  0.8558
475.0000	  0.8569
474.5000	  0.8577
474.0000	  0.8580
473.5000	  0.8585
473.0000	  0.8592
472.5000	  0.8607
472.0000	  0.8606
471.5000	  0.8608
471.0000	  0.8620
470.5000	  0.8622
470.0000	  0.8635
469.5000	  0.8636
469.0000	  0.8647
468.5000	  0.8654
468.0000	  0.8653
467.5000	  0.8665
467.0000	  0.8668
466.5000	  0.8690
466.0000	  0.8693
465.5000	  0.8715
465.0000	  0.8705
464.5000	  0.8709
464.0000	  0.8713
463.5000	  0.8724
463.0000	  0.8740
462.5000	  0.8758
462.0000	  0.8760
461.5000	  0.8773
461.0000	  0.8791
460.5000	  0.8790
460.0000	  0.8806
459.5000	  0.8800
459.0000	  0.8817
458.5000	  0.8829
458.0000	  0.8824
457.5000	  0.8838
457.0000	  0.8840
456.5000	  0.8856
456.0000	  0.8849
455.5000	  0.8852
455.0000	  0.8860
454.5000	  0.8850
454.0000	  0.8846
453.5000	  0.8851
453.0000	  0.8855
452.5000	  0.8842
452.0000	  0.8849
451.5000	  0.8812
451.0000	  0.8820
450.5000	  0.8808
450.0000	  0.8824
449.5000	  0.8807
449.0000	  0.8795
448.5000	  0.8768
448.0000	  0.8768
447.5000	  0.8772
447.0000	  0.8758
446.5000	  0.8773
446.0000	  0.8733
445.5000	  0.8742
445.0000	  0.8732
444.5000	  0.8722
444.0000	  0.8732
443.5000	  0.8713
443.0000	  0.8704
442.5000	  0.8710
442.0000	  0.8707
441.5000	  0.8699
441.0000	  0.8701
440.5000	  0.8701
440.0000	  0.8700
439.5000	  0.8705
439.0000	  0.8687
438.5000	  0.8698
438.0000	  0.8693
437.5000	  0.8682
437.0000	  0.8698
436.5000	  0.8694
436.0000	  0.8693
435.5000	  0.8695
435.0000	  0.8686
434.5000	  0.8700
434.0000	  0.8702
433.5000	  0.8693
433.0000	  0.8710
432.5000	  0.8710
432.0000	  0.8695
431.5000	  0.8702
431.0000	  0.8696
430.5000	  0.8719
430.0000	  0.8712
429.5000	  0.8703
429.0000	  0.8721
428.5000	  0.8707
428.0000	  0.8704
427.5000	  0.8728
427.0000	  0.8718
426.5000	  0.8719
426.0000	  0.8738
425.5000	  0.8731
425.0000	  0.8714
424.5000	  0.8736
424.0000	  0.8727
423.5000	  0.8746
423.0000	  0.8740
422.5000	  0.8757
422.0000	  0.8753
421.5000	  0.8749
421.0000	  0.8755
420.5000	  0.8752
420.0000	  0.8777
419.5000	  0.8784
419.0000	  0.8797
418.5000	  0.8776
418.0000	  0.8769
417.5000	  0.8771
417.0000	  0.8782
416.5000	  0.8805
416.0000	  0.8788
415.5000	  0.8793
415.0000	  0.8796
414.5000	  0.8811
414.0000	  0.8818
413.5000	  0.8820
413.0000	  0.8808
412.5000	  0.8818
412.0000	  0.8827
411.5000	  0.8820
411.0000	  0.8838
410.5000	  0.8814
410.0000	  0.8815
409.5000	  0.8827
409.0000	  0.8848
408.5000	  0.8834
408.0000	  0.8841
407.5000	  0.8836
407.0000	  0.8865
406.5000	  0.8842
406.0000	  0.8855
405.5000	  0.8867
405.0000	  0.8862
404.5000	  0.8860
404.0000	  0.8871
403.5000	  0.8881
403.0000	  0.8875
402.5000	  0.8865
402.0000	  0.8876
401.5000	  0.8888
401.0000	  0.8882
400.5000	  0.8878
400.0000	  0.8886
399.5000	  0.8891
399.0000	  0.8896
398.5000	  0.8910
398.0000	  0.8902
397.5000	  0.8910
397.0000	  0.8917
396.5000	  0.8915
396.0000	  0.8907
395.5000	  0.8943
395.0000	  0.8916
394.5000	  0.8912
394.0000	  0.8940
393.5000	  0.8935
393.0000	  0.8955
392.5000	  0.8963
392.0000	  0.8939
391.5000	  0.8954
391.0000	  0.8971
390.5000	  0.8973
390.0000	  0.8966
389.5000	  0.8975
389.0000	  0.8986
388.5000	  0.8987
388.0000	  0.8994
387.5000	  0.9011
387.0000	  0.9011
386.5000	  0.9007
386.0000	  0.9012
385.5000	  0.9030
385.0000	  0.9059
384.5000	  0.9056
384.0000	  0.9052
383.5000	  0.9047
383.0000	  0.9076
382.5000	  0.9044
382.0000	  0.9054
381.5000	  0.9062
381.0000	  0.9064
380.5000	  0.9082
380.0000	  0.9104
379.5000	  0.9091
379.0000	  0.9106
378.5000	  0.9128
378.0000	  0.9080
377.5000	  0.9136
377.0000	  0.9100
376.5000	  0.9114
376.0000	  0.9118
375.5000	  0.9126
375.0000	  0.9134
374.5000	  0.9161
374.0000	  0.9136
373.5000	  0.9145
373.0000	  0.9146
372.5000	  0.9125
372.0000	  0.9157
371.5000	  0.9163
371.0000	  0.9144
370.5000	  0.9168
370.0000	  0.9158
369.5000	  0.9181
369.0000	  0.9177
368.5000	  0.9185
368.0000	  0.9166
367.5000	  0.9178
367.0000	  0.9194
366.5000	  0.9206
366.0000	  0.9207
365.5000	  0.9198
365.0000	  0.9216
364.5000	  0.9236
364.0000	  0.9199
363.5000	  0.9217
363.0000	  0.9222
362.5000	  0.9232
362.0000	  0.9229
361.5000	  0.9240
361.0000	  0.9270
360.5000	  0.9272
360.0000	  0.9261
359.5000	  0.9259
359.0000	  0.9245
358.5000	  0.9261
358.0000	  0.9283
357.5000	  0.9265
357.0000	  0.9267
356.5000	  0.9317
356.0000	  0.9294
355.5000	  0.9306
355.0000	  0.9291
354.5000	  0.9312
354.0000	  0.9338
353.5000	  0.9333
353.0000	  0.9367
352.5000	  0.9352
352.0000	  0.9331
351.5000	  0.9352
351.0000	  0.9361
350.5000	  0.9375
350.0000	  0.9374
349.5000	  0.9381
349.0000	  0.9402
348.5000	  0.9349
348.0000	  0.9396
347.5000	  0.9398
347.0000	  0.9403
346.5000	  0.9409
346.0000	  0.9423
345.5000	  0.9402
345.0000	  0.9461
344.5000	  0.9399
344.0000	  0.9412
343.5000	  0.9467
343.0000	  0.9400
342.5000	  0.9414
342.0000	  0.9447
341.5000	  0.9453
341.0000	  0.9493
340.5000	  0.9474
340.0000	  0.9575
339.5000	  0.9557
339.0000	  0.9597
338.5000	  0.9606
338.0000	  0.9522
337.5000	  0.9602
337.0000	  0.9561
336.5000	  0.9595
336.0000	  0.9646
335.5000	  0.9620
335.0000	  0.9638
334.5000	  0.9667
334.0000	  0.9673
333.5000	  0.9643
333.0000	  0.9616
332.5000	  0.9671
332.0000	  0.9685
331.5000	  0.9714
331.0000	  0.9686
330.5000	  0.9709
330.0000	  0.9719
329.5000	  0.9758
329.0000	  0.9766
328.5000	  0.9789
328.0000	  0.9763
327.5000	  0.9773
327.0000	  0.9735
326.5000	  0.9781
326.0000	  0.9738
325.5000	  0.9775
325.0000	  0.9745
324.5000	  0.9788
324.0000	  0.9825
323.5000	  0.9800
323.0000	  0.9841
322.5000	  0.9843
322.0000	  0.9876
321.5000	  0.9836
321.0000	  0.9868
320.5000	  0.9886
320.0000	  0.9903
319.5000	  0.9884
319.0000	  0.9869
318.5000	  0.9902
318.0000	  0.9898
317.5000	  0.9887
317.0000	  0.9937
316.5000	  0.9951
316.0000	  0.9890
315.5000	  0.9929
315.0000	  0.9992
314.5000	  1.0023
314.0000	  0.9943
313.5000	  0.9954
313.0000	  0.9972
312.5000	  0.9980
312.0000	  0.9940
311.5000	  0.9939
311.0000	  1.0067
310.5000	  1.0022
310.0000	  1.0031
309.5000	  1.0059
309.0000	  1.0047
308.5000	  1.0088
308.0000	  1.0031
307.5000	  0.9986
307.0000	  1.0032
306.5000	  1.0087
306.0000	  1.0034
305.5000	  1.0102
305.0000	  1.0099
304.5000	  1.0068
304.0000	  1.0114
303.5000	  1.0142
303.0000	  1.0140
302.5000	  1.0100
302.0000	  1.0115
301.5000	  1.0069
301.0000	  1.0114
300.5000	  1.0139
300.0000	  1.0051
299.5000	  1.0081
299.0000	  1.0083
298.5000	  1.0128
298.0000	  1.0144
297.5000	  1.0110
297.0000	  1.0107
296.5000	  1.0125
296.0000	  1.0155
295.5000	  1.0104
295.0000	  1.0089
294.5000	  1.0108
294.0000	  1.0131
293.5000	  1.0135
293.0000	  1.0152
292.5000	  1.0170
292.0000	  1.0167
291.5000	  1.0154
291.0000	  1.0174
290.5000	  1.0196
290.0000	  1.0194
289.5000	  1.0219
289.0000	  1.0177
288.5000	  1.0182
288.0000	  1.0191
287.5000	  1.0218
287.0000	  1.0230
286.5000	  1.0264
286.0000	  1.0235
285.5000	  1.0242
285.0000	  1.0271
284.5000	  1.0297
284.0000	  1.0241
283.5000	  1.0313
283.0000	  1.0225
282.5000	  1.0257
282.0000	  1.0343
281.5000	  1.0339
281.0000	  1.0264
280.5000	  1.0314
280.0000	  1.0331
279.5000	  1.0290
279.0000	  1.0343
278.5000	  1.0339
278.0000	  1.0423
277.5000	  1.0409
277.0000	  1.0433
276.5000	  1.0463
276.0000	  1.0425
275.5000	  1.0404
275.0000	  1.0389
274.5000	  1.0470
274.0000	  1.0411
273.5000	  1.0537
273.0000	  1.0517
272.5000	  1.0517
272.0000	  1.0498
271.5000	  1.0535
271.0000	  1.0586
270.5000	  1.0636
270.0000	  1.0571
269.5000	  1.0670
269.0000	  1.0597
268.5000	  1.0665
268.0000	  1.0683
267.5000	  1.0678
267.0000	  1.0658
266.5000	  1.0779
266.0000	  1.0710
265.5000	  1.0784
265.0000	  1.0790
264.5000	  1.0837
264.0000	  1.0887
263.5000	  1.0914
263.0000	  1.0895
262.5000	  1.0989
262.0000	  1.0835
261.5000	  1.0949
261.0000	  1.1066
260.5000	  1.1067
260.0000	  1.1029
259.5000	  1.1105
259.0000	  1.1178
258.5000	  1.1121
258.0000	  1.1140
257.5000	  1.1216
257.0000	  1.1198
256.5000	  1.1140
256.0000	  1.1269
255.5000	  1.1299
255.0000	  1.1318
254.5000	  1.1275
254.0000	  1.1423
253.5000	  1.1269
253.0000	  1.1388
252.5000	  1.1456
252.0000	  1.1418
251.5000	  1.1527
251.0000	  1.1479
250.5000	  1.1468
250.0000	  1.1581
249.5000	  1.1543
249.0000	  1.1526
248.5000	  1.1588
248.0000	  1.1697
247.5000	  1.1612
247.0000	  1.1746
246.5000	  1.1555
246.0000	  1.1624
245.5000	  1.1655
245.0000	  1.1640
244.5000	  1.1683
244.0000	  1.1656
243.5000	  1.1723
243.0000	  1.1733
242.5000	  1.1699
242.0000	  1.1737
241.5000	  1.1874
241.0000	  1.1731
240.5000	  1.1589
240.0000	  1.1829
239.5000	  1.1702
239.0000	  1.1698
238.5000	  1.1807
238.0000	  1.1567
237.5000	  1.1646
237.0000	  1.1539
236.5000	  1.1805
236.0000	  1.1742
235.5000	  1.1430
235.0000	  1.1738
234.5000	  1.1483
234.0000	  1.1555
233.5000	  1.1188
233.0000	  1.0536
232.5000	  1.0741
232.0000	  1.0453
231.5000	  1.0462
231.0000	  0.9740
230.5000	  0.9130
230.0000	  0.9561
229.5000	  0.8984
229.0000	  0.8207
228.5000	  0.7910
228.0000	  0.7469
227.5000	  0.6560
227.0000	  0.6019
226.5000	  0.5914
226.0000	  0.4954
225.5000	  0.4432
225.0000	  0.4506
224.5000	  0.4044
224.0000	  0.3325
223.5000	  0.3378
223.0000	  0.2487
222.5000	  0.2140
222.0000	  0.2185
221.5000	  0.1965
221.0000	  0.1586
220.5000	  0.1472
220.0000	  0.1263
219.5000	  0.0727
219.0000	  0.1120
218.5000	  0.1424
218.0000	  0.0627
217.5000	  0.0521
217.0000	  0.0174
216.5000	  0.1006
216.0000	  0.1665
215.5000	  0.0716
215.0000	  0.1271
214.5000	  0.0618
214.0000	 -0.0083
213.5000	  0.1041
213.0000	  0.1520
212.5000	  0.0861
212.0000	  0.0999
211.5000	  0.0221
211.0000	  0.1132
210.5000	  0.0202
210.0000	  0.1538
209.5000	  0.0740
209.0000	  0.1188
208.5000	 -0.0397
208.0000	  0.4027
207.5000	 -0.2073
207.0000	  0.3518
206.5000	  0.0813
206.0000	  0.1153
205.5000	  0.0842
205.0000	  0.2622
204.5000	  0.2287
204.0000	  0.3167
203.5000	  0.2953
203.0000	  0.2162
202.5000	  0.1340
202.0000	  0.7593
201.5000	  0.0567
201.0000	 -0.0228
200.5000	 -0.5583
200.0000	  0.2426
