lambda		value

Calibration:
lambda:	800
Abs:	-0.0006

Data:
#
900		1.0064
899.5		1.0023
899		0.9733
898.5		1.0011
898		0.9986
897.5		1.0012
897		0.9917
896.5		0.9976
896		0.9929
895.5		0.9934
895		0.9947
894.5		0.9881
894		0.9835
893.5		0.9919
893		1.0054
892.5		0.9987
892		0.9868
891.5		0.9989
891		0.9947
890.5		1.011
890		0.9869
889.5		0.9914
889		1.0009
888.5		0.9965
888		0.9924
887.5		0.9988
887		0.9967
886.5		0.9867
886		0.9877
885.5		0.9981
885		0.9961
884.5		0.9858
884		0.9954
883.5		0.9994
883		0.9925
882.5		0.994
882		0.9883
881.5		0.9975
881		0.9989
880.5		0.997
880		0.9921
879.5		0.9958
879		0.9988
878.5		0.9933
878		0.99
877.5		0.9962
877		0.9941
876.5		0.9963
876		0.9895
875.5		0.9931
875		0.9937
874.5		0.9953
874		0.9964
873.5		0.9946
873		0.9981
872.5		0.9944
872		0.9964
871.5		0.9975
871		0.9929
870.5		0.9938
870		0.9992
869.5		0.9968
869		0.9926
868.5		0.9982
868		0.9993
867.5		0.9961
867		0.9945
866.5		0.9965
866		0.9937
865.5		0.998
865		0.9935
864.5		1.001
864		0.9987
863.5		0.9972
863		0.9994
862.5		0.9948
862		0.9991
861.5		0.9982
861		0.9986
860.5		0.9979
860		0.9973
859.5		1.0006
859		0.9984
858.5		1.0005
858		0.999
857.5		0.9992
857		0.9998
856.5		0.9996
856		0.9995
855.5		1.0032
855		1.0027
854.5		1.0013
854		1.0015
853.5		1.0014
853		1.002
852.5		1.0015
852		1.0003
851.5		1.0016
851		1.0038
850.5		1.0018
850		1.0026
849.5		1.0006
849		1.0016
848.5		1.002
848		1.0022
847.5		1.0034
847		1.0036
846.5		1.0042
846		1.0032
845.5		1.0031
845		1.0029
844.5		1.0021
844		1.0029
843.5		1.0023
843		1.0023
842.5		1.003
842		1.0029
841.5		1.0029
841		1.002
840.5		1.0021
840		1.0017
839.5		1.0025
839		1.0033
838.5		1.0012
838		1.0003
837.5		1.0016
837		1.0014
836.5		1.0008
836		1.0008
835.5		1.0027
835		1.0005
834.5		1.0018
834		1.001
833.5		1.0005
833		1.0015
832.5		1.0013
832		1.0009
831.5		1.0005
831		1
830.5		1.001
830		0.9994
829.5		0.9997
829		0.9995
828.5		1.0011
828		0.9998
827.5		0.9995
827		0.9986
826.5		0.9993
826		0.999
825.5		0.999
825		0.9989
824.5		0.9991
824		0.9987
823.5		1.0009
823		0.9991
822.5		0.9993
822		0.9993
821.5		0.9998
821		0.9991
820.5		0.9992
820		0.9997
819.5		0.9984
819		0.9989
818.5		0.9986
818		0.9995
817.5		0.9991
817		0.9989
816.5		0.9998
816		0.9987
815.5		0.999
815		0.9994
814.5		0.9991
814		0.9994
813.5		0.9995
813		0.9987
812.5		0.9988
812		0.999
811.5		0.9999
811		0.9988
810.5		0.9988
810		0.9993
809.5		0.9987
809		1.0003
808.5		0.9983
808		0.999
807.5		0.9999
807		0.9983
806.5		0.9999
806		0.9991
805.5		0.9994
805		0.9991
804.5		0.9996
804		0.9998
803.5		0.9998
803		0.9989
802.5		1.001
802		0.9995
801.5		1.0008
801		0.9996
800.5		1.0003
800		1.0009
799.5		0.9997
799		1.0008
798.5		1.0003
798		1.0009
797.5		1.0011
797		1.001
796.5		1.0007
796		1.0009
795.5		1.0008
795		1.0005
794.5		1.0009
794		1
793.5		1.0004
793		1.0005
792.5		1.0006
792		1.0014
791.5		0.9999
791		1.0009
790.5		1.0011
790		1.0011
789.5		1.0015
789		1.0017
788.5		1.0018
788		1.0018
787.5		1.0008
787		1.0012
786.5		1.001
786		1.001
785.5		1.0018
785		1.0015
784.5		1.0023
784		1.0014
783.5		1.0018
783		1.0014
782.5		1.0009
782		1.0021
781.5		1.0014
781		1.0012
780.5		1.0023
780		1.002
779.5		1.0019
779		1.0021
778.5		1.0014
778		1.0015
777.5		1.0022
777		1.0011
776.5		1.0022
776		1.0019
775.5		1.0016
775		1.0029
774.5		1.0026
774		1.0028
773.5		1.0026
773		1.0027
772.5		1.0025
772		1.0025
771.5		1.002
771		1.0026
770.5		1.0038
770		1.0025
769.5		1.0028
769		1.0024
768.5		1.0031
768		1.0022
767.5		1.0023
767		1.0034
766.5		1.0036
766		1.0025
765.5		1.0034
765		1.0027
764.5		1.0031
764		1.0031
763.5		1.0034
763		1.0032
762.5		1.0027
762		1.0025
761.5		1.0037
761		1.003
760.5		1.0039
760		1.0035
759.5		1.0036
759		1.0032
758.5		1.0035
758		1.0032
757.5		1.0031
757		1.0031
756.5		1.0036
756		1.0045
755.5		1.0034
755		1.0033
754.5		1.0045
754		1.0041
753.5		1.0043
753		1.0038
752.5		1.0035
752		1.004
751.5		1.0037
751		1.0044
750.5		1.0043
750		1.0044
749.5		1.0044
749		1.0043
748.5		1.0048
748		1.0045
747.5		1.0046
747		1.0047
746.5		1.0046
746		1.0044
745.5		1.0045
745		1.0052
744.5		1.0048
744		1.0052
743.5		1.0049
743		1.0057
742.5		1.0058
742		1.0051
741.5		1.005
741		1.0051
740.5		1.0056
740		1.0055
739.5		1.0055
739		1.006
738.5		1.0057
738		1.0068
737.5		1.0063
737		1.0065
736.5		1.0067
736		1.0062
735.5		1.0071
735		1.0076
734.5		1.0071
734		1.0071
733.5		1.0072
733		1.0083
732.5		1.0075
732		1.0084
731.5		1.0079
731		1.0086
730.5		1.0095
730		1.0094
729.5		1.0102
729		1.0096
728.5		1.0101
728		1.0109
727.5		1.0111
727		1.0127
726.5		1.0124
726		1.0131
725.5		1.0146
725		1.0149
724.5		1.0153
724		1.016
723.5		1.0163
723		1.0188
722.5		1.0188
722		1.0199
721.5		1.021
721		1.0216
720.5		1.0226
720		1.0247
719.5		1.0259
719		1.0257
718.5		1.0269
718		1.0279
717.5		1.0282
717		1.0289
716.5		1.0271
716		1.0284
715.5		1.0264
715		1.026
714.5		1.0237
714		1.0227
713.5		1.0217
713		1.0202
712.5		1.0186
712		1.0174
711.5		1.016
711		1.0152
710.5		1.014
710		1.0134
709.5		1.0118
709		1.011
708.5		1.0099
708		1.0095
707.5		1.0092
707		1.009
706.5		1.0085
706		1.009
705.5		1.009
705		1.0084
704.5		1.0082
704		1.0084
703.5		1.0087
703		1.0081
702.5		1.0084
702		1.0078
701.5		1.009
701		1.0082
700.5		1.009
700		1.008
699.5		1.0085
699		1.0085
698.5		1.0081
698		1.0089
697.5		1.008
697		1.008
696.5		1.0089
696		1.0082
695.5		1.0088
695		1.0076
694.5		1.0082
694		1.0088
693.5		1.0087
693		1.0084
692.5		1.008
692		1.0081
691.5		1.0088
691		1.0083
690.5		1.0087
690		1.0083
689.5		1.0085
689		1.0077
688.5		1.0085
688		1.0084
687.5		1.0078
687		1.0086
686.5		1.008
686		1.0082
685.5		1.0076
685		1.0076
684.5		1.0084
684		1.0079
683.5		1.0084
683		1.0078
682.5		1.008
682		1.0086
681.5		1.0079
681		1.0085
680.5		1.0074
680		1.0081
679.5		1.0081
679		1.0083
678.5		1.0081
678		1.0077
677.5		1.0077
677		1.0089
676.5		1.0083
676		1.0082
675.5		1.0075
675		1.0082
674.5		1.0079
674		1.0083
673.5		1.0081
673		1.0078
672.5		1.0082
672		1.0078
671.5		1.0085
671		1.0074
670.5		1.0077
670		1.0079
669.5		1.008
669		1.0082
668.5		1.0073
668		1.0077
667.5		1.0083
667		1.0076
666.5		1.0081
666		1.0076
665.5		1.0074
665		1.0073
664.5		1.0078
664		1.008
663.5		1.0074
663		1.0079
662.5		1.0077
662		1.0077
661.5		1.0073
661		1.0074
660.5		1.008
660		1.0074
659.5		1.0081
659		1.0075
658.5		1.0077
658		1.0075
657.5		1.0071
657		1.008
656.5		1.0071
656		1.0073
655.5		1.0076
655		1.0077
654.5		1.0068
654		1.0069
653.5		1.0079
653		1.0072
652.5		1.0076
652		1.0067
651.5		1.0067
651		1.0069
650.5		1.0069
650		1.007
649.5		1.006
649		1.0065
648.5		1.0069
648		1.0061
647.5		1.0068
647		1.0065
646.5		1.0064
646		1.0066
645.5		1.0064
645		1.006
644.5		1.0058
644		1.0055
643.5		1.0059
643		1.0057
642.5		1.0058
642		1.0053
641.5		1.0056
641		1.0052
640.5		1.0051
640		1.0047
639.5		1.0048
639		1.0051
638.5		1.0044
638		1.0048
637.5		1.0043
637		1.004
636.5		1.0043
636		1.0035
635.5		1.0043
635		1.0035
634.5		1.0034
634		1.0034
633.5		1.0028
633		1.0037
632.5		1.003
632		1.0035
631.5		1.0037
631		1.0031
630.5		1.0039
630		1.0042
629.5		1.0043
629		1.0049
628.5		1.0051
628		1.0057
627.5		1.0062
627		1.0076
626.5		1.0076
626		1.0094
625.5		1.0093
625		1.0106
624.5		1.0114
624		1.0113
623.5		1.0129
623		1.0126
622.5		1.0136
622		1.0148
621.5		1.0144
621		1.0157
620.5		1.0156
620		1.0159
619.5		1.0172
619		1.0171
618.5		1.0172
618		1.0169
617.5		1.017
617		1.0168
616.5		1.0169
616		1.017
615.5		1.0164
615		1.0169
614.5		1.0153
614		1.0171
613.5		1.0159
613		1.0162
612.5		1.0163
612		1.0157
611.5		1.0171
611		1.0158
610.5		1.0162
610		1.0167
609.5		1.0158
609		1.0164
608.5		1.0161
608		1.0165
607.5		1.0168
607		1.0169
606.5		1.0171
606		1.0164
605.5		1.0164
605		1.0166
604.5		1.0168
604		1.0172
603.5		1.0171
603		1.0171
602.5		1.0169
602		1.017
601.5		1.0169
601		1.0169
600.5		1.0177
600		1.0173
599.5		1.0176
599		1.017
598.5		1.0173
598		1.0176
597.5		1.0177
597		1.0182
596.5		1.0176
596		1.018
595.5		1.0181
595		1.0175
594.5		1.0182
594		1.018
593.5		1.0176
593		1.0187
592.5		1.0184
592		1.0185
591.5		1.0177
591		1.0185
590.5		1.0184
590		1.0183
589.5		1.0181
589		1.0183
588.5		1.0189
588		1.0186
587.5		1.0196
587		1.0187
586.5		1.0191
586		1.0193
585.5		1.0187
585		1.0196
584.5		1.0195
584		1.0191
583.5		1.0195
583		1.0196
582.5		1.0197
582		1.0188
581.5		1.0199
581		1.0195
580.5		1.0197
580		1.0202
579.5		1.0195
579		1.02
578.5		1.0211
578		1.0204
577.5		1.0203
577		1.0197
576.5		1.0204
576		1.0202
575.5		1.0201
575		1.02
574.5		1.0199
574		1.0205
573.5		1.0204
573		1.0207
572.5		1.0205
572		1.0208
571.5		1.0209
571		1.0209
570.5		1.0213
570		1.0208
569.5		1.0207
569		1.0212
568.5		1.0207
568		1.0214
567.5		1.021
567		1.0215
566.5		1.0212
566		1.0214
565.5		1.0219
565		1.0214
564.5		1.0215
564		1.0219
563.5		1.0212
563		1.0222
562.5		1.0214
562		1.0224
561.5		1.0221
561		1.0221
560.5		1.0222
560		1.0239
559.5		1.0238
559		1.0235
558.5		1.0236
558		1.0238
557.5		1.0241
557		1.0246
556.5		1.0237
556		1.024
555.5		1.024
555		1.0238
554.5		1.0245
554		1.0247
553.5		1.0243
553		1.0248
552.5		1.0244
552		1.0248
551.5		1.0244
551		1.0245
550.5		1.0251
550		1.0243
549.5		1.0256
549		1.0247
548.5		1.0247
548		1.0253
547.5		1.0249
547		1.0257
546.5		1.025
546		1.0249
545.5		1.0254
545		1.025
544.5		1.0261
544		1.0252
543.5		1.0254
543		1.0258
542.5		1.0254
542		1.0262
541.5		1.0258
541		1.0257
540.5		1.0261
540		1.0259
539.5		1.0268
539		1.0257
538.5		1.0262
538		1.0266
537.5		1.026
537		1.0268
536.5		1.0259
536		1.0265
535.5		1.0267
535		1.0265
534.5		1.0272
534		1.0265
533.5		1.0268
533		1.027
532.5		1.0269
532		1.0271
531.5		1.0264
531		1.0271
530.5		1.0271
530		1.0271
529.5		1.0277
529		1.0266
528.5		1.0271
528		1.0271
527.5		1.0272
527		1.0272
526.5		1.0269
526		1.0272
525.5		1.0266
525		1.0271
524.5		1.0271
524		1.0273
523.5		1.0278
523		1.0273
522.5		1.0282
522		1.0272
521.5		1.0273
521		1.0271
520.5		1.0275
520		1.0284
519.5		1.027
519		1.0275
518.5		1.0279
518		1.0273
517.5		1.0282
517		1.0273
516.5		1.0273
516		1.0277
515.5		1.0273
515		1.028
514.5		1.0269
514		1.0276
513.5		1.028
513		1.0278
512.5		1.0282
512		1.0274
511.5		1.0278
511		1.0281
510.5		1.0279
510		1.0282
509.5		1.0281
509		1.0284
508.5		1.029
508		1.0291
507.5		1.0295
507		1.0292
506.5		1.0296
506		1.0304
505.5		1.0311
505		1.0315
504.5		1.0314
504		1.032
503.5		1.0324
503		1.0328
502.5		1.0337
502		1.034
501.5		1.0346
501		1.0346
500.5		1.0355
500		1.0359
499.5		1.0359
499		1.0374
498.5		1.0378
498		1.038
497.5		1.0385
497		1.0392
496.5		1.0389
496		1.0387
495.5		1.0398
495		1.0395
494.5		1.0399
494		1.0407
493.5		1.0406
493		1.0416
492.5		1.0412
492		1.0414
491.5		1.0424
491		1.0413
490.5		1.0422
490		1.0414
489.5		1.0421
489		1.0428
488.5		1.0424
488		1.0428
487.5		1.0417
487		1.0427
486.5		1.0426
486		1.0427
485.5		1.043
485		1.0426
484.5		1.0427
484		1.0434
483.5		1.0438
483		1.0442
482.5		1.0438
482		1.0449
481.5		1.0441
481		1.0443
480.5		1.0451
480		1.0448
479.5		1.0453
479		1.0463
478.5		1.0459
478		1.0467
477.5		1.0463
477		1.0466
476.5		1.047
476		1.0476
475.5		1.048
475		1.0478
474.5		1.0481
474		1.0484
473.5		1.0497
473		1.0502
472.5		1.0494
472		1.0502
471.5		1.051
471		1.0508
470.5		1.0516
470		1.0515
469.5		1.052
469		1.0529
468.5		1.0533
468		1.0538
467.5		1.0544
467		1.0549
466.5		1.0553
466		1.0566
465.5		1.0562
465		1.0571
464.5		1.0583
464		1.0579
463.5		1.0593
463		1.0594
462.5		1.0594
462		1.0607
461.5		1.0603
461		1.0621
460.5		1.0621
460		1.063
459.5		1.0632
459		1.0641
458.5		1.0644
458		1.0646
457.5		1.0644
457		1.0657
456.5		1.0653
456		1.0661
455.5		1.0652
455		1.0661
454.5		1.066
454		1.066
453.5		1.0657
453		1.0648
452.5		1.066
452		1.0652
451.5		1.0645
451		1.0635
450.5		1.063
450		1.0628
449.5		1.0619
449		1.0619
448.5		1.0615
448		1.0604
447.5		1.0597
447		1.0587
446.5		1.0597
446		1.0586
445.5		1.0578
445		1.0578
444.5		1.0568
444		1.0576
443.5		1.056
443		1.0565
442.5		1.0563
442		1.0557
441.5		1.0562
441		1.0548
440.5		1.0554
440		1.0552
439.5		1.0543
439		1.0553
438.5		1.0538
438		1.0548
437.5		1.0548
437		1.0545
436.5		1.0543
436		1.0546
435.5		1.0545
435		1.0543
434.5		1.0542
434		1.0538
433.5		1.0539
433		1.0548
432.5		1.0542
432		1.0547
431.5		1.0542
431		1.0544
430.5		1.0549
430		1.0544
429.5		1.0551
429		1.0546
428.5		1.0547
428		1.0553
427.5		1.0551
427		1.0552
426.5		1.0554
426		1.055
425.5		1.0552
425		1.0554
424.5		1.0561
424		1.0557
423.5		1.0563
423		1.0563
422.5		1.057
422		1.057
421.5		1.0568
421		1.0576
420.5		1.0576
420		1.0574
419.5		1.0576
419		1.0577
418.5		1.0585
418		1.0588
417.5		1.0585
417		1.0587
416.5		1.0585
416		1.0595
415.5		1.0581
415		1.0596
414.5		1.059
414		1.0592
413.5		1.0598
413		1.06
412.5		1.0611
412		1.0598
411.5		1.0614
411		1.0608
410.5		1.0605
410		1.0614
409.5		1.0606
409		1.0615
408.5		1.0611
408		1.0609
407.5		1.0619
407		1.0613
406.5		1.0625
406		1.0627
405.5		1.0623
405		1.0631
404.5		1.0627
404		1.0632
403.5		1.0628
403		1.0639
402.5		1.0632
402		1.0632
401.5		1.0636
401		1.0644
400.5		1.0637
400		1.0641
399.5		1.0629
399		1.0642
398.5		1.0648
398		1.0648
397.5		1.0652
397		1.0655
396.5		1.0651
396		1.0657
395.5		1.0651
395		1.0657
394.5		1.0661
394		1.0658
393.5		1.0656
393		1.0668
392.5		1.0669
392		1.0663
391.5		1.0681
391		1.0672
390.5		1.0689
390		1.0682
389.5		1.0686
389		1.0686
388.5		1.0687
388		1.0706
387.5		1.0698
387		1.071
386.5		1.0719
386		1.0714
385.5		1.0721
385		1.0722
384.5		1.0725
384		1.0727
383.5		1.0729
383		1.0743
382.5		1.0759
382		1.0752
381.5		1.0741
381		1.0758
380.5		1.0757
380		1.076
379.5		1.0756
379		1.0771
378.5		1.0771
378		1.077
377.5		1.0774
377		1.0779
376.5		1.0786
376		1.0787
375.5		1.0785
375		1.0784
374.5		1.0784
374		1.0785
373.5		1.0809
373		1.0792
372.5		1.0793
372		1.0801
371.5		1.0806
371		1.0807
370.5		1.0809
370		1.0811
369.5		1.0802
369		1.0804
368.5		1.0808
368		1.0816
367.5		1.082
367		1.0826
366.5		1.0815
366		1.0823
365.5		1.0816
365		1.0839
364.5		1.0836
364		1.0835
363.5		1.0846
363		1.0838
362.5		1.0845
362		1.0848
361.5		1.0861
361		1.0843
360.5		1.0859
360		1.0858
359.5		1.0869
359		1.0873
358.5		1.0848
358		1.0863
357.5		1.0867
357		1.0878
356.5		1.0873
356		1.0881
355.5		1.0882
355		1.0893
354.5		1.0893
354		1.0914
353.5		1.0899
353		1.0913
352.5		1.089
352		1.0903
351.5		1.0904
351		1.0921
350.5		1.0923
350		1.0923
349.5		1.0925
349		1.091
348.5		1.0943
348		1.0933
347.5		1.093
347		1.0949
346.5		1.0922
346		1.0929
345.5		1.0937
345		1.0963
344.5		1.0963
344		1.0961
343.5		1.098
343		1.0964
342.5		1.0963
342		1.0991
341.5		1.0977
341		1.0986
340.5		1.0994
340		1.1009
339.5		1.1066
339		1.1041
338.5		1.1068
338		1.104
337.5		1.1058
337		1.1038
336.5		1.1059
336		1.1078
335.5		1.1076
335		1.1081
334.5		1.1079
334		1.1075
333.5		1.1109
333		1.1108
332.5		1.1086
332		1.1108
331.5		1.1109
331		1.1123
330.5		1.1117
330		1.1134
329.5		1.1134
329		1.1106
328.5		1.1152
328		1.1145
327.5		1.1151
327		1.1172
326.5		1.1158
326		1.119
325.5		1.117
325		1.1178
324.5		1.1196
324		1.1199
323.5		1.1197
323		1.1202
322.5		1.1235
322		1.1229
321.5		1.1239
321		1.1259
320.5		1.1237
320		1.1239
319.5		1.1267
319		1.1267
318.5		1.1267
318		1.1276
317.5		1.1323
317		1.1288
316.5		1.1314
316		1.1312
315.5		1.134
315		1.1322
314.5		1.1355
314		1.1349
313.5		1.138
313		1.1411
312.5		1.1377
312		1.1425
311.5		1.1442
311		1.1433
310.5		1.1451
310		1.143
309.5		1.1463
309		1.1483
308.5		1.1549
308		1.1508
307.5		1.1518
307		1.1575
306.5		1.1611
306		1.1611
305.5		1.1641
305		1.1592
304.5		1.164
304		1.1651
303.5		1.1683
303		1.1656
302.5		1.1796
302		1.1756
301.5		1.1752
301		1.1736
300.5		1.1736
300		1.1865
299.5		1.1875
299		1.1779
298.5		1.1817
298		1.201
297.5		1.1916
297		1.1928
296.5		1.2015
296		1.2173
295.5		1.1865
295		1.2107
294.5		1.2232
294		1.2016
293.5		1.2034
293		1.2092
292.5		1.2838
292		1.1845
291.5		1.2526
291		1.2411
290.5		1.2288
290		1.1155
289.5		1.0182
289		1.5157
288.5		0.9308
288		0.8315
287.5		0.5677
287		-6
286.5		1.0752
286		0.662
285.5		1.6247
285		-6
284.5		1.1053
284		-6
283.5		1.0867
283		0.8176
282.5		-6
282		-6
281.5		0.8904
281		1.5205
280.5		1.4031
280		-6
279.5		-6
279		0.8387
278.5		-6
278		1.6701
277.5		0.6786
277		0.9764
276.5		1.0332
276		1.1648
275.5		1.3934
275		0.9635
274.5		1.0713
274		1.1882
273.5		1.3833
273		-0.9121
272.5		0.908
272		1.237
271.5		1.4316
271		1.4823
270.5		-6
270		1.088
269.5		1.5323
269		-6
268.5		0.8477
268		1.4093
267.5		1.6656
267		0.9282
266.5		-6
266		0.8417
265.5		0.3312
265		1.1277
264.5		1.5921
264		0.5369
263.5		1.1588
263		1.299
262.5		1.0882
262		1.3476
261.5		1.948
261		0.9795
260.5		2.1863
260		-6
259.5		0.7967
259		-6
258.5		1.8748
258		-6
257.5		1.1548
257		1.5157
256.5		0.2371
256		0.1111
255.5		-6
255		1.2754
254.5		1.2913
254		1.1971
253.5		2.0559
253		1.6568
252.5		0.0988
252		-6
251.5		0.8171
251		-6
250.5		0.4314
250		0.5257
249.5		2.3455
249		-6
248.5		-6
248		1.0555
247.5		0.8718
247		1.2322
246.5		1.546
246		0.2647
245.5		1.3265
245		1.5959
244.5		1.8938
244		1.265
243.5		1.4085
243		-0.5779
242.5		1.2156
242		1.3231
241.5		1.28
241		1.4247
240.5		-6
240		1.111
239.5		1.7603
239		1.2413
238.5		-6
238		0.1237
237.5		1.2395
237		1.1192
236.5		1.2055
236		-6
235.5		0.484
235		1.1091
234.5		0.5245
234		1.0531
233.5		-6
233		1.5728
232.5		0.8679
232		0.9858
231.5		1.6566
231		1.2818
230.5		-0.037
230		1.3039
229.5		1.3398
229		1.7206
228.5		-6
228		-6
227.5		-6
227		-6
226.5		1.1137
226		1.0771
225.5		-6
225		1.4918
224.5		0.654
224		1.165
223.5		0.8726
223		0.8368
222.5		0.5942
222		1.2139
221.5		0.8551
221		-6
220.5		0.6594
220		-6
219.5		-6
219		0.8844
218.5		-6
218		1.2561
217.5		1.5224
217		-6
216.5		0.8562
216		-6
215.5		0.9978
215		-6
214.5		1.5563
214		0.7474
213.5		0.5154
213		-6
212.5		1.641
212		1.2553
211.5		1.3552
211		-0.1961
210.5		1.2965
210		1.1743
209.5		1.6212
209		0.4905
208.5		1.8298
208		-6
207.5		-6
207		0.4201
206.5		-6
206		0.6695
205.5		1.1183
205		0.7831
204.5		-6
204		0.8339
203.5		0.6258
203		1.3333
202.5		-6
202		-6
201.5		0.9143
201		1.0365
200.5		1.5772
200		1.4417
lambda		value

Calibration:
lambda:	0
Abs:	0

Data:
#
900		1.0061
899.5		0.985352
899		0.981545
898.5		0.999601
898		0.986954
897.5		0.986598
897		1.01943
896.5		1.02046
896		0.989733
895.5		0.97526
895		0.981547
894.5		0.992168
894		0.966775
893.5		1.0188
893		1.05156
892.5		0.976533
892		0.99707
891.5		0.995515
891		1.00587
890.5		1.01171
890		0.970117
889.5		0.995781
889		1.00391
888.5		1.027
888		0.995786
887.5		1.00442
887		0.983521
886.5		0.99707
886		1.00642
885.5		0.99126
885		0.979064
884.5		0.998177
884		1.02145
883.5		0.997903
883		1.02025
882.5		1.00343
882		0.987017
881.5		0.985964
881		0.994524
880.5		1.00312
880		1.00629
879.5		1.00984
879		1.01237
878.5		0.996289
878		0.993178
877.5		0.994807
877		1.01242
876.5		1.00322
876		0.996676
875.5		1.00741
875		1.00822
874.5		1.00729
874		1.00353
873.5		1.00852
873		1.00716
872.5		1.00414
872		0.991443
871.5		1
871		1.00394
870.5		0.98699
870		0.9993
869.5		0.994116
869		0.992104
868.5		0.999099
868		0.996709
867.5		0.995105
867		0.992812
866.5		0.997797
866		0.98915
865.5		0.996903
865		0.999195
864.5		0.990207
864		0.995614
863.5		0.995309
863		0.993242
862.5		0.993013
862		0.98911
861.5		0.994025
861		1.00301
860.5		1.0002
860		0.988404
859.5		0.996217
859		0.989593
858.5		0.993249
858		0.990875
857.5		0.996907
857		0.992259
856.5		0.989899
856		0.989996
855.5		0.992579
855		0.993264
854.5		0.990406
854		0.992272
853.5		0.992763
853		0.992964
852.5		0.986311
852		0.987268
851.5		0.994045
851		0.99082
850.5		0.990606
850		0.992182
849.5		0.987369
849		0.989235
848.5		0.985735
848		0.988753
847.5		0.990328
847		0.990036
846.5		0.98936
846		0.990326
845.5		0.992186
845		0.990519
844.5		0.988849
844		0.990127
843.5		0.985158
843		0.989242
842.5		0.991107
842		0.988468
841.5		0.992086
841		0.988751
840.5		0.990511
840		0.98904
839.5		0.988951
839		0.992188
838.5		0.988547
838		0.990102
837.5		0.99031
837		0.991093
836.5		0.992365
836		0.989617
835.5		0.992183
835		0.992166
834.5		0.994244
834		0.993253
833.5		0.992067
833		0.993749
832.5		0.994735
832		0.994832
831.5		0.99394
831		0.994036
830.5		0.997111
830		0.993637
829.5		0.995321
829		0.992257
828.5		0.997012
828		0.995123
827.5		0.995815
827		0.994622
826.5		0.994625
826		0.996211
825.5		0.994921
825		0.99631
824.5		0.996509
824		0.996607
823.5		0.999601
823		0.996608
822.5		0.9994
822		0.996212
821.5		0.997904
821		0.997106
820.5		0.995417
820		0.997406
819.5		0.997702
819		0.9986
818.5		0.996308
818		0.9997
817.5		1.0011
817		0.998002
816.5		0.998303
816		0.996011
815.5		0.995516
815		1
814.5		0.998401
814		0.9991
813.5		0.9995
813		0.998101
812.5		0.997503
812		0.998201
811.5		1.0001
811		0.997902
810.5		0.996309
810		0.998401
809.5		0.995514
809		1.0003
808.5		0.9981
808		0.998601
807.5		1.0001
807		0.997602
806.5		1.0002
806		0.9995
805.5		0.998102
805		0.9997
804.5		0.998502
804		0.998303
803.5		1
803		0.997105
802.5		1.0004
802		0.996809
801.5		0.9997
801		1.0009
800.5		0.996613
800		1.0003
799.5		0.999101
799		0.998105
798.5		0.999001
798		0.999601
797.5		1.0022
797		0.999601
796.5		0.998902
796		0.998304
795.5		0.998703
795		0.9997
794.5		0.9998
794		0.998004
793.5		0.997607
793		0.9999
792.5		0.999401
792		1.0019
791.5		0.99681
791		0.995524
790.5		0.999102
790		0.996913
789.5		1.0004
789		0.999302
788.5		1.001
788		0.999102
787.5		0.998304
787		0.9999
786.5		0.997906
786		0.996119
785.5		1.0003
785		0.996319
784.5		0.999701
784		0.998604
783.5		0.998306
783		1.0005
782.5		0.998105
782		0.998108
781.5		0.998903
781		0.997708
780.5		0.998904
780		0.998306
779.5		0.999202
779		0.999302
778.5		0.997112
778		0.999401
777.5		0.997313
777		0.996913
776.5		0.998605
776		0.997015
775.5		0.996121
775		1.0011
774.5		0.996719
774		1.0011
773.5		0.999004
773		0.997811
772.5		0.999402
772		0.996521
771.5		0.999402
771		0.997711
770.5		0.998409
770		0.998804
769.5		0.998606
769		0.998009
768.5		0.997911
768		0.996817
767.5		0.99781
767		0.997316
766.5		0.999204
766		0.999203
765.5		0.999104
765		0.994742
764.5		0.999502
764		0.998109
763.5		1.0002
763		0.996721
762.5		0.998208
762		0.997413
761.5		0.996327
761		0.998209
760.5		0.999005
760		0.999402
759.5		0.99811
759		0.996622
758.5		0.997812
758		0.996424
757.5		0.996919
757		0.99682
756.5		0.996723
756		0.999204
755.5		0.997515
755		0.997118
754.5		0.998807
754		0.995242
753.5		0.999602
753		0.998607
752.5		0.99603
752		0.997516
751.5		0.994058
751		0.997715
750.5		0.997022
750		0.997121
749.5		0.998211
749		0.995145
748.5		0.997617
748		0.997517
747.5		0.996627
747		0.998708
746.5		0.995442
746		0.997517
745.5		0.99633
745		0.996827
744.5		0.995837
744		0.994952
743.5		0.995838
743		0.996927
742.5		0.996829
742		0.995641
741.5		0.994557
741		0.994656
740.5		0.995644
740		0.99456
739.5		0.996531
739		0.994366
738.5		0.994463
738		0.995846
737.5		0.994564
737		0.994074
736.5		0.994173
736		0.993974
735.5		0.993979
735		0.994964
734.5		0.991338
734		0.992999
733.5		0.992804
733		0.993791
732.5		0.990951
732		0.989889
731.5		0.989787
731		0.989697
730.5		0.991845
730		0.989123
729.5		0.989616
729		0.986998
728.5		0.984887
728		0.9874
727.5		0.983752
727		0.986652
726.5		0.985976
726		0.982352
725.5		0.984093
725		0.981528
724.5		0.979452
724		0.977769
723.5		0.977212
723		0.977266
722.5		0.975302
722		0.971796
721.5		0.970717
721		0.966875
720.5		0.965719
720		0.967428
719.5		0.963106
719		0.964638
718.5		0.961517
718		0.962994
717.5		0.963546
717		0.963119
716.5		0.962064
716		0.964728
715.5		0.965024
715		0.970855
714.5		0.971621
714		0.973073
713.5		0.975556
713		0.976455
712.5		0.978482
712		0.98091
711.5		0.982307
711		0.98353
710.5		0.984848
710		0.988876
709.5		0.987604
709		0.989624
708.5		0.990778
708		0.99058
707.5		0.993112
707		0.993697
706.5		0.993107
706		0.995364
705.5		0.993599
705		0.993302
704.5		0.992421
704		0.993987
703.5		0.992815
703		0.992322
702.5		0.993693
702		0.993396
701.5		0.993599
701		0.993594
700.5		0.994873
700		0.992028
699.5		0.995165
699		0.99252
698.5		0.9933
698		0.995265
697.5		0.993593
697		0.993789
696.5		0.995854
696		0.993398
695.5		0.9935
695		0.991732
694.5		0.994967
694		0.994381
693.5		0.994577
693		0.994477
692.5		0.993006
692		0.995163
691.5		0.995854
691		0.993791
690.5		0.996149
690		0.994771
689.5		0.995459
689		0.995554
688.5		0.995263
688		0.997231
687.5		0.99418
687		0.99546
686.5		0.99477
686		0.996147
685.5		0.994571
685		0.994571
684.5		0.995263
684		0.99526
683.5		0.996344
683		0.995161
682.5		0.995457
682		0.994871
681.5		0.995358
681		0.994576
680.5		0.995061
680		0.995458
679.5		0.99477
679		0.997823
678.5		0.996146
678		0.996046
677.5		0.995948
677		0.99674
676.5		0.998218
676		0.997329
675.5		0.996242
675		0.997724
674.5		0.996145
674		0.997625
673.5		0.99723
673		0.996539
672.5		0.996639
672		0.996441
671.5		0.99733
671		0.996341
670.5		0.996736
670		0.997723
669.5		0.996343
669		0.997526
668.5		0.996735
668		0.995751
667.5		0.996738
667		0.996834
666.5		0.996442
666		0.998612
665.5		0.995848
665		0.997031
664.5		0.998712
664		0.995949
663.5		0.997623
663		0.997822
662.5		0.996933
662		0.997525
661.5		0.996932
661		0.996932
660.5		0.997723
660		0.997525
659.5		0.998712
659		0.997624
658.5		0.998514
658		0.99881
657.5		0.997326
657		0.998712
656.5		0.997425
656		0.998018
655.5		1.0001
655		0.998415
654.5		0.997227
654		0.998413
653.5		0.999207
653		0.999801
652.5		0.99881
652		0.998215
651.5		0.999901
651		0.997029
650.5		0.99881
650		0.999107
649.5		0.999205
649		0.999603
648.5		0.999404
648		0.999901
647.5		1.0002
647		1.00179
646.5		1.0002
646		1
645.5		0.999702
645		1.0009
644.5		1.0005
644		1.00169
643.5		1.00139
643		1.00189
642.5		1.00319
642		1.00219
641.5		1.00329
641		1.00229
640.5		1.00199
640		1.0047
639.5		1.0043
639		1.0044
638.5		1.0052
638		1.00581
637.5		1.00752
637		1.00702
636.5		1.00752
636		1.00824
635.5		1.00854
635		1.00966
634.5		1.00976
634		1.01027
633.5		1.01109
633		1.01261
632.5		1.01242
632		1.01384
631.5		1.01261
631		1.01262
630.5		1.01373
630		1.0126
629.5		1.0126
629		1.01107
628.5		1.01066
628		1.00933
627.5		1.0069
627		1.00881
626.5		1.00479
626		1.00488
625.5		1.00248
625		0.999308
624.5		0.999901
624		0.996453
623.5		0.996556
623		0.994598
622.5		0.991975
622		0.994609
621.5		0.991981
621		0.99083
620.5		0.989189
620		0.987749
619.5		0.988148
619		0.987955
618.5		0.986615
618		0.985464
617.5		0.985656
617		0.987089
616.5		0.988529
616		0.988723
615.5		0.987659
615		0.989587
614.5		0.986111
614		0.989878
613.5		0.987845
613		0.988714
612.5		0.989196
612		0.987651
611.5		0.990167
611		0.987556
610.5		0.98958
610		0.988335
609.5		0.986597
609		0.987947
608.5		0.98756
608		0.988044
607.5		0.988432
607		0.989106
606.5		0.987859
606		0.98862
605.5		0.987467
605		0.987949
604.5		0.988048
604		0.988821
603.5		0.988339
603		0.987188
602.5		0.987665
602		0.987762
601.5		0.986707
601		0.98901
600.5		0.987004
600		0.987286
599.5		0.987961
599		0.984321
598.5		0.986808
598		0.985951
597.5		0.988154
597		0.988736
596.5		0.986238
596		0.987487
595.5		0.985671
595		0.985186
594.5		0.986724
594		0.98567
593.5		0.98662
593		0.986634
592.5		0.985962
592		0.986441
591.5		0.984426
591		0.985105
590.5		0.985866
590		0.985007
589.5		0.985004
589		0.984721
588.5		0.985015
588		0.985678
587.5		0.987124
587		0.984727
586.5		0.984067
586		0.983975
585.5		0.985108
585		0.98341
584.5		0.984358
584		0.984257
583.5		0.983219
583		0.985978
582.5		0.984647
582		0.983398
581.5		0.984364
581		0.982745
580.5		0.984456
580		0.983989
579.5		0.983599
579		0.983701
578.5		0.98334
578		0.984657
577.5		0.983137
577		0.983033
576.5		0.983423
576		0.983136
575.5		0.985223
575		0.982943
574.5		0.982657
574		0.982762
573.5		0.981248
573		0.984377
572.5		0.98333
572		0.982483
571.5		0.982485
571		0.982579
570.5		0.982775
570		0.982956
569.5		0.981914
569		0.98164
568.5		0.980782
568		0.980136
567.5		0.982487
567		0.982023
566.5		0.981168
566		0.981078
565.5		0.980334
565		0.982021
564.5		0.981457
564		0.981275
563.5		0.980227
563		0.979306
562.5		0.981549
562		0.980908
561.5		0.979304
561		0.981373
560.5		0.979494
560		0.982913
559.5		0.984991
559		0.981869
558.5		0.982719
558		0.983289
557.5		0.981691
557		0.982924
556.5		0.981778
556		0.981407
555.5		0.981972
555		0.980464
554.5		0.982451
554		0.981701
553.5		0.981318
553		0.98208
552.5		0.980475
552		0.981233
551.5		0.981226
551		0.981134
550.5		0.981803
550		0.978039
549.5		0.98247
549		0.979356
548.5		0.980668
548		0.980117
547.5		0.978331
547		0.981437
546.5		0.979924
546		0.980109
545.5		0.98162
545		0.979175
544.5		0.981257
544		0.979272
543.5		0.978996
543		0.980595
542.5		0.977969
542		0.980321
541.5		0.97835
541		0.978255
540.5		0.978543
540		0.976583
539.5		0.980613
539		0.978068
538.5		0.978265
538		0.97902
537.5		0.977236
537		0.979958
536.5		0.977699
536		0.978364
535.5		0.977065
535		0.976596
534.5		0.977448
534		0.977805
533.5		0.976417
533		0.978002
532.5		0.978093
532		0.977353
531.5		0.977059
531		0.976609
530.5		0.977818
530		0.977167
529.5		0.976901
529		0.977714
528.5		0.976702
528		0.976702
527.5		0.97782
527		0.976426
526.5		0.977162
526		0.977355
525.5		0.976134
525		0.97819
524.5		0.976702
524		0.977171
523.5		0.978857
523		0.97745
522.5		0.977934
522		0.976704
521.5		0.977915
521		0.978097
520.5		0.976804
520		0.977938
519.5		0.976143
519		0.97764
518.5		0.978952
518		0.977078
517.5		0.978306
517		0.977357
516.5		0.976614
516		0.979415
515.5		0.978008
515		0.978861
514.5		0.979212
514		0.977922
513.5		0.980542
513		0.97923
512.5		0.980639
512		0.980905
511.5		0.978671
511		0.981573
510.5		0.980072
510		0.979705
509.5		0.980824
509		0.978962
508.5		0.981121
508		0.979256
507.5		0.97973
507		0.979072
506.5		0.977221
506		0.97696
505.5		0.977717
505		0.976337
504.5		0.975043
504		0.973861
503.5		0.972586
503		0.972688
502.5		0.970793
502		0.96989
501.5		0.968183
501		0.967006
500.5		0.968934
500		0.966054
499.5		0.965604
499		0.965562
498.5		0.963334
498		0.964505
497.5		0.963447
497		0.963203
496.5		0.961588
496		0.960781
495.5		0.961265
495		0.95886
494.5		0.95808
494		0.958552
493.5		0.95749
493		0.958763
492.5		0.956809
492		0.957081
491.5		0.956243
491		0.954271
490.5		0.956147
490		0.956115
489.5		0.955091
489		0.955295
488.5		0.954317
488		0.954159
487.5		0.955688
487		0.953544
486.5		0.953801
486		0.954242
485.5		0.952077
485		0.954063
484.5		0.953369
484		0.953051
483.5		0.951504
483		0.951956
482.5		0.951851
482		0.951899
481.5		0.950218
481		0.94945
480.5		0.949228
480		0.949991
479.5		0.950186
479		0.948939
478.5		0.948748
478		0.947754
477.5		0.946193
477		0.947578
476.5		0.945543
476		0.946769
475.5		0.944229
475		0.943539
474.5		0.94466
474		0.942636
473.5		0.943551
473		0.943152
472.5		0.940913
472		0.941546
471.5		0.941672
471		0.938047
470.5		0.938677
470		0.936832
469.5		0.938113
469		0.937244
468.5		0.935684
468		0.935879
467.5		0.933758
467		0.933044
466.5		0.931832
466		0.932322
465.5		0.930655
465		0.929809
464.5		0.930701
464		0.927982
463.5		0.929292
463		0.926211
462.5		0.925564
462		0.925002
461.5		0.925541
461		0.925416
460.5		0.922923
460		0.923465
459.5		0.922516
459		0.922017
458.5		0.920443
458		0.921094
457.5		0.919171
457		0.918865
456.5		0.920823
456		0.919527
455.5		0.920657
455		0.921594
454.5		0.921667
454		0.922066
453.5		0.921408
453		0.921107
452.5		0.925026
452		0.925135
451.5		0.925009
451		0.926474
450.5		0.927331
450		0.926834
449.5		0.928153
449		0.927181
448.5		0.931549
448		0.92936
447.5		0.930541
447		0.9322
446.5		0.931768
446		0.933263
445.5		0.93264
445		0.933051
444.5		0.934808
444		0.934193
443.5		0.933274
443		0.936116
442.5		0.93569
442		0.936402
441.5		0.935767
441		0.934858
440.5		0.936884
440		0.937872
439.5		0.937656
439		0.937711
438.5		0.936045
438		0.936684
437.5		0.937683
437		0.938334
436.5		0.937406
436		0.938006
435.5		0.938418
435		0.936656
434.5		0.939154
434		0.936961
433.5		0.93547
433		0.938434
432.5		0.938568
432		0.936762
431.5		0.937067
431		0.936246
430.5		0.940196
430		0.936329
429.5		0.937117
429		0.937256
428.5		0.935432
428		0.937711
427.5		0.936285
427		0.936291
426.5		0.93481
426		0.934455
425.5		0.934632
425		0.933982
424.5		0.93485
424		0.933257
423.5		0.9342
423		0.934448
422.5		0.935315
422		0.931934
421.5		0.934312
421		0.932463
420.5		0.932217
420		0.933274
419.5		0.931888
419		0.93091
418.5		0.931942
418		0.930895
417.5		0.930549
417		0.927545
416.5		0.929324
416		0.93061
415.5		0.927751
415		0.92874
414.5		0.927239
414		0.928309
413.5		0.928102
413		0.927303
412.5		0.930055
412		0.926156
411.5		0.929097
411		0.927597
410.5		0.925231
410		0.929585
409.5		0.924592
409		0.924813
408.5		0.92382
408		0.925419
407.5		0.926938
407		0.92303
406.5		0.925765
406		0.925939
405.5		0.922616
405		0.926449
404.5		0.923846
404		0.924522
403.5		0.923371
403		0.923364
402.5		0.922997
402		0.923077
401.5		0.923745
401		0.922917
400.5		0.921192
400		0.924179
399.5		0.923458
399		0.922104
398.5		0.92047
398		0.921426
397.5		0.921932
397		0.922351
396.5		0.922165
396		0.922444
395.5		0.921686
395		0.920373
394.5		0.92295
394		0.918635
393.5		0.922597
393		0.919101
392.5		0.917606
392		0.919541
391.5		0.919508
391		0.918654
390.5		0.918299
390		0.916438
389.5		0.915446
389		0.916309
388.5		0.914513
388		0.915199
387.5		0.912565
387		0.913589
386.5		0.913577
386		0.911597
385.5		0.911805
385		0.910032
384.5		0.906977
384		0.909299
383.5		0.907852
383		0.907655
382.5		0.905564
382		0.908569
381.5		0.905115
381		0.905479
380.5		0.902812
380		0.906945
379.5		0.899256
379		0.904594
378.5		0.903153
378		0.901255
377.5		0.901515
377		0.901405
376.5		0.899358
376		0.900718
375.5		0.900326
375		0.898742
374.5		0.900994
374		0.8989
373.5		0.903687
373		0.898585
372.5		0.898369
372		0.900834
371.5		0.896169
371		0.89789
370.5		0.896938
370		0.897849
369.5		0.89837
369		0.894741
368.5		0.894406
368		0.896403
367.5		0.891562
367		0.893824
366.5		0.894023
366		0.893208
365.5		0.892483
365		0.891805
364.5		0.893175
364		0.892725
363.5		0.892528
363		0.89165
362.5		0.891345
362		0.889837
361.5		0.888934
361		0.888479
360.5		0.890374
360		0.888689
359.5		0.890172
359		0.8905
358.5		0.880734
358		0.889535
357.5		0.885512
357		0.886986
356.5		0.887592
356		0.886003
355.5		0.884931
355		0.887124
354.5		0.882596
354		0.885015
353.5		0.885162
353		0.884073
352.5		0.883068
352		0.879203
351.5		0.883845
351		0.88465
350.5		0.882595
350		0.883238
349.5		0.881048
349		0.878988
348.5		0.878603
348		0.875551
347.5		0.879253
347		0.882415
346.5		0.876073
346		0.87397
345.5		0.870295
345		0.87711
344.5		0.878657
344		0.875899
343.5		0.875738
343		0.876139
342.5		0.87292
342		0.876336
341.5		0.877107
341		0.872182
340.5		0.87164
340		0.871034
339.5		0.866155
339		0.864334
338.5		0.871839
338		0.870182
337.5		0.867226
337		0.866677
336.5		0.862838
336		0.86975
335.5		0.86484
335		0.862536
334.5		0.862582
334		0.859727
333.5		0.861363
333		0.863361
332.5		0.861115
332		0.859486
331.5		0.859431
331		0.863185
330.5		0.856603
330		0.861898
329.5		0.856132
329		0.855031
328.5		0.854167
328		0.853958
327.5		0.856123
327		0.85524
326.5		0.853123
326		0.85472
325.5		0.85391
325		0.852957
324.5		0.857931
324		0.854364
323.5		0.853105
323		0.857668
322.5		0.857241
322		0.855022
321.5		0.849124
321		0.854054
320.5		0.852321
320		0.847842
319.5		0.84925
319		0.850019
318.5		0.850982
318		0.850955
317.5		0.853728
317		0.843836
316.5		0.847173
316		0.845125
315.5		0.849438
315		0.843038
314.5		0.845432
314		0.842789
313.5		0.844966
313		0.852649
312.5		0.845685
312		0.842987
311.5		0.849317
311		0.8442
310.5		0.846341
310		0.847043
309.5		0.837265
309		0.845956
308.5		0.848879
308		0.845865
307.5		0.841221
307		0.853488
306.5		0.853374
306		0.848075
305.5		0.847543
305		0.848299
304.5		0.850256
304		0.850873
303.5		0.856651
303		0.853294
302.5		0.865253
302		0.852625
301.5		0.856622
301		0.849696
300.5		0.854895
300		0.86815
299.5		0.863071
299		0.857715
298.5		0.854818
298		0.8649
297.5		0.861543
297		0.860544
296.5		0.865759
296		0.878917
295.5		0.85736
295		0.875479
294.5		0.877853
294		0.856939
293.5		0.862281
293		0.864703
292.5		0.917852
292		0.845769
291.5		0.885918
291		0.882529
290.5		0.873969
290		0.792653
289.5		0.721667
289		1.06582
288.5		0.655585
288		0.583919
287.5		0.398414
287		-4.18644
286.5		0.747601
286		0.462484
285.5		1.12834
285		-4.13993
284.5		0.768049
284		-4.18323
283.5		0.747695
283		0.564797
282.5		-4.11946
282		-4.13565
281.5		0.612506
281		1.03902
280.5		0.95501
280		-4.07747
279.5		-4.0568
279		0.566536
278.5		-4.07387
278		1.12586
277.5		0.456754
277		0.653766
276.5		0.695758
276		0.778297
275.5		0.932477
275		0.640199
274.5		0.712585
274		0.787983
273.5		0.916639
273		-0.600936
272.5		0.598313
272		0.81152
271.5		0.93685
271		0.972638
270.5		-3.8961
270		0.704755
269.5		0.998436
269		-3.87472
268.5		0.546586
268		0.908991
267.5		1.07002
267		0.591474
266.5		-3.83656
266		0.53886
265.5		0.210393
265		0.711124
264.5		1.0048
264		0.339832
263.5		0.732305
263		0.81218
262.5		0.676994
262		0.840884
261.5		1.21864
261		0.608158
260.5		1.35576
260		-3.71494
259.5		0.489584
259		-3.65075
258.5		1.14296
258		-3.65809
257.5		0.700006
257		0.923419
256.5		0.143915
256		0.0668552
255.5		-3.61206
255		0.761933
254.5		0.772678
254		0.712136
253.5		1.21636
253		0.980529
252.5		0.0581313
252		-3.51514
251.5		0.482634
251		-3.49406
250.5		0.250348
250		0.305568
249.5		1.3557
249		-3.44511
248.5		-3.47082
248		0.606749
247.5		0.491404
247		0.701629
246.5		0.881213
246		0.14981
245.5		0.742763
245		0.896019
244.5		1.0625
244		0.701686
243.5		0.777318
243		-0.316935
242.5		0.663501
242		0.716584
241.5		0.694444
241		0.770441
240.5		-3.21457
240		0.591272
239.5		0.930686
239		0.652869
238.5		-3.17141
238		0.06436
237.5		0.645775
237		0.582371
236.5		0.617098
236		-3.10254
235.5		0.245237
235		0.561314
234.5		0.266379
234		0.53085
233.5		-3.02419
233		0.78206
232.5		0.431684
232		0.485162
231.5		0.821685
231		0.623353
230.5		-0.0180629
230		0.626724
229.5		0.634615
229		0.825109
228.5		-2.84468
228		-2.88018
227.5		-2.83206
227		-2.81347
226.5		0.522545
226		0.500744
225.5		-2.80335
225		0.68829
224.5		0.300207
224		0.52703
223.5		0.384422
223		0.372573
222.5		0.264642
222		0.530064
221.5		0.375686
221		-2.62272
220.5		0.288691
220		-2.61712
219.5		-2.55711
219		0.382294
218.5		-2.58699
218		0.554545
217.5		0.630498
217		-2.4854
216.5		0.360551
216		-2.43181
215.5		0.413442
215		-2.41711
214.5		0.607384
214		0.295042
213.5		0.202316
213		-2.31223
212.5		0.649027
212		0.489472
211.5		0.531097
211		-0.0757026
210.5		0.501315
210		0.439221
209.5		0.622127
209		0.186701
208.5		0.70161
208		-2.16489
207.5		-2.17691
207		0.142692
206.5		-2.17336
206		0.237176
205.5		0.390795
205		0.281387
204.5		-2.02429
204		0.326316
203.5		0.225864
203		0.438211
202.5		-1.97772
202		-1.85586
201.5		0.300865
201		0.331595
200.5		0.519328
200		0.565084
