lambda		value

Calibration:
lambda:	800
Abs:	-0.0004

Data:
#
900		0.6898
899.5		0.7116
899		0.7001
898.5		0.672
898		0.6938
897.5		0.6885
897		0.7086
896.5		0.7206
896		0.6989
895.5		0.6984
895		0.6822
894.5		0.7007
894		0.72
893.5		0.694
893		0.6959
892.5		0.6949
892		0.6724
891.5		0.6818
891		0.7083
890.5		0.702
890		0.6997
889.5		0.6935
889		0.7023
888.5		0.6987
888		0.6982
887.5		0.7197
887		0.6978
886.5		0.684
886		0.7051
885.5		0.6818
885		0.7097
884.5		0.6915
884		0.6954
883.5		0.6826
883		0.6941
882.5		0.6816
882		0.6934
881.5		0.6923
881		0.7052
880.5		0.7008
880		0.7015
879.5		0.6951
879		0.708
878.5		0.7063
878		0.7041
877.5		0.7031
877		0.7049
876.5		0.6916
876		0.6884
875.5		0.6945
875		0.6923
874.5		0.6964
874		0.7031
873.5		0.6932
873		0.6963
872.5		0.6973
872		0.7007
871.5		0.6963
871		0.7
870.5		0.7007
870		0.696
869.5		0.695
869		0.7031
868.5		0.6984
868		0.7038
867.5		0.7052
867		0.7033
866.5		0.7059
866		0.6975
865.5		0.7053
865		0.6989
864.5		0.7017
864		0.7039
863.5		0.7041
863		0.6995
862.5		0.7041
862		0.7075
861.5		0.7088
861		0.7053
860.5		0.6996
860		0.7057
859.5		0.7027
859		0.7054
858.5		0.6997
858		0.7033
857.5		0.7066
857		0.7083
856.5		0.7103
856		0.7067
855.5		0.7083
855		0.7091
854.5		0.7032
854		0.7083
853.5		0.7055
853		0.7072
852.5		0.7079
852		0.7103
851.5		0.7088
851		0.7106
850.5		0.7103
850		0.7108
849.5		0.708
849		0.7095
848.5		0.7093
848		0.7105
847.5		0.7101
847		0.7097
846.5		0.7094
846		0.7098
845.5		0.7102
845		0.7104
844.5		0.7107
844		0.7105
843.5		0.707
843		0.7104
842.5		0.7107
842		0.7097
841.5		0.7078
841		0.7115
840.5		0.7098
840		0.7095
839.5		0.7087
839		0.711
838.5		0.7085
838		0.7092
837.5		0.7084
837		0.7101
836.5		0.709
836		0.7085
835.5		0.7065
835		0.7068
834.5		0.7072
834		0.7086
833.5		0.7058
833		0.7055
832.5		0.7068
832		0.7075
831.5		0.7067
831		0.7061
830.5		0.706
830		0.7075
829.5		0.7062
829		0.7063
828.5		0.7054
828		0.7063
827.5		0.7061
827		0.7056
826.5		0.7052
826		0.7049
825.5		0.7036
825		0.7041
824.5		0.7049
824		0.7051
823.5		0.7058
823		0.7051
822.5		0.7054
822		0.7032
821.5		0.7058
821		0.7041
820.5		0.7032
820		0.7042
819.5		0.7043
819		0.7031
818.5		0.704
818		0.7046
817.5		0.7034
817		0.7061
816.5		0.7055
816		0.7049
815.5		0.7034
815		0.7034
814.5		0.7041
814		0.7049
813.5		0.7035
813		0.7042
812.5		0.7048
812		0.7031
811.5		0.7043
811		0.7044
810.5		0.7047
810		0.7047
809.5		0.7055
809		0.7046
808.5		0.7024
808		0.704
807.5		0.7045
807		0.7044
806.5		0.706
806		0.7034
805.5		0.7042
805		0.7051
804.5		0.704
804		0.7056
803.5		0.7048
803		0.7043
802.5		0.7058
802		0.7046
801.5		0.7059
801		0.7051
800.5		0.7035
800		0.7046
799.5		0.7056
799		0.7061
798.5		0.7054
798		0.7055
797.5		0.7048
797		0.7046
796.5		0.706
796		0.706
795.5		0.7059
795		0.7057
794.5		0.7057
794		0.7058
793.5		0.7051
793		0.7054
792.5		0.7078
792		0.7067
791.5		0.7048
791		0.7045
790.5		0.7071
790		0.7058
789.5		0.7055
789		0.707
788.5		0.7055
788		0.7048
787.5		0.7063
787		0.7068
786.5		0.7066
786		0.7063
785.5		0.7069
785		0.7052
784.5		0.7069
784		0.7078
783.5		0.7042
783		0.7072
782.5		0.7066
782		0.7062
781.5		0.7092
781		0.7066
780.5		0.7064
780		0.7065
779.5		0.7062
779		0.7071
778.5		0.7071
778		0.7077
777.5		0.7081
777		0.7063
776.5		0.7081
776		0.706
775.5		0.7069
775		0.7064
774.5		0.7081
774		0.708
773.5		0.7068
773		0.7071
772.5		0.7075
772		0.7088
771.5		0.7079
771		0.7072
770.5		0.7073
770		0.7074
769.5		0.7067
769		0.7084
768.5		0.7076
768		0.7073
767.5		0.7078
767		0.7089
766.5		0.7095
766		0.707
765.5		0.709
765		0.7081
764.5		0.7085
764		0.7094
763.5		0.7065
763		0.7083
762.5		0.7093
762		0.7076
761.5		0.7083
761		0.7073
760.5		0.7081
760		0.7089
759.5		0.7081
759		0.7083
758.5		0.7068
758		0.7089
757.5		0.7087
757		0.7077
756.5		0.7094
756		0.7076
755.5		0.7098
755		0.7081
754.5		0.708
754		0.7089
753.5		0.7083
753		0.7095
752.5		0.7089
752		0.7097
751.5		0.708
751		0.7083
750.5		0.7086
750		0.7095
749.5		0.71
749		0.7104
748.5		0.7098
748		0.7093
747.5		0.71
747		0.7094
746.5		0.7106
746		0.7092
745.5		0.7102
745		0.71
744.5		0.7098
744		0.7099
743.5		0.7099
743		0.7094
742.5		0.7109
742		0.7107
741.5		0.7119
741		0.7103
740.5		0.7106
740		0.7109
739.5		0.7116
739		0.7106
738.5		0.7112
738		0.7113
737.5		0.7128
737		0.7114
736.5		0.7118
736		0.7124
735.5		0.7125
735		0.713
734.5		0.7127
734		0.7134
733.5		0.7121
733		0.7131
732.5		0.7139
732		0.7142
731.5		0.7141
731		0.713
730.5		0.7159
730		0.7159
729.5		0.7167
729		0.7168
728.5		0.7171
728		0.7185
727.5		0.7193
727		0.7202
726.5		0.7212
726		0.7222
725.5		0.7234
725		0.7244
724.5		0.7266
724		0.7264
723.5		0.7277
723		0.7297
722.5		0.7296
722		0.7334
721.5		0.7327
721		0.7351
720.5		0.7378
720		0.7373
719.5		0.7407
719		0.7417
718.5		0.7426
718		0.7436
717.5		0.7436
717		0.7456
716.5		0.7413
716		0.7423
715.5		0.7401
715		0.738
714.5		0.736
714		0.7327
713.5		0.7321
713		0.7289
712.5		0.7273
712		0.7258
711.5		0.7219
711		0.722
710.5		0.7193
710		0.7181
709.5		0.7161
709		0.717
708.5		0.716
708		0.7154
707.5		0.7144
707		0.7131
706.5		0.7122
706		0.7132
705.5		0.713
705		0.7142
704.5		0.7138
704		0.7132
703.5		0.7136
703		0.7122
702.5		0.7132
702		0.7121
701.5		0.7139
701		0.713
700.5		0.7122
700		0.7132
699.5		0.7116
699		0.7133
698.5		0.7126
698		0.7125
697.5		0.7134
697		0.7122
696.5		0.7129
696		0.7119
695.5		0.7126
695		0.7126
694.5		0.7117
694		0.7118
693.5		0.7127
693		0.7111
692.5		0.7132
692		0.7123
691.5		0.7117
691		0.7129
690.5		0.7113
690		0.7129
689.5		0.7115
689		0.712
688.5		0.7129
688		0.711
687.5		0.7117
687		0.7109
686.5		0.7111
686		0.711
685.5		0.7116
685		0.7118
684.5		0.7118
684		0.7114
683.5		0.7122
683		0.7119
682.5		0.7119
682		0.7107
681.5		0.7117
681		0.7118
680.5		0.7108
680		0.7118
679.5		0.7112
679		0.7108
678.5		0.7118
678		0.7112
677.5		0.7101
677		0.7109
676.5		0.7112
676		0.7115
675.5		0.7104
675		0.7117
674.5		0.7099
674		0.7096
673.5		0.7108
673		0.7113
672.5		0.7096
672		0.7099
671.5		0.7117
671		0.7099
670.5		0.7111
670		0.7111
669.5		0.7095
669		0.7105
668.5		0.7103
668		0.7102
667.5		0.7101
667		0.7102
666.5		0.7097
666		0.7096
665.5		0.7106
665		0.709
664.5		0.7108
664		0.7102
663.5		0.7101
663		0.71
662.5		0.7096
662		0.7094
661.5		0.7096
661		0.7097
660.5		0.7099
660		0.7092
659.5		0.7098
659		0.7094
658.5		0.7093
658		0.7098
657.5		0.708
657		0.7091
656.5		0.7095
656		0.7088
655.5		0.71
655		0.7082
654.5		0.709
654		0.7094
653.5		0.7085
653		0.7089
652.5		0.7078
652		0.7084
651.5		0.7087
651		0.7079
650.5		0.7088
650		0.7069
649.5		0.7081
649		0.7083
648.5		0.7079
648		0.7082
647.5		0.707
647		0.7071
646.5		0.7073
646		0.7064
645.5		0.7076
645		0.7063
644.5		0.7065
644		0.706
643.5		0.7066
643		0.7067
642.5		0.7053
642		0.7055
641.5		0.7055
641		0.7054
640.5		0.7052
640		0.704
639.5		0.7051
639		0.7053
638.5		0.7042
638		0.7039
637.5		0.7034
637		0.704
636.5		0.7032
636		0.7033
635.5		0.7031
635		0.7027
634.5		0.7032
634		0.7033
633.5		0.7026
633		0.7021
632.5		0.7026
632		0.7037
631.5		0.7033
631		0.7043
630.5		0.7037
630		0.7039
629.5		0.7049
629		0.7059
628.5		0.7066
628		0.7069
627.5		0.7087
627		0.7089
626.5		0.7097
626		0.7128
625.5		0.712
625		0.7125
624.5		0.7141
624		0.7152
623.5		0.7173
623		0.7158
622.5		0.7169
622		0.7187
621.5		0.719
621		0.7198
620.5		0.7189
620		0.7203
619.5		0.721
619		0.7208
618.5		0.722
618		0.7209
617.5		0.7213
617		0.7216
616.5		0.72
616		0.72
615.5		0.7195
615		0.7202
614.5		0.7198
614		0.7202
613.5		0.7199
613		0.7187
612.5		0.7199
612		0.7197
611.5		0.7208
611		0.72
610.5		0.7192
610		0.7197
609.5		0.7192
609		0.7202
608.5		0.7197
608		0.7195
607.5		0.7203
607		0.7199
606.5		0.72
606		0.7196
605.5		0.7197
605		0.7213
604.5		0.7202
604		0.7211
603.5		0.7195
603		0.7213
602.5		0.72
602		0.7201
601.5		0.7214
601		0.7191
600.5		0.7205
600		0.7211
599.5		0.7191
599		0.7219
598.5		0.7202
598		0.7215
597.5		0.7207
597		0.7211
596.5		0.7215
596		0.7215
595.5		0.7211
595		0.7218
594.5		0.7209
594		0.7222
593.5		0.721
593		0.7216
592.5		0.722
592		0.7214
591.5		0.7223
591		0.7222
590.5		0.722
590		0.7221
589.5		0.7226
589		0.7229
588.5		0.7216
588		0.7221
587.5		0.7221
587		0.7219
586.5		0.7229
586		0.7224
585.5		0.7223
585		0.7224
584.5		0.7225
584		0.7224
583.5		0.7224
583		0.7228
582.5		0.7227
582		0.7232
581.5		0.7227
581		0.7237
580.5		0.7234
580		0.7233
579.5		0.7249
579		0.7227
578.5		0.7232
578		0.7242
577.5		0.7228
577		0.7246
576.5		0.7241
576		0.7249
575.5		0.7246
575		0.7239
574.5		0.7239
574		0.723
573.5		0.7244
573		0.7242
572.5		0.7253
572		0.725
571.5		0.7237
571		0.7251
570.5		0.725
570		0.7239
569.5		0.7242
569		0.7247
568.5		0.7249
568		0.7246
567.5		0.7258
567		0.7246
566.5		0.7257
566		0.7256
565.5		0.7258
565		0.7269
564.5		0.7241
564		0.7259
563.5		0.7261
563		0.7251
562.5		0.7268
562		0.725
561.5		0.7258
561		0.7267
560.5		0.7256
560		0.7283
559.5		0.7279
559		0.7285
558.5		0.7286
558		0.728
557.5		0.7285
557		0.7286
556.5		0.7289
556		0.7289
555.5		0.7293
555		0.729
554.5		0.7277
554		0.7288
553.5		0.7295
553		0.7294
552.5		0.7293
552		0.7284
551.5		0.7295
551		0.7283
550.5		0.7294
550		0.7294
549.5		0.73
549		0.7301
548.5		0.7286
548		0.7301
547.5		0.7288
547		0.73
546.5		0.7296
546		0.7305
545.5		0.731
545		0.7298
544.5		0.7314
544		0.7308
543.5		0.7305
543		0.7309
542.5		0.7306
542		0.7309
541.5		0.7305
541		0.732
540.5		0.7309
540		0.7304
539.5		0.7312
539		0.7306
538.5		0.7322
538		0.7305
537.5		0.7313
537		0.7319
536.5		0.7316
536		0.7318
535.5		0.7317
535		0.7314
534.5		0.7318
534		0.7311
533.5		0.7322
533		0.7306
532.5		0.7321
532		0.7316
531.5		0.7328
531		0.7316
530.5		0.731
530		0.7318
529.5		0.732
529		0.7312
528.5		0.7321
528		0.7316
527.5		0.7327
527		0.7315
526.5		0.7325
526		0.7319
525.5		0.7323
525		0.7328
524.5		0.7316
524		0.7329
523.5		0.7315
523		0.7322
522.5		0.7322
522		0.7321
521.5		0.7321
521		0.7316
520.5		0.7319
520		0.7328
519.5		0.7331
519		0.7317
518.5		0.7322
518		0.7328
517.5		0.732
517		0.7325
516.5		0.7316
516		0.732
515.5		0.7327
515		0.7312
514.5		0.733
514		0.7316
513.5		0.7327
513		0.7323
512.5		0.7328
512		0.7331
511.5		0.7318
511		0.7325
510.5		0.7326
510		0.7326
509.5		0.7335
509		0.7328
508.5		0.7335
508		0.7332
507.5		0.7348
507		0.7343
506.5		0.7353
506		0.7356
505.5		0.7354
505		0.7374
504.5		0.7368
504		0.7382
503.5		0.7394
503		0.739
502.5		0.7411
502		0.7396
501.5		0.7405
501		0.7417
500.5		0.7421
500		0.7434
499.5		0.7434
499		0.7442
498.5		0.7453
498		0.7468
497.5		0.7459
497		0.7461
496.5		0.7476
496		0.7472
495.5		0.7492
495		0.7472
494.5		0.7487
494		0.7496
493.5		0.7493
493		0.7506
492.5		0.749
492		0.7505
491.5		0.7505
491		0.7506
490.5		0.7515
490		0.7508
489.5		0.7515
489		0.751
488.5		0.7524
488		0.7508
487.5		0.7515
487		0.7519
486.5		0.7519
486		0.7528
485.5		0.7511
485		0.7523
484.5		0.7525
484		0.752
483.5		0.7534
483		0.7518
482.5		0.7542
482		0.7538
481.5		0.7539
481		0.7554
480.5		0.7532
480		0.7558
479.5		0.7557
479		0.7555
478.5		0.7562
478		0.7556
477.5		0.7576
477		0.7567
476.5		0.7574
476		0.7589
475.5		0.7586
475		0.7591
474.5		0.7585
474		0.7618
473.5		0.7601
473		0.7618
472.5		0.7631
472		0.7625
471.5		0.7635
471		0.7619
470.5		0.764
470		0.7646
469.5		0.7671
469		0.7648
468.5		0.7664
468		0.7676
467.5		0.7679
467		0.7699
466.5		0.7684
466		0.7698
465.5		0.7719
465		0.7721
464.5		0.7735
464		0.7735
463.5		0.7738
463		0.7744
462.5		0.776
462		0.7764
461.5		0.7767
461		0.7772
460.5		0.7784
460		0.7787
459.5		0.7793
459		0.7789
458.5		0.7798
458		0.7803
457.5		0.7822
457		0.7806
456.5		0.7809
456		0.781
455.5		0.7816
455		0.7836
454.5		0.7798
454		0.7806
453.5		0.7811
453		0.779
452.5		0.7803
452		0.7766
451.5		0.7779
451		0.7778
450.5		0.775
450		0.7735
449.5		0.773
449		0.773
448.5		0.7714
448		0.772
447.5		0.7694
447		0.7689
446.5		0.7694
446		0.768
445.5		0.7687
445		0.7661
444.5		0.7662
444		0.767
443.5		0.7671
443		0.767
442.5		0.7635
442		0.7659
441.5		0.7652
441		0.7652
440.5		0.7646
440		0.7653
439.5		0.7636
439		0.7634
438.5		0.7645
438		0.7632
437.5		0.7646
437		0.7639
436.5		0.7638
436		0.7642
435.5		0.7641
435		0.7638
434.5		0.7631
434		0.7633
433.5		0.7639
433		0.7637
432.5		0.7633
432		0.7642
431.5		0.7642
431		0.7638
430.5		0.7631
430		0.7645
429.5		0.7639
429		0.7653
428.5		0.7638
428		0.7646
427.5		0.7653
427		0.7647
426.5		0.7667
426		0.7649
425.5		0.7644
425		0.7659
424.5		0.7652
424		0.7679
423.5		0.766
423		0.7679
422.5		0.7692
422		0.7669
421.5		0.7682
421		0.7683
420.5		0.7676
420		0.7673
419.5		0.7687
419		0.7691
418.5		0.7688
418		0.7687
417.5		0.7704
417		0.7704
416.5		0.7695
416		0.7711
415.5		0.7705
415		0.7707
414.5		0.7704
414		0.7717
413.5		0.7728
413		0.7718
412.5		0.7729
412		0.7719
411.5		0.7708
411		0.7716
410.5		0.7726
410		0.7733
409.5		0.7723
409		0.7731
408.5		0.7743
408		0.7736
407.5		0.7755
407		0.7727
406.5		0.7732
406		0.775
405.5		0.7735
405		0.7751
404.5		0.7746
404		0.7752
403.5		0.7755
403		0.7778
402.5		0.7737
402		0.7761
401.5		0.7761
401		0.7766
400.5		0.7776
400		0.7767
399.5		0.7769
399		0.7783
398.5		0.7751
398		0.7768
397.5		0.7769
397		0.7775
396.5		0.7787
396		0.7794
395.5		0.7777
395		0.7789
394.5		0.7788
394		0.7783
393.5		0.7802
393		0.7796
392.5		0.778
392		0.7784
391.5		0.7815
391		0.7825
390.5		0.781
390		0.7812
389.5		0.7817
389		0.7848
388.5		0.7849
388		0.785
387.5		0.7845
387		0.7858
386.5		0.7869
386		0.7847
385.5		0.7862
385		0.7857
384.5		0.7894
384		0.7873
383.5		0.7882
383		0.7916
382.5		0.7913
382		0.7922
381.5		0.7904
381		0.7916
380.5		0.7894
380		0.7941
379.5		0.793
379		0.793
378.5		0.7912
378		0.7933
377.5		0.7952
377		0.7932
376.5		0.7938
376		0.796
375.5		0.7935
375		0.7961
374.5		0.7962
374		0.7933
373.5		0.7984
373		0.7978
372.5		0.7959
372		0.7967
371.5		0.7991
371		0.7964
370.5		0.7987
370		0.7974
369.5		0.7973
369		0.7991
368.5		0.7976
368		0.8
367.5		0.7993
367		0.8012
366.5		0.8027
366		0.7994
365.5		0.7993
365		0.8039
364.5		0.8043
364		0.8036
363.5		0.8033
363		0.8011
362.5		0.8044
362		0.8037
361.5		0.8046
361		0.8045
360.5		0.8029
360		0.8045
359.5		0.8053
359		0.8059
358.5		0.8073
358		0.8058
357.5		0.8064
357		0.8092
356.5		0.8087
356		0.8093
355.5		0.808
355		0.8076
354.5		0.8094
354		0.8093
353.5		0.8088
353		0.8085
352.5		0.8106
352		0.8122
351.5		0.8135
351		0.8129
350.5		0.8144
350		0.8096
349.5		0.8177
349		0.8117
348.5		0.8126
348		0.8154
347.5		0.8153
347		0.8169
346.5		0.8121
346		0.8162
345.5		0.8156
345		0.8139
344.5		0.8166
344		0.8149
343.5		0.8162
343		0.8154
342.5		0.8159
342		0.8191
341.5		0.8186
341		0.8214
340.5		0.8189
340		0.8261
339.5		0.8337
339		0.8273
338.5		0.8252
338		0.8364
337.5		0.8289
337		0.8294
336.5		0.8327
336		0.8282
335.5		0.8324
335		0.8308
334.5		0.8311
334		0.8325
333.5		0.8308
333		0.839
332.5		0.8317
332		0.8377
331.5		0.84
331		0.8407
330.5		0.8368
330		0.8333
329.5		0.838
329		0.8339
328.5		0.844
328		0.8379
327.5		0.8364
327		0.8463
326.5		0.8372
326		0.8419
325.5		0.8425
325		0.8491
324.5		0.8442
324		0.8435
323.5		0.8451
323		0.8434
322.5		0.8506
322		0.8474
321.5		0.8466
321		0.8506
320.5		0.8521
320		0.8533
319.5		0.852
319		0.85
318.5		0.8515
318		0.8548
317.5		0.8517
317		0.8489
316.5		0.8518
316		0.8558
315.5		0.8491
315		0.8595
314.5		0.8558
314		0.8544
313.5		0.8544
313		0.8638
312.5		0.8603
312		0.854
311.5		0.855
311		0.8591
310.5		0.8623
310		0.8608
309.5		0.8629
309		0.8623
308.5		0.8579
308		0.8598
307.5		0.8626
307		0.8634
306.5		0.8617
306		0.8598
305.5		0.8644
305		0.866
304.5		0.8569
304		0.8643
303.5		0.8568
303		0.8637
302.5		0.8655
302		0.8598
301.5		0.871
301		0.8697
300.5		0.8697
300		0.8644
299.5		0.8706
299		0.864
298.5		0.8706
298		0.8676
297.5		0.8708
297		0.8754
296.5		0.8703
296		0.8703
295.5		0.8714
295		0.8727
294.5		0.8728
294		0.8749
293.5		0.8757
293		0.8757
292.5		0.8819
292		0.8791
291.5		0.8775
291		0.8759
290.5		0.8796
290		0.8766
289.5		0.877
289		0.8807
288.5		0.8868
288		0.8823
287.5		0.8852
287		0.8864
286.5		0.8923
286		0.8899
285.5		0.8863
285		0.8875
284.5		0.8905
284		0.8928
283.5		0.8996
283		0.8956
282.5		0.8947
282		0.8992
281.5		0.9009
281		0.9031
280.5		0.8975
280		0.9046
279.5		0.897
279		0.9087
278.5		0.9151
278		0.9104
277.5		0.9139
277		0.9058
276.5		0.9171
276		0.9191
275.5		0.9193
275		0.9179
274.5		0.9204
274		0.9183
273.5		0.931
273		0.9319
272.5		0.9219
272		0.9316
271.5		0.9326
271		0.9312
270.5		0.9367
270		0.9336
269.5		0.9338
269		0.9385
268.5		0.9395
268		0.9457
267.5		0.9413
267		0.9381
266.5		0.9522
266		0.9479
265.5		0.9504
265		0.954
264.5		0.9578
264		0.9608
263.5		0.9659
263		0.9626
262.5		0.9654
262		0.9669
261.5		0.9726
261		0.9737
260.5		0.9727
260		0.9824
259.5		0.9809
259		0.9844
258.5		0.9869
258		0.9905
257.5		0.9932
257		0.9977
256.5		0.995
256		1.0073
255.5		1.0104
255		1.0039
254.5		1.0099
254		1.0146
253.5		1.018
253		1.0223
252.5		1.0276
252		1.0368
251.5		1.0356
251		1.0336
250.5		1.0369
250		1.0367
249.5		1.0371
249		1.0464
248.5		1.0509
248		1.0474
247.5		1.0629
247		1.0705
246.5		1.0692
246		1.0856
245.5		1.085
245		1.0875
244.5		1.0939
244		1.0976
243.5		1.1041
243		1.1224
242.5		1.123
242		1.1199
241.5		1.1212
241		1.1143
240.5		1.1285
240		1.155
239.5		1.1417
239		1.1279
238.5		1.1372
238		1.1426
237.5		1.1674
237		1.1752
236.5		1.162
236		1.1921
235.5		1.1782
235		1.192
234.5		1.1995
234		1.236
233.5		1.1824
233		1.1578
232.5		1.2279
232		1.2454
231.5		1.2224
231		1.2468
230.5		1.1762
230		1.2407
229.5		1.2568
229		1.1531
228.5		1.3332
228		1.3808
227.5		1.3093
227		1.367
226.5		1.201
226		1.336
225.5		1.2401
225		1.1238
224.5		1.1719
224		1.3688
223.5		1.5194
223		1.5985
222.5		1.2024
222		1.174
221.5		1.4657
221		1.2404
220.5		1.3169
220		1.5977
219.5		1.3954
219		3.1744
218.5		2.2208
218		1.6882
217.5		1.0541
217		0.9327
216.5		0.678
216		0.7947
215.5		-2.2819
215		2.8716
214.5		0.5592
214		1.5995
213.5		2.1704
213		1.2494
212.5		-1.9868
212		0.9247
211.5		0.8888
211		-0.1143
210.5		0.306
210		0.435
209.5		1.8731
209		0.4593
208.5		-1.5125
208		1.4517
207.5		0.3697
207		1.211
206.5		-0.3103
206		1.0154
205.5		0.4736
205		1.2289
204.5		1.9196
204		-2.2614
203.5		0.2455
203		0.7361
202.5		1.073
202		0.6058
201.5		5.0324
201		0.3173
200.5		1.6214
200		1.5431
lambda		value

Calibration:
lambda:	0
Abs:	0

Data:
#
900		0.689731
899.5		0.699705
899		0.706173
898.5		0.671128
898		0.685844
897.5		0.678593
897		0.728563
896.5		0.737262
896		0.69681
895.5		0.685782
895		0.673312
894.5		0.703726
894		0.707895
893.5		0.712965
893		0.728005
892.5		0.679609
892		0.679535
891.5		0.679625
891		0.716395
890.5		0.702632
890		0.687936
889.5		0.696705
889		0.704555
888.5		0.720235
888		0.700723
887.5		0.723899
887		0.688709
886.5		0.691328
886		0.71861
885.5		0.677262
885		0.6977
884.5		0.700324
884		0.713743
883.5		0.681714
883		0.713654
882.5		0.688207
882		0.692638
881.5		0.684429
881		0.702251
880.5		0.705243
880		0.711677
879.5		0.705041
879		0.717762
878.5		0.708567
878		0.706502
877.5		0.702257
877		0.71804
876.5		0.696545
876		0.693532
875.5		0.704647
875		0.702557
874.5		0.70493
874		0.70827
873.5		0.703043
873		0.702765
872.5		0.704272
872		0.697353
871.5		0.698185
871		0.707929
870.5		0.696037
870		0.696209
869.5		0.693267
869		0.702889
868.5		0.699169
868		0.702115
867.5		0.704636
867		0.702247
866.5		0.70696
866		0.694444
865.5		0.704666
865		0.703048
864.5		0.694271
864		0.701865
863.5		0.702905
863		0.695328
862.5		0.702975
862		0.700564
861.5		0.705976
861		0.708559
860.5		0.701353
860		0.699544
859.5		0.699761
859		0.699316
858.5		0.694767
858		0.697718
857.5		0.705119
857		0.703097
856.5		0.703546
856		0.700119
855.5		0.70094
855		0.702566
854.5		0.695687
854		0.701913
853.5		0.699554
853		0.700961
852.5		0.697301
852		0.701185
851.5		0.703593
851		0.70155
850.5		0.702502
850		0.703553
849.5		0.698776
849		0.700879
848.5		0.697924
848		0.701105
847.5		0.700987
847		0.700247
846.5		0.699054
846		0.700829
845.5		0.702612
845		0.701768
844.5		0.701441
844		0.70159
843.5		0.695045
843		0.701283
842.5		0.702412
842		0.699625
841.5		0.700307
841		0.702231
840.5		0.70173
840		0.700672
839.5		0.69926
839		0.703264
838.5		0.699684
838		0.702109
837.5		0.700554
837		0.70293
836.5		0.703164
836		0.700722
835.5		0.699228
835		0.701051
834.5		0.702005
834		0.703255
833.5		0.69999
833		0.700179
832.5		0.702305
832		0.70335
831.5		0.702206
831		0.702028
830.5		0.703397
830		0.70356
829.5		0.703246
829		0.701321
828.5		0.70266
828		0.703136
827.5		0.703637
827		0.702929
826.5		0.702041
826		0.703072
825.5		0.700867
825		0.702414
824.5		0.703212
824		0.703763
823.5		0.705024
823		0.703482
822.5		0.705612
822		0.701167
821.5		0.704602
821		0.702835
820.5		0.700678
820		0.702724
819.5		0.703948
819		0.70303
818.5		0.702525
818		0.704882
817.5		0.704951
817		0.705606
816.5		0.704584
816		0.703142
815.5		0.701086
815		0.703963
814.5		0.703748
814		0.70483
813.5		0.703641
813		0.703918
812.5		0.704026
812		0.702678
811.5		0.704582
811		0.703907
810.5		0.703083
810		0.704207
809.5		0.70339
809		0.704741
808.5		0.7024
808		0.703859
807.5		0.704782
807		0.704048
806.5		0.706353
806		0.703822
805.5		0.703426
805		0.705665
804.5		0.703367
804		0.704684
803.5		0.705082
803		0.703175
802.5		0.705518
802		0.702843
801.5		0.705265
801		0.706159
800.5		0.701046
800		0.704318
799.5		0.705318
799		0.704339
798.5		0.704625
798		0.704725
797.5		0.705717
797		0.703755
796.5		0.704872
796		0.70431
795.5		0.704561
795		0.705277
794.5		0.705065
794		0.704532
793.5		0.703271
793		0.705118
792.5		0.707093
792		0.707195
791.5		0.702762
791		0.700856
790.5		0.70583
790		0.702988
789.5		0.704866
789		0.705448
788.5		0.705077
788		0.703042
787.5		0.704679
787		0.706023
786.5		0.704557
786		0.702996
785.5		0.705982
785		0.701692
784.5		0.705208
784		0.705964
783.5		0.701884
783		0.706705
782.5		0.704768
782		0.703527
781.5		0.707573
781		0.704276
780.5		0.704147
780		0.704036
779.5		0.704439
779		0.705266
778.5		0.704213
778		0.706358
777.5		0.704787
777		0.703486
776.5		0.705701
776		0.702697
775.5		0.703173
775		0.705272
774.5		0.704087
774		0.70694
773.5		0.704405
773		0.703792
772.5		0.705454
772		0.704713
771.5		0.706205
771		0.703892
770.5		0.703641
770		0.704933
769.5		0.703884
769		0.705437
768.5		0.70408
768		0.703641
767.5		0.704769
767		0.704742
766.5		0.706533
766		0.704815
765.5		0.706105
765		0.70262
764.5		0.706099
764		0.706011
763.5		0.704387
763		0.703866
762.5		0.706263
762		0.70415
761.5		0.703237
761		0.704061
760.5		0.704787
760		0.706146
759.5		0.704367
759		0.703796
758.5		0.702934
758		0.704252
757.5		0.704473
757		0.703409
756.5		0.704679
756		0.70401
755.5		0.705777
755		0.703877
754.5		0.704127
754		0.702786
753.5		0.705127
753		0.70597
752.5		0.703763
752		0.705257
751.5		0.701337
751		0.703726
750.5		0.703604
750		0.704498
749.5		0.705765
749		0.704063
748.5		0.704866
748		0.704509
747.5		0.704505
747		0.705309
746.5		0.704262
746		0.70448
745.5		0.704563
745		0.704225
744.5		0.703608
744		0.702802
743.5		0.703638
743		0.703351
742.5		0.704699
742		0.704151
741.5		0.704642
741		0.703058
740.5		0.703704
740		0.703304
739.5		0.705393
739		0.702521
738.5		0.703392
738		0.7037
737.5		0.704626
737		0.702756
736.5		0.703082
736		0.703883
735.5		0.703356
735		0.704198
734.5		0.701684
734		0.70355
733.5		0.702061
733		0.702977
732.5		0.702312
732		0.701227
731.5		0.701405
731		0.699774
730.5		0.703518
730		0.701656
729.5		0.702234
729		0.70089
728.5		0.699337
728		0.701934
727.5		0.699981
727		0.701813
726.5		0.702513
726		0.700417
725.5		0.701785
725		0.700716
724.5		0.701081
724		0.699201
723.5		0.699846
723		0.700086
722.5		0.698583
722		0.698942
721.5		0.696748
721		0.695854
720.5		0.696892
720		0.696223
719.5		0.695493
719		0.697677
718.5		0.695449
718		0.696777
717.5		0.696973
717		0.698062
716.5		0.694491
716		0.696472
715.5		0.695975
715		0.698467
714.5		0.69869
714		0.697278
713.5		0.699169
713		0.697779
712.5		0.698789
712		0.699904
711.5		0.698095
711		0.699612
710.5		0.698757
710		0.700859
709.5		0.699112
709		0.701978
708.5		0.702581
708		0.70213
707.5		0.70315
707		0.702423
706.5		0.701468
706		0.7037
705.5		0.702255
705		0.703645
704.5		0.702767
704		0.703145
703.5		0.7025
703		0.701191
702.5		0.702937
702		0.702061
701.5		0.703142
701		0.702809
700.5		0.702367
700		0.702038
699.5		0.702329
699		0.702136
698.5		0.702277
698		0.703009
697.5		0.703342
697		0.702298
696.5		0.703821
696		0.701587
695.5		0.701931
695		0.701516
694.5		0.702497
694		0.701765
693.5		0.70286
693		0.70142
692.5		0.702729
692		0.703298
691.5		0.702705
691		0.70278
690.5		0.702588
690		0.703473
689.5		0.702439
689		0.703557
688.5		0.703682
688		0.703264
687.5		0.70222
687		0.701777
686.5		0.701905
686		0.702639
685.5		0.702537
685		0.702735
684.5		0.702665
684		0.702617
683.5		0.703824
683		0.703111
682.5		0.703181
682		0.701164
681.5		0.702983
681		0.702111
680.5		0.702233
680		0.703012
679.5		0.701934
679		0.703553
678.5		0.703499
678		0.703114
677.5		0.701957
677		0.70247
676.5		0.704228
676		0.703968
675.5		0.702601
675		0.704444
674.5		0.70176
674		0.702227
673.5		0.703275
673		0.703491
672.5		0.701602
672		0.702037
671.5		0.703956
671		0.702246
670.5		0.703502
670		0.704059
669.5		0.701434
669		0.703117
668.5		0.702989
668		0.701917
667.5		0.702096
667		0.702751
666.5		0.701631
666		0.70341
665.5		0.70259
665		0.701911
664.5		0.70453
664		0.701848
663.5		0.703348
663		0.70304
662.5		0.702157
662		0.702376
661.5		0.702435
661		0.702465
660.5		0.702802
660		0.702387
659.5		0.703329
659		0.702585
658.5		0.702973
658		0.703818
657.5		0.701268
657		0.702705
656.5		0.702823
656		0.702408
655.5		0.704855
655		0.701813
654.5		0.702397
654		0.70356
653.5		0.702529
653		0.703832
652.5		0.701765
652		0.702569
651.5		0.704053
651		0.701099
650.5		0.703244
650		0.701498
649.5		0.703457
649		0.703586
648.5		0.70277
648		0.703976
647.5		0.702504
647		0.703932
646.5		0.703082
646		0.701908
645.5		0.70303
645		0.702856
644.5		0.702915
644		0.703468
643.5		0.703575
643		0.704165
642.5		0.703611
642		0.70346
641.5		0.704022
641		0.703501
640.5		0.703161
640		0.704141
639.5		0.704889
639		0.704948
638.5		0.704905
638		0.704746
637.5		0.7058
637		0.70626
636.5		0.705599
636		0.706763
635.5		0.706207
635		0.707155
634.5		0.707801
634		0.708258
633.5		0.708552
633		0.708476
632.5		0.709339
632		0.711095
631.5		0.709687
631		0.711127
630.5		0.710736
630		0.709934
629.5		0.710871
629		0.710375
628.5		0.710651
628		0.709596
627.5		0.709338
627		0.709894
626.5		0.70786
626		0.709748
625.5		0.707332
625		0.704678
624.5		0.706121
624		0.704839
623.5		0.705865
623		0.703212
622.5		0.701742
622		0.704539
621.5		0.703247
621		0.702312
620.5		0.700341
620		0.700477
619.5		0.700544
619		0.700282
618.5		0.700427
618		0.69875
617.5		0.699205
617		0.700651
616.5		0.700049
616		0.700117
615.5		0.699291
615		0.700993
614.5		0.699242
614		0.701061
613.5		0.700156
613		0.699397
612.5		0.700837
612		0.699961
611.5		0.70185
611		0.700117
610.5		0.700497
610		0.699757
609.5		0.698659
609		0.700175
608.5		0.699621
608		0.699494
607.5		0.70034
607		0.70036
606.5		0.699437
606		0.700068
605.5		0.699349
605		0.701108
604.5		0.699971
604		0.701118
603.5		0.699291
603		0.700223
602.5		0.699437
602		0.699534
601.5		0.700116
601		0.699514
600.5		0.698904
600		0.699961
599.5		0.698291
599		0.698838
598.5		0.698748
598		0.699196
597.5		0.699913
597		0.700369
596.5		0.699399
596		0.70001
595.5		0.698267
595		0.699012
594.5		0.69875
594		0.6994
593.5		0.699185
593		0.699022
592.5		0.699138
592		0.698828
591.5		0.69882
591		0.698655
590.5		0.69907
590		0.698626
589.5		0.699245
589		0.699197
588.5		0.697737
588		0.698897
587.5		0.699235
587		0.69796
586.5		0.698184
586		0.697499
585.5		0.698617
585		0.696894
584.5		0.697731
584		0.697836
583.5		0.696826
583		0.6991
582.5		0.697991
582		0.698204
581.5		0.697654
581		0.697744
580.5		0.698532
580		0.697762
579.5		0.699508
579		0.697116
578.5		0.69659
578		0.698967
577.5		0.696608
577		0.698679
576.5		0.697995
576		0.698699
575.5		0.699961
575		0.697735
574.5		0.6976
574		0.696398
573.5		0.696739
573		0.698563
572.5		0.699017
572		0.697921
571.5		0.696602
571		0.698017
570.5		0.697786
570		0.697197
569.5		0.696815
569		0.69676
568.5		0.696684
568		0.69546
567.5		0.698556
567		0.696731
566.5		0.697386
566		0.697089
565.5		0.696411
565		0.69901
564.5		0.695849
564		0.697176
563.5		0.697101
563		0.694806
562.5		0.698577
562		0.695711
561.5		0.695544
561		0.697878
560.5		0.695419
560		0.69928
559.5		0.700443
559		0.699002
558.5		0.699635
558		0.699328
557.5		0.698466
557		0.699098
556.5		0.699185
556		0.698715
555.5		0.699501
555		0.698276
554.5		0.697967
554		0.698352
553.5		0.699023
553		0.699128
552.5		0.698162
552		0.697568
551.5		0.698889
551		0.697605
550.5		0.698726
550		0.696591
549.5		0.699435
549		0.697926
548.5		0.697425
548		0.698059
547.5		0.695818
547		0.698631
546.5		0.697648
546		0.698709
545.5		0.699923
545		0.697306
544.5		0.69957
544		0.698194
543.5		0.697574
543		0.698824
542.5		0.696938
542		0.698357
541.5		0.696843
541		0.698273
540.5		0.697158
540		0.69542
539.5		0.698443
539		0.696805
538.5		0.698131
538		0.696776
537.5		0.696675
537		0.698645
536.5		0.69736
536		0.697617
535.5		0.696459
535		0.695975
534.5		0.696488
534		0.696551
533.5		0.696405
533		0.695876
532.5		0.697437
532		0.696298
531.5		0.697705
531		0.695768
530.5		0.696058
530		0.696356
529.5		0.69595
529		0.696514
528.5		0.69631
528		0.695834
527.5		0.69761
527		0.695474
526.5		0.697154
526		0.696517
525.5		0.696434
525		0.698038
524.5		0.695834
524		0.69727
523.5		0.696799
523		0.696802
522.5		0.696537
522		0.696243
521.5		0.697039
521		0.696828
520.5		0.695921
520		0.696975
519.5		0.696929
519		0.696327
518.5		0.697466
518		0.697108
517.5		0.696612
517		0.697022
516.5		0.695636
516		0.697741
515.5		0.697677
515		0.696381
514.5		0.699094
514		0.696364
513.5		0.699008
513		0.697827
512.5		0.699037
512		0.700057
511.5		0.696952
511		0.699484
510.5		0.698646
510		0.69818
509.5		0.699905
509		0.697705
508.5		0.699504
508		0.697821
507.5		0.69941
507		0.698668
506.5		0.698025
506		0.697582
505.5		0.697458
505		0.698097
504.5		0.696672
504		0.696744
503.5		0.696693
503		0.696119
502.5		0.69613
502		0.693874
501.5		0.693092
501		0.693372
500.5		0.694525
500		0.693405
499.5		0.693082
499		0.692795
498.5		0.691951
498		0.694052
497.5		0.692122
497		0.691666
496.5		0.692094
496		0.691276
495.5		0.692742
495		0.689362
494.5		0.689919
494		0.690557
493.5		0.689582
493		0.691033
492.5		0.688419
492		0.689861
491.5		0.688595
491		0.687993
490.5		0.689576
490		0.68944
489.5		0.688881
489		0.688107
488.5		0.688948
488		0.687105
487.5		0.689576
487		0.687734
486.5		0.687986
486		0.689062
485.5		0.685748
485		0.688541
484.5		0.688157
484		0.687009
483.5		0.686907
483		0.685511
482.5		0.687888
482		0.686834
481.5		0.686237
481		0.686915
480.5		0.68423
480		0.687341
479.5		0.687062
479		0.685323
478.5		0.686082
478		0.684296
477.5		0.685239
477		0.68523
476.5		0.68413
476		0.68598
475.5		0.683608
475		0.683689
474.5		0.683765
474		0.685072
473.5		0.683359
473		0.684272
472.5		0.684333
472		0.683734
471.5		0.684201
471		0.680268
470.5		0.682082
470		0.68134
469.5		0.684178
469		0.680912
468.5		0.680942
468		0.681826
467.5		0.680159
467		0.681086
466.5		0.678619
466		0.679375
465.5		0.680268
465		0.679247
464.5		0.680359
464		0.678628
463.5		0.678951
463		0.67716
462.5		0.678085
462		0.677191
461.5		0.678104
461		0.677298
460.5		0.676517
460		0.676601
459.5		0.6763
459		0.675015
458.5		0.674451
458		0.675234
457.5		0.675592
457		0.673163
456.5		0.67511
456		0.673741
455.5		0.675657
455		0.677503
454.5		0.674334
454		0.675318
453.5		0.675458
453		0.673992
452.5		0.677226
452		0.6746
451.5		0.676082
451		0.677703
450.5		0.676206
450		0.674662
449.5		0.675758
449		0.67505
448.5		0.677082
448		0.676718
447.5		0.675742
447		0.677147
446.5		0.676634
446		0.677189
445.5		0.677866
445		0.675871
444.5		0.677873
444		0.677622
443.5		0.678069
443		0.679724
442.5		0.676442
442		0.679471
441.5		0.678068
441		0.678309
440.5		0.67886
440		0.680327
439.5		0.679239
439		0.678457
438.5		0.679193
438		0.677858
437.5		0.679826
437		0.679868
436.5		0.679235
436		0.679833
435.5		0.680107
435		0.678692
434.5		0.679943
434		0.678791
433.5		0.678178
433		0.679569
432.5		0.679697
432		0.678866
431.5		0.67941
431		0.67833
430.5		0.680246
430		0.679012
429.5		0.6786
429		0.680267
428.5		0.677548
428		0.679524
427.5		0.67924
427		0.678647
426.5		0.679217
426		0.677622
425.5		0.677179
425		0.677908
424.5		0.677468
424		0.678957
423.5		0.677576
423		0.679437
422.5		0.680768
422		0.676279
421.5		0.679282
421		0.677513
420.5		0.676717
420		0.677348
419.5		0.677448
419		0.677025
418.5		0.676999
418		0.675958
417.5		0.677394
417		0.675079
416.5		0.675711
416		0.677414
415.5		0.675699
415		0.675638
414.5		0.674665
414		0.676455
413.5		0.676885
413		0.6753
412.5		0.677566
412		0.674679
411.5		0.674838
411		0.674829
410.5		0.674171
410		0.677383
409.5		0.67338
409		0.673667
408.5		0.674242
408		0.674926
407.5		0.677056
407		0.672147
406.5		0.673813
406		0.675381
405.5		0.671908
405		0.675586
404.5		0.673507
404		0.674204
403.5		0.673879
403		0.675174
402.5		0.67179
402		0.673932
401.5		0.674166
401		0.673489
400.5		0.673538
400		0.674687
399.5		0.675096
399		0.674495
398.5		0.670154
398		0.672321
397.5		0.672524
397		0.67316
396.5		0.674316
396		0.674747
395.5		0.6731
395		0.6728
394.5		0.674344
394		0.670948
393.5		0.675615
393		0.671779
392.5		0.669247
392		0.671382
391.5		0.672895
391		0.673698
390.5		0.671078
390		0.670328
389.5		0.66978
389		0.67307
388.5		0.671773
388		0.67117
387.5		0.669311
387		0.670421
386.5		0.670787
386		0.667773
385.5		0.668765
385		0.666978
384.5		0.667682
384		0.667486
383.5		0.667062
383		0.66892
382.5		0.666134
382		0.66954
381.5		0.666161
381		0.666386
380.5		0.662637
380		0.669449
379.5		0.663099
379		0.666107
378.5		0.663536
378		0.66396
377.5		0.665495
377		0.663433
376.5		0.661996
376		0.664774
375.5		0.66252
375		0.663583
374.5		0.66533
374		0.661304
373.5		0.667614
373		0.66439
372.5		0.662587
372		0.664581
371.5		0.662823
371		0.661792
370.5		0.662877
370		0.662347
369.5		0.663201
369		0.66189
368.5		0.660156
368		0.66313
367.5		0.658728
367		0.661602
366.5		0.663663
366		0.659843
365.5		0.659652
365		0.661537
364.5		0.663067
364		0.662217
363.5		0.661152
363		0.659179
362.5		0.661241
362		0.659365
361.5		0.658644
361		0.659318
360.5		0.658439
360		0.658563
359.5		0.659649
359		0.660141
358.5		0.655542
358		0.659951
357.5		0.657213
357		0.659925
356.5		0.660271
356		0.659093
355.5		0.657178
355		0.657815
354.5		0.655916
354		0.656367
353.5		0.656973
353		0.65508
352.5		0.657421
352		0.655053
351.5		0.659505
351		0.658592
350.5		0.658154
350		0.654751
349.5		0.659542
349		0.654069
348.5		0.652534
348		0.653104
347.5		0.655966
347		0.658472
346.5		0.651504
346		0.652803
345.5		0.649105
345		0.651276
344.5		0.654589
344		0.651295
343.5		0.651085
343		0.651694
342.5		0.649757
342		0.65319
341.5		0.6542
341		0.652215
340.5		0.649354
340		0.653715
339.5		0.652654
339		0.647745
338.5		0.650122
338		0.659361
337.5		0.650169
337		0.651327
336.5		0.649785
336		0.650334
335.5		0.650059
335		0.646789
334.5		0.647173
334		0.646351
333.5		0.644281
333		0.652208
332.5		0.646131
332		0.648274
331.5		0.649954
331		0.652515
330.5		0.644883
330		0.645169
329.5		0.644467
329		0.642104
328.5		0.646545
328		0.642118
327.5		0.642248
327		0.64796
326.5		0.640208
326		0.643163
325.5		0.644162
325		0.64802
324.5		0.646996
324		0.643598
323.5		0.643984
323		0.645838
322.5		0.649115
322		0.645343
321.5		0.639716
321		0.645323
320.5		0.646412
320		0.643806
319.5		0.642292
319		0.641364
318.5		0.643224
318		0.645181
317.5		0.642259
317		0.634692
316.5		0.637909
316		0.639468
315.5		0.636125
315		0.64008
314.5		0.637278
314		0.634581
313.5		0.634487
313		0.645542
312.5		0.639581
312		0.630212
311.5		0.634744
311		0.634444
310.5		0.637419
310		0.638008
309.5		0.63036
309		0.635352
308.5		0.63067
308		0.632066
307.5		0.630095
307		0.636726
306.5		0.633417
306		0.628096
305.5		0.629433
305		0.633829
304.5		0.626023
304		0.631291
303.5		0.628337
303		0.632377
302.5		0.63495
302		0.623676
301.5		0.634978
301		0.629761
300.5		0.633615
300		0.632565
299.5		0.632841
299		0.629233
298.5		0.629865
298		0.624892
297.5		0.629691
297		0.631647
296.5		0.627198
296		0.628466
295.5		0.629761
295		0.631156
294.5		0.626471
294		0.624037
293.5		0.627562
293		0.626305
292.5		0.630604
292		0.627794
291.5		0.620712
291		0.622929
290.5		0.625694
290		0.622983
289.5		0.621677
289		0.619383
288.5		0.624683
288		0.61968
287.5		0.621324
287		0.618562
286.5		0.620515
286		0.621786
285.5		0.615614
285		0.612449
284.5		0.618876
284		0.622551
283.5		0.619048
283		0.618765
282.5		0.614365
282		0.619881
281.5		0.619814
281		0.617209
280.5		0.61096
280		0.61483
279.5		0.606573
279		0.613904
278.5		0.621418
278		0.613808
277.5		0.615214
277		0.606576
276.5		0.617659
276		0.614207
275.5		0.615287
275		0.609981
274.5		0.612294
274		0.609073
273.5		0.617006
273		0.614062
272.5		0.607552
272		0.611246
271.5		0.61038
271		0.611104
270.5		0.608326
270		0.60482
269.5		0.608537
269		0.606149
268.5		0.605855
268		0.61005
267.5		0.604793
267		0.597859
266.5		0.60894
266		0.606928
265.5		0.603812
265		0.601665
264.5		0.604557
264		0.608217
263.5		0.610479
263		0.601926
262.5		0.600672
262		0.603407
261.5		0.608522
261		0.604632
260.5		0.603262
260		0.608335
259.5		0.602852
259		0.599039
258.5		0.601732
258		0.603963
257.5		0.602122
257		0.607909
256.5		0.604019
256		0.606223
255.5		0.608345
255		0.599809
254.5		0.604369
254		0.603641
253.5		0.602367
253		0.60509
252.5		0.604684
252		0.607488
251.5		0.611767
251		0.60198
250.5		0.601799
250		0.602662
249.5		0.599514
249		0.600896
248.5		0.607984
248		0.602162
247.5		0.599188
247		0.609624
246.5		0.609509
246		0.614479
245.5		0.607605
245		0.610646
244.5		0.613792
244		0.608898
243.5		0.609394
243		0.615621
242.5		0.613025
242		0.606597
241.5		0.608356
241		0.60265
240.5		0.604672
240		0.614754
239.5		0.603691
239		0.593288
238.5		0.601152
238		0.594547
237.5		0.608274
237		0.611574
236.5		0.594891
236		0.616487
235.5		0.597041
235		0.60333
234.5		0.609254
234		0.623109
233.5		0.596028
233		0.575762
232.5		0.610804
232		0.612984
231.5		0.606379
231		0.606391
230.5		0.57426
230		0.596404
229.5		0.595358
229		0.553019
228.5		0.632148
228		0.66289
227.5		0.618061
227		0.641062
226.5		0.563559
226		0.621164
225.5		0.579459
225		0.518549
224.5		0.537988
224		0.619282
223.5		0.669428
223		0.711773
222.5		0.535566
222		0.512686
221.5		0.644009
221		0.542251
220.5		0.576601
220		0.696955
219.5		0.594749
219		1.3723
218.5		0.957613
218		0.745375
217.5		0.436589
217		0.386387
216.5		0.285534
216		0.322119
215.5		-0.945591
215		1.15692
214.5		0.218258
214		0.631465
213.5		0.852039
213		0.48152
212.5		-0.785856
212		0.360591
211.5		0.348344
211		-0.0441279
210.5		0.118329
210		0.162714
209.5		0.718847
209		0.174838
208.5		-0.579991
208		0.523834
207.5		0.134144
207		0.411359
206.5		-0.112407
206		0.359739
205.5		0.165513
205		0.441606
204.5		0.647682
204		-0.884984
203.5		0.0886122
203		0.241947
202.5		0.353705
202		0.187392
201.5		1.6561
201		0.101517
200.5		0.533917
200		0.604876
