27/03/2024 16.51.04
27/03/2024 17.00.08

900.0000	 95.8800

900.0000	 95.8800

900.0000	101.5200



  1.0000
900.0000
  3.0000
340.0000
  1.0000
1401.0000
  5.0000
  6.0000
  1.0000
  1.0000
  0.0000
  0.0000
100.0000
  0.0000
  1.0000
  0.0000
500.0000
900.0000
200.0000
  4.0000
  1.0000
 18.0000
  2.0000
  1.0000
255.0000
  0.2126
  1.0000
 30.0000
  4.0000
500.0000
  0.0000
  0.0000
  4.0000
900.0000
200.0000
  0.0000
100.0000
  0.0000
  1.0000
  0.0000
500.0000
  1.0000
  1.0000
  1.0000
  1.0000
  4.0000
  0.0000
  1.0000
  1.0000
  1.0000
  1.0000
  1.0000
  2.0000
  1.0000
  1.0000
  1.0000
  3.0000
  1.0000
  1.0000
  1.0000
  4.0000
  5.0000
543.728
0.000
#
900.0000	  1.0174
899.5000	  0.9682
899.0000	  0.9688
898.5000	  0.9864
898.0000	  1.0027
897.5000	  1.0296
897.0000	  0.9728
896.5000	  1.0064
896.0000	  0.9569
895.5000	  1.0038
895.0000	  0.9920
894.5000	  0.9559
894.0000	  1.0351
893.5000	  0.9437
893.0000	  1.0263
892.5000	  0.9874
892.0000	  1.0077
891.5000	  1.0019
891.0000	  1.0014
890.5000	  0.9914
890.0000	  0.9880
889.5000	  1.0066
889.0000	  0.9794
888.5000	  0.9533
888.0000	  0.9845
887.5000	  1.0025
887.0000	  0.9823
886.5000	  0.9943
886.0000	  0.9887
885.5000	  0.9869
885.0000	  1.0116
884.5000	  0.9720
884.0000	  0.9749
883.5000	  0.9823
883.0000	  0.9891
882.5000	  0.9984
882.0000	  0.9992
881.5000	  1.0122
881.0000	  1.0094
880.5000	  0.9892
880.0000	  0.9809
879.5000	  0.9990
879.0000	  0.9900
878.5000	  0.9826
878.0000	  0.9746
877.5000	  1.0028
877.0000	  0.9954
876.5000	  0.9953
876.0000	  0.9841
875.5000	  0.9733
875.0000	  0.9928
874.5000	  0.9976
874.0000	  0.9781
873.5000	  1.0025
873.0000	  1.0130
872.5000	  0.9914
872.0000	  0.9892
871.5000	  1.0046
871.0000	  0.9917
870.5000	  0.9915
870.0000	  0.9876
869.5000	  1.0043
869.0000	  0.9976
868.5000	  0.9952
868.0000	  0.9988
867.5000	  0.9972
867.0000	  0.9990
866.5000	  0.9950
866.0000	  0.9881
865.5000	  1.0162
865.0000	  0.9922
864.5000	  1.0004
864.0000	  0.9902
863.5000	  0.9905
863.0000	  0.9995
862.5000	  1.0030
862.0000	  0.9941
861.5000	  0.9973
861.0000	  0.9954
860.5000	  1.0072
860.0000	  1.0076
859.5000	  1.0068
859.0000	  1.0120
858.5000	  1.0031
858.0000	  1.0125
857.5000	  1.0092
857.0000	  1.0094
856.5000	  1.0106
856.0000	  1.0080
855.5000	  1.0180
855.0000	  1.0088
854.5000	  1.0099
854.0000	  1.0116
853.5000	  1.0150
853.0000	  1.0111
852.5000	  1.0169
852.0000	  1.0181
851.5000	  1.0165
851.0000	  1.0100
850.5000	  1.0173
850.0000	  1.0214
849.5000	  1.0221
849.0000	  1.0161
848.5000	  1.0211
848.0000	  1.0154
847.5000	  1.0209
847.0000	  1.0216
846.5000	  1.0197
846.0000	  1.0264
845.5000	  1.0192
845.0000	  1.0274
844.5000	  1.0224
844.0000	  1.0273
843.5000	  1.0254
843.0000	  1.0283
842.5000	  1.0245
842.0000	  1.0258
841.5000	  1.0254
841.0000	  1.0270
840.5000	  1.0263
840.0000	  1.0264
839.5000	  1.0251
839.0000	  1.0288
838.5000	  1.0296
838.0000	  1.0315
837.5000	  1.0278
837.0000	  1.0315
836.5000	  1.0284
836.0000	  1.0294
835.5000	  1.0313
835.0000	  1.0268
834.5000	  1.0295
834.0000	  1.0280
833.5000	  1.0291
833.0000	  1.0330
832.5000	  1.0358
832.0000	  1.0287
831.5000	  1.0327
831.0000	  1.0302
830.5000	  1.0288
830.0000	  1.0333
829.5000	  1.0281
829.0000	  1.0319
828.5000	  1.0337
828.0000	  1.0299
827.5000	  1.0343
827.0000	  1.0316
826.5000	  1.0347
826.0000	  1.0329
825.5000	  1.0330
825.0000	  1.0321
824.5000	  1.0375
824.0000	  1.0328
823.5000	  1.0348
823.0000	  1.0340
822.5000	  1.0341
822.0000	  1.0369
821.5000	  1.0362
821.0000	  1.0338
820.5000	  1.0374
820.0000	  1.0382
819.5000	  1.0427
819.0000	  1.0378
818.5000	  1.0376
818.0000	  1.0380
817.5000	  1.0413
817.0000	  1.0387
816.5000	  1.0407
816.0000	  1.0434
815.5000	  1.0420
815.0000	  1.0466
814.5000	  1.0409
814.0000	  1.0440
813.5000	  1.0440
813.0000	  1.0442
812.5000	  1.0447
812.0000	  1.0480
811.5000	  1.0485
811.0000	  1.0490
810.5000	  1.0510
810.0000	  1.0483
809.5000	  1.0471
809.0000	  1.0521
808.5000	  1.0520
808.0000	  1.0539
807.5000	  1.0502
807.0000	  1.0539
806.5000	  1.0528
806.0000	  1.0545
805.5000	  1.0543
805.0000	  1.0541
804.5000	  1.0561
804.0000	  1.0563
803.5000	  1.0598
803.0000	  1.0566
802.5000	  1.0587
802.0000	  1.0592
801.5000	  1.0627
801.0000	  1.0624
800.5000	  1.0604
800.0000	  1.0636
799.5000	  1.0639
799.0000	  1.0674
798.5000	  1.0653
798.0000	  1.0656
797.5000	  1.0688
797.0000	  1.0681
796.5000	  1.0692
796.0000	  1.0697
795.5000	  1.0740
795.0000	  1.0717
794.5000	  1.0747
794.0000	  1.0723
793.5000	  1.0730
793.0000	  1.0772
792.5000	  1.0758
792.0000	  1.0790
791.5000	  1.0796
791.0000	  1.0780
790.5000	  1.0801
790.0000	  1.0801
789.5000	  1.0815
789.0000	  1.0848
788.5000	  1.0850
788.0000	  1.0852
787.5000	  1.0843
787.0000	  1.0858
786.5000	  1.0885
786.0000	  1.0879
785.5000	  1.0882
785.0000	  1.0896
784.5000	  1.0912
784.0000	  1.0925
783.5000	  1.0910
783.0000	  1.0918
782.5000	  1.0942
782.0000	  1.0919
781.5000	  1.0966
781.0000	  1.0982
780.5000	  1.0998
780.0000	  1.0993
779.5000	  1.0988
779.0000	  1.1015
778.5000	  1.1025
778.0000	  1.1020
777.5000	  1.1054
777.0000	  1.1071
776.5000	  1.1057
776.0000	  1.1092
775.5000	  1.1070
775.0000	  1.1095
774.5000	  1.1104
774.0000	  1.1127
773.5000	  1.1146
773.0000	  1.1134
772.5000	  1.1144
772.0000	  1.1156
771.5000	  1.1174
771.0000	  1.1162
770.5000	  1.1199
770.0000	  1.1222
769.5000	  1.1225
769.0000	  1.1232
768.5000	  1.1237
768.0000	  1.1238
767.5000	  1.1266
767.0000	  1.1292
766.5000	  1.1269
766.0000	  1.1305
765.5000	  1.1312
765.0000	  1.1306
764.5000	  1.1337
764.0000	  1.1338
763.5000	  1.1375
763.0000	  1.1389
762.5000	  1.1396
762.0000	  1.1376
761.5000	  1.1411
761.0000	  1.1430
760.5000	  1.1436
760.0000	  1.1467
759.5000	  1.1481
759.0000	  1.1471
758.5000	  1.1497
758.0000	  1.1476
757.5000	  1.1519
757.0000	  1.1512
756.5000	  1.1552
756.0000	  1.1560
755.5000	  1.1587
755.0000	  1.1599
754.5000	  1.1600
754.0000	  1.1630
753.5000	  1.1638
753.0000	  1.1634
752.5000	  1.1667
752.0000	  1.1682
751.5000	  1.1675
751.0000	  1.1705
750.5000	  1.1711
750.0000	  1.1728
749.5000	  1.1731
749.0000	  1.1769
748.5000	  1.1788
748.0000	  1.1783
747.5000	  1.1799
747.0000	  1.1810
746.5000	  1.1857
746.0000	  1.1861
745.5000	  1.1865
745.0000	  1.1899
744.5000	  1.1868
744.0000	  1.1918
743.5000	  1.1930
743.0000	  1.1957
742.5000	  1.1958
742.0000	  1.1972
741.5000	  1.2000
741.0000	  1.1983
740.5000	  1.2035
740.0000	  1.2051
739.5000	  1.2054
739.0000	  1.2090
738.5000	  1.2066
738.0000	  1.2134
737.5000	  1.2150
737.0000	  1.2169
736.5000	  1.2160
736.0000	  1.2202
735.5000	  1.2226
735.0000	  1.2224
734.5000	  1.2261
734.0000	  1.2264
733.5000	  1.2319
733.0000	  1.2340
732.5000	  1.2355
732.0000	  1.2403
731.5000	  1.2399
731.0000	  1.2424
730.5000	  1.2452
730.0000	  1.2497
729.5000	  1.2493
729.0000	  1.2511
728.5000	  1.2572
728.0000	  1.2582
727.5000	  1.2641
727.0000	  1.2659
726.5000	  1.2698
726.0000	  1.2744
725.5000	  1.2781
725.0000	  1.2808
724.5000	  1.2860
724.0000	  1.2901
723.5000	  1.2925
723.0000	  1.2998
722.5000	  1.3044
722.0000	  1.3086
721.5000	  1.3140
721.0000	  1.3194
720.5000	  1.3296
720.0000	  1.3319
719.5000	  1.3380
719.0000	  1.3442
718.5000	  1.3460
718.0000	  1.3487
717.5000	  1.3511
717.0000	  1.3533
716.5000	  1.3559
716.0000	  1.3536
715.5000	  1.3558
715.0000	  1.3507
714.5000	  1.3491
714.0000	  1.3472
713.5000	  1.3496
713.0000	  1.3440
712.5000	  1.3415
712.0000	  1.3416
711.5000	  1.3348
711.0000	  1.3360
710.5000	  1.3328
710.0000	  1.3328
709.5000	  1.3323
709.0000	  1.3326
708.5000	  1.3309
708.0000	  1.3327
707.5000	  1.3321
707.0000	  1.3325
706.5000	  1.3343
706.0000	  1.3371
705.5000	  1.3399
705.0000	  1.3391
704.5000	  1.3435
704.0000	  1.3446
703.5000	  1.3459
703.0000	  1.3509
702.5000	  1.3522
702.0000	  1.3526
701.5000	  1.3540
701.0000	  1.3568
700.5000	  1.3627
700.0000	  1.3626
699.5000	  1.3669
699.0000	  1.3659
698.5000	  1.3683
698.0000	  1.3714
697.5000	  1.3749
697.0000	  1.3740
696.5000	  1.3773
696.0000	  1.3789
695.5000	  1.3790
695.0000	  1.3838
694.5000	  1.3855
694.0000	  1.3897
693.5000	  1.3935
693.0000	  1.3935
692.5000	  1.3952
692.0000	  1.3948
691.5000	  1.4001
691.0000	  1.4040
690.5000	  1.4047
690.0000	  1.4084
689.5000	  1.4105
689.0000	  1.4115
688.5000	  1.4141
688.0000	  1.4201
687.5000	  1.4179
687.0000	  1.4231
686.5000	  1.4252
686.0000	  1.4283
685.5000	  1.4278
685.0000	  1.4336
684.5000	  1.4355
684.0000	  1.4375
683.5000	  1.4429
683.0000	  1.4407
682.5000	  1.4445
682.0000	  1.4467
681.5000	  1.4495
681.0000	  1.4520
680.5000	  1.4543
680.0000	  1.4585
679.5000	  1.4610
679.0000	  1.4637
678.5000	  1.4653
678.0000	  1.4691
677.5000	  1.4702
677.0000	  1.4739
676.5000	  1.4772
676.0000	  1.4805
675.5000	  1.4821
675.0000	  1.4821
674.5000	  1.4891
674.0000	  1.4911
673.5000	  1.4924
673.0000	  1.4972
672.5000	  1.4980
672.0000	  1.5026
671.5000	  1.5055
671.0000	  1.5090
670.5000	  1.5105
670.0000	  1.5125
669.5000	  1.5144
669.0000	  1.5184
668.5000	  1.5212
668.0000	  1.5234
667.5000	  1.5276
667.0000	  1.5313
666.5000	  1.5319
666.0000	  1.5347
665.5000	  1.5367
665.0000	  1.5390
664.5000	  1.5448
664.0000	  1.5451
663.5000	  1.5479
663.0000	  1.5519
662.5000	  1.5522
662.0000	  1.5572
661.5000	  1.5593
661.0000	  1.5609
660.5000	  1.5663
660.0000	  1.5674
659.5000	  1.5696
659.0000	  1.5735
658.5000	  1.5779
658.0000	  1.5785
657.5000	  1.5834
657.0000	  1.5855
656.5000	  1.5869
656.0000	  1.5891
655.5000	  1.5909
655.0000	  1.5971
654.5000	  1.6002
654.0000	  1.6009
653.5000	  1.6045
653.0000	  1.6058
652.5000	  1.6098
652.0000	  1.6129
651.5000	  1.6176
651.0000	  1.6169
650.5000	  1.6214
650.0000	  1.6239
649.5000	  1.6276
649.0000	  1.6311
648.5000	  1.6325
648.0000	  1.6354
647.5000	  1.6374
647.0000	  1.6412
646.5000	  1.6447
646.0000	  1.6480
645.5000	  1.6501
645.0000	  1.6518
644.5000	  1.6574
644.0000	  1.6579
643.5000	  1.6626
643.0000	  1.6668
642.5000	  1.6661
642.0000	  1.6710
641.5000	  1.6718
641.0000	  1.6745
640.5000	  1.6784
640.0000	  1.6810
639.5000	  1.6836
639.0000	  1.6857
638.5000	  1.6898
638.0000	  1.6906
637.5000	  1.6940
637.0000	  1.6919
636.5000	  1.6990
636.0000	  1.7007
635.5000	  1.7033
635.0000	  1.7051
634.5000	  1.7065
634.0000	  1.7112
633.5000	  1.7145
633.0000	  1.7182
632.5000	  1.7178
632.0000	  1.7216
631.5000	  1.7258
631.0000	  1.7291
630.5000	  1.7345
630.0000	  1.7367
629.5000	  1.7426
629.0000	  1.7482
628.5000	  1.7516
628.0000	  1.7602
627.5000	  1.7644
627.0000	  1.7729
626.5000	  1.7770
626.0000	  1.7846
625.5000	  1.7919
625.0000	  1.7960
624.5000	  1.8041
624.0000	  1.8101
623.5000	  1.8195
623.0000	  1.8241
622.5000	  1.8307
622.0000	  1.8356
621.5000	  1.8439
621.0000	  1.8482
620.5000	  1.8528
620.0000	  1.8607
619.5000	  1.8632
619.0000	  1.8703
618.5000	  1.8693
618.0000	  1.8754
617.5000	  1.8771
617.0000	  1.8779
616.5000	  1.8824
616.0000	  1.8842
615.5000	  1.8869
615.0000	  1.8918
614.5000	  1.8954
614.0000	  1.8988
613.5000	  1.8997
613.0000	  1.9034
612.5000	  1.9081
612.0000	  1.9152
611.5000	  1.9137
611.0000	  1.9173
610.5000	  1.9227
610.0000	  1.9248
609.5000	  1.9305
609.0000	  1.9301
608.5000	  1.9362
608.0000	  1.9403
607.5000	  1.9439
607.0000	  1.9446
606.5000	  1.9505
606.0000	  1.9537
605.5000	  1.9570
605.0000	  1.9639
604.5000	  1.9618
604.0000	  1.9676
603.5000	  1.9718
603.0000	  1.9757
602.5000	  1.9823
602.0000	  1.9825
601.5000	  1.9841
601.0000	  1.9886
600.5000	  1.9945
600.0000	  2.0003
599.5000	  2.0011
599.0000	  2.0065
598.5000	  2.0083
598.0000	  2.0145
597.5000	  2.0155
597.0000	  2.0197
596.5000	  2.0236
596.0000	  2.0261
595.5000	  2.0327
595.0000	  2.0379
594.5000	  2.0426
594.0000	  2.0439
593.5000	  2.0503
593.0000	  2.0491
592.5000	  2.0551
592.0000	  2.0601
591.5000	  2.0619
591.0000	  2.0678
590.5000	  2.0700
590.0000	  2.0739
589.5000	  2.0788
589.0000	  2.0829
588.5000	  2.0856
588.0000	  2.0885
587.5000	  2.0926
587.0000	  2.0963
586.5000	  2.0986
586.0000	  2.0995
585.5000	  2.1068
585.0000	  2.1111
584.5000	  2.1141
584.0000	  2.1178
583.5000	  2.1200
583.0000	  2.1252
582.5000	  2.1257
582.0000	  2.1314
581.5000	  2.1329
581.0000	  2.1375
580.5000	  2.1424
580.0000	  2.1449
579.5000	  2.1500
579.0000	  2.1503
578.5000	  2.1560
578.0000	  2.1602
577.5000	  2.1598
577.0000	  2.1688
576.5000	  2.1674
576.0000	  2.1734
575.5000	  2.1757
575.0000	  2.1790
574.5000	  2.1825
574.0000	  2.1849
573.5000	  2.1914
573.0000	  2.1940
572.5000	  2.1975
572.0000	  2.2011
571.5000	  2.2046
571.0000	  2.2076
570.5000	  2.2134
570.0000	  2.2161
569.5000	  2.2171
569.0000	  2.2208
568.5000	  2.2256
568.0000	  2.2285
567.5000	  2.2331
567.0000	  2.2363
566.5000	  2.2387
566.0000	  2.2386
565.5000	  2.2463
565.0000	  2.2480
564.5000	  2.2513
564.0000	  2.2551
563.5000	  2.2612
563.0000	  2.2646
562.5000	  2.2626
562.0000	  2.2682
561.5000	  2.2743
561.0000	  2.2772
560.5000	  2.2770
560.0000	  2.2851
559.5000	  2.2854
559.0000	  2.2879
558.5000	  2.2946
558.0000	  2.2952
557.5000	  2.2992
557.0000	  2.3022
556.5000	  2.3049
556.0000	  2.3114
555.5000	  2.3098
555.0000	  2.3151
554.5000	  2.3188
554.0000	  2.3184
553.5000	  2.3225
553.0000	  2.3268
552.5000	  2.3330
552.0000	  2.3351
551.5000	  2.3363
551.0000	  2.3387
550.5000	  2.3415
550.0000	  2.3452
549.5000	  2.3469
549.0000	  2.3504
548.5000	  2.3517
548.0000	  2.3539
547.5000	  2.3612
547.0000	  2.3620
546.5000	  2.3655
546.0000	  2.3653
545.5000	  2.3686
545.0000	  2.3747
544.5000	  2.3743
544.0000	  2.3764
543.5000	  2.3791
543.0000	  2.3826
542.5000	  2.3837
542.0000	  2.3884
541.5000	  2.3869
541.0000	  2.3926
540.5000	  2.3954
540.0000	  2.3959
539.5000	  2.4021
539.0000	  2.3989
538.5000	  2.4051
538.0000	  2.4088
537.5000	  2.4041
537.0000	  2.4141
536.5000	  2.4122
536.0000	  2.4151
535.5000	  2.4178
535.0000	  2.4167
534.5000	  2.4258
534.0000	  2.4217
533.5000	  2.4262
533.0000	  2.4288
532.5000	  2.4279
532.0000	  2.4308
531.5000	  2.4308
531.0000	  2.4324
530.5000	  2.4383
530.0000	  2.4377
529.5000	  2.4372
529.0000	  2.4409
528.5000	  2.4432
528.0000	  2.4451
527.5000	  2.4480
527.0000	  2.4459
526.5000	  2.4508
526.0000	  2.4482
525.5000	  2.4504
525.0000	  2.4525
524.5000	  2.4549
524.0000	  2.4545
523.5000	  2.4553
523.0000	  2.4589
522.5000	  2.4568
522.0000	  2.4557
521.5000	  2.4597
521.0000	  2.4595
520.5000	  2.4624
520.0000	  2.4611
519.5000	  2.4611
519.0000	  2.4643
518.5000	  2.4610
518.0000	  2.4664
517.5000	  2.4614
517.0000	  2.4648
516.5000	  2.4634
516.0000	  2.4610
515.5000	  2.4684
515.0000	  2.4632
514.5000	  2.4628
514.0000	  2.4646
513.5000	  2.4636
513.0000	  2.4641
512.5000	  2.4611
512.0000	  2.4659
511.5000	  2.4627
511.0000	  2.4633
510.5000	  2.4635
510.0000	  2.4612
509.5000	  2.4651
509.0000	  2.4617
508.5000	  2.4665
508.0000	  2.4636
507.5000	  2.4640
507.0000	  2.4638
506.5000	  2.4667
506.0000	  2.4695
505.5000	  2.4636
505.0000	  2.4702
504.5000	  2.4714
504.0000	  2.4731
503.5000	  2.4787
503.0000	  2.4730
502.5000	  2.4744
502.0000	  2.4769
501.5000	  2.4786
501.0000	  2.4827
500.5000	  2.4775
500.0000	  2.4808
499.5000	  2.4773
499.0000	  2.4805
498.5000	  2.4849
498.0000	  2.4771
497.5000	  2.4793
497.0000	  2.4781
496.5000	  2.4792
496.0000	  2.4764
495.5000	  2.4774
495.0000	  2.4765
494.5000	  2.4729
494.0000	  2.4754
493.5000	  2.4687
493.0000	  2.4713
492.5000	  2.4692
492.0000	  2.4638
491.5000	  2.4650
491.0000	  2.4578
490.5000	  2.4585
490.0000	  2.4574
489.5000	  2.4483
489.0000	  2.4479
488.5000	  2.4408
488.0000	  2.4377
487.5000	  2.4371
487.0000	  2.4298
486.5000	  2.4309
486.0000	  2.4182
485.5000	  2.4165
485.0000	  2.4152
484.5000	  2.4111
484.0000	  2.4069
483.5000	  2.4031
483.0000	  2.4015
482.5000	  2.3949
482.0000	  2.3938
481.5000	  2.3914
481.0000	  2.3834
480.5000	  2.3852
480.0000	  2.3778
479.5000	  2.3789
479.0000	  2.3709
478.5000	  2.3727
478.0000	  2.3656
477.5000	  2.3638
477.0000	  2.3622
476.5000	  2.3564
476.0000	  2.3562
475.5000	  2.3512
475.0000	  2.3477
474.5000	  2.3482
474.0000	  2.3402
473.5000	  2.3393
473.0000	  2.3351
472.5000	  2.3314
472.0000	  2.3299
471.5000	  2.3296
471.0000	  2.3275
470.5000	  2.3265
470.0000	  2.3225
469.5000	  2.3249
469.0000	  2.3183
468.5000	  2.3165
468.0000	  2.3148
467.5000	  2.3178
467.0000	  2.3140
466.5000	  2.3131
466.0000	  2.3106
465.5000	  2.3085
465.0000	  2.3122
464.5000	  2.3048
464.0000	  2.3048
463.5000	  2.3070
463.0000	  2.3029
462.5000	  2.3055
462.0000	  2.3017
461.5000	  2.2967
461.0000	  2.2996
460.5000	  2.2989
460.0000	  2.2946
459.5000	  2.2932
459.0000	  2.2958
458.5000	  2.2869
458.0000	  2.2849
457.5000	  2.2848
457.0000	  2.2825
456.5000	  2.2824
456.0000	  2.2759
455.5000	  2.2749
455.0000	  2.2644
454.5000	  2.2639
454.0000	  2.2568
453.5000	  2.2488
453.0000	  2.2519
452.5000	  2.2412
452.0000	  2.2355
451.5000	  2.2269
451.0000	  2.2214
450.5000	  2.2182
450.0000	  2.2097
449.5000	  2.2048
449.0000	  2.1998
448.5000	  2.1909
448.0000	  2.1860
447.5000	  2.1771
447.0000	  2.1740
446.5000	  2.1642
446.0000	  2.1595
445.5000	  2.1564
445.0000	  2.1466
444.5000	  2.1479
444.0000	  2.1394
443.5000	  2.1321
443.0000	  2.1310
442.5000	  2.1225
442.0000	  2.1251
441.5000	  2.1172
441.0000	  2.1132
440.5000	  2.1103
440.0000	  2.1064
439.5000	  2.1011
439.0000	  2.0983
438.5000	  2.0956
438.0000	  2.0917
437.5000	  2.0844
437.0000	  2.0835
436.5000	  2.0815
436.0000	  2.0802
435.5000	  2.0772
435.0000	  2.0710
434.5000	  2.0724
434.0000	  2.0640
433.5000	  2.0641
433.0000	  2.0620
432.5000	  2.0620
432.0000	  2.0557
431.5000	  2.0551
431.0000	  2.0556
430.5000	  2.0531
430.0000	  2.0477
429.5000	  2.0500
429.0000	  2.0448
428.5000	  2.0409
428.0000	  2.0421
427.5000	  2.0387
427.0000	  2.0362
426.5000	  2.0331
426.0000	  2.0343
425.5000	  2.0297
425.0000	  2.0304
424.5000	  2.0260
424.0000	  2.0282
423.5000	  2.0265
423.0000	  2.0266
422.5000	  2.0213
422.0000	  2.0257
421.5000	  2.0220
421.0000	  2.0225
420.5000	  2.0160
420.0000	  2.0148
419.5000	  2.0156
419.0000	  2.0124
418.5000	  2.0163
418.0000	  2.0063
417.5000	  2.0095
417.0000	  2.0111
416.5000	  2.0077
416.0000	  2.0058
415.5000	  2.0034
415.0000	  2.0033
414.5000	  2.0015
414.0000	  2.0003
413.5000	  1.9983
413.0000	  1.9948
412.5000	  1.9989
412.0000	  1.9969
411.5000	  1.9930
411.0000	  1.9908
410.5000	  1.9898
410.0000	  1.9873
409.5000	  1.9872
409.0000	  1.9855
408.5000	  1.9903
408.0000	  1.9871
407.5000	  1.9822
407.0000	  1.9823
406.5000	  1.9820
406.0000	  1.9822
405.5000	  1.9768
405.0000	  1.9752
404.5000	  1.9781
404.0000	  1.9706
403.5000	  1.9751
403.0000	  1.9725
402.5000	  1.9697
402.0000	  1.9659
401.5000	  1.9722
401.0000	  1.9682
400.5000	  1.9662
400.0000	  1.9664
399.5000	  1.9636
399.0000	  1.9621
398.5000	  1.9590
398.0000	  1.9606
397.5000	  1.9612
397.0000	  1.9565
396.5000	  1.9615
396.0000	  1.9562
395.5000	  1.9562
395.0000	  1.9598
394.5000	  1.9553
394.0000	  1.9564
393.5000	  1.9527
393.0000	  1.9611
392.5000	  1.9548
392.0000	  1.9535
391.5000	  1.9536
391.0000	  1.9534
390.5000	  1.9497
390.0000	  1.9548
389.5000	  1.9581
389.0000	  1.9556
388.5000	  1.9556
388.0000	  1.9558
387.5000	  1.9561
387.0000	  1.9568
386.5000	  1.9599
386.0000	  1.9560
385.5000	  1.9560
385.0000	  1.9559
384.5000	  1.9593
384.0000	  1.9566
383.5000	  1.9621
383.0000	  1.9596
382.5000	  1.9599
382.0000	  1.9639
381.5000	  1.9610
381.0000	  1.9665
380.5000	  1.9627
380.0000	  1.9623
379.5000	  1.9697
379.0000	  1.9577
378.5000	  1.9658
378.0000	  1.9678
377.5000	  1.9650
377.0000	  1.9726
376.5000	  1.9667
376.0000	  1.9662
375.5000	  1.9687
375.0000	  1.9657
374.5000	  1.9647
374.0000	  1.9623
373.5000	  1.9621
373.0000	  1.9666
372.5000	  1.9592
372.0000	  1.9665
371.5000	  1.9692
371.0000	  1.9618
370.5000	  1.9642
370.0000	  1.9687
369.5000	  1.9609
369.0000	  1.9665
368.5000	  1.9641
368.0000	  1.9673
367.5000	  1.9670
367.0000	  1.9613
366.5000	  1.9703
366.0000	  1.9757
365.5000	  1.9638
365.0000	  1.9697
364.5000	  1.9665
364.0000	  1.9648
363.5000	  1.9648
363.0000	  1.9664
362.5000	  1.9641
362.0000	  1.9709
361.5000	  1.9679
361.0000	  1.9661
360.5000	  1.9718
360.0000	  1.9645
359.5000	  1.9703
359.0000	  1.9691
358.5000	  1.9693
358.0000	  1.9677
357.5000	  1.9615
357.0000	  1.9734
356.5000	  1.9738
356.0000	  1.9691
355.5000	  1.9712
355.0000	  1.9669
354.5000	  1.9737
354.0000	  1.9664
353.5000	  1.9693
353.0000	  1.9779
352.5000	  1.9676
352.0000	  1.9638
351.5000	  1.9814
351.0000	  1.9653
350.5000	  1.9730
350.0000	  1.9675
349.5000	  1.9583
349.0000	  1.9597
348.5000	  1.9596
348.0000	  1.9650
347.5000	  1.9691
347.0000	  1.9653
346.5000	  1.9701
346.0000	  1.9678
345.5000	  1.9554
345.0000	  1.9488
344.5000	  1.9617
344.0000	  1.9623
343.5000	  1.9730
343.0000	  1.9520
342.5000	  1.9607
342.0000	  1.9612
341.5000	  1.9498
341.0000	  1.9490
340.5000	  1.9511
340.0000	  1.9631
339.5000	  1.9731
339.0000	  1.9619
338.5000	  1.9709
338.0000	  1.9641
337.5000	  1.9604
337.0000	  1.9689
336.5000	  1.9713
336.0000	  1.9595
335.5000	  1.9539
335.0000	  1.9723
334.5000	  1.9492
334.0000	  1.9516
333.5000	  1.9593
333.0000	  1.9633
332.5000	  1.9617
332.0000	  1.9568
331.5000	  1.9595
331.0000	  1.9613
330.5000	  1.9536
330.0000	  1.9532
329.5000	  1.9342
329.0000	  1.9583
328.5000	  1.9578
328.0000	  1.9382
327.5000	  1.9437
327.0000	  1.9547
326.5000	  1.9377
326.0000	  1.9404
325.5000	  1.9410
325.0000	  1.9465
324.5000	  1.9382
324.0000	  1.9310
323.5000	  1.9356
323.0000	  1.9312
322.5000	  1.9371
322.0000	  1.9461
321.5000	  1.9430
321.0000	  1.9358
320.5000	  1.9446
320.0000	  1.9181
319.5000	  1.9338
319.0000	  1.9307
318.5000	  1.9372
318.0000	  1.9265
317.5000	  1.9528
317.0000	  1.9500
316.5000	  1.9373
316.0000	  1.9546
315.5000	  1.9444
315.0000	  1.9518
314.5000	  1.9354
314.0000	  1.9347
313.5000	  1.9430
313.0000	  1.9336
312.5000	  1.9473
312.0000	  1.9477
311.5000	  1.9334
311.0000	  1.9379
310.5000	  1.9374
310.0000	  1.9481
309.5000	  1.9389
309.0000	  1.9369
308.5000	  1.9385
308.0000	  1.9336
307.5000	  1.9548
307.0000	  1.9510
306.5000	  1.9652
306.0000	  1.9595
305.5000	  1.9574
305.0000	  1.9559
304.5000	  1.9565
304.0000	  1.9494
303.5000	  1.9555
303.0000	  1.9529
302.5000	  1.9688
302.0000	  1.9702
301.5000	  1.9630
301.0000	  1.9622
300.5000	  1.9581
300.0000	  1.9685
299.5000	  1.9634
299.0000	  1.9586
298.5000	  1.9689
298.0000	  1.9584
297.5000	  1.9881
297.0000	  1.9909
296.5000	  1.9736
296.0000	  1.9834
295.5000	  1.9899
295.0000	  1.9795
294.5000	  1.9870
294.0000	  1.9979
293.5000	  1.9862
293.0000	  2.0009
292.5000	  1.9970
292.0000	  2.0103
291.5000	  2.0254
291.0000	  2.0330
290.5000	  2.0366
290.0000	  2.0381
289.5000	  2.0331
289.0000	  2.0540
288.5000	  2.0580
288.0000	  2.0454
287.5000	  2.0725
287.0000	  2.0749
286.5000	  2.0750
286.0000	  2.0827
285.5000	  2.1115
285.0000	  2.1073
284.5000	  2.1269
284.0000	  2.1141
283.5000	  2.1124
283.0000	  2.1360
282.5000	  2.1358
282.0000	  2.1538
281.5000	  2.1633
281.0000	  2.1698
280.5000	  2.2043
280.0000	  2.1737
279.5000	  2.2172
279.0000	  2.2059
278.5000	  2.2231
278.0000	  2.2324
277.5000	  2.2343
277.0000	  2.2279
276.5000	  2.2458
276.0000	  2.2718
275.5000	  2.3347
275.0000	  2.3400
274.5000	  2.3179
274.0000	  2.3249
273.5000	  2.3631
273.0000	  2.3876
272.5000	  2.3689
272.0000	  2.4169
271.5000	  2.3802
271.0000	  2.4798
270.5000	  2.3830
270.0000	  2.4833
269.5000	  2.5197
269.0000	  2.5174
268.5000	  2.5266
268.0000	  2.5529
267.5000	  2.4505
267.0000	  2.5272
266.5000	  2.5734
266.0000	  2.5433
265.5000	  2.6631
265.0000	  2.5653
264.5000	  2.6508
264.0000	  2.6497
263.5000	  2.7406
263.0000	  2.6892
262.5000	  2.7689
262.0000	  2.7944
261.5000	  2.8497
261.0000	  2.8563
260.5000	  2.8479
260.0000	  2.8210
259.5000	  2.8875
259.0000	  2.8776
258.5000	  2.9923
258.0000	  2.9283
257.5000	  3.0248
257.0000	  2.9292
256.5000	  3.1742
256.0000	  3.0883
255.5000	  3.1593
255.0000	  3.0407
254.5000	  3.2829
254.0000	  3.2077
253.5000	  3.1798
253.0000	  3.1118
252.5000	  3.2792
252.0000	  3.4677
251.5000	  3.4661
251.0000	  3.2436
250.5000	  3.2686
250.0000	  3.2180
249.5000	  3.6177
249.0000	  3.2353
248.5000	  3.5954
248.0000	  3.3303
247.5000	  3.5709
247.0000	  3.5351
246.5000	  3.6763
246.0000	  3.2888
245.5000	  3.8775
245.0000	  3.8279
244.5000	  3.8706
244.0000	  4.1177
243.5000	  3.6781
243.0000	  3.9054
242.5000	  3.8057
242.0000	  3.7456
241.5000	  3.4246
241.0000	  4.3014
240.5000	  4.1820
240.0000	  3.5532
239.5000	  3.8987
239.0000	  3.6246
238.5000	  3.9340
238.0000	  4.5371
237.5000	  3.4350
237.0000	  2.9217
236.5000	  4.4600
236.0000	  4.3267
235.5000	  4.8831
235.0000	  3.9723
234.5000	  4.3103
234.0000	  4.1639
233.5000	  4.3279
233.0000	  3.1046
232.5000	  7.8988
232.0000	  2.6802
231.5000	  4.5268
231.0000	  2.2171
230.5000	  5.3569
230.0000	  5.5142
229.5000	  3.8169
229.0000	  3.8690
228.5000	  3.2914
228.0000	  2.9230
227.5000	  5.2208
227.0000	  7.0475
226.5000	  1.5197
226.0000	 10.0726
225.5000	  2.7817
225.0000	  4.8537
224.5000	  3.5587
224.0000	  3.8894
223.5000	  6.3419
223.0000	  2.4833
222.5000	  4.8906
222.0000	-14.8554
221.5000	 -0.6997
221.0000	 -6.5558
220.5000	  3.9957
220.0000	  8.1418
219.5000	  4.5512
219.0000	  2.1681
218.5000	  3.1823
218.0000	 -9.5356
217.5000	  2.0569
217.0000	  5.6575
216.5000	 -5.6065
216.0000	 69.9395
215.5000	 -4.3821
215.0000	 -1.8921
214.5000	 -7.3275
214.0000	 12.5879
213.5000	 -0.1204
213.0000	  1.7904
212.5000	  5.3474
212.0000	  2.4607
211.5000	  2.6814
211.0000	  0.1874
210.5000	  3.3537
210.0000	  0.6905
209.5000	 -0.4756
209.0000	  0.0862
208.5000	 -0.0407
208.0000	  3.6753
207.5000	  2.0225
207.0000	  5.8922
206.5000	  0.4780
206.0000	  1.4146
205.5000	-69.4322
205.0000	  4.6639
204.5000	  6.5202
204.0000	  5.3154
203.5000	  0.0492
203.0000	  0.6462
202.5000	-10.5204
202.0000	  4.4966
201.5000	 -3.7709
201.0000	  6.7056
200.5000	-14.3881
200.0000	 -1.3741
