16/04/2024 17.01.23
16/04/2024 17.10.22

800.0000	 31.2300

800.0000	 31.2300

900.0000	 24.5700



  1.0000
900.0000
  3.0000
340.0000
  1.0000
1401.0000
  5.0000
  6.0000
  1.0000
  1.0000
  0.0000
  0.0000
100.0000
  0.0000
  1.0000
  0.0000
500.0000
900.0000
200.0000
  4.0000
  1.0000
 18.0000
  2.0000
  1.0000
255.0000
  0.8405
  1.0000
 30.0000
  4.0000
500.0000
  0.0000
  0.0000
  4.0000
900.0000
200.0000
  0.0000
100.0000
  0.0000
  1.0000
  0.0000
500.0000
  1.0000
  1.0000
  1.0000
  1.0000
  4.0000
  0.0000
  1.0000
  1.0000
  1.0000
  1.0000
  1.0000
  2.0000
  1.0000
  1.0000
  1.0000
  3.0000
  1.0000
  1.0000
  1.0000
  4.0000
  5.0000
539.073
0.000

Lambda:	800
Abs:		0.0006
ID:			B
Run:		2
#

900.0000	  0.2550
899.5000	  0.2661
899.0000	  0.2564
898.5000	  0.2558
898.0000	  0.2571
897.5000	  0.2449
897.0000	  0.2626
896.5000	  0.2618
896.0000	  0.2644
895.5000	  0.2504
895.0000	  0.2560
894.5000	  0.2605
894.0000	  0.2648
893.5000	  0.2533
893.0000	  0.2559
892.5000	  0.2493
892.0000	  0.2616
891.5000	  0.2582
891.0000	  0.2567
890.5000	  0.2552
890.0000	  0.2602
889.5000	  0.2625
889.0000	  0.2684
888.5000	  0.2606
888.0000	  0.2548
887.5000	  0.2564
887.0000	  0.2583
886.5000	  0.2543
886.0000	  0.2564
885.5000	  0.2559
885.0000	  0.2570
884.5000	  0.2578
884.0000	  0.2632
883.5000	  0.2572
883.0000	  0.2597
882.5000	  0.2641
882.0000	  0.2578
881.5000	  0.2682
881.0000	  0.2617
880.5000	  0.2612
880.0000	  0.2650
879.5000	  0.2593
879.0000	  0.2693
878.5000	  0.2663
878.0000	  0.2659
877.5000	  0.2652
877.0000	  0.2659
876.5000	  0.2653
876.0000	  0.2651
875.5000	  0.2649
875.0000	  0.2649
874.5000	  0.2708
874.0000	  0.2651
873.5000	  0.2697
873.0000	  0.2713
872.5000	  0.2675
872.0000	  0.2696
871.5000	  0.2686
871.0000	  0.2752
870.5000	  0.2721
870.0000	  0.2695
869.5000	  0.2689
869.0000	  0.2685
868.5000	  0.2711
868.0000	  0.2736
867.5000	  0.2709
867.0000	  0.2719
866.5000	  0.2724
866.0000	  0.2740
865.5000	  0.2755
865.0000	  0.2771
864.5000	  0.2725
864.0000	  0.2751
863.5000	  0.2759
863.0000	  0.2748
862.5000	  0.2781
862.0000	  0.2735
861.5000	  0.2786
861.0000	  0.2769
860.5000	  0.2770
860.0000	  0.2778
859.5000	  0.2780
859.0000	  0.2788
858.5000	  0.2809
858.0000	  0.2786
857.5000	  0.2789
857.0000	  0.2812
856.5000	  0.2804
856.0000	  0.2811
855.5000	  0.2805
855.0000	  0.2822
854.5000	  0.2825
854.0000	  0.2815
853.5000	  0.2842
853.0000	  0.2832
852.5000	  0.2836
852.0000	  0.2845
851.5000	  0.2838
851.0000	  0.2855
850.5000	  0.2863
850.0000	  0.2838
849.5000	  0.2862
849.0000	  0.2848
848.5000	  0.2867
848.0000	  0.2862
847.5000	  0.2866
847.0000	  0.2870
846.5000	  0.2875
846.0000	  0.2874
845.5000	  0.2885
845.0000	  0.2887
844.5000	  0.2913
844.0000	  0.2899
843.5000	  0.2887
843.0000	  0.2896
842.5000	  0.2897
842.0000	  0.2902
841.5000	  0.2911
841.0000	  0.2899
840.5000	  0.2901
840.0000	  0.2918
839.5000	  0.2911
839.0000	  0.2911
838.5000	  0.2916
838.0000	  0.2924
837.5000	  0.2915
837.0000	  0.2919
836.5000	  0.2933
836.0000	  0.2942
835.5000	  0.2926
835.0000	  0.2945
834.5000	  0.2943
834.0000	  0.2936
833.5000	  0.2939
833.0000	  0.2941
832.5000	  0.2946
832.0000	  0.2954
831.5000	  0.2956
831.0000	  0.2952
830.5000	  0.2948
830.0000	  0.2950
829.5000	  0.2959
829.0000	  0.2965
828.5000	  0.2961
828.0000	  0.2967
827.5000	  0.2963
827.0000	  0.2978
826.5000	  0.2990
826.0000	  0.2981
825.5000	  0.2972
825.0000	  0.2984
824.5000	  0.2985
824.0000	  0.2996
823.5000	  0.2980
823.0000	  0.2995
822.5000	  0.2994
822.0000	  0.2997
821.5000	  0.3000
821.0000	  0.2999
820.5000	  0.3000
820.0000	  0.3011
819.5000	  0.3001
819.0000	  0.3018
818.5000	  0.3009
818.0000	  0.3020
817.5000	  0.3014
817.0000	  0.3025
816.5000	  0.3028
816.0000	  0.3037
815.5000	  0.3027
815.0000	  0.3037
814.5000	  0.3037
814.0000	  0.3045
813.5000	  0.3043
813.0000	  0.3042
812.5000	  0.3046
812.0000	  0.3051
811.5000	  0.3056
811.0000	  0.3059
810.5000	  0.3057
810.0000	  0.3067
809.5000	  0.3073
809.0000	  0.3079
808.5000	  0.3080
808.0000	  0.3078
807.5000	  0.3072
807.0000	  0.3085
806.5000	  0.3088
806.0000	  0.3088
805.5000	  0.3097
805.0000	  0.3091
804.5000	  0.3101
804.0000	  0.3104
803.5000	  0.3112
803.0000	  0.3118
802.5000	  0.3112
802.0000	  0.3118
801.5000	  0.3118
801.0000	  0.3123
800.5000	  0.3129
800.0000	  0.3123
799.5000	  0.3140
799.0000	  0.3144
798.5000	  0.3141
798.0000	  0.3146
797.5000	  0.3145
797.0000	  0.3151
796.5000	  0.3153
796.0000	  0.3153
795.5000	  0.3168
795.0000	  0.3155
794.5000	  0.3168
794.0000	  0.3170
793.5000	  0.3169
793.0000	  0.3180
792.5000	  0.3178
792.0000	  0.3185
791.5000	  0.3180
791.0000	  0.3188
790.5000	  0.3194
790.0000	  0.3190
789.5000	  0.3195
789.0000	  0.3201
788.5000	  0.3203
788.0000	  0.3207
787.5000	  0.3206
787.0000	  0.3218
786.5000	  0.3208
786.0000	  0.3225
785.5000	  0.3218
785.0000	  0.3221
784.5000	  0.3225
784.0000	  0.3231
783.5000	  0.3239
783.0000	  0.3239
782.5000	  0.3238
782.0000	  0.3241
781.5000	  0.3248
781.0000	  0.3248
780.5000	  0.3254
780.0000	  0.3255
779.5000	  0.3258
779.0000	  0.3261
778.5000	  0.3261
778.0000	  0.3268
777.5000	  0.3267
777.0000	  0.3278
776.5000	  0.3275
776.0000	  0.3277
775.5000	  0.3277
775.0000	  0.3281
774.5000	  0.3282
774.0000	  0.3293
773.5000	  0.3293
773.0000	  0.3298
772.5000	  0.3303
772.0000	  0.3301
771.5000	  0.3311
771.0000	  0.3306
770.5000	  0.3317
770.0000	  0.3309
769.5000	  0.3315
769.0000	  0.3320
768.5000	  0.3323
768.0000	  0.3329
767.5000	  0.3328
767.0000	  0.3333
766.5000	  0.3340
766.0000	  0.3339
765.5000	  0.3340
765.0000	  0.3348
764.5000	  0.3343
764.0000	  0.3352
763.5000	  0.3357
763.0000	  0.3353
762.5000	  0.3359
762.0000	  0.3364
761.5000	  0.3362
761.0000	  0.3368
760.5000	  0.3368
760.0000	  0.3379
759.5000	  0.3372
759.0000	  0.3382
758.5000	  0.3382
758.0000	  0.3385
757.5000	  0.3392
757.0000	  0.3385
756.5000	  0.3402
756.0000	  0.3408
755.5000	  0.3398
755.0000	  0.3407
754.5000	  0.3408
754.0000	  0.3409
753.5000	  0.3413
753.0000	  0.3415
752.5000	  0.3425
752.0000	  0.3421
751.5000	  0.3421
751.0000	  0.3424
750.5000	  0.3432
750.0000	  0.3434
749.5000	  0.3428
749.0000	  0.3438
748.5000	  0.3438
748.0000	  0.3441
747.5000	  0.3450
747.0000	  0.3442
746.5000	  0.3455
746.0000	  0.3451
745.5000	  0.3457
745.0000	  0.3461
744.5000	  0.3455
744.0000	  0.3465
743.5000	  0.3469
743.0000	  0.3477
742.5000	  0.3478
742.0000	  0.3471
741.5000	  0.3479
741.0000	  0.3482
740.5000	  0.3480
740.0000	  0.3489
739.5000	  0.3487
739.0000	  0.3491
738.5000	  0.3493
738.0000	  0.3504
737.5000	  0.3503
737.0000	  0.3506
736.5000	  0.3504
736.0000	  0.3512
735.5000	  0.3516
735.0000	  0.3525
734.5000	  0.3517
734.0000	  0.3528
733.5000	  0.3536
733.0000	  0.3543
732.5000	  0.3536
732.0000	  0.3548
731.5000	  0.3550
731.0000	  0.3550
730.5000	  0.3567
730.0000	  0.3556
729.5000	  0.3569
729.0000	  0.3572
728.5000	  0.3583
728.0000	  0.3584
727.5000	  0.3596
727.0000	  0.3597
726.5000	  0.3595
726.0000	  0.3603
725.5000	  0.3619
725.0000	  0.3626
724.5000	  0.3636
724.0000	  0.3643
723.5000	  0.3657
723.0000	  0.3662
722.5000	  0.3667
722.0000	  0.3683
721.5000	  0.3687
721.0000	  0.3698
720.5000	  0.3717
720.0000	  0.3725
719.5000	  0.3735
719.0000	  0.3746
718.5000	  0.3747
718.0000	  0.3766
717.5000	  0.3768
717.0000	  0.3776
716.5000	  0.3766
716.0000	  0.3768
715.5000	  0.3769
715.0000	  0.3750
714.5000	  0.3750
714.0000	  0.3733
713.5000	  0.3724
713.0000	  0.3714
712.5000	  0.3697
712.0000	  0.3703
711.5000	  0.3686
711.0000	  0.3679
710.5000	  0.3668
710.0000	  0.3665
709.5000	  0.3668
709.0000	  0.3656
708.5000	  0.3647
708.0000	  0.3644
707.5000	  0.3639
707.0000	  0.3642
706.5000	  0.3641
706.0000	  0.3642
705.5000	  0.3642
705.0000	  0.3640
704.5000	  0.3639
704.0000	  0.3646
703.5000	  0.3644
703.0000	  0.3649
702.5000	  0.3649
702.0000	  0.3652
701.5000	  0.3653
701.0000	  0.3653
700.5000	  0.3653
700.0000	  0.3654
699.5000	  0.3660
699.0000	  0.3665
698.5000	  0.3660
698.0000	  0.3659
697.5000	  0.3666
697.0000	  0.3662
696.5000	  0.3665
696.0000	  0.3661
695.5000	  0.3671
695.0000	  0.3667
694.5000	  0.3667
694.0000	  0.3676
693.5000	  0.3666
693.0000	  0.3677
692.5000	  0.3672
692.0000	  0.3671
691.5000	  0.3678
691.0000	  0.3677
690.5000	  0.3673
690.0000	  0.3677
689.5000	  0.3676
689.0000	  0.3678
688.5000	  0.3676
688.0000	  0.3681
687.5000	  0.3678
687.0000	  0.3681
686.5000	  0.3685
686.0000	  0.3677
685.5000	  0.3685
685.0000	  0.3683
684.5000	  0.3681
684.0000	  0.3684
683.5000	  0.3686
683.0000	  0.3687
682.5000	  0.3686
682.0000	  0.3688
681.5000	  0.3694
681.0000	  0.3684
680.5000	  0.3690
680.0000	  0.3687
679.5000	  0.3693
679.0000	  0.3696
678.5000	  0.3695
678.0000	  0.3691
677.5000	  0.3697
677.0000	  0.3698
676.5000	  0.3690
676.0000	  0.3702
675.5000	  0.3694
675.0000	  0.3702
674.5000	  0.3705
674.0000	  0.3694
673.5000	  0.3703
673.0000	  0.3697
672.5000	  0.3701
672.0000	  0.3698
671.5000	  0.3698
671.0000	  0.3702
670.5000	  0.3700
670.0000	  0.3700
669.5000	  0.3699
669.0000	  0.3700
668.5000	  0.3708
668.0000	  0.3700
667.5000	  0.3697
667.0000	  0.3707
666.5000	  0.3704
666.0000	  0.3704
665.5000	  0.3700
665.0000	  0.3704
664.5000	  0.3706
664.0000	  0.3710
663.5000	  0.3710
663.0000	  0.3710
662.5000	  0.3707
662.0000	  0.3704
661.5000	  0.3707
661.0000	  0.3711
660.5000	  0.3708
660.0000	  0.3705
659.5000	  0.3707
659.0000	  0.3706
658.5000	  0.3702
658.0000	  0.3714
657.5000	  0.3701
657.0000	  0.3706
656.5000	  0.3713
656.0000	  0.3709
655.5000	  0.3711
655.0000	  0.3704
654.5000	  0.3711
654.0000	  0.3708
653.5000	  0.3711
653.0000	  0.3714
652.5000	  0.3710
652.0000	  0.3707
651.5000	  0.3709
651.0000	  0.3706
650.5000	  0.3709
650.0000	  0.3705
649.5000	  0.3710
649.0000	  0.3706
648.5000	  0.3709
648.0000	  0.3708
647.5000	  0.3706
647.0000	  0.3707
646.5000	  0.3710
646.0000	  0.3707
645.5000	  0.3711
645.0000	  0.3705
644.5000	  0.3710
644.0000	  0.3706
643.5000	  0.3708
643.0000	  0.3706
642.5000	  0.3704
642.0000	  0.3708
641.5000	  0.3705
641.0000	  0.3701
640.5000	  0.3705
640.0000	  0.3698
639.5000	  0.3703
639.0000	  0.3699
638.5000	  0.3701
638.0000	  0.3705
637.5000	  0.3698
637.0000	  0.3701
636.5000	  0.3694
636.0000	  0.3695
635.5000	  0.3703
635.0000	  0.3696
634.5000	  0.3699
634.0000	  0.3697
633.5000	  0.3697
633.0000	  0.3698
632.5000	  0.3694
632.0000	  0.3697
631.5000	  0.3695
631.0000	  0.3697
630.5000	  0.3705
630.0000	  0.3704
629.5000	  0.3707
629.0000	  0.3710
628.5000	  0.3714
628.0000	  0.3719
627.5000	  0.3731
627.0000	  0.3734
626.5000	  0.3744
626.0000	  0.3746
625.5000	  0.3765
625.0000	  0.3760
624.5000	  0.3768
624.0000	  0.3779
623.5000	  0.3785
623.0000	  0.3799
622.5000	  0.3799
622.0000	  0.3807
621.5000	  0.3811
621.0000	  0.3818
620.5000	  0.3827
620.0000	  0.3827
619.5000	  0.3836
619.0000	  0.3840
618.5000	  0.3842
618.0000	  0.3845
617.5000	  0.3843
617.0000	  0.3846
616.5000	  0.3845
616.0000	  0.3843
615.5000	  0.3852
615.0000	  0.3847
614.5000	  0.3847
614.0000	  0.3851
613.5000	  0.3854
613.0000	  0.3853
612.5000	  0.3852
612.0000	  0.3857
611.5000	  0.3859
611.0000	  0.3864
610.5000	  0.3860
610.0000	  0.3863
609.5000	  0.3873
609.0000	  0.3870
608.5000	  0.3876
608.0000	  0.3872
607.5000	  0.3881
607.0000	  0.3880
606.5000	  0.3888
606.0000	  0.3887
605.5000	  0.3890
605.0000	  0.3895
604.5000	  0.3892
604.0000	  0.3902
603.5000	  0.3913
603.0000	  0.3906
602.5000	  0.3902
602.0000	  0.3916
601.5000	  0.3915
601.0000	  0.3917
600.5000	  0.3925
600.0000	  0.3922
599.5000	  0.3930
599.0000	  0.3931
598.5000	  0.3945
598.0000	  0.3939
597.5000	  0.3944
597.0000	  0.3951
596.5000	  0.3952
596.0000	  0.3957
595.5000	  0.3958
595.0000	  0.3962
594.5000	  0.3970
594.0000	  0.3970
593.5000	  0.3976
593.0000	  0.3982
592.5000	  0.3986
592.0000	  0.3992
591.5000	  0.3987
591.0000	  0.4003
590.5000	  0.4001
590.0000	  0.4007
589.5000	  0.4005
589.0000	  0.4009
588.5000	  0.4021
588.0000	  0.4020
587.5000	  0.4027
587.0000	  0.4033
586.5000	  0.4034
586.0000	  0.4045
585.5000	  0.4045
585.0000	  0.4051
584.5000	  0.4058
584.0000	  0.4059
583.5000	  0.4069
583.0000	  0.4065
582.5000	  0.4075
582.0000	  0.4077
581.5000	  0.4082
581.0000	  0.4098
580.5000	  0.4087
580.0000	  0.4097
579.5000	  0.4100
579.0000	  0.4103
578.5000	  0.4117
578.0000	  0.4117
577.5000	  0.4125
577.0000	  0.4131
576.5000	  0.4134
576.0000	  0.4144
575.5000	  0.4143
575.0000	  0.4152
574.5000	  0.4157
574.0000	  0.4163
573.5000	  0.4167
573.0000	  0.4171
572.5000	  0.4173
572.0000	  0.4184
571.5000	  0.4190
571.0000	  0.4203
570.5000	  0.4201
570.0000	  0.4206
569.5000	  0.4210
569.0000	  0.4214
568.5000	  0.4222
568.0000	  0.4221
567.5000	  0.4233
567.0000	  0.4244
566.5000	  0.4248
566.0000	  0.4256
565.5000	  0.4260
565.0000	  0.4270
564.5000	  0.4266
564.0000	  0.4282
563.5000	  0.4290
563.0000	  0.4290
562.5000	  0.4296
562.0000	  0.4303
561.5000	  0.4309
561.0000	  0.4316
560.5000	  0.4321
560.0000	  0.4344
559.5000	  0.4346
559.0000	  0.4359
558.5000	  0.4358
558.0000	  0.4364
557.5000	  0.4371
557.0000	  0.4375
556.5000	  0.4391
556.0000	  0.4386
555.5000	  0.4398
555.0000	  0.4405
554.5000	  0.4408
554.0000	  0.4421
553.5000	  0.4423
553.0000	  0.4429
552.5000	  0.4439
552.0000	  0.4441
551.5000	  0.4452
551.0000	  0.4452
550.5000	  0.4458
550.0000	  0.4468
549.5000	  0.4477
549.0000	  0.4488
548.5000	  0.4488
548.0000	  0.4502
547.5000	  0.4500
547.0000	  0.4510
546.5000	  0.4510
546.0000	  0.4520
545.5000	  0.4527
545.0000	  0.4531
544.5000	  0.4544
544.0000	  0.4542
543.5000	  0.4556
543.0000	  0.4565
542.5000	  0.4564
542.0000	  0.4576
541.5000	  0.4575
541.0000	  0.4583
540.5000	  0.4586
540.0000	  0.4599
539.5000	  0.4608
539.0000	  0.4609
538.5000	  0.4619
538.0000	  0.4623
537.5000	  0.4638
537.0000	  0.4632
536.5000	  0.4637
536.0000	  0.4650
535.5000	  0.4652
535.0000	  0.4657
534.5000	  0.4662
534.0000	  0.4668
533.5000	  0.4671
533.0000	  0.4682
532.5000	  0.4684
532.0000	  0.4690
531.5000	  0.4695
531.0000	  0.4695
530.5000	  0.4717
530.0000	  0.4707
529.5000	  0.4713
529.0000	  0.4725
528.5000	  0.4726
528.0000	  0.4742
527.5000	  0.4733
527.0000	  0.4745
526.5000	  0.4748
526.0000	  0.4753
525.5000	  0.4760
525.0000	  0.4757
524.5000	  0.4767
524.0000	  0.4772
523.5000	  0.4774
523.0000	  0.4780
522.5000	  0.4782
522.0000	  0.4790
521.5000	  0.4789
521.0000	  0.4796
520.5000	  0.4800
520.0000	  0.4805
519.5000	  0.4807
519.0000	  0.4810
518.5000	  0.4814
518.0000	  0.4813
517.5000	  0.4820
517.0000	  0.4826
516.5000	  0.4828
516.0000	  0.4833
515.5000	  0.4828
515.0000	  0.4832
514.5000	  0.4834
514.0000	  0.4835
513.5000	  0.4843
513.0000	  0.4831
512.5000	  0.4843
512.0000	  0.4843
511.5000	  0.4847
511.0000	  0.4849
510.5000	  0.4846
510.0000	  0.4851
509.5000	  0.4850
509.0000	  0.4857
508.5000	  0.4859
508.0000	  0.4856
507.5000	  0.4861
507.0000	  0.4866
506.5000	  0.4872
506.0000	  0.4867
505.5000	  0.4873
505.0000	  0.4880
504.5000	  0.4883
504.0000	  0.4885
503.5000	  0.4884
503.0000	  0.4889
502.5000	  0.4889
502.0000	  0.4895
501.5000	  0.4904
501.0000	  0.4899
500.5000	  0.4903
500.0000	  0.4905
499.5000	  0.4908
499.0000	  0.4909
498.5000	  0.4903
498.0000	  0.4908
497.5000	  0.4901
497.0000	  0.4909
496.5000	  0.4907
496.0000	  0.4897
495.5000	  0.4902
495.0000	  0.4897
494.5000	  0.4898
494.0000	  0.4890
493.5000	  0.4884
493.0000	  0.4877
492.5000	  0.4866
492.0000	  0.4872
491.5000	  0.4858
491.0000	  0.4862
490.5000	  0.4856
490.0000	  0.4844
489.5000	  0.4846
489.0000	  0.4826
488.5000	  0.4821
488.0000	  0.4805
487.5000	  0.4802
487.0000	  0.4790
486.5000	  0.4787
486.0000	  0.4769
485.5000	  0.4761
485.0000	  0.4756
484.5000	  0.4744
484.0000	  0.4743
483.5000	  0.4726
483.0000	  0.4723
482.5000	  0.4715
482.0000	  0.4705
481.5000	  0.4691
481.0000	  0.4690
480.5000	  0.4673
480.0000	  0.4668
479.5000	  0.4650
479.0000	  0.4650
478.5000	  0.4632
478.0000	  0.4633
477.5000	  0.4623
477.0000	  0.4610
476.5000	  0.4599
476.0000	  0.4600
475.5000	  0.4589
475.0000	  0.4581
474.5000	  0.4574
474.0000	  0.4562
473.5000	  0.4555
473.0000	  0.4548
472.5000	  0.4538
472.0000	  0.4536
471.5000	  0.4527
471.0000	  0.4516
470.5000	  0.4514
470.0000	  0.4500
469.5000	  0.4507
469.0000	  0.4495
468.5000	  0.4487
468.0000	  0.4480
467.5000	  0.4472
467.0000	  0.4471
466.5000	  0.4467
466.0000	  0.4458
465.5000	  0.4466
465.0000	  0.4455
464.5000	  0.4447
464.0000	  0.4440
463.5000	  0.4443
463.0000	  0.4427
462.5000	  0.4428
462.0000	  0.4426
461.5000	  0.4417
461.0000	  0.4412
460.5000	  0.4403
460.0000	  0.4403
459.5000	  0.4403
459.0000	  0.4385
458.5000	  0.4393
458.0000	  0.4388
457.5000	  0.4378
457.0000	  0.4369
456.5000	  0.4361
456.0000	  0.4352
455.5000	  0.4345
455.0000	  0.4342
454.5000	  0.4322
454.0000	  0.4312
453.5000	  0.4294
453.0000	  0.4297
452.5000	  0.4280
452.0000	  0.4269
451.5000	  0.4263
451.0000	  0.4240
450.5000	  0.4232
450.0000	  0.4211
449.5000	  0.4210
449.0000	  0.4184
448.5000	  0.4173
448.0000	  0.4158
447.5000	  0.4143
447.0000	  0.4132
446.5000	  0.4117
446.0000	  0.4102
445.5000	  0.4095
445.0000	  0.4087
444.5000	  0.4073
444.0000	  0.4053
443.5000	  0.4049
443.0000	  0.4036
442.5000	  0.4030
442.0000	  0.4025
441.5000	  0.4002
441.0000	  0.3997
440.5000	  0.3985
440.0000	  0.3985
439.5000	  0.3965
439.0000	  0.3965
438.5000	  0.3957
438.0000	  0.3947
437.5000	  0.3938
437.0000	  0.3926
436.5000	  0.3922
436.0000	  0.3915
435.5000	  0.3908
435.0000	  0.3901
434.5000	  0.3897
434.0000	  0.3885
433.5000	  0.3878
433.0000	  0.3877
432.5000	  0.3864
432.0000	  0.3858
431.5000	  0.3854
431.0000	  0.3849
430.5000	  0.3847
430.0000	  0.3834
429.5000	  0.3826
429.0000	  0.3824
428.5000	  0.3820
428.0000	  0.3808
427.5000	  0.3804
427.0000	  0.3803
426.5000	  0.3797
426.0000	  0.3791
425.5000	  0.3784
425.0000	  0.3778
424.5000	  0.3776
424.0000	  0.3765
423.5000	  0.3774
423.0000	  0.3767
422.5000	  0.3764
422.0000	  0.3757
421.5000	  0.3749
421.0000	  0.3753
420.5000	  0.3746
420.0000	  0.3745
419.5000	  0.3742
419.0000	  0.3737
418.5000	  0.3726
418.0000	  0.3727
417.5000	  0.3715
417.0000	  0.3721
416.5000	  0.3718
416.0000	  0.3707
415.5000	  0.3704
415.0000	  0.3698
414.5000	  0.3701
414.0000	  0.3696
413.5000	  0.3687
413.0000	  0.3694
412.5000	  0.3686
412.0000	  0.3681
411.5000	  0.3679
411.0000	  0.3669
410.5000	  0.3665
410.0000	  0.3667
409.5000	  0.3659
409.0000	  0.3655
408.5000	  0.3654
408.0000	  0.3649
407.5000	  0.3644
407.0000	  0.3646
406.5000	  0.3629
406.0000	  0.3634
405.5000	  0.3635
405.0000	  0.3628
404.5000	  0.3623
404.0000	  0.3620
403.5000	  0.3617
403.0000	  0.3612
402.5000	  0.3613
402.0000	  0.3606
401.5000	  0.3600
401.0000	  0.3600
400.5000	  0.3589
400.0000	  0.3595
399.5000	  0.3579
399.0000	  0.3591
398.5000	  0.3589
398.0000	  0.3583
397.5000	  0.3580
397.0000	  0.3571
396.5000	  0.3569
396.0000	  0.3566
395.5000	  0.3560
395.0000	  0.3570
394.5000	  0.3561
394.0000	  0.3552
393.5000	  0.3552
393.0000	  0.3557
392.5000	  0.3552
392.0000	  0.3552
391.5000	  0.3538
391.0000	  0.3548
390.5000	  0.3552
390.0000	  0.3542
389.5000	  0.3541
389.0000	  0.3542
388.5000	  0.3543
388.0000	  0.3545
387.5000	  0.3542
387.0000	  0.3545
386.5000	  0.3546
386.0000	  0.3544
385.5000	  0.3535
385.0000	  0.3543
384.5000	  0.3536
384.0000	  0.3544
383.5000	  0.3543
383.0000	  0.3544
382.5000	  0.3538
382.0000	  0.3550
381.5000	  0.3529
381.0000	  0.3548
380.5000	  0.3542
380.0000	  0.3539
379.5000	  0.3537
379.0000	  0.3538
378.5000	  0.3540
378.0000	  0.3531
377.5000	  0.3542
377.0000	  0.3537
376.5000	  0.3529
376.0000	  0.3543
375.5000	  0.3530
375.0000	  0.3529
374.5000	  0.3519
374.0000	  0.3525
373.5000	  0.3521
373.0000	  0.3527
372.5000	  0.3528
372.0000	  0.3529
371.5000	  0.3514
371.0000	  0.3518
370.5000	  0.3519
370.0000	  0.3519
369.5000	  0.3521
369.0000	  0.3527
368.5000	  0.3521
368.0000	  0.3525
367.5000	  0.3510
367.0000	  0.3520
366.5000	  0.3513
366.0000	  0.3503
365.5000	  0.3510
365.0000	  0.3496
364.5000	  0.3506
364.0000	  0.3507
363.5000	  0.3506
363.0000	  0.3510
362.5000	  0.3514
362.0000	  0.3493
361.5000	  0.3514
361.0000	  0.3501
360.5000	  0.3506
360.0000	  0.3498
359.5000	  0.3505
359.0000	  0.3509
358.5000	  0.3503
358.0000	  0.3499
357.5000	  0.3497
357.0000	  0.3505
356.5000	  0.3495
356.0000	  0.3502
355.5000	  0.3493
355.0000	  0.3508
354.5000	  0.3478
354.0000	  0.3479
353.5000	  0.3484
353.0000	  0.3471
352.5000	  0.3487
352.0000	  0.3472
351.5000	  0.3499
351.0000	  0.3496
350.5000	  0.3475
350.0000	  0.3467
349.5000	  0.3463
349.0000	  0.3459
348.5000	  0.3475
348.0000	  0.3486
347.5000	  0.3471
347.0000	  0.3469
346.5000	  0.3466
346.0000	  0.3472
345.5000	  0.3448
345.0000	  0.3446
344.5000	  0.3449
344.0000	  0.3441
343.5000	  0.3470
343.0000	  0.3442
342.5000	  0.3444
342.0000	  0.3435
341.5000	  0.3439
341.0000	  0.3434
340.5000	  0.3442
340.0000	  0.3441
339.5000	  0.3470
339.0000	  0.3457
338.5000	  0.3444
338.0000	  0.3466
337.5000	  0.3458
337.0000	  0.3460
336.5000	  0.3444
336.0000	  0.3476
335.5000	  0.3478
335.0000	  0.3467
334.5000	  0.3467
334.0000	  0.3469
333.5000	  0.3465
333.0000	  0.3475
332.5000	  0.3474
332.0000	  0.3456
331.5000	  0.3469
331.0000	  0.3466
330.5000	  0.3524
330.0000	  0.3498
329.5000	  0.3532
329.0000	  0.3505
328.5000	  0.3513
328.0000	  0.3492
327.5000	  0.3500
327.0000	  0.3551
326.5000	  0.3553
326.0000	  0.3565
325.5000	  0.3589
325.0000	  0.3620
324.5000	  0.3634
324.0000	  0.3636
323.5000	  0.3644
323.0000	  0.3679
322.5000	  0.3691
322.0000	  0.3720
321.5000	  0.3745
321.0000	  0.3791
320.5000	  0.3829
320.0000	  0.3853
319.5000	  0.3869
319.0000	  0.3953
318.5000	  0.4022
318.0000	  0.4068
317.5000	  0.4078
317.0000	  0.4180
316.5000	  0.4184
316.0000	  0.4257
315.5000	  0.4309
315.0000	  0.4487
314.5000	  0.4498
314.0000	  0.4647
313.5000	  0.4735
313.0000	  0.4828
312.5000	  0.5005
312.0000	  0.5094
311.5000	  0.5269
311.0000	  0.5400
310.5000	  0.5589
310.0000	  0.5733
309.5000	  0.5944
309.0000	  0.6046
308.5000	  0.6314
308.0000	  0.6619
307.5000	  0.6965
307.0000	  0.7157
306.5000	  0.7464
306.0000	  0.7826
305.5000	  0.8190
305.0000	  0.8915
304.5000	  0.9124
304.0000	  0.9970
303.5000	  1.0551
303.0000	  1.0943
302.5000	  1.1740
302.0000	  1.2305
301.5000	  1.3056
301.0000	  1.4530
300.5000	  1.5843
300.0000	  1.7594
299.5000	  1.8548
299.0000	  2.0473
298.5000	  2.0459
298.0000	  2.3279
297.5000	  2.3742
297.0000	  2.8188
296.5000	  2.7002
296.0000	  3.5300
295.5000	  4.6793
295.0000	  4.6339
294.5000	  4.2545
294.0000	  5.1536
293.5000	  4.0978
293.0000	  3.4804
292.5000	  3.7544
292.0000	  2.8494
291.5000	  1.7142
291.0000	  0.6627
290.5000	  1.2542
290.0000	  0.3847
289.5000	  0.7491
289.0000	  2.9621
288.5000	  4.1113
288.0000	  0.2622
287.5000	  2.8433
287.0000	  0.5898
286.5000	 -0.8584
286.0000	  2.6061
285.5000	  2.2342
285.0000	 -2.7287
284.5000	  0.8325
284.0000	  0.0869
283.5000	  1.1034
283.0000	 -0.0052
282.5000	  1.0750
282.0000	  1.1699
281.5000	 -0.0693
281.0000	  0.7271
280.5000	  1.0183
280.0000	  0.6741
279.5000	 10.7311
279.0000	  3.9121
278.5000	  1.8009
278.0000	  1.6359
277.5000	  0.2322
277.0000	  0.8529
276.5000	  0.3266
276.0000	  0.4339
275.5000	  6.0090
275.0000	  0.6987
274.5000	  0.6748
274.0000	  3.5603
273.5000	  0.1376
273.0000	  0.9401
272.5000	  0.6643
272.0000	  1.4331
271.5000	  1.2831
271.0000	 -0.8381
270.5000	  1.2319
270.0000	  0.8278
269.5000	 -1.6424
269.0000	  0.5216
268.5000	 -0.1172
268.0000	  1.2336
267.5000	 -2.5022
267.0000	 -5.6452
266.5000	 -0.0030
266.0000	  0.7412
265.5000	  0.5963
265.0000	  0.6303
264.5000	 -1.1663
264.0000	  0.3790
263.5000	  1.1951
263.0000	  0.1986
262.5000	  0.5970
262.0000	 -0.1232
261.5000	  0.8053
261.0000	  0.2006
260.5000	 -0.2333
260.0000	 -0.0275
259.5000	 -0.6554
259.0000	  0.2201
258.5000	  1.8023
258.0000	 72.5750
257.5000	  1.0320
257.0000	  1.1041
256.5000	 -0.0713
256.0000	 -0.0855
255.5000	  0.0305
255.0000	  1.5773
254.5000	  0.2785
254.0000	  1.8548
253.5000	  3.7434
253.0000	  0.1942
252.5000	  0.6478
252.0000	 -0.1507
251.5000	  1.3917
251.0000	  4.0182
250.5000	  0.3112
250.0000	-15.8069
249.5000	 -0.0895
249.0000	 -0.3145
248.5000	  1.1611
248.0000	  1.5853
247.5000	 -1.8646
247.0000	  1.1726
246.5000	  1.1468
246.0000	  0.9295
245.5000	  1.7790
245.0000	  0.6577
244.5000	 -3.4244
244.0000	  1.2110
243.5000	 -3.3995
243.0000	  1.3745
242.5000	  1.5129
242.0000	 -0.1709
241.5000	 -1.6008
241.0000	  2.1432
240.5000	 -0.6963
240.0000	  1.1222
239.5000	  0.3325
239.0000	  0.2497
238.5000	  0.9984
238.0000	  2.6752
237.5000	  0.1497
237.0000	 -0.2375
236.5000	  4.2268
236.0000	 -3.5466
235.5000	 -5.6260
235.0000	 -4.7385
234.5000	  6.7059
234.0000	 -2.9622
233.5000	  0.6807
233.0000	 -2.3308
232.5000	  0.4219
232.0000	 -0.7682
231.5000	  1.3581
231.0000	  2.4734
230.5000	  0.9098
230.0000	  6.3652
229.5000	  1.4613
229.0000	  4.3214
228.5000	 25.3814
228.0000	 -0.6897
227.5000	  1.2571
227.0000	  0.8039
226.5000	  1.1258
226.0000	  2.8718
225.5000	 55.2046
225.0000	  0.1286
224.5000	  1.3023
224.0000	  1.2132
223.5000	  0.7640
223.0000	 -0.4678
222.5000	  1.0632
222.0000	 -0.9736
221.5000	  3.7856
221.0000	 -2.2735
220.5000	-81.2435
220.0000	  2.1209
219.5000	  0.3936
219.0000	  0.2427
218.5000	 -2.0942
218.0000	  1.2034
217.5000	  2.5526
217.0000	  0.9586
216.5000	  4.5555
216.0000	  4.7084
215.5000	 -0.9993
215.0000	  0.9675
214.5000	 -0.1388
214.0000	  1.5220
213.5000	 -0.4192
213.0000	 30.3388
212.5000	  0.9172
212.0000	  1.9334
211.5000	 -4.1519
211.0000	 -0.2946
210.5000	  1.9578
210.0000	  1.4356
209.5000	  4.8301
209.0000	 36.8824
208.5000	 -3.5027
208.0000	  1.7738
207.5000	-11.5673
207.0000	 -0.7859
206.5000	  0.7986
206.0000	  0.6198
205.5000	  0.0557
205.0000	 -0.3425
204.5000	  0.4488
204.0000	  0.3182
203.5000	 -2.0531
203.0000	  2.3602
202.5000	  4.3162
202.0000	  0.6316
201.5000	  0.9276
201.0000	  0.3277
200.5000	 -1.2720
200.0000	  0.7916

