16/04/2024 15.59.55
16/04/2024 16.08.55

800.0000	 15.7200

800.0000	 15.7200

900.0000	 14.7800



  1.0000
900.0000
  3.0000
340.0000
  1.0000
1401.0000
  5.0000
  6.0000
  1.0000
  1.0000
  0.0000
  0.0000
100.0000
  0.0000
  1.0000
  0.0000
500.0000
900.0000
200.0000
  4.0000
  1.0000
 18.0000
  2.0000
  1.0000
255.0000
  0.8291
  1.0000
 30.0000
  4.0000
500.0000
  0.0000
  0.0000
  4.0000
900.0000
200.0000
  0.0000
100.0000
  0.0000
  1.0000
  0.0000
500.0000
  1.0000
  1.0000
  1.0000
  1.0000
  4.0000
  0.0000
  1.0000
  1.0000
  1.0000
  1.0000
  1.0000
  2.0000
  1.0000
  1.0000
  1.0000
  3.0000
  1.0000
  1.0000
  1.0000
  4.0000
  5.0000
539.488
0.000

Lambda:	800
Abs:		0.0001
ID:			5
Run:		2
#

900.0000	  0.1477
899.5000	  0.1427
899.0000	  0.1441
898.5000	  0.1507
898.0000	  0.1461
897.5000	  0.1559
897.0000	  0.1513
896.5000	  0.1468
896.0000	  0.1470
895.5000	  0.1463
895.0000	  0.1410
894.5000	  0.1460
894.0000	  0.1450
893.5000	  0.1444
893.0000	  0.1548
892.5000	  0.1413
892.0000	  0.1474
891.5000	  0.1491
891.0000	  0.1516
890.5000	  0.1423
890.0000	  0.1434
889.5000	  0.1522
889.0000	  0.1536
888.5000	  0.1557
888.0000	  0.1432
887.5000	  0.1499
887.0000	  0.1467
886.5000	  0.1482
886.0000	  0.1525
885.5000	  0.1443
885.0000	  0.1500
884.5000	  0.1445
884.0000	  0.1545
883.5000	  0.1472
883.0000	  0.1511
882.5000	  0.1554
882.0000	  0.1492
881.5000	  0.1456
881.0000	  0.1523
880.5000	  0.1492
880.0000	  0.1580
879.5000	  0.1496
879.0000	  0.1513
878.5000	  0.1488
878.0000	  0.1501
877.5000	  0.1502
877.0000	  0.1488
876.5000	  0.1553
876.0000	  0.1508
875.5000	  0.1528
875.0000	  0.1527
874.5000	  0.1504
874.0000	  0.1546
873.5000	  0.1537
873.0000	  0.1553
872.5000	  0.1490
872.0000	  0.1560
871.5000	  0.1506
871.0000	  0.1513
870.5000	  0.1524
870.0000	  0.1513
869.5000	  0.1538
869.0000	  0.1508
868.5000	  0.1515
868.0000	  0.1500
867.5000	  0.1547
867.0000	  0.1507
866.5000	  0.1527
866.0000	  0.1523
865.5000	  0.1547
865.0000	  0.1555
864.5000	  0.1530
864.0000	  0.1535
863.5000	  0.1523
863.0000	  0.1548
862.5000	  0.1537
862.0000	  0.1557
861.5000	  0.1557
861.0000	  0.1557
860.5000	  0.1553
860.0000	  0.1542
859.5000	  0.1555
859.0000	  0.1543
858.5000	  0.1558
858.0000	  0.1548
857.5000	  0.1553
857.0000	  0.1576
856.5000	  0.1564
856.0000	  0.1553
855.5000	  0.1553
855.0000	  0.1555
854.5000	  0.1566
854.0000	  0.1557
853.5000	  0.1562
853.0000	  0.1558
852.5000	  0.1570
852.0000	  0.1573
851.5000	  0.1571
851.0000	  0.1571
850.5000	  0.1570
850.0000	  0.1581
849.5000	  0.1577
849.0000	  0.1575
848.5000	  0.1573
848.0000	  0.1578
847.5000	  0.1571
847.0000	  0.1576
846.5000	  0.1574
846.0000	  0.1585
845.5000	  0.1579
845.0000	  0.1579
844.5000	  0.1576
844.0000	  0.1578
843.5000	  0.1583
843.0000	  0.1577
842.5000	  0.1582
842.0000	  0.1572
841.5000	  0.1582
841.0000	  0.1582
840.5000	  0.1582
840.0000	  0.1575
839.5000	  0.1586
839.0000	  0.1576
838.5000	  0.1580
838.0000	  0.1582
837.5000	  0.1584
837.0000	  0.1576
836.5000	  0.1581
836.0000	  0.1581
835.5000	  0.1585
835.0000	  0.1579
834.5000	  0.1578
834.0000	  0.1579
833.5000	  0.1581
833.0000	  0.1584
832.5000	  0.1580
832.0000	  0.1581
831.5000	  0.1582
831.0000	  0.1580
830.5000	  0.1575
830.0000	  0.1575
829.5000	  0.1582
829.0000	  0.1571
828.5000	  0.1576
828.0000	  0.1578
827.5000	  0.1582
827.0000	  0.1576
826.5000	  0.1583
826.0000	  0.1579
825.5000	  0.1579
825.0000	  0.1579
824.5000	  0.1573
824.0000	  0.1582
823.5000	  0.1580
823.0000	  0.1581
822.5000	  0.1582
822.0000	  0.1582
821.5000	  0.1576
821.0000	  0.1576
820.5000	  0.1573
820.0000	  0.1578
819.5000	  0.1579
819.0000	  0.1577
818.5000	  0.1577
818.0000	  0.1578
817.5000	  0.1577
817.0000	  0.1577
816.5000	  0.1579
816.0000	  0.1576
815.5000	  0.1580
815.0000	  0.1576
814.5000	  0.1579
814.0000	  0.1577
813.5000	  0.1576
813.0000	  0.1572
812.5000	  0.1576
812.0000	  0.1578
811.5000	  0.1577
811.0000	  0.1576
810.5000	  0.1575
810.0000	  0.1576
809.5000	  0.1575
809.0000	  0.1575
808.5000	  0.1577
808.0000	  0.1574
807.5000	  0.1573
807.0000	  0.1575
806.5000	  0.1577
806.0000	  0.1578
805.5000	  0.1575
805.0000	  0.1574
804.5000	  0.1570
804.0000	  0.1577
803.5000	  0.1570
803.0000	  0.1572
802.5000	  0.1572
802.0000	  0.1569
801.5000	  0.1577
801.0000	  0.1572
800.5000	  0.1571
800.0000	  0.1573
799.5000	  0.1570
799.0000	  0.1573
798.5000	  0.1575
798.0000	  0.1577
797.5000	  0.1572
797.0000	  0.1574
796.5000	  0.1569
796.0000	  0.1576
795.5000	  0.1570
795.0000	  0.1572
794.5000	  0.1571
794.0000	  0.1573
793.5000	  0.1572
793.0000	  0.1567
792.5000	  0.1569
792.0000	  0.1569
791.5000	  0.1570
791.0000	  0.1568
790.5000	  0.1568
790.0000	  0.1568
789.5000	  0.1569
789.0000	  0.1564
788.5000	  0.1567
788.0000	  0.1567
787.5000	  0.1570
787.0000	  0.1560
786.5000	  0.1565
786.0000	  0.1565
785.5000	  0.1564
785.0000	  0.1568
784.5000	  0.1564
784.0000	  0.1566
783.5000	  0.1561
783.0000	  0.1564
782.5000	  0.1566
782.0000	  0.1564
781.5000	  0.1561
781.0000	  0.1562
780.5000	  0.1562
780.0000	  0.1562
779.5000	  0.1558
779.0000	  0.1560
778.5000	  0.1557
778.0000	  0.1556
777.5000	  0.1555
777.0000	  0.1557
776.5000	  0.1557
776.0000	  0.1556
775.5000	  0.1558
775.0000	  0.1561
774.5000	  0.1553
774.0000	  0.1554
773.5000	  0.1555
773.0000	  0.1553
772.5000	  0.1552
772.0000	  0.1551
771.5000	  0.1556
771.0000	  0.1556
770.5000	  0.1552
770.0000	  0.1546
769.5000	  0.1552
769.0000	  0.1547
768.5000	  0.1545
768.0000	  0.1545
767.5000	  0.1544
767.0000	  0.1547
766.5000	  0.1545
766.0000	  0.1546
765.5000	  0.1546
765.0000	  0.1545
764.5000	  0.1543
764.0000	  0.1539
763.5000	  0.1540
763.0000	  0.1540
762.5000	  0.1540
762.0000	  0.1534
761.5000	  0.1537
761.0000	  0.1540
760.5000	  0.1538
760.0000	  0.1536
759.5000	  0.1532
759.0000	  0.1536
758.5000	  0.1533
758.0000	  0.1532
757.5000	  0.1529
757.0000	  0.1530
756.5000	  0.1527
756.0000	  0.1528
755.5000	  0.1526
755.0000	  0.1532
754.5000	  0.1526
754.0000	  0.1526
753.5000	  0.1527
753.0000	  0.1525
752.5000	  0.1526
752.0000	  0.1523
751.5000	  0.1519
751.0000	  0.1523
750.5000	  0.1519
750.0000	  0.1519
749.5000	  0.1521
749.0000	  0.1518
748.5000	  0.1516
748.0000	  0.1518
747.5000	  0.1517
747.0000	  0.1517
746.5000	  0.1516
746.0000	  0.1508
745.5000	  0.1511
745.0000	  0.1512
744.5000	  0.1506
744.0000	  0.1511
743.5000	  0.1504
743.0000	  0.1508
742.5000	  0.1510
742.0000	  0.1506
741.5000	  0.1504
741.0000	  0.1507
740.5000	  0.1503
740.0000	  0.1503
739.5000	  0.1503
739.0000	  0.1501
738.5000	  0.1500
738.0000	  0.1502
737.5000	  0.1501
737.0000	  0.1503
736.5000	  0.1502
736.0000	  0.1500
735.5000	  0.1500
735.0000	  0.1499
734.5000	  0.1497
734.0000	  0.1496
733.5000	  0.1496
733.0000	  0.1498
732.5000	  0.1498
732.0000	  0.1493
731.5000	  0.1496
731.0000	  0.1498
730.5000	  0.1498
730.0000	  0.1494
729.5000	  0.1495
729.0000	  0.1497
728.5000	  0.1498
728.0000	  0.1497
727.5000	  0.1498
727.0000	  0.1501
726.5000	  0.1500
726.0000	  0.1500
725.5000	  0.1503
725.0000	  0.1503
724.5000	  0.1505
724.0000	  0.1501
723.5000	  0.1507
723.0000	  0.1511
722.5000	  0.1510
722.0000	  0.1517
721.5000	  0.1519
721.0000	  0.1524
720.5000	  0.1527
720.0000	  0.1533
719.5000	  0.1532
719.0000	  0.1539
718.5000	  0.1542
718.0000	  0.1538
717.5000	  0.1541
717.0000	  0.1543
716.5000	  0.1540
716.0000	  0.1530
715.5000	  0.1531
715.0000	  0.1520
714.5000	  0.1517
714.0000	  0.1517
713.5000	  0.1502
713.0000	  0.1501
712.5000	  0.1490
712.0000	  0.1487
711.5000	  0.1481
711.0000	  0.1477
710.5000	  0.1470
710.0000	  0.1467
709.5000	  0.1461
709.0000	  0.1455
708.5000	  0.1452
708.0000	  0.1449
707.5000	  0.1445
707.0000	  0.1445
706.5000	  0.1445
706.0000	  0.1441
705.5000	  0.1440
705.0000	  0.1441
704.5000	  0.1442
704.0000	  0.1437
703.5000	  0.1439
703.0000	  0.1437
702.5000	  0.1438
702.0000	  0.1438
701.5000	  0.1432
701.0000	  0.1432
700.5000	  0.1431
700.0000	  0.1431
699.5000	  0.1429
699.0000	  0.1429
698.5000	  0.1429
698.0000	  0.1430
697.5000	  0.1425
697.0000	  0.1423
696.5000	  0.1424
696.0000	  0.1420
695.5000	  0.1424
695.0000	  0.1423
694.5000	  0.1421
694.0000	  0.1416
693.5000	  0.1419
693.0000	  0.1416
692.5000	  0.1413
692.0000	  0.1416
691.5000	  0.1418
691.0000	  0.1414
690.5000	  0.1412
690.0000	  0.1412
689.5000	  0.1411
689.0000	  0.1412
688.5000	  0.1409
688.0000	  0.1408
687.5000	  0.1409
687.0000	  0.1411
686.5000	  0.1403
686.0000	  0.1408
685.5000	  0.1407
685.0000	  0.1404
684.5000	  0.1405
684.0000	  0.1406
683.5000	  0.1403
683.0000	  0.1403
682.5000	  0.1400
682.0000	  0.1401
681.5000	  0.1398
681.0000	  0.1401
680.5000	  0.1399
680.0000	  0.1400
679.5000	  0.1397
679.0000	  0.1398
678.5000	  0.1399
678.0000	  0.1396
677.5000	  0.1397
677.0000	  0.1394
676.5000	  0.1397
676.0000	  0.1396
675.5000	  0.1393
675.0000	  0.1395
674.5000	  0.1395
674.0000	  0.1394
673.5000	  0.1393
673.0000	  0.1396
672.5000	  0.1392
672.0000	  0.1391
671.5000	  0.1390
671.0000	  0.1392
670.5000	  0.1391
670.0000	  0.1392
669.5000	  0.1393
669.0000	  0.1391
668.5000	  0.1389
668.0000	  0.1390
667.5000	  0.1387
667.0000	  0.1391
666.5000	  0.1389
666.0000	  0.1388
665.5000	  0.1390
665.0000	  0.1386
664.5000	  0.1389
664.0000	  0.1388
663.5000	  0.1391
663.0000	  0.1387
662.5000	  0.1388
662.0000	  0.1388
661.5000	  0.1387
661.0000	  0.1391
660.5000	  0.1388
660.0000	  0.1391
659.5000	  0.1389
659.0000	  0.1389
658.5000	  0.1389
658.0000	  0.1389
657.5000	  0.1388
657.0000	  0.1387
656.5000	  0.1389
656.0000	  0.1388
655.5000	  0.1391
655.0000	  0.1388
654.5000	  0.1390
654.0000	  0.1386
653.5000	  0.1389
653.0000	  0.1390
652.5000	  0.1390
652.0000	  0.1390
651.5000	  0.1391
651.0000	  0.1392
650.5000	  0.1391
650.0000	  0.1392
649.5000	  0.1389
649.0000	  0.1392
648.5000	  0.1394
648.0000	  0.1390
647.5000	  0.1395
647.0000	  0.1393
646.5000	  0.1393
646.0000	  0.1393
645.5000	  0.1394
645.0000	  0.1393
644.5000	  0.1393
644.0000	  0.1394
643.5000	  0.1399
643.0000	  0.1397
642.5000	  0.1397
642.0000	  0.1396
641.5000	  0.1394
641.0000	  0.1397
640.5000	  0.1402
640.0000	  0.1403
639.5000	  0.1399
639.0000	  0.1399
638.5000	  0.1401
638.0000	  0.1403
637.5000	  0.1402
637.0000	  0.1402
636.5000	  0.1401
636.0000	  0.1401
635.5000	  0.1404
635.0000	  0.1405
634.5000	  0.1404
634.0000	  0.1406
633.5000	  0.1407
633.0000	  0.1408
632.5000	  0.1408
632.0000	  0.1411
631.5000	  0.1412
631.0000	  0.1415
630.5000	  0.1414
630.0000	  0.1420
629.5000	  0.1422
629.0000	  0.1426
628.5000	  0.1429
628.0000	  0.1431
627.5000	  0.1435
627.0000	  0.1437
626.5000	  0.1440
626.0000	  0.1448
625.5000	  0.1451
625.0000	  0.1453
624.5000	  0.1456
624.0000	  0.1460
623.5000	  0.1467
623.0000	  0.1472
622.5000	  0.1476
622.0000	  0.1477
621.5000	  0.1482
621.0000	  0.1485
620.5000	  0.1486
620.0000	  0.1494
619.5000	  0.1492
619.0000	  0.1497
618.5000	  0.1499
618.0000	  0.1502
617.5000	  0.1504
617.0000	  0.1506
616.5000	  0.1503
616.0000	  0.1510
615.5000	  0.1512
615.0000	  0.1511
614.5000	  0.1513
614.0000	  0.1511
613.5000	  0.1520
613.0000	  0.1520
612.5000	  0.1522
612.0000	  0.1526
611.5000	  0.1529
611.0000	  0.1529
610.5000	  0.1530
610.0000	  0.1536
609.5000	  0.1538
609.0000	  0.1541
608.5000	  0.1545
608.0000	  0.1545
607.5000	  0.1549
607.0000	  0.1552
606.5000	  0.1554
606.0000	  0.1557
605.5000	  0.1561
605.0000	  0.1565
604.5000	  0.1567
604.0000	  0.1571
603.5000	  0.1571
603.0000	  0.1577
602.5000	  0.1581
602.0000	  0.1585
601.5000	  0.1588
601.0000	  0.1590
600.5000	  0.1595
600.0000	  0.1600
599.5000	  0.1604
599.0000	  0.1606
598.5000	  0.1607
598.0000	  0.1612
597.5000	  0.1616
597.0000	  0.1616
596.5000	  0.1625
596.0000	  0.1627
595.5000	  0.1631
595.0000	  0.1636
594.5000	  0.1640
594.0000	  0.1642
593.5000	  0.1647
593.0000	  0.1649
592.5000	  0.1654
592.0000	  0.1662
591.5000	  0.1659
591.0000	  0.1671
590.5000	  0.1672
590.0000	  0.1676
589.5000	  0.1681
589.0000	  0.1686
588.5000	  0.1685
588.0000	  0.1694
587.5000	  0.1699
587.0000	  0.1702
586.5000	  0.1708
586.0000	  0.1712
585.5000	  0.1715
585.0000	  0.1721
584.5000	  0.1725
584.0000	  0.1731
583.5000	  0.1735
583.0000	  0.1737
582.5000	  0.1745
582.0000	  0.1748
581.5000	  0.1751
581.0000	  0.1756
580.5000	  0.1763
580.0000	  0.1765
579.5000	  0.1772
579.0000	  0.1777
578.5000	  0.1781
578.0000	  0.1786
577.5000	  0.1791
577.0000	  0.1797
576.5000	  0.1805
576.0000	  0.1807
575.5000	  0.1813
575.0000	  0.1819
574.5000	  0.1823
574.0000	  0.1831
573.5000	  0.1835
573.0000	  0.1840
572.5000	  0.1847
572.0000	  0.1854
571.5000	  0.1857
571.0000	  0.1867
570.5000	  0.1869
570.0000	  0.1873
569.5000	  0.1878
569.0000	  0.1890
568.5000	  0.1894
568.0000	  0.1899
567.5000	  0.1906
567.0000	  0.1912
566.5000	  0.1919
566.0000	  0.1920
565.5000	  0.1931
565.0000	  0.1940
564.5000	  0.1943
564.0000	  0.1948
563.5000	  0.1953
563.0000	  0.1962
562.5000	  0.1969
562.0000	  0.1976
561.5000	  0.1980
561.0000	  0.1992
560.5000	  0.1996
560.0000	  0.2007
559.5000	  0.2012
559.0000	  0.2023
558.5000	  0.2030
558.0000	  0.2032
557.5000	  0.2041
557.0000	  0.2051
556.5000	  0.2056
556.0000	  0.2065
555.5000	  0.2069
555.0000	  0.2077
554.5000	  0.2085
554.0000	  0.2091
553.5000	  0.2100
553.0000	  0.2106
552.5000	  0.2114
552.0000	  0.2121
551.5000	  0.2126
551.0000	  0.2136
550.5000	  0.2142
550.0000	  0.2147
549.5000	  0.2157
549.0000	  0.2167
548.5000	  0.2172
548.0000	  0.2184
547.5000	  0.2186
547.0000	  0.2196
546.5000	  0.2201
546.0000	  0.2212
545.5000	  0.2222
545.0000	  0.2231
544.5000	  0.2232
544.0000	  0.2241
543.5000	  0.2251
543.0000	  0.2259
542.5000	  0.2266
542.0000	  0.2271
541.5000	  0.2279
541.0000	  0.2288
540.5000	  0.2301
540.0000	  0.2307
539.5000	  0.2313
539.0000	  0.2320
538.5000	  0.2328
538.0000	  0.2339
537.5000	  0.2345
537.0000	  0.2358
536.5000	  0.2360
536.0000	  0.2371
535.5000	  0.2378
535.0000	  0.2387
534.5000	  0.2394
534.0000	  0.2402
533.5000	  0.2413
533.0000	  0.2417
532.5000	  0.2428
532.0000	  0.2433
531.5000	  0.2446
531.0000	  0.2450
530.5000	  0.2464
530.0000	  0.2469
529.5000	  0.2479
529.0000	  0.2489
528.5000	  0.2493
528.0000	  0.2501
527.5000	  0.2510
527.0000	  0.2521
526.5000	  0.2529
526.0000	  0.2540
525.5000	  0.2547
525.0000	  0.2559
524.5000	  0.2565
524.0000	  0.2570
523.5000	  0.2583
523.0000	  0.2588
522.5000	  0.2596
522.0000	  0.2606
521.5000	  0.2613
521.0000	  0.2621
520.5000	  0.2634
520.0000	  0.2636
519.5000	  0.2647
519.0000	  0.2655
518.5000	  0.2659
518.0000	  0.2669
517.5000	  0.2673
517.0000	  0.2683
516.5000	  0.2690
516.0000	  0.2698
515.5000	  0.2704
515.0000	  0.2713
514.5000	  0.2717
514.0000	  0.2725
513.5000	  0.2735
513.0000	  0.2742
512.5000	  0.2750
512.0000	  0.2751
511.5000	  0.2762
511.0000	  0.2768
510.5000	  0.2777
510.0000	  0.2783
509.5000	  0.2788
509.0000	  0.2797
508.5000	  0.2804
508.0000	  0.2808
507.5000	  0.2816
507.0000	  0.2826
506.5000	  0.2825
506.0000	  0.2839
505.5000	  0.2843
505.0000	  0.2849
504.5000	  0.2861
504.0000	  0.2866
503.5000	  0.2871
503.0000	  0.2877
502.5000	  0.2882
502.0000	  0.2893
501.5000	  0.2898
501.0000	  0.2901
500.5000	  0.2907
500.0000	  0.2912
499.5000	  0.2917
499.0000	  0.2920
498.5000	  0.2926
498.0000	  0.2928
497.5000	  0.2936
497.0000	  0.2933
496.5000	  0.2939
496.0000	  0.2945
495.5000	  0.2940
495.0000	  0.2948
494.5000	  0.2947
494.0000	  0.2944
493.5000	  0.2951
493.0000	  0.2951
492.5000	  0.2947
492.0000	  0.2951
491.5000	  0.2947
491.0000	  0.2948
490.5000	  0.2943
490.0000	  0.2946
489.5000	  0.2935
489.0000	  0.2938
488.5000	  0.2933
488.0000	  0.2932
487.5000	  0.2927
487.0000	  0.2924
486.5000	  0.2918
486.0000	  0.2919
485.5000	  0.2911
485.0000	  0.2908
484.5000	  0.2906
484.0000	  0.2899
483.5000	  0.2892
483.0000	  0.2888
482.5000	  0.2887
482.0000	  0.2878
481.5000	  0.2879
481.0000	  0.2866
480.5000	  0.2866
480.0000	  0.2859
479.5000	  0.2855
479.0000	  0.2850
478.5000	  0.2844
478.0000	  0.2843
477.5000	  0.2829
477.0000	  0.2830
476.5000	  0.2824
476.0000	  0.2822
475.5000	  0.2813
475.0000	  0.2808
474.5000	  0.2801
474.0000	  0.2795
473.5000	  0.2795
473.0000	  0.2791
472.5000	  0.2786
472.0000	  0.2780
471.5000	  0.2780
471.0000	  0.2769
470.5000	  0.2769
470.0000	  0.2760
469.5000	  0.2757
469.0000	  0.2743
468.5000	  0.2747
468.0000	  0.2739
467.5000	  0.2734
467.0000	  0.2734
466.5000	  0.2727
466.0000	  0.2720
465.5000	  0.2720
465.0000	  0.2718
464.5000	  0.2714
464.0000	  0.2711
463.5000	  0.2706
463.0000	  0.2702
462.5000	  0.2699
462.0000	  0.2690
461.5000	  0.2691
461.0000	  0.2689
460.5000	  0.2680
460.0000	  0.2671
459.5000	  0.2681
459.0000	  0.2667
458.5000	  0.2673
458.0000	  0.2657
457.5000	  0.2660
457.0000	  0.2652
456.5000	  0.2651
456.0000	  0.2640
455.5000	  0.2636
455.0000	  0.2623
454.5000	  0.2616
454.0000	  0.2613
453.5000	  0.2602
453.0000	  0.2594
452.5000	  0.2585
452.0000	  0.2578
451.5000	  0.2571
451.0000	  0.2557
450.5000	  0.2551
450.0000	  0.2539
449.5000	  0.2525
449.0000	  0.2526
448.5000	  0.2515
448.0000	  0.2505
447.5000	  0.2491
447.0000	  0.2490
446.5000	  0.2478
446.0000	  0.2463
445.5000	  0.2460
445.0000	  0.2450
444.5000	  0.2438
444.0000	  0.2433
443.5000	  0.2422
443.0000	  0.2409
442.5000	  0.2410
442.0000	  0.2395
441.5000	  0.2393
441.0000	  0.2387
440.5000	  0.2384
440.0000	  0.2375
439.5000	  0.2369
439.0000	  0.2357
438.5000	  0.2361
438.0000	  0.2353
437.5000	  0.2347
437.0000	  0.2345
436.5000	  0.2332
436.0000	  0.2326
435.5000	  0.2323
435.0000	  0.2317
434.5000	  0.2316
434.0000	  0.2308
433.5000	  0.2302
433.0000	  0.2297
432.5000	  0.2290
432.0000	  0.2283
431.5000	  0.2283
431.0000	  0.2276
430.5000	  0.2273
430.0000	  0.2270
429.5000	  0.2265
429.0000	  0.2262
428.5000	  0.2256
428.0000	  0.2248
427.5000	  0.2248
427.0000	  0.2243
426.5000	  0.2238
426.0000	  0.2235
425.5000	  0.2232
425.0000	  0.2225
424.5000	  0.2219
424.0000	  0.2218
423.5000	  0.2212
423.0000	  0.2210
422.5000	  0.2206
422.0000	  0.2209
421.5000	  0.2200
421.0000	  0.2199
420.5000	  0.2197
420.0000	  0.2188
419.5000	  0.2190
419.0000	  0.2184
418.5000	  0.2182
418.0000	  0.2180
417.5000	  0.2172
417.0000	  0.2172
416.5000	  0.2163
416.0000	  0.2163
415.5000	  0.2156
415.0000	  0.2159
414.5000	  0.2155
414.0000	  0.2149
413.5000	  0.2145
413.0000	  0.2143
412.5000	  0.2137
412.0000	  0.2128
411.5000	  0.2129
411.0000	  0.2129
410.5000	  0.2124
410.0000	  0.2122
409.5000	  0.2122
409.0000	  0.2110
408.5000	  0.2113
408.0000	  0.2108
407.5000	  0.2102
407.0000	  0.2101
406.5000	  0.2102
406.0000	  0.2090
405.5000	  0.2093
405.0000	  0.2090
404.5000	  0.2086
404.0000	  0.2089
403.5000	  0.2074
403.0000	  0.2074
402.5000	  0.2074
402.0000	  0.2060
401.5000	  0.2066
401.0000	  0.2061
400.5000	  0.2062
400.0000	  0.2059
399.5000	  0.2056
399.0000	  0.2051
398.5000	  0.2051
398.0000	  0.2047
397.5000	  0.2040
397.0000	  0.2042
396.5000	  0.2038
396.0000	  0.2042
395.5000	  0.2028
395.0000	  0.2029
394.5000	  0.2027
394.0000	  0.2022
393.5000	  0.2020
393.0000	  0.2017
392.5000	  0.2011
392.0000	  0.2017
391.5000	  0.2012
391.0000	  0.2008
390.5000	  0.2009
390.0000	  0.2002
389.5000	  0.2004
389.0000	  0.1998
388.5000	  0.2005
388.0000	  0.2007
387.5000	  0.2003
387.0000	  0.2006
386.5000	  0.2003
386.0000	  0.2001
385.5000	  0.1997
385.0000	  0.2001
384.5000	  0.1993
384.0000	  0.1994
383.5000	  0.1997
383.0000	  0.1986
382.5000	  0.1989
382.0000	  0.1988
381.5000	  0.1989
381.0000	  0.1977
380.5000	  0.1984
380.0000	  0.1981
379.5000	  0.1986
379.0000	  0.1983
378.5000	  0.1973
378.0000	  0.1975
377.5000	  0.1970
377.0000	  0.1975
376.5000	  0.1977
376.0000	  0.1974
375.5000	  0.1967
375.0000	  0.1965
374.5000	  0.1966
374.0000	  0.1969
373.5000	  0.1968
373.0000	  0.1950
372.5000	  0.1965
372.0000	  0.1960
371.5000	  0.1963
371.0000	  0.1959
370.5000	  0.1957
370.0000	  0.1958
369.5000	  0.1947
369.0000	  0.1950
368.5000	  0.1953
368.0000	  0.1951
367.5000	  0.1948
367.0000	  0.1942
366.5000	  0.1948
366.0000	  0.1946
365.5000	  0.1942
365.0000	  0.1938
364.5000	  0.1947
364.0000	  0.1936
363.5000	  0.1942
363.0000	  0.1947
362.5000	  0.1934
362.0000	  0.1935
361.5000	  0.1936
361.0000	  0.1932
360.5000	  0.1930
360.0000	  0.1929
359.5000	  0.1930
359.0000	  0.1929
358.5000	  0.1925
358.0000	  0.1920
357.5000	  0.1929
357.0000	  0.1929
356.5000	  0.1920
356.0000	  0.1915
355.5000	  0.1929
355.0000	  0.1916
354.5000	  0.1921
354.0000	  0.1912
353.5000	  0.1912
353.0000	  0.1914
352.5000	  0.1911
352.0000	  0.1910
351.5000	  0.1908
351.0000	  0.1901
350.5000	  0.1905
350.0000	  0.1905
349.5000	  0.1890
349.0000	  0.1898
348.5000	  0.1885
348.0000	  0.1896
347.5000	  0.1889
347.0000	  0.1891
346.5000	  0.1877
346.0000	  0.1877
345.5000	  0.1882
345.0000	  0.1868
344.5000	  0.1882
344.0000	  0.1885
343.5000	  0.1876
343.0000	  0.1874
342.5000	  0.1861
342.0000	  0.1881
341.5000	  0.1850
341.0000	  0.1847
340.5000	  0.1855
340.0000	  0.1845
339.5000	  0.1865
339.0000	  0.1880
338.5000	  0.1844
338.0000	  0.1855
337.5000	  0.1853
337.0000	  0.1863
336.5000	  0.1852
336.0000	  0.1843
335.5000	  0.1841
335.0000	  0.1843
334.5000	  0.1823
334.0000	  0.1830
333.5000	  0.1829
333.0000	  0.1850
332.5000	  0.1840
332.0000	  0.1833
331.5000	  0.1840
331.0000	  0.1810
330.5000	  0.1839
330.0000	  0.1835
329.5000	  0.1829
329.0000	  0.1842
328.5000	  0.1822
328.0000	  0.1802
327.5000	  0.1844
327.0000	  0.1835
326.5000	  0.1847
326.0000	  0.1861
325.5000	  0.1852
325.0000	  0.1841
324.5000	  0.1863
324.0000	  0.1855
323.5000	  0.1877
323.0000	  0.1868
322.5000	  0.1906
322.0000	  0.1893
321.5000	  0.1909
321.0000	  0.1917
320.5000	  0.1918
320.0000	  0.1945
319.5000	  0.1946
319.0000	  0.1978
318.5000	  0.2018
318.0000	  0.1985
317.5000	  0.2047
317.0000	  0.2039
316.5000	  0.2068
316.0000	  0.2100
315.5000	  0.2149
315.0000	  0.2141
314.5000	  0.2163
314.0000	  0.2207
313.5000	  0.2223
313.0000	  0.2338
312.5000	  0.2341
312.0000	  0.2403
311.5000	  0.2494
311.0000	  0.2572
310.5000	  0.2607
310.0000	  0.2643
309.5000	  0.2684
309.0000	  0.2851
308.5000	  0.2942
308.0000	  0.2981
307.5000	  0.3152
307.0000	  0.3254
306.5000	  0.3399
306.0000	  0.3434
305.5000	  0.3624
305.0000	  0.3989
304.5000	  0.3930
304.0000	  0.4042
303.5000	  0.4640
303.0000	  0.4539
302.5000	  0.5127
302.0000	  0.5090
301.5000	  0.5555
301.0000	  0.6104
300.5000	  0.6317
300.0000	  0.7729
299.5000	  0.7513
299.0000	  0.7799
298.5000	  0.8018
298.0000	  0.9156
297.5000	  0.8974
297.0000	  1.2263
296.5000	  1.1506
296.0000	  1.4331
295.5000	  1.7534
295.0000	  1.2533
294.5000	  1.3435
294.0000	  1.2118
293.5000	  1.6854
293.0000	  3.5767
292.5000	  0.7905
292.0000	  0.8682
291.5000	  0.2480
291.0000	  0.8500
290.5000	  2.9253
290.0000	  1.2130
289.5000	  1.1333
289.0000	  1.2990
288.5000	 -0.0468
288.0000	  1.2169
287.5000	  0.8554
287.0000	 -0.7825
286.5000	 -0.0681
286.0000	  0.2574
285.5000	  0.3088
285.0000	  0.8913
284.5000	  0.9084
284.0000	  1.4771
283.5000	  0.1630
283.0000	 -0.1500
282.5000	 -0.3313
282.0000	  2.6684
281.5000	 -0.1568
281.0000	  0.5105
280.5000	 -0.3382
280.0000	 46.8405
279.5000	  2.2019
279.0000	 -0.0397
278.5000	  0.6923
278.0000	 -0.6514
277.5000	 -0.9315
277.0000	  2.3395
276.5000	 -1.0228
276.0000	  2.9033
275.5000	  0.8647
275.0000	  0.6838
274.5000	  0.0830
274.0000	  0.0797
273.5000	-18.0931
273.0000	  0.3247
272.5000	  0.6221
272.0000	  2.0941
271.5000	 -0.1523
271.0000	  1.2234
270.5000	 -0.1153
270.0000	 -0.0621
269.5000	 -3.6897
269.0000	  0.3237
268.5000	 -0.2224
268.0000	 -1.7689
267.5000	 -0.1985
267.0000	  0.0271
266.5000	  0.8945
266.0000	  0.5327
265.5000	  1.3292
265.0000	  0.6668
264.5000	  0.3966
264.0000	 -0.3586
263.5000	 -5.3527
263.0000	  1.1364
262.5000	  0.1636
262.0000	  6.6089
261.5000	  0.4386
261.0000	 -0.1703
260.5000	 -0.3121
260.0000	  0.5996
259.5000	  1.5077
259.0000	  0.7682
258.5000	  3.0155
258.0000	 -0.2279
257.5000	 -0.0460
257.0000	  0.8608
256.5000	  0.5449
256.0000	  0.2168
255.5000	  1.2538
255.0000	 -0.6308
254.5000	 -2.8415
254.0000	  1.4997
253.5000	  0.3845
253.0000	 -0.9025
252.5000	 -2.6191
252.0000	 -0.1018
251.5000	  3.8957
251.0000	  0.7334
250.5000	  2.1356
250.0000	 -0.1690
249.5000	  1.4542
249.0000	  0.9461
248.5000	  0.5206
248.0000	 -0.8103
247.5000	 13.5423
247.0000	  1.1285
246.5000	 -0.2155
246.0000	 -0.3206
245.5000	  6.8351
245.0000	 -3.3534
244.5000	  0.0779
244.0000	 -4.7708
243.5000	 -2.3111
243.0000	  0.4957
242.5000	  1.3379
242.0000	 -0.5315
241.5000	  0.3382
241.0000	 -0.0987
240.5000	  0.3919
240.0000	  0.8072
239.5000	 -0.3520
239.0000	 -0.4151
238.5000	  0.9700
238.0000	 -0.0480
237.5000	  7.1811
237.0000	  0.0931
236.5000	  1.0339
236.0000	  1.7835
235.5000	  0.1380
235.0000	 -2.0743
234.5000	 -1.5303
234.0000	 -0.1818
233.5000	  0.6638
233.0000	  0.3153
232.5000	  1.6565
232.0000	  1.0211
231.5000	  0.7632
231.0000	 40.5281
230.5000	  1.0020
230.0000	  0.1449
229.5000	 -0.4243
229.0000	 -0.9681
228.5000	  4.6004
228.0000	 -1.0241
227.5000	  0.3335
227.0000	 -0.4344
226.5000	  1.4921
226.0000	  0.4064
225.5000	 -1.8339
225.0000	  0.4051
224.5000	  0.1196
224.0000	  2.0841
223.5000	  2.3178
223.0000	  0.3998
222.5000	 -1.8511
222.0000	  0.1957
221.5000	 -2.0382
221.0000	  0.3706
220.5000	 -5.5818
220.0000	  2.6925
219.5000	  0.4137
219.0000	 35.1519
218.5000	  2.3560
218.0000	 -0.1116
217.5000	  1.6457
217.0000	  0.9947
216.5000	-19.6413
216.0000	  2.7139
215.5000	 -1.5052
215.0000	 -0.5191
214.5000	 -2.4958
214.0000	  0.2613
213.5000	 -0.7033
213.0000	  1.3562
212.5000	 -0.6126
212.0000	 15.9485
211.5000	 -6.4835
211.0000	 -1.0614
210.5000	  0.2795
210.0000	  3.1251
209.5000	  0.1778
209.0000	  1.3871
208.5000	  2.1611
208.0000	 -0.6446
207.5000	  1.8945
207.0000	  0.7342
206.5000	  1.2155
206.0000	  1.2539
205.5000	  2.1774
205.0000	  0.2118
204.5000	  0.5310
204.0000	  0.4938
203.5000	  1.3816
203.0000	 -2.9707
202.5000	  1.5278
202.0000	-13.0144
201.5000	  1.1000
201.0000	 -2.7546
200.5000	  1.3033
200.0000	  0.9046

