17/04/2024 15.35.24
17/04/2024 15.42.39

800.0000	 10.1800

800.0000	 10.1800

900.0000	 10.5900



  1.0000
900.0000
  3.0000
340.0000
  1.0000
1101.0000
  5.0000
  6.0000
  1.0000
  1.0000
  0.0000
  0.0000
100.0000
  0.0000
  1.0000
  0.0000
500.0000
900.0000
350.0000
  4.0000
  1.0000
 18.0000
  2.0000
  1.0000
255.0000
  0.8206
  1.0000
 30.0000
  4.0000
500.0000
  0.0000
  0.0000
  4.0000
900.0000
350.0000
  0.0000
100.0000
  0.0000
  1.0000
  0.0000
500.0000
  1.0000
  1.0000
  1.0000
  1.0000
  4.0000
  0.0000
  1.0000
  1.0000
  1.0000
  1.0000
  1.0000
  2.0000
  1.0000
  1.0000
  1.0000
  3.0000
  1.0000
  1.0000
  1.0000
  4.0000
  5.0000
435.799
0.000

Lambda:	800
Abs:		-0.0001
ID:			11
Run:		2
#

900.0000	  0.1097
899.5000	  0.1158
899.0000	  0.1199
898.5000	  0.1081
898.0000	  0.1104
897.5000	  0.1139
897.0000	  0.1104
896.5000	  0.1129
896.0000	  0.1124
895.5000	  0.1075
895.0000	  0.1120
894.5000	  0.1108
894.0000	  0.1156
893.5000	  0.1120
893.0000	  0.1053
892.5000	  0.1124
892.0000	  0.1158
891.5000	  0.1186
891.0000	  0.1095
890.5000	  0.1058
890.0000	  0.1151
889.5000	  0.1168
889.0000	  0.1123
888.5000	  0.1093
888.0000	  0.1099
887.5000	  0.1135
887.0000	  0.1024
886.5000	  0.1136
886.0000	  0.1108
885.5000	  0.1116
885.0000	  0.1084
884.5000	  0.1129
884.0000	  0.1168
883.5000	  0.1114
883.0000	  0.1148
882.5000	  0.1158
882.0000	  0.1109
881.5000	  0.1112
881.0000	  0.1097
880.5000	  0.1158
880.0000	  0.1139
879.5000	  0.1144
879.0000	  0.1131
878.5000	  0.1111
878.0000	  0.1133
877.5000	  0.1097
877.0000	  0.1117
876.5000	  0.1083
876.0000	  0.1109
875.5000	  0.1125
875.0000	  0.1134
874.5000	  0.1101
874.0000	  0.1086
873.5000	  0.1109
873.0000	  0.1116
872.5000	  0.1091
872.0000	  0.1112
871.5000	  0.1128
871.0000	  0.1115
870.5000	  0.1124
870.0000	  0.1135
869.5000	  0.1100
869.0000	  0.1131
868.5000	  0.1107
868.0000	  0.1094
867.5000	  0.1119
867.0000	  0.1103
866.5000	  0.1099
866.0000	  0.1092
865.5000	  0.1100
865.0000	  0.1116
864.5000	  0.1101
864.0000	  0.1110
863.5000	  0.1129
863.0000	  0.1114
862.5000	  0.1125
862.0000	  0.1126
861.5000	  0.1116
861.0000	  0.1103
860.5000	  0.1116
860.0000	  0.1116
859.5000	  0.1114
859.0000	  0.1124
858.5000	  0.1114
858.0000	  0.1128
857.5000	  0.1116
857.0000	  0.1117
856.5000	  0.1121
856.0000	  0.1107
855.5000	  0.1118
855.0000	  0.1121
854.5000	  0.1120
854.0000	  0.1110
853.5000	  0.1124
853.0000	  0.1112
852.5000	  0.1119
852.0000	  0.1122
851.5000	  0.1112
851.0000	  0.1115
850.5000	  0.1110
850.0000	  0.1111
849.5000	  0.1107
849.0000	  0.1110
848.5000	  0.1111
848.0000	  0.1116
847.5000	  0.1111
847.0000	  0.1118
846.5000	  0.1114
846.0000	  0.1112
845.5000	  0.1106
845.0000	  0.1104
844.5000	  0.1110
844.0000	  0.1103
843.5000	  0.1111
843.0000	  0.1104
842.5000	  0.1107
842.0000	  0.1106
841.5000	  0.1101
841.0000	  0.1107
840.5000	  0.1106
840.0000	  0.1100
839.5000	  0.1103
839.0000	  0.1105
838.5000	  0.1104
838.0000	  0.1099
837.5000	  0.1100
837.0000	  0.1099
836.5000	  0.1100
836.0000	  0.1094
835.5000	  0.1096
835.0000	  0.1091
834.5000	  0.1090
834.0000	  0.1090
833.5000	  0.1087
833.0000	  0.1088
832.5000	  0.1087
832.0000	  0.1093
831.5000	  0.1085
831.0000	  0.1086
830.5000	  0.1086
830.0000	  0.1082
829.5000	  0.1086
829.0000	  0.1080
828.5000	  0.1080
828.0000	  0.1079
827.5000	  0.1079
827.0000	  0.1076
826.5000	  0.1073
826.0000	  0.1077
825.5000	  0.1074
825.0000	  0.1072
824.5000	  0.1072
824.0000	  0.1071
823.5000	  0.1071
823.0000	  0.1063
822.5000	  0.1070
822.0000	  0.1067
821.5000	  0.1065
821.0000	  0.1064
820.5000	  0.1064
820.0000	  0.1062
819.5000	  0.1062
819.0000	  0.1062
818.5000	  0.1056
818.0000	  0.1059
817.5000	  0.1053
817.0000	  0.1058
816.5000	  0.1055
816.0000	  0.1052
815.5000	  0.1051
815.0000	  0.1049
814.5000	  0.1048
814.0000	  0.1050
813.5000	  0.1053
813.0000	  0.1047
812.5000	  0.1048
812.0000	  0.1044
811.5000	  0.1044
811.0000	  0.1042
810.5000	  0.1042
810.0000	  0.1039
809.5000	  0.1037
809.0000	  0.1038
808.5000	  0.1038
808.0000	  0.1036
807.5000	  0.1035
807.0000	  0.1034
806.5000	  0.1034
806.0000	  0.1030
805.5000	  0.1031
805.0000	  0.1028
804.5000	  0.1027
804.0000	  0.1024
803.5000	  0.1027
803.0000	  0.1027
802.5000	  0.1023
802.0000	  0.1024
801.5000	  0.1020
801.0000	  0.1020
800.5000	  0.1025
800.0000	  0.1018
799.5000	  0.1020
799.0000	  0.1016
798.5000	  0.1019
798.0000	  0.1015
797.5000	  0.1011
797.0000	  0.1012
796.5000	  0.1008
796.0000	  0.1005
795.5000	  0.1009
795.0000	  0.1010
794.5000	  0.1004
794.0000	  0.1004
793.5000	  0.1006
793.0000	  0.1000
792.5000	  0.1003
792.0000	  0.1000
791.5000	  0.1000
791.0000	  0.0999
790.5000	  0.0996
790.0000	  0.0995
789.5000	  0.0991
789.0000	  0.0993
788.5000	  0.0990
788.0000	  0.0994
787.5000	  0.0988
787.0000	  0.0984
786.5000	  0.0986
786.0000	  0.0984
785.5000	  0.0982
785.0000	  0.0984
784.5000	  0.0981
784.0000	  0.0980
783.5000	  0.0980
783.0000	  0.0983
782.5000	  0.0975
782.0000	  0.0977
781.5000	  0.0975
781.0000	  0.0971
780.5000	  0.0973
780.0000	  0.0973
779.5000	  0.0973
779.0000	  0.0970
778.5000	  0.0969
778.0000	  0.0967
777.5000	  0.0967
777.0000	  0.0964
776.5000	  0.0964
776.0000	  0.0961
775.5000	  0.0961
775.0000	  0.0959
774.5000	  0.0957
774.0000	  0.0957
773.5000	  0.0956
773.0000	  0.0952
772.5000	  0.0955
772.0000	  0.0949
771.5000	  0.0951
771.0000	  0.0949
770.5000	  0.0947
770.0000	  0.0946
769.5000	  0.0945
769.0000	  0.0943
768.5000	  0.0944
768.0000	  0.0942
767.5000	  0.0939
767.0000	  0.0940
766.5000	  0.0936
766.0000	  0.0937
765.5000	  0.0935
765.0000	  0.0934
764.5000	  0.0932
764.0000	  0.0930
763.5000	  0.0930
763.0000	  0.0929
762.5000	  0.0928
762.0000	  0.0927
761.5000	  0.0927
761.0000	  0.0924
760.5000	  0.0922
760.0000	  0.0918
759.5000	  0.0917
759.0000	  0.0920
758.5000	  0.0915
758.0000	  0.0915
757.5000	  0.0914
757.0000	  0.0914
756.5000	  0.0912
756.0000	  0.0912
755.5000	  0.0909
755.0000	  0.0907
754.5000	  0.0910
754.0000	  0.0905
753.5000	  0.0907
753.0000	  0.0904
752.5000	  0.0906
752.0000	  0.0899
751.5000	  0.0900
751.0000	  0.0899
750.5000	  0.0895
750.0000	  0.0895
749.5000	  0.0895
749.0000	  0.0892
748.5000	  0.0890
748.0000	  0.0895
747.5000	  0.0889
747.0000	  0.0888
746.5000	  0.0888
746.0000	  0.0885
745.5000	  0.0885
745.0000	  0.0884
744.5000	  0.0884
744.0000	  0.0881
743.5000	  0.0882
743.0000	  0.0881
742.5000	  0.0879
742.0000	  0.0875
741.5000	  0.0880
741.0000	  0.0876
740.5000	  0.0873
740.0000	  0.0873
739.5000	  0.0874
739.0000	  0.0873
738.5000	  0.0870
738.0000	  0.0869
737.5000	  0.0869
737.0000	  0.0866
736.5000	  0.0865
736.0000	  0.0865
735.5000	  0.0865
735.0000	  0.0866
734.5000	  0.0863
734.0000	  0.0863
733.5000	  0.0862
733.0000	  0.0860
732.5000	  0.0860
732.0000	  0.0860
731.5000	  0.0858
731.0000	  0.0861
730.5000	  0.0858
730.0000	  0.0858
729.5000	  0.0859
729.0000	  0.0857
728.5000	  0.0858
728.0000	  0.0855
727.5000	  0.0857
727.0000	  0.0857
726.5000	  0.0856
726.0000	  0.0855
725.5000	  0.0857
725.0000	  0.0858
724.5000	  0.0857
724.0000	  0.0858
723.5000	  0.0858
723.0000	  0.0861
722.5000	  0.0862
722.0000	  0.0863
721.5000	  0.0863
721.0000	  0.0862
720.5000	  0.0866
720.0000	  0.0867
719.5000	  0.0868
719.0000	  0.0866
718.5000	  0.0869
718.0000	  0.0869
717.5000	  0.0871
717.0000	  0.0865
716.5000	  0.0864
716.0000	  0.0860
715.5000	  0.0856
715.0000	  0.0853
714.5000	  0.0846
714.0000	  0.0844
713.5000	  0.0843
713.0000	  0.0840
712.5000	  0.0835
712.0000	  0.0832
711.5000	  0.0827
711.0000	  0.0824
710.5000	  0.0821
710.0000	  0.0818
709.5000	  0.0817
709.0000	  0.0814
708.5000	  0.0809
708.0000	  0.0806
707.5000	  0.0804
707.0000	  0.0804
706.5000	  0.0802
706.0000	  0.0801
705.5000	  0.0799
705.0000	  0.0802
704.5000	  0.0798
704.0000	  0.0801
703.5000	  0.0799
703.0000	  0.0796
702.5000	  0.0794
702.0000	  0.0797
701.5000	  0.0795
701.0000	  0.0793
700.5000	  0.0792
700.0000	  0.0791
699.5000	  0.0790
699.0000	  0.0790
698.5000	  0.0787
698.0000	  0.0789
697.5000	  0.0787
697.0000	  0.0785
696.5000	  0.0783
696.0000	  0.0784
695.5000	  0.0784
695.0000	  0.0782
694.5000	  0.0784
694.0000	  0.0777
693.5000	  0.0780
693.0000	  0.0778
692.5000	  0.0777
692.0000	  0.0780
691.5000	  0.0776
691.0000	  0.0775
690.5000	  0.0776
690.0000	  0.0776
689.5000	  0.0773
689.0000	  0.0774
688.5000	  0.0771
688.0000	  0.0771
687.5000	  0.0770
687.0000	  0.0770
686.5000	  0.0769
686.0000	  0.0769
685.5000	  0.0769
685.0000	  0.0764
684.5000	  0.0765
684.0000	  0.0766
683.5000	  0.0767
683.0000	  0.0765
682.5000	  0.0764
682.0000	  0.0765
681.5000	  0.0763
681.0000	  0.0763
680.5000	  0.0762
680.0000	  0.0761
679.5000	  0.0760
679.0000	  0.0760
678.5000	  0.0760
678.0000	  0.0757
677.5000	  0.0760
677.0000	  0.0759
676.5000	  0.0756
676.0000	  0.0756
675.5000	  0.0757
675.0000	  0.0758
674.5000	  0.0755
674.0000	  0.0757
673.5000	  0.0754
673.0000	  0.0754
672.5000	  0.0753
672.0000	  0.0757
671.5000	  0.0753
671.0000	  0.0751
670.5000	  0.0754
670.0000	  0.0751
669.5000	  0.0753
669.0000	  0.0751
668.5000	  0.0753
668.0000	  0.0752
667.5000	  0.0751
667.0000	  0.0751
666.5000	  0.0748
666.0000	  0.0750
665.5000	  0.0751
665.0000	  0.0750
664.5000	  0.0749
664.0000	  0.0748
663.5000	  0.0747
663.0000	  0.0747
662.5000	  0.0748
662.0000	  0.0746
661.5000	  0.0747
661.0000	  0.0747
660.5000	  0.0748
660.0000	  0.0749
659.5000	  0.0749
659.0000	  0.0747
658.5000	  0.0747
658.0000	  0.0746
657.5000	  0.0748
657.0000	  0.0748
656.5000	  0.0748
656.0000	  0.0746
655.5000	  0.0748
655.0000	  0.0747
654.5000	  0.0747
654.0000	  0.0747
653.5000	  0.0747
653.0000	  0.0747
652.5000	  0.0748
652.0000	  0.0746
651.5000	  0.0746
651.0000	  0.0748
650.5000	  0.0747
650.0000	  0.0747
649.5000	  0.0747
649.0000	  0.0747
648.5000	  0.0746
648.0000	  0.0748
647.5000	  0.0746
647.0000	  0.0747
646.5000	  0.0747
646.0000	  0.0745
645.5000	  0.0746
645.0000	  0.0748
644.5000	  0.0749
644.0000	  0.0748
643.5000	  0.0748
643.0000	  0.0747
642.5000	  0.0750
642.0000	  0.0748
641.5000	  0.0747
641.0000	  0.0749
640.5000	  0.0750
640.0000	  0.0750
639.5000	  0.0748
639.0000	  0.0750
638.5000	  0.0750
638.0000	  0.0749
637.5000	  0.0750
637.0000	  0.0750
636.5000	  0.0750
636.0000	  0.0750
635.5000	  0.0752
635.0000	  0.0750
634.5000	  0.0752
634.0000	  0.0750
633.5000	  0.0751
633.0000	  0.0752
632.5000	  0.0752
632.0000	  0.0752
631.5000	  0.0753
631.0000	  0.0756
630.5000	  0.0756
630.0000	  0.0756
629.5000	  0.0757
629.0000	  0.0760
628.5000	  0.0763
628.0000	  0.0763
627.5000	  0.0766
627.0000	  0.0767
626.5000	  0.0771
626.0000	  0.0775
625.5000	  0.0778
625.0000	  0.0780
624.5000	  0.0782
624.0000	  0.0785
623.5000	  0.0786
623.0000	  0.0791
622.5000	  0.0792
622.0000	  0.0795
621.5000	  0.0799
621.0000	  0.0800
620.5000	  0.0801
620.0000	  0.0805
619.5000	  0.0806
619.0000	  0.0809
618.5000	  0.0809
618.0000	  0.0810
617.5000	  0.0812
617.0000	  0.0814
616.5000	  0.0814
616.0000	  0.0815
615.5000	  0.0814
615.0000	  0.0817
614.5000	  0.0817
614.0000	  0.0820
613.5000	  0.0822
613.0000	  0.0822
612.5000	  0.0825
612.0000	  0.0825
611.5000	  0.0829
611.0000	  0.0830
610.5000	  0.0831
610.0000	  0.0833
609.5000	  0.0836
609.0000	  0.0837
608.5000	  0.0839
608.0000	  0.0840
607.5000	  0.0841
607.0000	  0.0843
606.5000	  0.0844
606.0000	  0.0847
605.5000	  0.0849
605.0000	  0.0852
604.5000	  0.0854
604.0000	  0.0856
603.5000	  0.0858
603.0000	  0.0861
602.5000	  0.0864
602.0000	  0.0865
601.5000	  0.0867
601.0000	  0.0870
600.5000	  0.0871
600.0000	  0.0873
599.5000	  0.0877
599.0000	  0.0878
598.5000	  0.0880
598.0000	  0.0884
597.5000	  0.0887
597.0000	  0.0888
596.5000	  0.0892
596.0000	  0.0894
595.5000	  0.0899
595.0000	  0.0899
594.5000	  0.0902
594.0000	  0.0904
593.5000	  0.0908
593.0000	  0.0910
592.5000	  0.0914
592.0000	  0.0917
591.5000	  0.0919
591.0000	  0.0922
590.5000	  0.0924
590.0000	  0.0928
589.5000	  0.0929
589.0000	  0.0933
588.5000	  0.0934
588.0000	  0.0940
587.5000	  0.0941
587.0000	  0.0946
586.5000	  0.0949
586.0000	  0.0954
585.5000	  0.0956
585.0000	  0.0959
584.5000	  0.0962
584.0000	  0.0966
583.5000	  0.0968
583.0000	  0.0971
582.5000	  0.0974
582.0000	  0.0976
581.5000	  0.0984
581.0000	  0.0986
580.5000	  0.0990
580.0000	  0.0990
579.5000	  0.0995
579.0000	  0.0997
578.5000	  0.1004
578.0000	  0.1006
577.5000	  0.1009
577.0000	  0.1013
576.5000	  0.1017
576.0000	  0.1022
575.5000	  0.1023
575.0000	  0.1029
574.5000	  0.1032
574.0000	  0.1038
573.5000	  0.1040
573.0000	  0.1046
572.5000	  0.1047
572.0000	  0.1053
571.5000	  0.1056
571.0000	  0.1062
570.5000	  0.1064
570.0000	  0.1071
569.5000	  0.1074
569.0000	  0.1079
568.5000	  0.1083
568.0000	  0.1086
567.5000	  0.1093
567.0000	  0.1097
566.5000	  0.1099
566.0000	  0.1107
565.5000	  0.1111
565.0000	  0.1116
564.5000	  0.1121
564.0000	  0.1125
563.5000	  0.1133
563.0000	  0.1134
562.5000	  0.1139
562.0000	  0.1146
561.5000	  0.1152
561.0000	  0.1156
560.5000	  0.1162
560.0000	  0.1164
559.5000	  0.1167
559.0000	  0.1176
558.5000	  0.1182
558.0000	  0.1188
557.5000	  0.1190
557.0000	  0.1196
556.5000	  0.1202
556.0000	  0.1209
555.5000	  0.1213
555.0000	  0.1219
554.5000	  0.1224
554.0000	  0.1231
553.5000	  0.1237
553.0000	  0.1240
552.5000	  0.1247
552.0000	  0.1251
551.5000	  0.1259
551.0000	  0.1265
550.5000	  0.1269
550.0000	  0.1276
549.5000	  0.1282
549.0000	  0.1289
548.5000	  0.1292
548.0000	  0.1300
547.5000	  0.1306
547.0000	  0.1314
546.5000	  0.1319
546.0000	  0.1324
545.5000	  0.1331
545.0000	  0.1338
544.5000	  0.1344
544.0000	  0.1349
543.5000	  0.1356
543.0000	  0.1362
542.5000	  0.1369
542.0000	  0.1377
541.5000	  0.1382
541.0000	  0.1387
540.5000	  0.1393
540.0000	  0.1403
539.5000	  0.1409
539.0000	  0.1413
538.5000	  0.1422
538.0000	  0.1428
537.5000	  0.1437
537.0000	  0.1442
536.5000	  0.1449
536.0000	  0.1455
535.5000	  0.1463
535.0000	  0.1471
534.5000	  0.1479
534.0000	  0.1485
533.5000	  0.1491
533.0000	  0.1501
532.5000	  0.1503
532.0000	  0.1513
531.5000	  0.1521
531.0000	  0.1526
530.5000	  0.1536
530.0000	  0.1543
529.5000	  0.1550
529.0000	  0.1560
528.5000	  0.1568
528.0000	  0.1572
527.5000	  0.1580
527.0000	  0.1587
526.5000	  0.1594
526.0000	  0.1605
525.5000	  0.1610
525.0000	  0.1619
524.5000	  0.1627
524.0000	  0.1633
523.5000	  0.1642
523.0000	  0.1650
522.5000	  0.1658
522.0000	  0.1664
521.5000	  0.1673
521.0000	  0.1679
520.5000	  0.1687
520.0000	  0.1696
519.5000	  0.1702
519.0000	  0.1712
518.5000	  0.1718
518.0000	  0.1726
517.5000	  0.1732
517.0000	  0.1740
516.5000	  0.1746
516.0000	  0.1752
515.5000	  0.1762
515.0000	  0.1771
514.5000	  0.1780
514.0000	  0.1779
513.5000	  0.1789
513.0000	  0.1798
512.5000	  0.1804
512.0000	  0.1812
511.5000	  0.1815
511.0000	  0.1824
510.5000	  0.1829
510.0000	  0.1838
509.5000	  0.1842
509.0000	  0.1851
508.5000	  0.1861
508.0000	  0.1865
507.5000	  0.1874
507.0000	  0.1879
506.5000	  0.1887
506.0000	  0.1895
505.5000	  0.1902
505.0000	  0.1907
504.5000	  0.1916
504.0000	  0.1923
503.5000	  0.1929
503.0000	  0.1941
502.5000	  0.1944
502.0000	  0.1955
501.5000	  0.1960
501.0000	  0.1967
500.5000	  0.1971
500.0000	  0.1981
499.5000	  0.1985
499.0000	  0.1993
498.5000	  0.1999
498.0000	  0.1999
497.5000	  0.2008
497.0000	  0.2012
496.5000	  0.2017
496.0000	  0.2019
495.5000	  0.2022
495.0000	  0.2024
494.5000	  0.2028
494.0000	  0.2034
493.5000	  0.2033
493.0000	  0.2036
492.5000	  0.2037
492.0000	  0.2037
491.5000	  0.2041
491.0000	  0.2035
490.5000	  0.2040
490.0000	  0.2039
489.5000	  0.2043
489.0000	  0.2043
488.5000	  0.2037
488.0000	  0.2036
487.5000	  0.2037
487.0000	  0.2035
486.5000	  0.2030
486.0000	  0.2030
485.5000	  0.2027
485.0000	  0.2029
484.5000	  0.2022
484.0000	  0.2021
483.5000	  0.2022
483.0000	  0.2017
482.5000	  0.2018
482.0000	  0.2012
481.5000	  0.2010
481.0000	  0.2005
480.5000	  0.2000
480.0000	  0.2002
479.5000	  0.1998
479.0000	  0.1994
478.5000	  0.1986
478.0000	  0.1992
477.5000	  0.1977
477.0000	  0.1979
476.5000	  0.1977
476.0000	  0.1970
475.5000	  0.1969
475.0000	  0.1964
474.5000	  0.1959
474.0000	  0.1955
473.5000	  0.1957
473.0000	  0.1949
472.5000	  0.1952
472.0000	  0.1944
471.5000	  0.1942
471.0000	  0.1937
470.5000	  0.1933
470.0000	  0.1929
469.5000	  0.1923
469.0000	  0.1924
468.5000	  0.1916
468.0000	  0.1914
467.5000	  0.1914
467.0000	  0.1910
466.5000	  0.1906
466.0000	  0.1902
465.5000	  0.1902
465.0000	  0.1898
464.5000	  0.1898
464.0000	  0.1887
463.5000	  0.1889
463.0000	  0.1886
462.5000	  0.1888
462.0000	  0.1877
461.5000	  0.1875
461.0000	  0.1872
460.5000	  0.1872
460.0000	  0.1865
459.5000	  0.1863
459.0000	  0.1862
458.5000	  0.1856
458.0000	  0.1852
457.5000	  0.1839
457.0000	  0.1841
456.5000	  0.1833
456.0000	  0.1829
455.5000	  0.1824
455.0000	  0.1819
454.5000	  0.1811
454.0000	  0.1804
453.5000	  0.1800
453.0000	  0.1794
452.5000	  0.1784
452.0000	  0.1781
451.5000	  0.1772
451.0000	  0.1765
450.5000	  0.1751
450.0000	  0.1748
449.5000	  0.1745
449.0000	  0.1732
448.5000	  0.1722
448.0000	  0.1712
447.5000	  0.1704
447.0000	  0.1702
446.5000	  0.1698
446.0000	  0.1688
445.5000	  0.1682
445.0000	  0.1677
444.5000	  0.1675
444.0000	  0.1661
443.5000	  0.1657
443.0000	  0.1653
442.5000	  0.1647
442.0000	  0.1643
441.5000	  0.1638
441.0000	  0.1633
440.5000	  0.1624
440.0000	  0.1622
439.5000	  0.1614
439.0000	  0.1609
438.5000	  0.1600
438.0000	  0.1603
437.5000	  0.1597
437.0000	  0.1587
436.5000	  0.1590
436.0000	  0.1580
435.5000	  0.1584
435.0000	  0.1570
434.5000	  0.1567
434.0000	  0.1563
433.5000	  0.1561
433.0000	  0.1556
432.5000	  0.1548
432.0000	  0.1549
431.5000	  0.1543
431.0000	  0.1539
430.5000	  0.1538
430.0000	  0.1534
429.5000	  0.1530
429.0000	  0.1527
428.5000	  0.1522
428.0000	  0.1519
427.5000	  0.1513
427.0000	  0.1506
426.5000	  0.1506
426.0000	  0.1504
425.5000	  0.1503
425.0000	  0.1496
424.5000	  0.1494
424.0000	  0.1493
423.5000	  0.1489
423.0000	  0.1484
422.5000	  0.1483
422.0000	  0.1481
421.5000	  0.1478
421.0000	  0.1469
420.5000	  0.1473
420.0000	  0.1470
419.5000	  0.1467
419.0000	  0.1464
418.5000	  0.1458
418.0000	  0.1460
417.5000	  0.1449
417.0000	  0.1448
416.5000	  0.1448
416.0000	  0.1445
415.5000	  0.1438
415.0000	  0.1438
414.5000	  0.1434
414.0000	  0.1431
413.5000	  0.1432
413.0000	  0.1426
412.5000	  0.1425
412.0000	  0.1419
411.5000	  0.1420
411.0000	  0.1417
410.5000	  0.1412
410.0000	  0.1407
409.5000	  0.1407
409.0000	  0.1406
408.5000	  0.1397
408.0000	  0.1398
407.5000	  0.1391
407.0000	  0.1389
406.5000	  0.1388
406.0000	  0.1383
405.5000	  0.1383
405.0000	  0.1376
404.5000	  0.1373
404.0000	  0.1370
403.5000	  0.1371
403.0000	  0.1369
402.5000	  0.1363
402.0000	  0.1359
401.5000	  0.1362
401.0000	  0.1355
400.5000	  0.1357
400.0000	  0.1348
399.5000	  0.1347
399.0000	  0.1346
398.5000	  0.1340
398.0000	  0.1343
397.5000	  0.1337
397.0000	  0.1335
396.5000	  0.1329
396.0000	  0.1324
395.5000	  0.1327
395.0000	  0.1322
394.5000	  0.1322
394.0000	  0.1316
393.5000	  0.1317
393.0000	  0.1315
392.5000	  0.1310
392.0000	  0.1311
391.5000	  0.1314
391.0000	  0.1310
390.5000	  0.1302
390.0000	  0.1306
389.5000	  0.1301
389.0000	  0.1300
388.5000	  0.1300
388.0000	  0.1301
387.5000	  0.1301
387.0000	  0.1298
386.5000	  0.1295
386.0000	  0.1289
385.5000	  0.1294
385.0000	  0.1294
384.5000	  0.1292
384.0000	  0.1289
383.5000	  0.1279
383.0000	  0.1292
382.5000	  0.1288
382.0000	  0.1277
381.5000	  0.1282
381.0000	  0.1284
380.5000	  0.1277
380.0000	  0.1283
379.5000	  0.1278
379.0000	  0.1279
378.5000	  0.1272
378.0000	  0.1269
377.5000	  0.1272
377.0000	  0.1269
376.5000	  0.1274
376.0000	  0.1263
375.5000	  0.1261
375.0000	  0.1268
374.5000	  0.1264
374.0000	  0.1266
373.5000	  0.1262
373.0000	  0.1257
372.5000	  0.1257
372.0000	  0.1261
371.5000	  0.1257
371.0000	  0.1253
370.5000	  0.1254
370.0000	  0.1251
369.5000	  0.1247
369.0000	  0.1246
368.5000	  0.1245
368.0000	  0.1246
367.5000	  0.1245
367.0000	  0.1247
366.5000	  0.1236
366.0000	  0.1242
365.5000	  0.1235
365.0000	  0.1240
364.5000	  0.1241
364.0000	  0.1233
363.5000	  0.1233
363.0000	  0.1241
362.5000	  0.1231
362.0000	  0.1236
361.5000	  0.1238
361.0000	  0.1225
360.5000	  0.1227
360.0000	  0.1224
359.5000	  0.1231
359.0000	  0.1227
358.5000	  0.1223
358.0000	  0.1228
357.5000	  0.1214
357.0000	  0.1223
356.5000	  0.1219
356.0000	  0.1212
355.5000	  0.1211
355.0000	  0.1215
354.5000	  0.1208
354.0000	  0.1206
353.5000	  0.1209
353.0000	  0.1210
352.5000	  0.1211
352.0000	  0.1206
351.5000	  0.1200
351.0000	  0.1200
350.5000	  0.1205
350.0000	  0.1206

