17/04/2024 17.02.19
17/04/2024 17.11.18

800.0000	 31.8400

800.0000	 31.8400

900.0000	 29.7700



  1.0000
900.0000
  3.0000
340.0000
  1.0000
1401.0000
  5.0000
  6.0000
  1.0000
  1.0000
  0.0000
  0.0000
100.0000
  0.0000
  1.0000
  0.0000
500.0000
900.0000
200.0000
  4.0000
  1.0000
 18.0000
  2.0000
  1.0000
255.0000
  0.8375
  1.0000
 30.0000
  4.0000
500.0000
  0.0000
  0.0000
  4.0000
900.0000
200.0000
  0.0000
100.0000
  0.0000
  1.0000
  0.0000
500.0000
  1.0000
  1.0000
  1.0000
  1.0000
  4.0000
  0.0000
  1.0000
  1.0000
  1.0000
  1.0000
  1.0000
  2.0000
  1.0000
  1.0000
  1.0000
  3.0000
  1.0000
  1.0000
  1.0000
  4.0000
  5.0000
538.769
0.000

Lambda:	800
Abs:		0.0001
ID:			D
Run:		2
#

900.0000	  0.2786
899.5000	  0.2955
899.0000	  0.2648
898.5000	  0.2814
898.0000	  0.2925
897.5000	  0.2824
897.0000	  0.3002
896.5000	  0.2833
896.0000	  0.2793
895.5000	  0.2848
895.0000	  0.2829
894.5000	  0.2868
894.0000	  0.2911
893.5000	  0.2855
893.0000	  0.2853
892.5000	  0.2894
892.0000	  0.2793
891.5000	  0.2828
891.0000	  0.2879
890.5000	  0.2889
890.0000	  0.2877
889.5000	  0.2803
889.0000	  0.2872
888.5000	  0.2939
888.0000	  0.2788
887.5000	  0.2878
887.0000	  0.2875
886.5000	  0.2909
886.0000	  0.2889
885.5000	  0.2884
885.0000	  0.2941
884.5000	  0.2933
884.0000	  0.2985
883.5000	  0.2938
883.0000	  0.2862
882.5000	  0.2912
882.0000	  0.2879
881.5000	  0.2903
881.0000	  0.2961
880.5000	  0.2918
880.0000	  0.2876
879.5000	  0.2917
879.0000	  0.2926
878.5000	  0.2925
878.0000	  0.2960
877.5000	  0.2991
877.0000	  0.2904
876.5000	  0.3010
876.0000	  0.2973
875.5000	  0.2910
875.0000	  0.2979
874.5000	  0.2976
874.0000	  0.2943
873.5000	  0.2941
873.0000	  0.2962
872.5000	  0.2958
872.0000	  0.2962
871.5000	  0.2939
871.0000	  0.2925
870.5000	  0.2959
870.0000	  0.2965
869.5000	  0.2968
869.0000	  0.2973
868.5000	  0.2978
868.0000	  0.2989
867.5000	  0.2972
867.0000	  0.2974
866.5000	  0.2977
866.0000	  0.3015
865.5000	  0.2983
865.0000	  0.3006
864.5000	  0.3002
864.0000	  0.3010
863.5000	  0.3005
863.0000	  0.2985
862.5000	  0.3010
862.0000	  0.3033
861.5000	  0.2999
861.0000	  0.3026
860.5000	  0.3028
860.0000	  0.3019
859.5000	  0.3029
859.0000	  0.3040
858.5000	  0.3056
858.0000	  0.3034
857.5000	  0.3034
857.0000	  0.3055
856.5000	  0.3068
856.0000	  0.3054
855.5000	  0.3049
855.0000	  0.3056
854.5000	  0.3052
854.0000	  0.3060
853.5000	  0.3070
853.0000	  0.3062
852.5000	  0.3068
852.0000	  0.3067
851.5000	  0.3067
851.0000	  0.3072
850.5000	  0.3077
850.0000	  0.3075
849.5000	  0.3075
849.0000	  0.3078
848.5000	  0.3072
848.0000	  0.3072
847.5000	  0.3094
847.0000	  0.3082
846.5000	  0.3083
846.0000	  0.3088
845.5000	  0.3106
845.0000	  0.3094
844.5000	  0.3118
844.0000	  0.3099
843.5000	  0.3097
843.0000	  0.3095
842.5000	  0.3098
842.0000	  0.3114
841.5000	  0.3097
841.0000	  0.3101
840.5000	  0.3118
840.0000	  0.3103
839.5000	  0.3114
839.0000	  0.3104
838.5000	  0.3115
838.0000	  0.3107
837.5000	  0.3113
837.0000	  0.3112
836.5000	  0.3118
836.0000	  0.3113
835.5000	  0.3124
835.0000	  0.3122
834.5000	  0.3133
834.0000	  0.3122
833.5000	  0.3111
833.0000	  0.3124
832.5000	  0.3122
832.0000	  0.3123
831.5000	  0.3119
831.0000	  0.3125
830.5000	  0.3114
830.0000	  0.3127
829.5000	  0.3119
829.0000	  0.3129
828.5000	  0.3133
828.0000	  0.3120
827.5000	  0.3135
827.0000	  0.3129
826.5000	  0.3130
826.0000	  0.3129
825.5000	  0.3134
825.0000	  0.3133
824.5000	  0.3137
824.0000	  0.3136
823.5000	  0.3140
823.0000	  0.3135
822.5000	  0.3141
822.0000	  0.3142
821.5000	  0.3142
821.0000	  0.3138
820.5000	  0.3148
820.0000	  0.3138
819.5000	  0.3142
819.0000	  0.3150
818.5000	  0.3139
818.0000	  0.3149
817.5000	  0.3150
817.0000	  0.3151
816.5000	  0.3149
816.0000	  0.3162
815.5000	  0.3154
815.0000	  0.3156
814.5000	  0.3148
814.0000	  0.3151
813.5000	  0.3157
813.0000	  0.3160
812.5000	  0.3164
812.0000	  0.3166
811.5000	  0.3168
811.0000	  0.3168
810.5000	  0.3172
810.0000	  0.3172
809.5000	  0.3163
809.0000	  0.3174
808.5000	  0.3161
808.0000	  0.3179
807.5000	  0.3170
807.0000	  0.3178
806.5000	  0.3174
806.0000	  0.3179
805.5000	  0.3175
805.0000	  0.3177
804.5000	  0.3177
804.0000	  0.3179
803.5000	  0.3184
803.0000	  0.3185
802.5000	  0.3188
802.0000	  0.3186
801.5000	  0.3190
801.0000	  0.3190
800.5000	  0.3189
800.0000	  0.3191
799.5000	  0.3190
799.0000	  0.3193
798.5000	  0.3194
798.0000	  0.3200
797.5000	  0.3199
797.0000	  0.3201
796.5000	  0.3197
796.0000	  0.3198
795.5000	  0.3200
795.0000	  0.3204
794.5000	  0.3203
794.0000	  0.3199
793.5000	  0.3205
793.0000	  0.3206
792.5000	  0.3209
792.0000	  0.3208
791.5000	  0.3208
791.0000	  0.3213
790.5000	  0.3210
790.0000	  0.3206
789.5000	  0.3212
789.0000	  0.3218
788.5000	  0.3217
788.0000	  0.3220
787.5000	  0.3212
787.0000	  0.3218
786.5000	  0.3222
786.0000	  0.3224
785.5000	  0.3220
785.0000	  0.3222
784.5000	  0.3218
784.0000	  0.3229
783.5000	  0.3224
783.0000	  0.3229
782.5000	  0.3227
782.0000	  0.3232
781.5000	  0.3236
781.0000	  0.3231
780.5000	  0.3232
780.0000	  0.3225
779.5000	  0.3228
779.0000	  0.3224
778.5000	  0.3242
778.0000	  0.3234
777.5000	  0.3231
777.0000	  0.3238
776.5000	  0.3237
776.0000	  0.3232
775.5000	  0.3234
775.0000	  0.3233
774.5000	  0.3233
774.0000	  0.3230
773.5000	  0.3237
773.0000	  0.3242
772.5000	  0.3239
772.0000	  0.3235
771.5000	  0.3236
771.0000	  0.3244
770.5000	  0.3242
770.0000	  0.3243
769.5000	  0.3239
769.0000	  0.3246
768.5000	  0.3233
768.0000	  0.3244
767.5000	  0.3245
767.0000	  0.3239
766.5000	  0.3236
766.0000	  0.3244
765.5000	  0.3243
765.0000	  0.3242
764.5000	  0.3238
764.0000	  0.3247
763.5000	  0.3244
763.0000	  0.3240
762.5000	  0.3246
762.0000	  0.3241
761.5000	  0.3240
761.0000	  0.3248
760.5000	  0.3247
760.0000	  0.3248
759.5000	  0.3242
759.0000	  0.3249
758.5000	  0.3247
758.0000	  0.3250
757.5000	  0.3246
757.0000	  0.3239
756.5000	  0.3244
756.0000	  0.3246
755.5000	  0.3245
755.0000	  0.3247
754.5000	  0.3242
754.0000	  0.3243
753.5000	  0.3234
753.0000	  0.3244
752.5000	  0.3245
752.0000	  0.3243
751.5000	  0.3247
751.0000	  0.3244
750.5000	  0.3244
750.0000	  0.3242
749.5000	  0.3240
749.0000	  0.3242
748.5000	  0.3241
748.0000	  0.3246
747.5000	  0.3241
747.0000	  0.3238
746.5000	  0.3247
746.0000	  0.3240
745.5000	  0.3236
745.0000	  0.3244
744.5000	  0.3245
744.0000	  0.3239
743.5000	  0.3244
743.0000	  0.3239
742.5000	  0.3243
742.0000	  0.3240
741.5000	  0.3239
741.0000	  0.3238
740.5000	  0.3242
740.0000	  0.3238
739.5000	  0.3238
739.0000	  0.3238
738.5000	  0.3235
738.0000	  0.3234
737.5000	  0.3238
737.0000	  0.3237
736.5000	  0.3239
736.0000	  0.3235
735.5000	  0.3243
735.0000	  0.3232
734.5000	  0.3232
734.0000	  0.3239
733.5000	  0.3243
733.0000	  0.3235
732.5000	  0.3239
732.0000	  0.3243
731.5000	  0.3238
731.0000	  0.3238
730.5000	  0.3245
730.0000	  0.3238
729.5000	  0.3240
729.0000	  0.3241
728.5000	  0.3245
728.0000	  0.3251
727.5000	  0.3241
727.0000	  0.3246
726.5000	  0.3251
726.0000	  0.3256
725.5000	  0.3254
725.0000	  0.3258
724.5000	  0.3258
724.0000	  0.3266
723.5000	  0.3271
723.0000	  0.3275
722.5000	  0.3274
722.0000	  0.3289
721.5000	  0.3288
721.0000	  0.3296
720.5000	  0.3293
720.0000	  0.3304
719.5000	  0.3313
719.0000	  0.3311
718.5000	  0.3317
718.0000	  0.3325
717.5000	  0.3325
717.0000	  0.3325
716.5000	  0.3326
716.0000	  0.3302
715.5000	  0.3299
715.0000	  0.3303
714.5000	  0.3292
714.0000	  0.3277
713.5000	  0.3265
713.0000	  0.3252
712.5000	  0.3241
712.0000	  0.3235
711.5000	  0.3223
711.0000	  0.3217
710.5000	  0.3207
710.0000	  0.3198
709.5000	  0.3196
709.0000	  0.3181
708.5000	  0.3182
708.0000	  0.3170
707.5000	  0.3161
707.0000	  0.3161
706.5000	  0.3159
706.0000	  0.3160
705.5000	  0.3153
705.0000	  0.3158
704.5000	  0.3153
704.0000	  0.3149
703.5000	  0.3150
703.0000	  0.3143
702.5000	  0.3142
702.0000	  0.3147
701.5000	  0.3145
701.0000	  0.3147
700.5000	  0.3140
700.0000	  0.3136
699.5000	  0.3131
699.0000	  0.3135
698.5000	  0.3131
698.0000	  0.3121
697.5000	  0.3123
697.0000	  0.3120
696.5000	  0.3122
696.0000	  0.3115
695.5000	  0.3116
695.0000	  0.3112
694.5000	  0.3108
694.0000	  0.3112
693.5000	  0.3107
693.0000	  0.3100
692.5000	  0.3108
692.0000	  0.3101
691.5000	  0.3094
691.0000	  0.3096
690.5000	  0.3093
690.0000	  0.3092
689.5000	  0.3087
689.0000	  0.3091
688.5000	  0.3083
688.0000	  0.3081
687.5000	  0.3079
687.0000	  0.3078
686.5000	  0.3079
686.0000	  0.3074
685.5000	  0.3067
685.0000	  0.3074
684.5000	  0.3065
684.0000	  0.3066
683.5000	  0.3064
683.0000	  0.3058
682.5000	  0.3060
682.0000	  0.3056
681.5000	  0.3052
681.0000	  0.3054
680.5000	  0.3045
680.0000	  0.3051
679.5000	  0.3043
679.0000	  0.3043
678.5000	  0.3040
678.0000	  0.3034
677.5000	  0.3040
677.0000	  0.3042
676.5000	  0.3036
676.0000	  0.3033
675.5000	  0.3034
675.0000	  0.3030
674.5000	  0.3028
674.0000	  0.3020
673.5000	  0.3017
673.0000	  0.3025
672.5000	  0.3016
672.0000	  0.3016
671.5000	  0.3012
671.0000	  0.3012
670.5000	  0.3011
670.0000	  0.3009
669.5000	  0.3008
669.0000	  0.3002
668.5000	  0.3000
668.0000	  0.3006
667.5000	  0.2998
667.0000	  0.3003
666.5000	  0.2994
666.0000	  0.2991
665.5000	  0.2991
665.0000	  0.2988
664.5000	  0.2988
664.0000	  0.2988
663.5000	  0.2984
663.0000	  0.2983
662.5000	  0.2982
662.0000	  0.2979
661.5000	  0.2977
661.0000	  0.2974
660.5000	  0.2974
660.0000	  0.2978
659.5000	  0.2970
659.0000	  0.2971
658.5000	  0.2973
658.0000	  0.2969
657.5000	  0.2969
657.0000	  0.2963
656.5000	  0.2966
656.0000	  0.2964
655.5000	  0.2960
655.0000	  0.2958
654.5000	  0.2961
654.0000	  0.2959
653.5000	  0.2962
653.0000	  0.2953
652.5000	  0.2954
652.0000	  0.2949
651.5000	  0.2951
651.0000	  0.2949
650.5000	  0.2946
650.0000	  0.2946
649.5000	  0.2945
649.0000	  0.2941
648.5000	  0.2943
648.0000	  0.2939
647.5000	  0.2940
647.0000	  0.2941
646.5000	  0.2940
646.0000	  0.2941
645.5000	  0.2942
645.0000	  0.2943
644.5000	  0.2936
644.0000	  0.2933
643.5000	  0.2935
643.0000	  0.2935
642.5000	  0.2932
642.0000	  0.2929
641.5000	  0.2930
641.0000	  0.2929
640.5000	  0.2931
640.0000	  0.2925
639.5000	  0.2927
639.0000	  0.2927
638.5000	  0.2926
638.0000	  0.2927
637.5000	  0.2923
637.0000	  0.2925
636.5000	  0.2927
636.0000	  0.2925
635.5000	  0.2926
635.0000	  0.2924
634.5000	  0.2926
634.0000	  0.2926
633.5000	  0.2925
633.0000	  0.2929
632.5000	  0.2922
632.0000	  0.2925
631.5000	  0.2930
631.0000	  0.2928
630.5000	  0.2932
630.0000	  0.2932
629.5000	  0.2933
629.0000	  0.2944
628.5000	  0.2945
628.0000	  0.2951
627.5000	  0.2953
627.0000	  0.2963
626.5000	  0.2966
626.0000	  0.2967
625.5000	  0.2974
625.0000	  0.2978
624.5000	  0.2990
624.0000	  0.2992
623.5000	  0.2995
623.0000	  0.3003
622.5000	  0.3008
622.0000	  0.3012
621.5000	  0.3019
621.0000	  0.3025
620.5000	  0.3028
620.0000	  0.3034
619.5000	  0.3036
619.0000	  0.3038
618.5000	  0.3045
618.0000	  0.3048
617.5000	  0.3046
617.0000	  0.3056
616.5000	  0.3051
616.0000	  0.3053
615.5000	  0.3056
615.0000	  0.3058
614.5000	  0.3060
614.0000	  0.3058
613.5000	  0.3066
613.0000	  0.3069
612.5000	  0.3072
612.0000	  0.3074
611.5000	  0.3077
611.0000	  0.3085
610.5000	  0.3078
610.0000	  0.3088
609.5000	  0.3087
609.0000	  0.3093
608.5000	  0.3098
608.0000	  0.3097
607.5000	  0.3100
607.0000	  0.3112
606.5000	  0.3111
606.0000	  0.3122
605.5000	  0.3118
605.0000	  0.3125
604.5000	  0.3133
604.0000	  0.3132
603.5000	  0.3140
603.0000	  0.3146
602.5000	  0.3143
602.0000	  0.3152
601.5000	  0.3159
601.0000	  0.3161
600.5000	  0.3169
600.0000	  0.3168
599.5000	  0.3175
599.0000	  0.3176
598.5000	  0.3189
598.0000	  0.3189
597.5000	  0.3198
597.0000	  0.3205
596.5000	  0.3210
596.0000	  0.3218
595.5000	  0.3217
595.0000	  0.3220
594.5000	  0.3228
594.0000	  0.3238
593.5000	  0.3240
593.0000	  0.3250
592.5000	  0.3250
592.0000	  0.3259
591.5000	  0.3265
591.0000	  0.3271
590.5000	  0.3275
590.0000	  0.3281
589.5000	  0.3290
589.0000	  0.3296
588.5000	  0.3303
588.0000	  0.3306
587.5000	  0.3319
587.0000	  0.3319
586.5000	  0.3325
586.0000	  0.3335
585.5000	  0.3343
585.0000	  0.3347
584.5000	  0.3352
584.0000	  0.3366
583.5000	  0.3370
583.0000	  0.3368
582.5000	  0.3384
582.0000	  0.3385
581.5000	  0.3396
581.0000	  0.3402
580.5000	  0.3408
580.0000	  0.3417
579.5000	  0.3423
579.0000	  0.3435
578.5000	  0.3437
578.0000	  0.3443
577.5000	  0.3455
577.0000	  0.3460
576.5000	  0.3473
576.0000	  0.3473
575.5000	  0.3478
575.0000	  0.3486
574.5000	  0.3494
574.0000	  0.3508
573.5000	  0.3510
573.0000	  0.3519
572.5000	  0.3529
572.0000	  0.3532
571.5000	  0.3541
571.0000	  0.3548
570.5000	  0.3555
570.0000	  0.3566
569.5000	  0.3579
569.0000	  0.3584
568.5000	  0.3590
568.0000	  0.3598
567.5000	  0.3605
567.0000	  0.3614
566.5000	  0.3624
566.0000	  0.3630
565.5000	  0.3636
565.0000	  0.3650
564.5000	  0.3662
564.0000	  0.3671
563.5000	  0.3676
563.0000	  0.3687
562.5000	  0.3686
562.0000	  0.3702
561.5000	  0.3711
561.0000	  0.3720
560.5000	  0.3732
560.0000	  0.3744
559.5000	  0.3759
559.0000	  0.3761
558.5000	  0.3772
558.0000	  0.3780
557.5000	  0.3791
557.0000	  0.3804
556.5000	  0.3806
556.0000	  0.3812
555.5000	  0.3824
555.0000	  0.3834
554.5000	  0.3843
554.0000	  0.3852
553.5000	  0.3859
553.0000	  0.3868
552.5000	  0.3883
552.0000	  0.3886
551.5000	  0.3896
551.0000	  0.3906
550.5000	  0.3919
550.0000	  0.3929
549.5000	  0.3933
549.0000	  0.3946
548.5000	  0.3951
548.0000	  0.3961
547.5000	  0.3974
547.0000	  0.3982
546.5000	  0.3992
546.0000	  0.3994
545.5000	  0.4010
545.0000	  0.4013
544.5000	  0.4030
544.0000	  0.4028
543.5000	  0.4043
543.0000	  0.4051
542.5000	  0.4059
542.0000	  0.4072
541.5000	  0.4082
541.0000	  0.4090
540.5000	  0.4099
540.0000	  0.4104
539.5000	  0.4114
539.0000	  0.4125
538.5000	  0.4127
538.0000	  0.4142
537.5000	  0.4147
537.0000	  0.4160
536.5000	  0.4167
536.0000	  0.4173
535.5000	  0.4184
535.0000	  0.4194
534.5000	  0.4201
534.0000	  0.4206
533.5000	  0.4223
533.0000	  0.4226
532.5000	  0.4240
532.0000	  0.4241
531.5000	  0.4246
531.0000	  0.4266
530.5000	  0.4266
530.0000	  0.4279
529.5000	  0.4286
529.0000	  0.4294
528.5000	  0.4301
528.0000	  0.4308
527.5000	  0.4320
527.0000	  0.4328
526.5000	  0.4332
526.0000	  0.4347
525.5000	  0.4350
525.0000	  0.4358
524.5000	  0.4363
524.0000	  0.4373
523.5000	  0.4383
523.0000	  0.4388
522.5000	  0.4395
522.0000	  0.4399
521.5000	  0.4407
521.0000	  0.4422
520.5000	  0.4425
520.0000	  0.4432
519.5000	  0.4436
519.0000	  0.4443
518.5000	  0.4456
518.0000	  0.4458
517.5000	  0.4463
517.0000	  0.4471
516.5000	  0.4475
516.0000	  0.4478
515.5000	  0.4489
515.0000	  0.4493
514.5000	  0.4499
514.0000	  0.4503
513.5000	  0.4508
513.0000	  0.4515
512.5000	  0.4523
512.0000	  0.4521
511.5000	  0.4532
511.0000	  0.4532
510.5000	  0.4543
510.0000	  0.4544
509.5000	  0.4549
509.0000	  0.4554
508.5000	  0.4559
508.0000	  0.4568
507.5000	  0.4572
507.0000	  0.4578
506.5000	  0.4588
506.0000	  0.4589
505.5000	  0.4601
505.0000	  0.4596
504.5000	  0.4615
504.0000	  0.4611
503.5000	  0.4624
503.0000	  0.4630
502.5000	  0.4635
502.0000	  0.4643
501.5000	  0.4651
501.0000	  0.4653
500.5000	  0.4656
500.0000	  0.4663
499.5000	  0.4667
499.0000	  0.4670
498.5000	  0.4676
498.0000	  0.4680
497.5000	  0.4681
497.0000	  0.4685
496.5000	  0.4685
496.0000	  0.4688
495.5000	  0.4691
495.0000	  0.4689
494.5000	  0.4680
494.0000	  0.4687
493.5000	  0.4686
493.0000	  0.4682
492.5000	  0.4683
492.0000	  0.4677
491.5000	  0.4675
491.0000	  0.4676
490.5000	  0.4666
490.0000	  0.4668
489.5000	  0.4663
489.0000	  0.4662
488.5000	  0.4645
488.0000	  0.4647
487.5000	  0.4641
487.0000	  0.4640
486.5000	  0.4626
486.0000	  0.4621
485.5000	  0.4621
485.0000	  0.4608
484.5000	  0.4605
484.0000	  0.4593
483.5000	  0.4591
483.0000	  0.4589
482.5000	  0.4575
482.0000	  0.4574
481.5000	  0.4568
481.0000	  0.4555
480.5000	  0.4556
480.0000	  0.4554
479.5000	  0.4541
479.0000	  0.4540
478.5000	  0.4534
478.0000	  0.4520
477.5000	  0.4527
477.0000	  0.4512
476.5000	  0.4510
476.0000	  0.4505
475.5000	  0.4494
475.0000	  0.4498
474.5000	  0.4484
474.0000	  0.4476
473.5000	  0.4474
473.0000	  0.4465
472.5000	  0.4465
472.0000	  0.4455
471.5000	  0.4459
471.0000	  0.4444
470.5000	  0.4440
470.0000	  0.4438
469.5000	  0.4432
469.0000	  0.4423
468.5000	  0.4421
468.0000	  0.4424
467.5000	  0.4421
467.0000	  0.4406
466.5000	  0.4409
466.0000	  0.4401
465.5000	  0.4397
465.0000	  0.4393
464.5000	  0.4392
464.0000	  0.4398
463.5000	  0.4388
463.0000	  0.4385
462.5000	  0.4382
462.0000	  0.4377
461.5000	  0.4368
461.0000	  0.4370
460.5000	  0.4371
460.0000	  0.4368
459.5000	  0.4358
459.0000	  0.4354
458.5000	  0.4358
458.0000	  0.4343
457.5000	  0.4341
457.0000	  0.4342
456.5000	  0.4332
456.0000	  0.4322
455.5000	  0.4325
455.0000	  0.4312
454.5000	  0.4308
454.0000	  0.4278
453.5000	  0.4284
453.0000	  0.4268
452.5000	  0.4260
452.0000	  0.4245
451.5000	  0.4240
451.0000	  0.4215
450.5000	  0.4213
450.0000	  0.4191
449.5000	  0.4181
449.0000	  0.4167
448.5000	  0.4144
448.0000	  0.4139
447.5000	  0.4129
447.0000	  0.4107
446.5000	  0.4109
446.0000	  0.4088
445.5000	  0.4081
445.0000	  0.4069
444.5000	  0.4056
444.0000	  0.4055
443.5000	  0.4035
443.0000	  0.4022
442.5000	  0.4020
442.0000	  0.4010
441.5000	  0.4006
441.0000	  0.3988
440.5000	  0.3980
440.0000	  0.3974
439.5000	  0.3967
439.0000	  0.3960
438.5000	  0.3952
438.0000	  0.3948
437.5000	  0.3930
437.0000	  0.3935
436.5000	  0.3925
436.0000	  0.3920
435.5000	  0.3914
435.0000	  0.3903
434.5000	  0.3906
434.0000	  0.3892
433.5000	  0.3887
433.0000	  0.3881
432.5000	  0.3878
432.0000	  0.3876
431.5000	  0.3865
431.0000	  0.3863
430.5000	  0.3854
430.0000	  0.3847
429.5000	  0.3845
429.0000	  0.3839
428.5000	  0.3831
428.0000	  0.3835
427.5000	  0.3817
427.0000	  0.3824
426.5000	  0.3811
426.0000	  0.3815
425.5000	  0.3809
425.0000	  0.3801
424.5000	  0.3801
424.0000	  0.3791
423.5000	  0.3796
423.0000	  0.3792
422.5000	  0.3791
422.0000	  0.3776
421.5000	  0.3779
421.0000	  0.3769
420.5000	  0.3769
420.0000	  0.3770
419.5000	  0.3769
419.0000	  0.3760
418.5000	  0.3754
418.0000	  0.3752
417.5000	  0.3751
417.0000	  0.3744
416.5000	  0.3743
416.0000	  0.3743
415.5000	  0.3733
415.0000	  0.3732
414.5000	  0.3725
414.0000	  0.3724
413.5000	  0.3724
413.0000	  0.3712
412.5000	  0.3716
412.0000	  0.3706
411.5000	  0.3698
411.0000	  0.3703
410.5000	  0.3698
410.0000	  0.3694
409.5000	  0.3693
409.0000	  0.3690
408.5000	  0.3684
408.0000	  0.3691
407.5000	  0.3681
407.0000	  0.3680
406.5000	  0.3665
406.0000	  0.3673
405.5000	  0.3670
405.0000	  0.3659
404.5000	  0.3658
404.0000	  0.3656
403.5000	  0.3645
403.0000	  0.3647
402.5000	  0.3642
402.0000	  0.3648
401.5000	  0.3638
401.0000	  0.3644
400.5000	  0.3628
400.0000	  0.3636
399.5000	  0.3631
399.0000	  0.3628
398.5000	  0.3625
398.0000	  0.3617
397.5000	  0.3616
397.0000	  0.3615
396.5000	  0.3600
396.0000	  0.3615
395.5000	  0.3601
395.0000	  0.3605
394.5000	  0.3603
394.0000	  0.3596
393.5000	  0.3594
393.0000	  0.3594
392.5000	  0.3589
392.0000	  0.3595
391.5000	  0.3592
391.0000	  0.3593
390.5000	  0.3589
390.0000	  0.3595
389.5000	  0.3591
389.0000	  0.3587
388.5000	  0.3591
388.0000	  0.3590
387.5000	  0.3589
387.0000	  0.3580
386.5000	  0.3583
386.0000	  0.3598
385.5000	  0.3584
385.0000	  0.3588
384.5000	  0.3591
384.0000	  0.3585
383.5000	  0.3591
383.0000	  0.3582
382.5000	  0.3590
382.0000	  0.3581
381.5000	  0.3582
381.0000	  0.3593
380.5000	  0.3586
380.0000	  0.3581
379.5000	  0.3581
379.0000	  0.3594
378.5000	  0.3585
378.0000	  0.3585
377.5000	  0.3583
377.0000	  0.3591
376.5000	  0.3585
376.0000	  0.3589
375.5000	  0.3589
375.0000	  0.3579
374.5000	  0.3583
374.0000	  0.3581
373.5000	  0.3582
373.0000	  0.3577
372.5000	  0.3579
372.0000	  0.3568
371.5000	  0.3570
371.0000	  0.3581
370.5000	  0.3593
370.0000	  0.3587
369.5000	  0.3569
369.0000	  0.3573
368.5000	  0.3573
368.0000	  0.3569
367.5000	  0.3568
367.0000	  0.3578
366.5000	  0.3561
366.0000	  0.3565
365.5000	  0.3563
365.0000	  0.3555
364.5000	  0.3558
364.0000	  0.3547
363.5000	  0.3563
363.0000	  0.3563
362.5000	  0.3562
362.0000	  0.3560
361.5000	  0.3568
361.0000	  0.3565
360.5000	  0.3577
360.0000	  0.3548
359.5000	  0.3554
359.0000	  0.3568
358.5000	  0.3556
358.0000	  0.3561
357.5000	  0.3541
357.0000	  0.3560
356.5000	  0.3553
356.0000	  0.3561
355.5000	  0.3561
355.0000	  0.3551
354.5000	  0.3564
354.0000	  0.3549
353.5000	  0.3553
353.0000	  0.3544
352.5000	  0.3539
352.0000	  0.3547
351.5000	  0.3547
351.0000	  0.3545
350.5000	  0.3542
350.0000	  0.3540
349.5000	  0.3536
349.0000	  0.3535
348.5000	  0.3542
348.0000	  0.3535
347.5000	  0.3536
347.0000	  0.3556
346.5000	  0.3540
346.0000	  0.3534
345.5000	  0.3526
345.0000	  0.3532
344.5000	  0.3539
344.0000	  0.3520
343.5000	  0.3513
343.0000	  0.3514
342.5000	  0.3511
342.0000	  0.3517
341.5000	  0.3496
341.0000	  0.3506
340.5000	  0.3543
340.0000	  0.3519
339.5000	  0.3525
339.0000	  0.3548
338.5000	  0.3545
338.0000	  0.3537
337.5000	  0.3558
337.0000	  0.3538
336.5000	  0.3560
336.0000	  0.3546
335.5000	  0.3533
335.0000	  0.3557
334.5000	  0.3556
334.0000	  0.3521
333.5000	  0.3564
333.0000	  0.3588
332.5000	  0.3563
332.0000	  0.3573
331.5000	  0.3591
331.0000	  0.3595
330.5000	  0.3580
330.0000	  0.3590
329.5000	  0.3580
329.0000	  0.3606
328.5000	  0.3626
328.0000	  0.3644
327.5000	  0.3629
327.0000	  0.3642
326.5000	  0.3680
326.0000	  0.3685
325.5000	  0.3673
325.0000	  0.3683
324.5000	  0.3719
324.0000	  0.3762
323.5000	  0.3768
323.0000	  0.3803
322.5000	  0.3851
322.0000	  0.3838
321.5000	  0.3896
321.0000	  0.3921
320.5000	  0.3969
320.0000	  0.3995
319.5000	  0.4063
319.0000	  0.4068
318.5000	  0.4120
318.0000	  0.4183
317.5000	  0.4267
317.0000	  0.4285
316.5000	  0.4375
316.0000	  0.4471
315.5000	  0.4524
315.0000	  0.4574
314.5000	  0.4690
314.0000	  0.4784
313.5000	  0.4954
313.0000	  0.5033
312.5000	  0.5156
312.0000	  0.5290
311.5000	  0.5471
311.0000	  0.5665
310.5000	  0.5809
310.0000	  0.5896
309.5000	  0.6323
309.0000	  0.6353
308.5000	  0.6796
308.0000	  0.7072
307.5000	  0.7291
307.0000	  0.7698
306.5000	  0.7890
306.0000	  0.8346
305.5000	  0.8914
305.0000	  0.9570
304.5000	  0.9626
304.0000	  1.0483
303.5000	  1.1184
303.0000	  1.1773
302.5000	  1.2808
302.0000	  1.3621
301.5000	  1.5168
301.0000	  1.4852
300.5000	  1.6788
300.0000	  1.8035
299.5000	  1.9175
299.0000	  1.9911
298.5000	  2.3316
298.0000	  2.5412
297.5000	  2.5710
297.0000	  3.1859
296.5000	  3.1428
296.0000	  3.5101
295.5000	  3.6840
295.0000	  5.6881
294.5000	  3.5080
294.0000	  3.3813
293.5000	  5.8074
293.0000	  3.6983
292.5000	 40.0874
292.0000	  2.4179
291.5000	  3.8254
291.0000	  1.2932
290.5000	  1.5621
290.0000	  1.3413
289.5000	  1.1485
289.0000	  1.3141
288.5000	 10.2796
288.0000	 58.5106
287.5000	  1.2364
287.0000	 -2.5923
286.5000	 -0.0058
286.0000	 -3.2434
285.5000	  0.2331
285.0000	 -1.1164
284.5000	  0.4037
284.0000	  1.5161
283.5000	  0.8705
283.0000	  8.8562
282.5000	  2.0596
282.0000	 -0.1011
281.5000	 -1.0422
281.0000	  0.1818
280.5000	  2.9965
280.0000	  0.3169
279.5000	-10.2353
279.0000	 -0.0301
278.5000	 -0.2446
278.0000	  0.3082
277.5000	  0.9258
277.0000	  0.9108
276.5000	 -0.9439
276.0000	  0.8220
275.5000	  5.3734
275.0000	  4.2220
274.5000	  0.1452
274.0000	  0.2840
273.5000	  2.9766
273.0000	  0.7739
272.5000	  1.8789
272.0000	  1.8973
271.5000	  0.5492
271.0000	  3.1172
270.5000	  2.8479
270.0000	 -4.3265
269.5000	 -0.4957
269.0000	  0.0221
268.5000	  1.0614
268.0000	  1.1762
267.5000	  5.0351
267.0000	  4.7896
266.5000	 -1.3566
266.0000	  0.3621
265.5000	 -1.2625
265.0000	  0.5815
264.5000	 -0.8080
264.0000	  0.7652
263.5000	  0.1593
263.0000	  0.5078
262.5000	  0.5508
262.0000	  0.7066
261.5000	 -1.6685
261.0000	  2.8963
260.5000	  0.7624
260.0000	 -1.1943
259.5000	  1.2150
259.0000	  1.1088
258.5000	  1.0551
258.0000	 -0.2123
257.5000	  0.7440
257.0000	  1.3385
256.5000	  0.4176
256.0000	-37.0171
255.5000	  0.3555
255.0000	 -1.7040
254.5000	  0.6538
254.0000	 -0.7642
253.5000	  1.2711
253.0000	 11.9409
252.5000	  1.2477
252.0000	  1.4551
251.5000	 -6.8331
251.0000	  0.1574
250.5000	  6.7450
250.0000	  0.3997
249.5000	  1.3533
249.0000	  0.9976
248.5000	 -0.6789
248.0000	  0.5344
247.5000	  1.1341
247.0000	  1.0654
246.5000	 -6.0346
246.0000	  1.2794
245.5000	  0.5383
245.0000	 -0.2913
244.5000	 -0.1121
244.0000	  1.4691
243.5000	  0.2570
243.0000	  1.0221
242.5000	  1.2117
242.0000	  0.0036
241.5000	 -0.6908
241.0000	  0.7892
240.5000	  1.2424
240.0000	  0.6530
239.5000	 -0.1248
239.0000	  1.3287
238.5000	  0.4685
238.0000	 -0.1768
237.5000	 -0.1660
237.0000	  0.0108
236.5000	 -1.2177
236.0000	  2.5161
235.5000	  0.1429
235.0000	 -0.0084
234.5000	  0.2565
234.0000	 -0.9087
233.5000	  1.4570
233.0000	 -2.5111
232.5000	  1.4244
232.0000	 -2.3058
231.5000	 -5.4543
231.0000	  1.1382
230.5000	  0.4712
230.0000	  0.2064
229.5000	 -0.9535
229.0000	  0.7479
228.5000	  1.3769
228.0000	 -0.0185
227.5000	 -9.5529
227.0000	  0.4013
226.5000	 -0.2541
226.0000	 11.9409
225.5000	  1.0365
225.0000	  0.7453
224.5000	  1.0742
224.0000	  2.4262
223.5000	 -5.5520
223.0000	 -2.4537
222.5000	  0.1802
222.0000	 13.3838
221.5000	  1.2405
221.0000	  0.0671
220.5000	  1.9902
220.0000	  2.4103
219.5000	  0.9824
219.0000	  0.5750
218.5000	 -0.6812
218.0000	  2.2703
217.5000	  1.1571
217.0000	 -0.1211
216.5000	 26.9069
216.0000	  6.0882
215.5000	 -0.0855
215.0000	 -8.6574
214.5000	  0.5759
214.0000	  1.1476
213.5000	  0.0062
213.0000	  0.9419
212.5000	 12.4186
212.0000	  2.6270
211.5000	  6.1763
211.0000	  0.7405
210.5000	 -0.2390
210.0000	  0.2663
209.5000	  0.8844
209.0000	 -0.0372
208.5000	 -0.1451
208.0000	 19.1652
207.5000	 -0.5839
207.0000	  1.1192
206.5000	 -1.8217
206.0000	 -2.2040
205.5000	  3.0381
205.0000	 -0.2758
204.5000	 -2.4392
204.0000	  0.9193
203.5000	  0.2465
203.0000	  0.6837
202.5000	  0.6765
202.0000	  1.9546
201.5000	 -2.8801
201.0000	 -0.9230
200.5000	  0.8369
200.0000	 -2.1043

