23/04/2024 15.21.32
23/04/2024 15.30.31

800.0000	  7.6600

800.0000	  7.6600

900.0000	  7.3900



  1.0000
900.0000
  3.0000
340.0000
  1.0000
1401.0000
  5.0000
  6.0000
  1.0000
  1.0000
  0.0000
  0.0000
100.0000
  0.0000
  1.0000
  0.0000
500.0000
900.0000
200.0000
  4.0000
  1.0000
 18.0000
  2.0000
  1.0000
255.0000
  0.7927
  1.0000
 30.0000
  4.0000
500.0000
  0.0000
  0.0000
  4.0000
900.0000
200.0000
  0.0000
100.0000
  0.0000
  1.0000
  0.0000
500.0000
  1.0000
  1.0000
  1.0000
  1.0000
  4.0000
  0.0000
  1.0000
  1.0000
  1.0000
  1.0000
  1.0000
  2.0000
  1.0000
  1.0000
  1.0000
  3.0000
  1.0000
  1.0000
  1.0000
  4.0000
  5.0000
538.933
0.000

lambda: 800
Abs:    -0.0007
ID:     15

#
900.0000	  0.0714
899.5000	  0.0689
899.0000	  0.0661
898.5000	  0.0715
898.0000	  0.0801
897.5000	  0.0681
897.0000	  0.0779
896.5000	  0.0736
896.0000	  0.0728
895.5000	  0.0722
895.0000	  0.0806
894.5000	  0.0788
894.0000	  0.0728
893.5000	  0.0703
893.0000	  0.0668
892.5000	  0.0703
892.0000	  0.0688
891.5000	  0.0668
891.0000	  0.0741
890.5000	  0.0679
890.0000	  0.0749
889.5000	  0.0725
889.0000	  0.0738
888.5000	  0.0735
888.0000	  0.0729
887.5000	  0.0767
887.0000	  0.0736
886.5000	  0.0756
886.0000	  0.0710
885.5000	  0.0739
885.0000	  0.0689
884.5000	  0.0786
884.0000	  0.0729
883.5000	  0.0716
883.0000	  0.0757
882.5000	  0.0734
882.0000	  0.0755
881.5000	  0.0704
881.0000	  0.0728
880.5000	  0.0756
880.0000	  0.0793
879.5000	  0.0746
879.0000	  0.0734
878.5000	  0.0737
878.0000	  0.0712
877.5000	  0.0727
877.0000	  0.0734
876.5000	  0.0715
876.0000	  0.0752
875.5000	  0.0757
875.0000	  0.0759
874.5000	  0.0735
874.0000	  0.0756
873.5000	  0.0734
873.0000	  0.0723
872.5000	  0.0747
872.0000	  0.0762
871.5000	  0.0736
871.0000	  0.0775
870.5000	  0.0741
870.0000	  0.0712
869.5000	  0.0744
869.0000	  0.0742
868.5000	  0.0749
868.0000	  0.0743
867.5000	  0.0759
867.0000	  0.0779
866.5000	  0.0737
866.0000	  0.0739
865.5000	  0.0742
865.0000	  0.0756
864.5000	  0.0743
864.0000	  0.0742
863.5000	  0.0744
863.0000	  0.0755
862.5000	  0.0765
862.0000	  0.0736
861.5000	  0.0765
861.0000	  0.0746
860.5000	  0.0757
860.0000	  0.0765
859.5000	  0.0765
859.0000	  0.0748
858.5000	  0.0762
858.0000	  0.0756
857.5000	  0.0749
857.0000	  0.0752
856.5000	  0.0759
856.0000	  0.0754
855.5000	  0.0761
855.0000	  0.0763
854.5000	  0.0764
854.0000	  0.0773
853.5000	  0.0749
853.0000	  0.0766
852.5000	  0.0768
852.0000	  0.0765
851.5000	  0.0767
851.0000	  0.0769
850.5000	  0.0764
850.0000	  0.0760
849.5000	  0.0757
849.0000	  0.0770
848.5000	  0.0767
848.0000	  0.0773
847.5000	  0.0772
847.0000	  0.0777
846.5000	  0.0776
846.0000	  0.0772
845.5000	  0.0773
845.0000	  0.0774
844.5000	  0.0766
844.0000	  0.0777
843.5000	  0.0779
843.0000	  0.0768
842.5000	  0.0777
842.0000	  0.0770
841.5000	  0.0779
841.0000	  0.0767
840.5000	  0.0776
840.0000	  0.0777
839.5000	  0.0778
839.0000	  0.0766
838.5000	  0.0778
838.0000	  0.0778
837.5000	  0.0775
837.0000	  0.0784
836.5000	  0.0774
836.0000	  0.0774
835.5000	  0.0779
835.0000	  0.0776
834.5000	  0.0778
834.0000	  0.0780
833.5000	  0.0778
833.0000	  0.0775
832.5000	  0.0774
832.0000	  0.0777
831.5000	  0.0780
831.0000	  0.0774
830.5000	  0.0775
830.0000	  0.0780
829.5000	  0.0778
829.0000	  0.0777
828.5000	  0.0777
828.0000	  0.0774
827.5000	  0.0777
827.0000	  0.0775
826.5000	  0.0773
826.0000	  0.0776
825.5000	  0.0773
825.0000	  0.0775
824.5000	  0.0777
824.0000	  0.0770
823.5000	  0.0778
823.0000	  0.0776
822.5000	  0.0772
822.0000	  0.0776
821.5000	  0.0773
821.0000	  0.0776
820.5000	  0.0770
820.0000	  0.0776
819.5000	  0.0774
819.0000	  0.0774
818.5000	  0.0772
818.0000	  0.0770
817.5000	  0.0768
817.0000	  0.0774
816.5000	  0.0769
816.0000	  0.0772
815.5000	  0.0771
815.0000	  0.0770
814.5000	  0.0769
814.0000	  0.0773
813.5000	  0.0771
813.0000	  0.0771
812.5000	  0.0770
812.0000	  0.0767
811.5000	  0.0771
811.0000	  0.0766
810.5000	  0.0768
810.0000	  0.0770
809.5000	  0.0770
809.0000	  0.0764
808.5000	  0.0771
808.0000	  0.0766
807.5000	  0.0770
807.0000	  0.0768
806.5000	  0.0769
806.0000	  0.0769
805.5000	  0.0766
805.0000	  0.0767
804.5000	  0.0769
804.0000	  0.0766
803.5000	  0.0766
803.0000	  0.0766
802.5000	  0.0764
802.0000	  0.0764
801.5000	  0.0763
801.0000	  0.0762
800.5000	  0.0765
800.0000	  0.0761
799.5000	  0.0764
799.0000	  0.0760
798.5000	  0.0762
798.0000	  0.0763
797.5000	  0.0760
797.0000	  0.0763
796.5000	  0.0760
796.0000	  0.0762
795.5000	  0.0762
795.0000	  0.0759
794.5000	  0.0761
794.0000	  0.0760
793.5000	  0.0757
793.0000	  0.0758
792.5000	  0.0758
792.0000	  0.0758
791.5000	  0.0758
791.0000	  0.0757
790.5000	  0.0757
790.0000	  0.0755
789.5000	  0.0757
789.0000	  0.0753
788.5000	  0.0755
788.0000	  0.0754
787.5000	  0.0753
787.0000	  0.0752
786.5000	  0.0757
786.0000	  0.0752
785.5000	  0.0754
785.0000	  0.0751
784.5000	  0.0754
784.0000	  0.0754
783.5000	  0.0754
783.0000	  0.0750
782.5000	  0.0753
782.0000	  0.0753
781.5000	  0.0749
781.0000	  0.0750
780.5000	  0.0749
780.0000	  0.0747
779.5000	  0.0749
779.0000	  0.0750
778.5000	  0.0748
778.0000	  0.0745
777.5000	  0.0748
777.0000	  0.0746
776.5000	  0.0746
776.0000	  0.0746
775.5000	  0.0745
775.0000	  0.0744
774.5000	  0.0744
774.0000	  0.0742
773.5000	  0.0741
773.0000	  0.0743
772.5000	  0.0742
772.0000	  0.0744
771.5000	  0.0741
771.0000	  0.0738
770.5000	  0.0739
770.0000	  0.0738
769.5000	  0.0738
769.0000	  0.0739
768.5000	  0.0736
768.0000	  0.0739
767.5000	  0.0737
767.0000	  0.0736
766.5000	  0.0735
766.0000	  0.0734
765.5000	  0.0734
765.0000	  0.0735
764.5000	  0.0732
764.0000	  0.0732
763.5000	  0.0732
763.0000	  0.0733
762.5000	  0.0729
762.0000	  0.0729
761.5000	  0.0731
761.0000	  0.0730
760.5000	  0.0728
760.0000	  0.0728
759.5000	  0.0725
759.0000	  0.0728
758.5000	  0.0725
758.0000	  0.0725
757.5000	  0.0724
757.0000	  0.0723
756.5000	  0.0723
756.0000	  0.0723
755.5000	  0.0722
755.0000	  0.0721
754.5000	  0.0719
754.0000	  0.0720
753.5000	  0.0722
753.0000	  0.0719
752.5000	  0.0719
752.0000	  0.0719
751.5000	  0.0719
751.0000	  0.0718
750.5000	  0.0716
750.0000	  0.0717
749.5000	  0.0714
749.0000	  0.0715
748.5000	  0.0712
748.0000	  0.0713
747.5000	  0.0712
747.0000	  0.0709
746.5000	  0.0710
746.0000	  0.0714
745.5000	  0.0710
745.0000	  0.0707
744.5000	  0.0710
744.0000	  0.0706
743.5000	  0.0708
743.0000	  0.0708
742.5000	  0.0707
742.0000	  0.0706
741.5000	  0.0707
741.0000	  0.0706
740.5000	  0.0707
740.0000	  0.0706
739.5000	  0.0704
739.0000	  0.0704
738.5000	  0.0705
738.0000	  0.0701
737.5000	  0.0704
737.0000	  0.0703
736.5000	  0.0701
736.0000	  0.0700
735.5000	  0.0701
735.0000	  0.0699
734.5000	  0.0699
734.0000	  0.0701
733.5000	  0.0698
733.0000	  0.0701
732.5000	  0.0700
732.0000	  0.0700
731.5000	  0.0697
731.0000	  0.0698
730.5000	  0.0698
730.0000	  0.0699
729.5000	  0.0700
729.0000	  0.0697
728.5000	  0.0703
728.0000	  0.0699
727.5000	  0.0701
727.0000	  0.0699
726.5000	  0.0703
726.0000	  0.0700
725.5000	  0.0704
725.0000	  0.0706
724.5000	  0.0702
724.0000	  0.0705
723.5000	  0.0705
723.0000	  0.0708
722.5000	  0.0710
722.0000	  0.0710
721.5000	  0.0711
721.0000	  0.0713
720.5000	  0.0715
720.0000	  0.0714
719.5000	  0.0719
719.0000	  0.0716
718.5000	  0.0715
718.0000	  0.0713
717.5000	  0.0714
717.0000	  0.0713
716.5000	  0.0710
716.0000	  0.0711
715.5000	  0.0708
715.0000	  0.0703
714.5000	  0.0700
714.0000	  0.0698
713.5000	  0.0691
713.0000	  0.0691
712.5000	  0.0687
712.0000	  0.0683
711.5000	  0.0681
711.0000	  0.0678
710.5000	  0.0675
710.0000	  0.0674
709.5000	  0.0670
709.0000	  0.0670
708.5000	  0.0668
708.0000	  0.0666
707.5000	  0.0666
707.0000	  0.0666
706.5000	  0.0664
706.0000	  0.0660
705.5000	  0.0662
705.0000	  0.0664
704.5000	  0.0663
704.0000	  0.0663
703.5000	  0.0662
703.0000	  0.0661
702.5000	  0.0659
702.0000	  0.0661
701.5000	  0.0659
701.0000	  0.0660
700.5000	  0.0658
700.0000	  0.0659
699.5000	  0.0656
699.0000	  0.0658
698.5000	  0.0655
698.0000	  0.0656
697.5000	  0.0654
697.0000	  0.0656
696.5000	  0.0653
696.0000	  0.0652
695.5000	  0.0651
695.0000	  0.0652
694.5000	  0.0654
694.0000	  0.0651
693.5000	  0.0650
693.0000	  0.0650
692.5000	  0.0648
692.0000	  0.0649
691.5000	  0.0648
691.0000	  0.0649
690.5000	  0.0647
690.0000	  0.0647
689.5000	  0.0645
689.0000	  0.0649
688.5000	  0.0645
688.0000	  0.0645
687.5000	  0.0644
687.0000	  0.0645
686.5000	  0.0645
686.0000	  0.0644
685.5000	  0.0643
685.0000	  0.0645
684.5000	  0.0644
684.0000	  0.0642
683.5000	  0.0643
683.0000	  0.0641
682.5000	  0.0642
682.0000	  0.0642
681.5000	  0.0642
681.0000	  0.0639
680.5000	  0.0639
680.0000	  0.0640
679.5000	  0.0639
679.0000	  0.0641
678.5000	  0.0641
678.0000	  0.0639
677.5000	  0.0640
677.0000	  0.0640
676.5000	  0.0639
676.0000	  0.0638
675.5000	  0.0640
675.0000	  0.0641
674.5000	  0.0637
674.0000	  0.0639
673.5000	  0.0637
673.0000	  0.0638
672.5000	  0.0636
672.0000	  0.0636
671.5000	  0.0637
671.0000	  0.0638
670.5000	  0.0636
670.0000	  0.0637
669.5000	  0.0636
669.0000	  0.0634
668.5000	  0.0635
668.0000	  0.0638
667.5000	  0.0636
667.0000	  0.0637
666.5000	  0.0635
666.0000	  0.0634
665.5000	  0.0636
665.0000	  0.0635
664.5000	  0.0637
664.0000	  0.0636
663.5000	  0.0636
663.0000	  0.0636
662.5000	  0.0637
662.0000	  0.0636
661.5000	  0.0636
661.0000	  0.0634
660.5000	  0.0638
660.0000	  0.0636
659.5000	  0.0637
659.0000	  0.0637
658.5000	  0.0637
658.0000	  0.0639
657.5000	  0.0635
657.0000	  0.0638
656.5000	  0.0638
656.0000	  0.0637
655.5000	  0.0638
655.0000	  0.0636
654.5000	  0.0638
654.0000	  0.0639
653.5000	  0.0638
653.0000	  0.0639
652.5000	  0.0637
652.0000	  0.0639
651.5000	  0.0639
651.0000	  0.0640
650.5000	  0.0639
650.0000	  0.0640
649.5000	  0.0639
649.0000	  0.0640
648.5000	  0.0640
648.0000	  0.0642
647.5000	  0.0640
647.0000	  0.0641
646.5000	  0.0641
646.0000	  0.0640
645.5000	  0.0641
645.0000	  0.0640
644.5000	  0.0642
644.0000	  0.0643
643.5000	  0.0643
643.0000	  0.0641
642.5000	  0.0643
642.0000	  0.0642
641.5000	  0.0642
641.0000	  0.0643
640.5000	  0.0643
640.0000	  0.0644
639.5000	  0.0644
639.0000	  0.0644
638.5000	  0.0644
638.0000	  0.0644
637.5000	  0.0645
637.0000	  0.0646
636.5000	  0.0644
636.0000	  0.0645
635.5000	  0.0646
635.0000	  0.0645
634.5000	  0.0646
634.0000	  0.0646
633.5000	  0.0646
633.0000	  0.0647
632.5000	  0.0647
632.0000	  0.0647
631.5000	  0.0649
631.0000	  0.0649
630.5000	  0.0652
630.0000	  0.0652
629.5000	  0.0652
629.0000	  0.0656
628.5000	  0.0658
628.0000	  0.0660
627.5000	  0.0662
627.0000	  0.0663
626.5000	  0.0667
626.0000	  0.0670
625.5000	  0.0673
625.0000	  0.0674
624.5000	  0.0677
624.0000	  0.0681
623.5000	  0.0682
623.0000	  0.0687
622.5000	  0.0686
622.0000	  0.0688
621.5000	  0.0692
621.0000	  0.0694
620.5000	  0.0697
620.0000	  0.0699
619.5000	  0.0699
619.0000	  0.0701
618.5000	  0.0703
618.0000	  0.0704
617.5000	  0.0704
617.0000	  0.0705
616.5000	  0.0706
616.0000	  0.0708
615.5000	  0.0708
615.0000	  0.0710
614.5000	  0.0710
614.0000	  0.0710
613.5000	  0.0713
613.0000	  0.0715
612.5000	  0.0717
612.0000	  0.0719
611.5000	  0.0722
611.0000	  0.0722
610.5000	  0.0723
610.0000	  0.0723
609.5000	  0.0726
609.0000	  0.0728
608.5000	  0.0729
608.0000	  0.0730
607.5000	  0.0732
607.0000	  0.0737
606.5000	  0.0738
606.0000	  0.0739
605.5000	  0.0741
605.0000	  0.0742
604.5000	  0.0742
604.0000	  0.0747
603.5000	  0.0747
603.0000	  0.0751
602.5000	  0.0754
602.0000	  0.0756
601.5000	  0.0756
601.0000	  0.0759
600.5000	  0.0758
600.0000	  0.0763
599.5000	  0.0766
599.0000	  0.0766
598.5000	  0.0771
598.0000	  0.0772
597.5000	  0.0774
597.0000	  0.0775
596.5000	  0.0778
596.0000	  0.0779
595.5000	  0.0784
595.0000	  0.0785
594.5000	  0.0788
594.0000	  0.0790
593.5000	  0.0793
593.0000	  0.0795
592.5000	  0.0801
592.0000	  0.0800
591.5000	  0.0804
591.0000	  0.0805
590.5000	  0.0809
590.0000	  0.0810
589.5000	  0.0811
589.0000	  0.0816
588.5000	  0.0817
588.0000	  0.0821
587.5000	  0.0823
587.0000	  0.0826
586.5000	  0.0826
586.0000	  0.0833
585.5000	  0.0834
585.0000	  0.0836
584.5000	  0.0837
584.0000	  0.0842
583.5000	  0.0845
583.0000	  0.0849
582.5000	  0.0852
582.0000	  0.0853
581.5000	  0.0857
581.0000	  0.0860
580.5000	  0.0864
580.0000	  0.0868
579.5000	  0.0868
579.0000	  0.0871
578.5000	  0.0875
578.0000	  0.0879
577.5000	  0.0881
577.0000	  0.0884
576.5000	  0.0889
576.0000	  0.0893
575.5000	  0.0893
575.0000	  0.0897
574.5000	  0.0902
574.0000	  0.0902
573.5000	  0.0909
573.0000	  0.0913
572.5000	  0.0915
572.0000	  0.0917
571.5000	  0.0921
571.0000	  0.0925
570.5000	  0.0930
570.0000	  0.0932
569.5000	  0.0938
569.0000	  0.0941
568.5000	  0.0942
568.0000	  0.0948
567.5000	  0.0953
567.0000	  0.0955
566.5000	  0.0959
566.0000	  0.0962
565.5000	  0.0967
565.0000	  0.0971
564.5000	  0.0975
564.0000	  0.0979
563.5000	  0.0983
563.0000	  0.0987
562.5000	  0.0991
562.0000	  0.0996
561.5000	  0.1000
561.0000	  0.1004
560.5000	  0.1009
560.0000	  0.1011
559.5000	  0.1015
559.0000	  0.1021
558.5000	  0.1025
558.0000	  0.1027
557.5000	  0.1033
557.0000	  0.1036
556.5000	  0.1043
556.0000	  0.1047
555.5000	  0.1051
555.0000	  0.1056
554.5000	  0.1063
554.0000	  0.1066
553.5000	  0.1071
553.0000	  0.1075
552.5000	  0.1082
552.0000	  0.1084
551.5000	  0.1091
551.0000	  0.1095
550.5000	  0.1100
550.0000	  0.1104
549.5000	  0.1111
549.0000	  0.1115
548.5000	  0.1121
548.0000	  0.1125
547.5000	  0.1130
547.0000	  0.1137
546.5000	  0.1141
546.0000	  0.1147
545.5000	  0.1152
545.0000	  0.1155
544.5000	  0.1160
544.0000	  0.1168
543.5000	  0.1174
543.0000	  0.1181
542.5000	  0.1186
542.0000	  0.1190
541.5000	  0.1193
541.0000	  0.1200
540.5000	  0.1207
540.0000	  0.1212
539.5000	  0.1216
539.0000	  0.1224
538.5000	  0.1228
538.0000	  0.1232
537.5000	  0.1238
537.0000	  0.1246
536.5000	  0.1252
536.0000	  0.1258
535.5000	  0.1263
535.0000	  0.1269
534.5000	  0.1273
534.0000	  0.1282
533.5000	  0.1286
533.0000	  0.1294
532.5000	  0.1301
532.0000	  0.1308
531.5000	  0.1313
531.0000	  0.1320
530.5000	  0.1326
530.0000	  0.1330
529.5000	  0.1339
529.0000	  0.1344
528.5000	  0.1350
528.0000	  0.1356
527.5000	  0.1364
527.0000	  0.1375
526.5000	  0.1380
526.0000	  0.1385
525.5000	  0.1394
525.0000	  0.1397
524.5000	  0.1404
524.0000	  0.1411
523.5000	  0.1415
523.0000	  0.1425
522.5000	  0.1429
522.0000	  0.1437
521.5000	  0.1443
521.0000	  0.1453
520.5000	  0.1458
520.0000	  0.1466
519.5000	  0.1470
519.0000	  0.1475
518.5000	  0.1486
518.0000	  0.1490
517.5000	  0.1496
517.0000	  0.1503
516.5000	  0.1510
516.0000	  0.1517
515.5000	  0.1522
515.0000	  0.1526
514.5000	  0.1532
514.0000	  0.1540
513.5000	  0.1546
513.0000	  0.1551
512.5000	  0.1560
512.0000	  0.1563
511.5000	  0.1570
511.0000	  0.1576
510.5000	  0.1582
510.0000	  0.1589
509.5000	  0.1593
509.0000	  0.1600
508.5000	  0.1606
508.0000	  0.1611
507.5000	  0.1618
507.0000	  0.1622
506.5000	  0.1633
506.0000	  0.1640
505.5000	  0.1645
505.0000	  0.1651
504.5000	  0.1659
504.0000	  0.1669
503.5000	  0.1672
503.0000	  0.1679
502.5000	  0.1688
502.0000	  0.1694
501.5000	  0.1701
501.0000	  0.1707
500.5000	  0.1710
500.0000	  0.1716
499.5000	  0.1722
499.0000	  0.1729
498.5000	  0.1734
498.0000	  0.1740
497.5000	  0.1740
497.0000	  0.1748
496.5000	  0.1744
496.0000	  0.1754
495.5000	  0.1757
495.0000	  0.1757
494.5000	  0.1765
494.0000	  0.1763
493.5000	  0.1765
493.0000	  0.1765
492.5000	  0.1768
492.0000	  0.1770
491.5000	  0.1771
491.0000	  0.1768
490.5000	  0.1772
490.0000	  0.1771
489.5000	  0.1770
489.0000	  0.1766
488.5000	  0.1768
488.0000	  0.1761
487.5000	  0.1763
487.0000	  0.1760
486.5000	  0.1756
486.0000	  0.1755
485.5000	  0.1755
485.0000	  0.1752
484.5000	  0.1749
484.0000	  0.1746
483.5000	  0.1745
483.0000	  0.1747
482.5000	  0.1741
482.0000	  0.1739
481.5000	  0.1736
481.0000	  0.1728
480.5000	  0.1723
480.0000	  0.1720
479.5000	  0.1716
479.0000	  0.1715
478.5000	  0.1711
478.0000	  0.1710
477.5000	  0.1708
477.0000	  0.1705
476.5000	  0.1698
476.0000	  0.1694
475.5000	  0.1692
475.0000	  0.1686
474.5000	  0.1685
474.0000	  0.1680
473.5000	  0.1680
473.0000	  0.1672
472.5000	  0.1666
472.0000	  0.1661
471.5000	  0.1660
471.0000	  0.1660
470.5000	  0.1653
470.0000	  0.1651
469.5000	  0.1645
469.0000	  0.1644
468.5000	  0.1640
468.0000	  0.1638
467.5000	  0.1636
467.0000	  0.1626
466.5000	  0.1625
466.0000	  0.1622
465.5000	  0.1620
465.0000	  0.1618
464.5000	  0.1612
464.0000	  0.1609
463.5000	  0.1609
463.0000	  0.1604
462.5000	  0.1598
462.0000	  0.1596
461.5000	  0.1590
461.0000	  0.1588
460.5000	  0.1587
460.0000	  0.1582
459.5000	  0.1579
459.0000	  0.1574
458.5000	  0.1570
458.0000	  0.1562
457.5000	  0.1556
457.0000	  0.1555
456.5000	  0.1552
456.0000	  0.1542
455.5000	  0.1532
455.0000	  0.1531
454.5000	  0.1522
454.0000	  0.1517
453.5000	  0.1510
453.0000	  0.1501
452.5000	  0.1491
452.0000	  0.1484
451.5000	  0.1483
451.0000	  0.1469
450.5000	  0.1460
450.0000	  0.1454
449.5000	  0.1448
449.0000	  0.1442
448.5000	  0.1437
448.0000	  0.1425
447.5000	  0.1423
447.0000	  0.1416
446.5000	  0.1408
446.0000	  0.1402
445.5000	  0.1393
445.0000	  0.1390
444.5000	  0.1383
444.0000	  0.1381
443.5000	  0.1373
443.0000	  0.1368
442.5000	  0.1363
442.0000	  0.1357
441.5000	  0.1355
441.0000	  0.1346
440.5000	  0.1344
440.0000	  0.1341
439.5000	  0.1335
439.0000	  0.1330
438.5000	  0.1321
438.0000	  0.1321
437.5000	  0.1313
437.0000	  0.1310
436.5000	  0.1309
436.0000	  0.1305
435.5000	  0.1297
435.0000	  0.1292
434.5000	  0.1294
434.0000	  0.1286
433.5000	  0.1281
433.0000	  0.1279
432.5000	  0.1276
432.0000	  0.1272
431.5000	  0.1265
431.0000	  0.1266
430.5000	  0.1260
430.0000	  0.1262
429.5000	  0.1257
429.0000	  0.1251
428.5000	  0.1245
428.0000	  0.1245
427.5000	  0.1243
427.0000	  0.1238
426.5000	  0.1236
426.0000	  0.1231
425.5000	  0.1231
425.0000	  0.1225
424.5000	  0.1226
424.0000	  0.1221
423.5000	  0.1219
423.0000	  0.1215
422.5000	  0.1214
422.0000	  0.1207
421.5000	  0.1205
421.0000	  0.1204
420.5000	  0.1202
420.0000	  0.1196
419.5000	  0.1193
419.0000	  0.1191
418.5000	  0.1194
418.0000	  0.1189
417.5000	  0.1181
417.0000	  0.1180
416.5000	  0.1178
416.0000	  0.1180
415.5000	  0.1170
415.0000	  0.1169
414.5000	  0.1165
414.0000	  0.1162
413.5000	  0.1157
413.0000	  0.1154
412.5000	  0.1152
412.0000	  0.1150
411.5000	  0.1148
411.0000	  0.1145
410.5000	  0.1140
410.0000	  0.1141
409.5000	  0.1136
409.0000	  0.1138
408.5000	  0.1133
408.0000	  0.1130
407.5000	  0.1125
407.0000	  0.1121
406.5000	  0.1116
406.0000	  0.1117
405.5000	  0.1113
405.0000	  0.1113
404.5000	  0.1108
404.0000	  0.1104
403.5000	  0.1100
403.0000	  0.1104
402.5000	  0.1101
402.0000	  0.1092
401.5000	  0.1095
401.0000	  0.1090
400.5000	  0.1085
400.0000	  0.1083
399.5000	  0.1080
399.0000	  0.1077
398.5000	  0.1079
398.0000	  0.1075
397.5000	  0.1073
397.0000	  0.1073
396.5000	  0.1068
396.0000	  0.1061
395.5000	  0.1059
395.0000	  0.1062
394.5000	  0.1053
394.0000	  0.1054
393.5000	  0.1053
393.0000	  0.1048
392.5000	  0.1049
392.0000	  0.1048
391.5000	  0.1047
391.0000	  0.1044
390.5000	  0.1041
390.0000	  0.1039
389.5000	  0.1033
389.0000	  0.1036
388.5000	  0.1030
388.0000	  0.1031
387.5000	  0.1031
387.0000	  0.1032
386.5000	  0.1028
386.0000	  0.1029
385.5000	  0.1032
385.0000	  0.1025
384.5000	  0.1026
384.0000	  0.1024
383.5000	  0.1021
383.0000	  0.1020
382.5000	  0.1020
382.0000	  0.1019
381.5000	  0.1017
381.0000	  0.1021
380.5000	  0.1017
380.0000	  0.1013
379.5000	  0.1015
379.0000	  0.1013
378.5000	  0.1008
378.0000	  0.1006
377.5000	  0.1007
377.0000	  0.1003
376.5000	  0.1008
376.0000	  0.1004
375.5000	  0.1000
375.0000	  0.1005
374.5000	  0.0994
374.0000	  0.0997
373.5000	  0.1001
373.0000	  0.0996
372.5000	  0.1002
372.0000	  0.0999
371.5000	  0.0994
371.0000	  0.0996
370.5000	  0.0985
370.0000	  0.0990
369.5000	  0.0985
369.0000	  0.0985
368.5000	  0.0979
368.0000	  0.0986
367.5000	  0.0984
367.0000	  0.0977
366.5000	  0.0976
366.0000	  0.0980
365.5000	  0.0982
365.0000	  0.0974
364.5000	  0.0977
364.0000	  0.0975
363.5000	  0.0973
363.0000	  0.0965
362.5000	  0.0975
362.0000	  0.0967
361.5000	  0.0963
361.0000	  0.0966
360.5000	  0.0964
360.0000	  0.0963
359.5000	  0.0960
359.0000	  0.0960
358.5000	  0.0956
358.0000	  0.0951
357.5000	  0.0967
357.0000	  0.0958
356.5000	  0.0957
356.0000	  0.0965
355.5000	  0.0957
355.0000	  0.0955
354.5000	  0.0953
354.0000	  0.0951
353.5000	  0.0941
353.0000	  0.0943
352.5000	  0.0950
352.0000	  0.0944
351.5000	  0.0941
351.0000	  0.0937
350.5000	  0.0939
350.0000	  0.0933
349.5000	  0.0937
349.0000	  0.0923
348.5000	  0.0939
348.0000	  0.0932
347.5000	  0.0931
347.0000	  0.0932
346.5000	  0.0924
346.0000	  0.0916
345.5000	  0.0925
345.0000	  0.0908
344.5000	  0.0909
344.0000	  0.0902
343.5000	  0.0896
343.0000	  0.0903
342.5000	  0.0899
342.0000	  0.0898
341.5000	  0.0899
341.0000	  0.0889
340.5000	  0.0897
340.0000	  0.0880
339.5000	  0.0875
339.0000	  0.0873
338.5000	  0.0874
338.0000	  0.0877
337.5000	  0.0846
337.0000	  0.0849
336.5000	  0.0851
336.0000	  0.0848
335.5000	  0.0841
335.0000	  0.0836
334.5000	  0.0834
334.0000	  0.0831
333.5000	  0.0836
333.0000	  0.0833
332.5000	  0.0838
332.0000	  0.0821
331.5000	  0.0819
331.0000	  0.0820
330.5000	  0.0803
330.0000	  0.0813
329.5000	  0.0808
329.0000	  0.0804
328.5000	  0.0802
328.0000	  0.0783
327.5000	  0.0793
327.0000	  0.0786
326.5000	  0.0778
326.0000	  0.0790
325.5000	  0.0772
325.0000	  0.0778
324.5000	  0.0761
324.0000	  0.0762
323.5000	  0.0774
323.0000	  0.0755
322.5000	  0.0750
322.0000	  0.0739
321.5000	  0.0750
321.0000	  0.0729
320.5000	  0.0735
320.0000	  0.0717
319.5000	  0.0718
319.0000	  0.0715
318.5000	  0.0712
318.0000	  0.0708
317.5000	  0.0712
317.0000	  0.0679
316.5000	  0.0715
316.0000	  0.0704
315.5000	  0.0698
315.0000	  0.0697
314.5000	  0.0693
314.0000	  0.0680
313.5000	  0.0659
313.0000	  0.0669
312.5000	  0.0692
312.0000	  0.0660
311.5000	  0.0659
311.0000	  0.0628
310.5000	  0.0646
310.0000	  0.0649
309.5000	  0.0641
309.0000	  0.0642
308.5000	  0.0623
308.0000	  0.0611
307.5000	  0.0587
307.0000	  0.0635
306.5000	  0.0597
306.0000	  0.0613
305.5000	  0.0594
305.0000	  0.0590
304.5000	  0.0596
304.0000	  0.0541
303.5000	  0.0636
303.0000	  0.0541
302.5000	  0.0546
302.0000	  0.0516
301.5000	  0.0498
301.0000	  0.0544
300.5000	  0.0614
300.0000	  0.0526
299.5000	  0.0564
299.0000	  0.0730
298.5000	  0.0897
298.0000	  0.0559
297.5000	  0.0763
297.0000	  0.0571
296.5000	  0.0875
296.0000	  0.0325
295.5000	  0.0055
295.0000	  0.0499
294.5000	  0.2006
294.0000	  0.0311
293.5000	 -0.0642
293.0000	  0.1297
292.5000	 -0.2392
292.0000	 -0.5452
291.5000	  0.5631
291.0000	  0.0262
290.5000	 -0.8943
290.0000	  4.7725
289.5000	 -0.0387
289.0000	 -0.6035
288.5000	 -1.1480
288.0000	  0.6235
287.5000	  0.5652
287.0000	  0.8593
286.5000	  0.4069
286.0000	  0.2887
285.5000	  0.0356
285.0000	 -0.4327
284.5000	  0.7640
284.0000	  0.2245
283.5000	 -0.6661
283.0000	  0.1713
282.5000	 -0.3201
282.0000	  0.3518
281.5000	 -0.0291
281.0000	 16.6282
280.5000	  0.4808
280.0000	 -0.6309
279.5000	 -0.3557
279.0000	  0.4408
278.5000	  0.3053
278.0000	  0.3802
277.5000	 -0.6456
277.0000	  0.2322
276.5000	  0.3806
276.0000	  0.2538
275.5000	  0.4928
275.0000	  0.8683
274.5000	 -0.0347
274.0000	  0.5874
273.5000	  0.0139
273.0000	  0.9951
272.5000	  0.4325
272.0000	  0.2523
271.5000	  1.4383
271.0000	  1.1454
270.5000	 -0.3379
270.0000	 -0.0082
269.5000	  0.7014
269.0000	  0.3228
268.5000	  1.2093
268.0000	  0.1780
267.5000	  0.3727
267.0000	  2.6238
266.5000	 -1.1199
266.0000	  0.1762
265.5000	  0.8006
265.0000	 -0.3051
264.5000	  0.2074
264.0000	  0.4548
263.5000	  0.8343
263.0000	  0.6823
262.5000	 -0.0036
262.0000	 -0.0150
261.5000	 -0.4436
261.0000	 -0.6576
260.5000	  1.0799
260.0000	  0.4919
259.5000	  0.9869
259.0000	  0.2327
258.5000	  0.4205
258.0000	  1.0951
257.5000	 -4.1350
257.0000	  1.4774
256.5000	 -0.3134
256.0000	 -0.3752
255.5000	 -1.7583
255.0000	 -0.3989
254.5000	  0.0075
254.0000	  0.2814
253.5000	  0.5524
253.0000	  1.2905
252.5000	  0.3170
252.0000	  0.1997
251.5000	  0.2224
251.0000	  1.4617
250.5000	 -3.3964
250.0000	  0.7497
249.5000	  0.4629
249.0000	  0.8084
248.5000	  0.1382
248.0000	 -1.8598
247.5000	  1.2615
247.0000	 -0.2203
246.5000	  0.1335
246.0000	 -1.7398
245.5000	 -0.1001
245.0000	  0.9501
244.5000	  0.4256
244.0000	  1.5498
243.5000	  0.5550
243.0000	  0.8431
242.5000	  0.2513
242.0000	  0.4395
241.5000	 -2.1647
241.0000	  1.2085
240.5000	 -0.6638
240.0000	  0.2550
239.5000	  3.6012
239.0000	  0.1767
238.5000	 15.1374
238.0000	 -0.2990
237.5000	 -1.1269
237.0000	  3.4816
236.5000	  0.6386
236.0000	  0.2901
235.5000	 -0.8380
235.0000	  1.0652
234.5000	  1.9117
234.0000	  1.8039
233.5000	  0.0589
233.0000	 -0.7166
232.5000	  2.4688
232.0000	  0.5425
231.5000	  1.0759
231.0000	 -1.0814
230.5000	  0.3068
230.0000	  3.7503
229.5000	  0.2691
229.0000	  0.7975
228.5000	  0.8015
228.0000	 -1.5770
227.5000	  0.6226
227.0000	 -0.8748
226.5000	  0.0418
226.0000	  0.0000
225.5000	 -0.6752
225.0000	 -0.3679
224.5000	  0.0352
224.0000	  0.9494
223.5000	 -0.3034
223.0000	  1.5736
222.5000	  0.0612
222.0000	  0.5418
221.5000	  0.5586
221.0000	  0.3068
220.5000	-25.0891
220.0000	  0.0336
219.5000	  0.3797
219.0000	  0.3359
218.5000	  0.5252
218.0000	  0.0701
217.5000	 -0.2492
217.0000	  0.0394
216.5000	  1.5207
216.0000	  2.9068
215.5000	  0.6007
215.0000	 -0.7010
214.5000	 -3.8509
214.0000	 -0.0603
213.5000	 -1.2617
213.0000	 -0.4732
212.5000	  0.2858
212.0000	  0.5034
211.5000	 -0.6015
211.0000	  0.5009
210.5000	  4.1194
210.0000	  5.5943
209.5000	 -1.2149
209.0000	  3.3477
208.5000	  0.5055
208.0000	 -3.5203
207.5000	  0.4526
207.0000	  1.4736
206.5000	  0.5477
206.0000	  1.1860
205.5000	  0.4993
205.0000	  0.3154
204.5000	  0.8441
204.0000	  1.3997
203.5000	  0.7666
203.0000	  2.3607
202.5000	 -0.9654
202.0000	  0.3105
201.5000	  1.5167
201.0000	  2.2548
200.5000	 -0.3112
200.0000	 -0.2942
