23/04/2024 15.39.58
23/04/2024 15.48.57

800.0000	  9.4400

800.0000	  9.4400

900.0000	  9.0700



  1.0000
900.0000
  3.0000
340.0000
  1.0000
1401.0000
  5.0000
  6.0000
  1.0000
  1.0000
  0.0000
  0.0000
100.0000
  0.0000
  1.0000
  0.0000
500.0000
900.0000
200.0000
  4.0000
  1.0000
 18.0000
  2.0000
  1.0000
255.0000
  0.7981
  1.0000
 30.0000
  4.0000
500.0000
  0.0000
  0.0000
  4.0000
900.0000
200.0000
  0.0000
100.0000
  0.0000
  1.0000
  0.0000
500.0000
  1.0000
  1.0000
  1.0000
  1.0000
  4.0000
  0.0000
  1.0000
  1.0000
  1.0000
  1.0000
  1.0000
  2.0000
  1.0000
  1.0000
  1.0000
  3.0000
  1.0000
  1.0000
  1.0000
  4.0000
  5.0000
538.845
0.000

lambda: 800
Abs:    0.0000
ID:     12

#
900.0000	  0.1063
899.5000	  0.1013
899.0000	  0.0933
898.5000	  0.0916
898.0000	  0.0963
897.5000	  0.0910
897.0000	  0.0974
896.5000	  0.0914
896.0000	  0.0923
895.5000	  0.0928
895.0000	  0.0951
894.5000	  0.0974
894.0000	  0.0960
893.5000	  0.0931
893.0000	  0.0921
892.5000	  0.0907
892.0000	  0.0967
891.5000	  0.0945
891.0000	  0.0920
890.5000	  0.0941
890.0000	  0.0963
889.5000	  0.0853
889.0000	  0.0968
888.5000	  0.0982
888.0000	  0.0899
887.5000	  0.0903
887.0000	  0.0917
886.5000	  0.0970
886.0000	  0.0915
885.5000	  0.0930
885.0000	  0.0911
884.5000	  0.0901
884.0000	  0.0955
883.5000	  0.0987
883.0000	  0.0895
882.5000	  0.0902
882.0000	  0.0926
881.5000	  0.0952
881.0000	  0.0911
880.5000	  0.0943
880.0000	  0.0933
879.5000	  0.0919
879.0000	  0.0950
878.5000	  0.0944
878.0000	  0.0918
877.5000	  0.0960
877.0000	  0.0968
876.5000	  0.0897
876.0000	  0.0940
875.5000	  0.0980
875.0000	  0.0939
874.5000	  0.0957
874.0000	  0.0935
873.5000	  0.0936
873.0000	  0.0955
872.5000	  0.0955
872.0000	  0.0933
871.5000	  0.0976
871.0000	  0.0950
870.5000	  0.0946
870.0000	  0.0933
869.5000	  0.0941
869.0000	  0.0961
868.5000	  0.0939
868.0000	  0.0946
867.5000	  0.0917
867.0000	  0.0934
866.5000	  0.0947
866.0000	  0.0955
865.5000	  0.0971
865.0000	  0.0971
864.5000	  0.0942
864.0000	  0.0948
863.5000	  0.0987
863.0000	  0.0944
862.5000	  0.0930
862.0000	  0.0951
861.5000	  0.0968
861.0000	  0.0953
860.5000	  0.0936
860.0000	  0.0959
859.5000	  0.0966
859.0000	  0.0953
858.5000	  0.0969
858.0000	  0.0965
857.5000	  0.0941
857.0000	  0.0948
856.5000	  0.0964
856.0000	  0.0952
855.5000	  0.0977
855.0000	  0.0976
854.5000	  0.0953
854.0000	  0.0961
853.5000	  0.0956
853.0000	  0.0960
852.5000	  0.0960
852.0000	  0.0967
851.5000	  0.0968
851.0000	  0.0967
850.5000	  0.0968
850.0000	  0.0956
849.5000	  0.0968
849.0000	  0.0968
848.5000	  0.0968
848.0000	  0.0970
847.5000	  0.0961
847.0000	  0.0972
846.5000	  0.0974
846.0000	  0.0980
845.5000	  0.0964
845.0000	  0.0967
844.5000	  0.0976
844.0000	  0.0971
843.5000	  0.0965
843.0000	  0.0972
842.5000	  0.0973
842.0000	  0.0968
841.5000	  0.0969
841.0000	  0.0976
840.5000	  0.0976
840.0000	  0.0976
839.5000	  0.0974
839.0000	  0.0973
838.5000	  0.0970
838.0000	  0.0974
837.5000	  0.0972
837.0000	  0.0968
836.5000	  0.0973
836.0000	  0.0975
835.5000	  0.0972
835.0000	  0.0968
834.5000	  0.0973
834.0000	  0.0970
833.5000	  0.0975
833.0000	  0.0972
832.5000	  0.0971
832.0000	  0.0968
831.5000	  0.0973
831.0000	  0.0971
830.5000	  0.0970
830.0000	  0.0970
829.5000	  0.0971
829.0000	  0.0969
828.5000	  0.0969
828.0000	  0.0967
827.5000	  0.0966
827.0000	  0.0966
826.5000	  0.0969
826.0000	  0.0966
825.5000	  0.0963
825.0000	  0.0960
824.5000	  0.0967
824.0000	  0.0963
823.5000	  0.0966
823.0000	  0.0962
822.5000	  0.0963
822.0000	  0.0966
821.5000	  0.0962
821.0000	  0.0962
820.5000	  0.0960
820.0000	  0.0960
819.5000	  0.0962
819.0000	  0.0958
818.5000	  0.0962
818.0000	  0.0960
817.5000	  0.0956
817.0000	  0.0959
816.5000	  0.0959
816.0000	  0.0955
815.5000	  0.0959
815.0000	  0.0961
814.5000	  0.0954
814.0000	  0.0958
813.5000	  0.0960
813.0000	  0.0954
812.5000	  0.0954
812.0000	  0.0954
811.5000	  0.0953
811.0000	  0.0953
810.5000	  0.0955
810.0000	  0.0954
809.5000	  0.0949
809.0000	  0.0950
808.5000	  0.0949
808.0000	  0.0948
807.5000	  0.0951
807.0000	  0.0951
806.5000	  0.0951
806.0000	  0.0948
805.5000	  0.0950
805.0000	  0.0950
804.5000	  0.0945
804.0000	  0.0946
803.5000	  0.0944
803.0000	  0.0947
802.5000	  0.0943
802.0000	  0.0944
801.5000	  0.0941
801.0000	  0.0943
800.5000	  0.0942
800.0000	  0.0945
799.5000	  0.0941
799.0000	  0.0941
798.5000	  0.0941
798.0000	  0.0937
797.5000	  0.0939
797.0000	  0.0936
796.5000	  0.0939
796.0000	  0.0937
795.5000	  0.0939
795.0000	  0.0936
794.5000	  0.0935
794.0000	  0.0935
793.5000	  0.0936
793.0000	  0.0933
792.5000	  0.0931
792.0000	  0.0932
791.5000	  0.0933
791.0000	  0.0934
790.5000	  0.0932
790.0000	  0.0932
789.5000	  0.0931
789.0000	  0.0931
788.5000	  0.0929
788.0000	  0.0925
787.5000	  0.0928
787.0000	  0.0928
786.5000	  0.0927
786.0000	  0.0926
785.5000	  0.0927
785.0000	  0.0925
784.5000	  0.0925
784.0000	  0.0922
783.5000	  0.0924
783.0000	  0.0922
782.5000	  0.0921
782.0000	  0.0919
781.5000	  0.0917
781.0000	  0.0921
780.5000	  0.0922
780.0000	  0.0919
779.5000	  0.0916
779.0000	  0.0915
778.5000	  0.0913
778.0000	  0.0914
777.5000	  0.0919
777.0000	  0.0916
776.5000	  0.0911
776.0000	  0.0907
775.5000	  0.0913
775.0000	  0.0911
774.5000	  0.0909
774.0000	  0.0910
773.5000	  0.0909
773.0000	  0.0910
772.5000	  0.0907
772.0000	  0.0906
771.5000	  0.0909
771.0000	  0.0906
770.5000	  0.0906
770.0000	  0.0902
769.5000	  0.0904
769.0000	  0.0901
768.5000	  0.0898
768.0000	  0.0899
767.5000	  0.0901
767.0000	  0.0897
766.5000	  0.0899
766.0000	  0.0897
765.5000	  0.0894
765.0000	  0.0897
764.5000	  0.0895
764.0000	  0.0894
763.5000	  0.0888
763.0000	  0.0892
762.5000	  0.0891
762.0000	  0.0889
761.5000	  0.0887
761.0000	  0.0890
760.5000	  0.0886
760.0000	  0.0889
759.5000	  0.0887
759.0000	  0.0884
758.5000	  0.0885
758.0000	  0.0882
757.5000	  0.0885
757.0000	  0.0881
756.5000	  0.0878
756.0000	  0.0881
755.5000	  0.0877
755.0000	  0.0875
754.5000	  0.0877
754.0000	  0.0875
753.5000	  0.0878
753.0000	  0.0874
752.5000	  0.0872
752.0000	  0.0875
751.5000	  0.0872
751.0000	  0.0871
750.5000	  0.0871
750.0000	  0.0869
749.5000	  0.0869
749.0000	  0.0868
748.5000	  0.0866
748.0000	  0.0869
747.5000	  0.0865
747.0000	  0.0865
746.5000	  0.0863
746.0000	  0.0863
745.5000	  0.0861
745.0000	  0.0861
744.5000	  0.0864
744.0000	  0.0859
743.5000	  0.0862
743.0000	  0.0859
742.5000	  0.0859
742.0000	  0.0859
741.5000	  0.0855
741.0000	  0.0857
740.5000	  0.0853
740.0000	  0.0855
739.5000	  0.0855
739.0000	  0.0854
738.5000	  0.0855
738.0000	  0.0852
737.5000	  0.0852
737.0000	  0.0853
736.5000	  0.0852
736.0000	  0.0850
735.5000	  0.0852
735.0000	  0.0849
734.5000	  0.0848
734.0000	  0.0849
733.5000	  0.0850
733.0000	  0.0846
732.5000	  0.0845
732.0000	  0.0848
731.5000	  0.0846
731.0000	  0.0848
730.5000	  0.0845
730.0000	  0.0844
729.5000	  0.0847
729.0000	  0.0844
728.5000	  0.0848
728.0000	  0.0843
727.5000	  0.0849
727.0000	  0.0846
726.5000	  0.0847
726.0000	  0.0850
725.5000	  0.0851
725.0000	  0.0849
724.5000	  0.0850
724.0000	  0.0851
723.5000	  0.0856
723.0000	  0.0853
722.5000	  0.0854
722.0000	  0.0855
721.5000	  0.0861
721.0000	  0.0858
720.5000	  0.0862
720.0000	  0.0860
719.5000	  0.0864
719.0000	  0.0862
718.5000	  0.0867
718.0000	  0.0861
717.5000	  0.0866
717.0000	  0.0868
716.5000	  0.0861
716.0000	  0.0862
715.5000	  0.0853
715.0000	  0.0845
714.5000	  0.0850
714.0000	  0.0842
713.5000	  0.0839
713.0000	  0.0838
712.5000	  0.0833
712.0000	  0.0827
711.5000	  0.0828
711.0000	  0.0820
710.5000	  0.0820
710.0000	  0.0817
709.5000	  0.0814
709.0000	  0.0812
708.5000	  0.0811
708.0000	  0.0808
707.5000	  0.0805
707.0000	  0.0805
706.5000	  0.0804
706.0000	  0.0804
705.5000	  0.0805
705.0000	  0.0802
704.5000	  0.0803
704.0000	  0.0801
703.5000	  0.0799
703.0000	  0.0800
702.5000	  0.0799
702.0000	  0.0799
701.5000	  0.0798
701.0000	  0.0797
700.5000	  0.0797
700.0000	  0.0796
699.5000	  0.0795
699.0000	  0.0795
698.5000	  0.0795
698.0000	  0.0794
697.5000	  0.0793
697.0000	  0.0793
696.5000	  0.0794
696.0000	  0.0792
695.5000	  0.0791
695.0000	  0.0789
694.5000	  0.0789
694.0000	  0.0791
693.5000	  0.0790
693.0000	  0.0788
692.5000	  0.0786
692.0000	  0.0788
691.5000	  0.0787
691.0000	  0.0786
690.5000	  0.0785
690.0000	  0.0784
689.5000	  0.0784
689.0000	  0.0785
688.5000	  0.0782
688.0000	  0.0783
687.5000	  0.0781
687.0000	  0.0782
686.5000	  0.0783
686.0000	  0.0780
685.5000	  0.0784
685.0000	  0.0782
684.5000	  0.0779
684.0000	  0.0779
683.5000	  0.0778
683.0000	  0.0777
682.5000	  0.0779
682.0000	  0.0779
681.5000	  0.0775
681.0000	  0.0778
680.5000	  0.0776
680.0000	  0.0776
679.5000	  0.0776
679.0000	  0.0774
678.5000	  0.0776
678.0000	  0.0774
677.5000	  0.0775
677.0000	  0.0776
676.5000	  0.0775
676.0000	  0.0775
675.5000	  0.0774
675.0000	  0.0775
674.5000	  0.0773
674.0000	  0.0772
673.5000	  0.0773
673.0000	  0.0776
672.5000	  0.0772
672.0000	  0.0773
671.5000	  0.0773
671.0000	  0.0773
670.5000	  0.0774
670.0000	  0.0770
669.5000	  0.0771
669.0000	  0.0771
668.5000	  0.0770
668.0000	  0.0774
667.5000	  0.0772
667.0000	  0.0772
666.5000	  0.0771
666.0000	  0.0772
665.5000	  0.0772
665.0000	  0.0772
664.5000	  0.0772
664.0000	  0.0770
663.5000	  0.0771
663.0000	  0.0771
662.5000	  0.0771
662.0000	  0.0771
661.5000	  0.0772
661.0000	  0.0772
660.5000	  0.0772
660.0000	  0.0771
659.5000	  0.0771
659.0000	  0.0772
658.5000	  0.0773
658.0000	  0.0773
657.5000	  0.0772
657.0000	  0.0773
656.5000	  0.0772
656.0000	  0.0774
655.5000	  0.0773
655.0000	  0.0774
654.5000	  0.0775
654.0000	  0.0774
653.5000	  0.0775
653.0000	  0.0776
652.5000	  0.0775
652.0000	  0.0776
651.5000	  0.0775
651.0000	  0.0777
650.5000	  0.0775
650.0000	  0.0777
649.5000	  0.0776
649.0000	  0.0777
648.5000	  0.0778
648.0000	  0.0776
647.5000	  0.0777
647.0000	  0.0777
646.5000	  0.0776
646.0000	  0.0778
645.5000	  0.0780
645.0000	  0.0777
644.5000	  0.0779
644.0000	  0.0781
643.5000	  0.0779
643.0000	  0.0781
642.5000	  0.0780
642.0000	  0.0782
641.5000	  0.0781
641.0000	  0.0781
640.5000	  0.0782
640.0000	  0.0783
639.5000	  0.0783
639.0000	  0.0781
638.5000	  0.0782
638.0000	  0.0783
637.5000	  0.0784
637.0000	  0.0784
636.5000	  0.0783
636.0000	  0.0786
635.5000	  0.0783
635.0000	  0.0785
634.5000	  0.0784
634.0000	  0.0787
633.5000	  0.0785
633.0000	  0.0789
632.5000	  0.0786
632.0000	  0.0789
631.5000	  0.0789
631.0000	  0.0791
630.5000	  0.0790
630.0000	  0.0794
629.5000	  0.0796
629.0000	  0.0796
628.5000	  0.0799
628.0000	  0.0802
627.5000	  0.0804
627.0000	  0.0810
626.5000	  0.0809
626.0000	  0.0813
625.5000	  0.0817
625.0000	  0.0820
624.5000	  0.0822
624.0000	  0.0825
623.5000	  0.0827
623.0000	  0.0831
622.5000	  0.0834
622.0000	  0.0833
621.5000	  0.0838
621.0000	  0.0843
620.5000	  0.0846
620.0000	  0.0846
619.5000	  0.0846
619.0000	  0.0851
618.5000	  0.0854
618.0000	  0.0853
617.5000	  0.0854
617.0000	  0.0856
616.5000	  0.0857
616.0000	  0.0858
615.5000	  0.0862
615.0000	  0.0861
614.5000	  0.0861
614.0000	  0.0865
613.5000	  0.0866
613.0000	  0.0866
612.5000	  0.0868
612.0000	  0.0870
611.5000	  0.0871
611.0000	  0.0876
610.5000	  0.0876
610.0000	  0.0879
609.5000	  0.0880
609.0000	  0.0881
608.5000	  0.0883
608.0000	  0.0886
607.5000	  0.0889
607.0000	  0.0890
606.5000	  0.0892
606.0000	  0.0893
605.5000	  0.0897
605.0000	  0.0898
604.5000	  0.0898
604.0000	  0.0908
603.5000	  0.0905
603.0000	  0.0908
602.5000	  0.0910
602.0000	  0.0913
601.5000	  0.0915
601.0000	  0.0916
600.5000	  0.0919
600.0000	  0.0921
599.5000	  0.0927
599.0000	  0.0925
598.5000	  0.0930
598.0000	  0.0931
597.5000	  0.0934
597.0000	  0.0938
596.5000	  0.0940
596.0000	  0.0942
595.5000	  0.0945
595.0000	  0.0947
594.5000	  0.0950
594.0000	  0.0955
593.5000	  0.0959
593.0000	  0.0962
592.5000	  0.0966
592.0000	  0.0965
591.5000	  0.0968
591.0000	  0.0970
590.5000	  0.0973
590.0000	  0.0978
589.5000	  0.0984
589.0000	  0.0981
588.5000	  0.0987
588.0000	  0.0992
587.5000	  0.0994
587.0000	  0.0998
586.5000	  0.1000
586.0000	  0.1001
585.5000	  0.1007
585.0000	  0.1008
584.5000	  0.1011
584.0000	  0.1018
583.5000	  0.1021
583.0000	  0.1024
582.5000	  0.1030
582.0000	  0.1033
581.5000	  0.1034
581.0000	  0.1039
580.5000	  0.1042
580.0000	  0.1045
579.5000	  0.1048
579.0000	  0.1052
578.5000	  0.1054
578.0000	  0.1058
577.5000	  0.1063
577.0000	  0.1064
576.5000	  0.1070
576.0000	  0.1074
575.5000	  0.1078
575.0000	  0.1081
574.5000	  0.1089
574.0000	  0.1090
573.5000	  0.1092
573.0000	  0.1099
572.5000	  0.1102
572.0000	  0.1106
571.5000	  0.1112
571.0000	  0.1117
570.5000	  0.1119
570.0000	  0.1125
569.5000	  0.1127
569.0000	  0.1132
568.5000	  0.1135
568.0000	  0.1141
567.5000	  0.1144
567.0000	  0.1152
566.5000	  0.1153
566.0000	  0.1157
565.5000	  0.1168
565.0000	  0.1169
564.5000	  0.1172
564.0000	  0.1179
563.5000	  0.1186
563.0000	  0.1189
562.5000	  0.1196
562.0000	  0.1197
561.5000	  0.1203
561.0000	  0.1210
560.5000	  0.1213
560.0000	  0.1219
559.5000	  0.1222
559.0000	  0.1228
558.5000	  0.1230
558.0000	  0.1238
557.5000	  0.1242
557.0000	  0.1248
556.5000	  0.1253
556.0000	  0.1258
555.5000	  0.1264
555.0000	  0.1269
554.5000	  0.1274
554.0000	  0.1281
553.5000	  0.1288
553.0000	  0.1293
552.5000	  0.1297
552.0000	  0.1304
551.5000	  0.1308
551.0000	  0.1315
550.5000	  0.1320
550.0000	  0.1328
549.5000	  0.1332
549.0000	  0.1338
548.5000	  0.1344
548.0000	  0.1347
547.5000	  0.1359
547.0000	  0.1362
546.5000	  0.1370
546.0000	  0.1376
545.5000	  0.1381
545.0000	  0.1385
544.5000	  0.1396
544.0000	  0.1401
543.5000	  0.1406
543.0000	  0.1407
542.5000	  0.1417
542.0000	  0.1422
541.5000	  0.1431
541.0000	  0.1434
540.5000	  0.1444
540.0000	  0.1451
539.5000	  0.1456
539.0000	  0.1462
538.5000	  0.1467
538.0000	  0.1475
537.5000	  0.1482
537.0000	  0.1489
536.5000	  0.1496
536.0000	  0.1501
535.5000	  0.1509
535.0000	  0.1513
534.5000	  0.1524
534.0000	  0.1528
533.5000	  0.1535
533.0000	  0.1543
532.5000	  0.1547
532.0000	  0.1558
531.5000	  0.1563
531.0000	  0.1572
530.5000	  0.1580
530.0000	  0.1587
529.5000	  0.1592
529.0000	  0.1600
528.5000	  0.1606
528.0000	  0.1615
527.5000	  0.1623
527.0000	  0.1629
526.5000	  0.1636
526.0000	  0.1647
525.5000	  0.1652
525.0000	  0.1661
524.5000	  0.1664
524.0000	  0.1674
523.5000	  0.1681
523.0000	  0.1686
522.5000	  0.1696
522.0000	  0.1701
521.5000	  0.1710
521.0000	  0.1717
520.5000	  0.1724
520.0000	  0.1731
519.5000	  0.1742
519.0000	  0.1746
518.5000	  0.1752
518.0000	  0.1762
517.5000	  0.1764
517.0000	  0.1773
516.5000	  0.1781
516.0000	  0.1787
515.5000	  0.1796
515.0000	  0.1802
514.5000	  0.1805
514.0000	  0.1813
513.5000	  0.1822
513.0000	  0.1825
512.5000	  0.1832
512.0000	  0.1841
511.5000	  0.1844
511.0000	  0.1853
510.5000	  0.1858
510.0000	  0.1865
509.5000	  0.1868
509.0000	  0.1878
508.5000	  0.1881
508.0000	  0.1891
507.5000	  0.1899
507.0000	  0.1904
506.5000	  0.1915
506.0000	  0.1913
505.5000	  0.1927
505.0000	  0.1934
504.5000	  0.1940
504.0000	  0.1946
503.5000	  0.1952
503.0000	  0.1964
502.5000	  0.1966
502.0000	  0.1976
501.5000	  0.1980
501.0000	  0.1988
500.5000	  0.1995
500.0000	  0.2002
499.5000	  0.2006
499.0000	  0.2010
498.5000	  0.2020
498.0000	  0.2018
497.5000	  0.2024
497.0000	  0.2026
496.5000	  0.2034
496.0000	  0.2039
495.5000	  0.2039
495.0000	  0.2040
494.5000	  0.2044
494.0000	  0.2046
493.5000	  0.2046
493.0000	  0.2050
492.5000	  0.2048
492.0000	  0.2052
491.5000	  0.2052
491.0000	  0.2049
490.5000	  0.2050
490.0000	  0.2050
489.5000	  0.2050
489.0000	  0.2046
488.5000	  0.2047
488.0000	  0.2043
487.5000	  0.2042
487.0000	  0.2043
486.5000	  0.2036
486.0000	  0.2040
485.5000	  0.2032
485.0000	  0.2030
484.5000	  0.2028
484.0000	  0.2031
483.5000	  0.2020
483.0000	  0.2017
482.5000	  0.2018
482.0000	  0.2012
481.5000	  0.2012
481.0000	  0.2003
480.5000	  0.2001
480.0000	  0.1995
479.5000	  0.1994
479.0000	  0.1990
478.5000	  0.1988
478.0000	  0.1984
477.5000	  0.1978
477.0000	  0.1980
476.5000	  0.1969
476.0000	  0.1967
475.5000	  0.1963
475.0000	  0.1961
474.5000	  0.1957
474.0000	  0.1952
473.5000	  0.1953
473.0000	  0.1943
472.5000	  0.1947
472.0000	  0.1941
471.5000	  0.1933
471.0000	  0.1931
470.5000	  0.1928
470.0000	  0.1922
469.5000	  0.1921
469.0000	  0.1917
468.5000	  0.1910
468.0000	  0.1913
467.5000	  0.1900
467.0000	  0.1898
466.5000	  0.1896
466.0000	  0.1892
465.5000	  0.1889
465.0000	  0.1891
464.5000	  0.1885
464.0000	  0.1875
463.5000	  0.1879
463.0000	  0.1875
462.5000	  0.1870
462.0000	  0.1865
461.5000	  0.1862
461.0000	  0.1865
460.5000	  0.1851
460.0000	  0.1852
459.5000	  0.1849
459.0000	  0.1841
458.5000	  0.1837
458.0000	  0.1827
457.5000	  0.1830
457.0000	  0.1824
456.5000	  0.1820
456.0000	  0.1808
455.5000	  0.1805
455.0000	  0.1795
454.5000	  0.1791
454.0000	  0.1782
453.5000	  0.1780
453.0000	  0.1768
452.5000	  0.1758
452.0000	  0.1755
451.5000	  0.1743
451.0000	  0.1738
450.5000	  0.1727
450.0000	  0.1718
449.5000	  0.1714
449.0000	  0.1699
448.5000	  0.1697
448.0000	  0.1687
447.5000	  0.1675
447.0000	  0.1668
446.5000	  0.1661
446.0000	  0.1659
445.5000	  0.1655
445.0000	  0.1645
444.5000	  0.1633
444.0000	  0.1630
443.5000	  0.1628
443.0000	  0.1621
442.5000	  0.1618
442.0000	  0.1606
441.5000	  0.1603
441.0000	  0.1595
440.5000	  0.1596
440.0000	  0.1588
439.5000	  0.1586
439.0000	  0.1579
438.5000	  0.1576
438.0000	  0.1569
437.5000	  0.1561
437.0000	  0.1559
436.5000	  0.1552
436.0000	  0.1552
435.5000	  0.1543
435.0000	  0.1540
434.5000	  0.1538
434.0000	  0.1533
433.5000	  0.1533
433.0000	  0.1523
432.5000	  0.1522
432.0000	  0.1518
431.5000	  0.1514
431.0000	  0.1509
430.5000	  0.1503
430.0000	  0.1507
429.5000	  0.1500
429.0000	  0.1499
428.5000	  0.1492
428.0000	  0.1486
427.5000	  0.1487
427.0000	  0.1479
426.5000	  0.1479
426.0000	  0.1474
425.5000	  0.1472
425.0000	  0.1466
424.5000	  0.1467
424.0000	  0.1466
423.5000	  0.1463
423.0000	  0.1454
422.5000	  0.1452
422.0000	  0.1453
421.5000	  0.1447
421.0000	  0.1443
420.5000	  0.1441
420.0000	  0.1443
419.5000	  0.1435
419.0000	  0.1433
418.5000	  0.1428
418.0000	  0.1428
417.5000	  0.1422
417.0000	  0.1421
416.5000	  0.1412
416.0000	  0.1413
415.5000	  0.1411
415.0000	  0.1406
414.5000	  0.1402
414.0000	  0.1397
413.5000	  0.1395
413.0000	  0.1395
412.5000	  0.1394
412.0000	  0.1390
411.5000	  0.1388
411.0000	  0.1381
410.5000	  0.1382
410.0000	  0.1380
409.5000	  0.1369
409.0000	  0.1371
408.5000	  0.1366
408.0000	  0.1363
407.5000	  0.1360
407.0000	  0.1358
406.5000	  0.1356
406.0000	  0.1351
405.5000	  0.1353
405.0000	  0.1348
404.5000	  0.1343
404.0000	  0.1339
403.5000	  0.1336
403.0000	  0.1337
402.5000	  0.1329
402.0000	  0.1328
401.5000	  0.1326
401.0000	  0.1329
400.5000	  0.1322
400.0000	  0.1318
399.5000	  0.1314
399.0000	  0.1313
398.5000	  0.1311
398.0000	  0.1305
397.5000	  0.1304
397.0000	  0.1298
396.5000	  0.1297
396.0000	  0.1299
395.5000	  0.1293
395.0000	  0.1295
394.5000	  0.1289
394.0000	  0.1287
393.5000	  0.1281
393.0000	  0.1278
392.5000	  0.1280
392.0000	  0.1280
391.5000	  0.1280
391.0000	  0.1270
390.5000	  0.1275
390.0000	  0.1274
389.5000	  0.1271
389.0000	  0.1266
388.5000	  0.1270
388.0000	  0.1268
387.5000	  0.1263
387.0000	  0.1257
386.5000	  0.1265
386.0000	  0.1261
385.5000	  0.1256
385.0000	  0.1257
384.5000	  0.1257
384.0000	  0.1255
383.5000	  0.1252
383.0000	  0.1246
382.5000	  0.1250
382.0000	  0.1249
381.5000	  0.1251
381.0000	  0.1240
380.5000	  0.1243
380.0000	  0.1241
379.5000	  0.1238
379.0000	  0.1245
378.5000	  0.1240
378.0000	  0.1237
377.5000	  0.1237
377.0000	  0.1240
376.5000	  0.1234
376.0000	  0.1237
375.5000	  0.1239
375.0000	  0.1225
374.5000	  0.1231
374.0000	  0.1230
373.5000	  0.1232
373.0000	  0.1229
372.5000	  0.1222
372.0000	  0.1221
371.5000	  0.1224
371.0000	  0.1221
370.5000	  0.1214
370.0000	  0.1215
369.5000	  0.1221
369.0000	  0.1219
368.5000	  0.1224
368.0000	  0.1213
367.5000	  0.1214
367.0000	  0.1209
366.5000	  0.1205
366.0000	  0.1199
365.5000	  0.1207
365.0000	  0.1201
364.5000	  0.1208
364.0000	  0.1208
363.5000	  0.1196
363.0000	  0.1208
362.5000	  0.1207
362.0000	  0.1198
361.5000	  0.1202
361.0000	  0.1189
360.5000	  0.1201
360.0000	  0.1195
359.5000	  0.1190
359.0000	  0.1186
358.5000	  0.1187
358.0000	  0.1196
357.5000	  0.1186
357.0000	  0.1187
356.5000	  0.1186
356.0000	  0.1179
355.5000	  0.1187
355.0000	  0.1178
354.5000	  0.1183
354.0000	  0.1180
353.5000	  0.1179
353.0000	  0.1174
352.5000	  0.1174
352.0000	  0.1172
351.5000	  0.1167
351.0000	  0.1170
350.5000	  0.1169
350.0000	  0.1171
349.5000	  0.1163
349.0000	  0.1160
348.5000	  0.1154
348.0000	  0.1152
347.5000	  0.1163
347.0000	  0.1154
346.5000	  0.1158
346.0000	  0.1144
345.5000	  0.1155
345.0000	  0.1146
344.5000	  0.1137
344.0000	  0.1140
343.5000	  0.1146
343.0000	  0.1133
342.5000	  0.1128
342.0000	  0.1121
341.5000	  0.1120
341.0000	  0.1126
340.5000	  0.1122
340.0000	  0.1116
339.5000	  0.1092
339.0000	  0.1097
338.5000	  0.1111
338.0000	  0.1098
337.5000	  0.1095
337.0000	  0.1094
336.5000	  0.1092
336.0000	  0.1089
335.5000	  0.1080
335.0000	  0.1082
334.5000	  0.1075
334.0000	  0.1079
333.5000	  0.1077
333.0000	  0.1076
332.5000	  0.1083
332.0000	  0.1061
331.5000	  0.1072
331.0000	  0.1064
330.5000	  0.1057
330.0000	  0.1064
329.5000	  0.1064
329.0000	  0.1062
328.5000	  0.1070
328.0000	  0.1063
327.5000	  0.1064
327.0000	  0.1080
326.5000	  0.1065
326.0000	  0.1076
325.5000	  0.1066
325.0000	  0.1062
324.5000	  0.1056
324.0000	  0.1077
323.5000	  0.1074
323.0000	  0.1062
322.5000	  0.1074
322.0000	  0.1077
321.5000	  0.1090
321.0000	  0.1083
320.5000	  0.1091
320.0000	  0.1124
319.5000	  0.1101
319.0000	  0.1114
318.5000	  0.1142
318.0000	  0.1125
317.5000	  0.1153
317.0000	  0.1170
316.5000	  0.1167
316.0000	  0.1184
315.5000	  0.1223
315.0000	  0.1222
314.5000	  0.1239
314.0000	  0.1259
313.5000	  0.1285
313.0000	  0.1292
312.5000	  0.1315
312.0000	  0.1367
311.5000	  0.1418
311.0000	  0.1386
310.5000	  0.1448
310.0000	  0.1548
309.5000	  0.1574
309.0000	  0.1584
308.5000	  0.1637
308.0000	  0.1741
307.5000	  0.1809
307.0000	  0.1836
306.5000	  0.1994
306.0000	  0.1937
305.5000	  0.2105
305.0000	  0.2169
304.5000	  0.2263
304.0000	  0.2429
303.5000	  0.2697
303.0000	  0.2702
302.5000	  0.2859
302.0000	  0.3241
301.5000	  0.3141
301.0000	  0.3645
300.5000	  0.3469
300.0000	  0.4147
299.5000	  0.4149
299.0000	  0.4629
298.5000	  0.5052
298.0000	  0.5250
297.5000	  0.5874
297.0000	  0.5971
296.5000	  0.7315
296.0000	  0.8710
295.5000	  0.7960
295.0000	  1.0218
294.5000	  0.7371
294.0000	  0.4550
293.5000	  0.8585
293.0000	  0.5688
292.5000	  1.2101
292.0000	  0.5685
291.5000	  0.6733
291.0000	 -0.1568
290.5000	  2.1876
290.0000	  0.1472
289.5000	  0.1321
289.0000	  1.0987
288.5000	  1.8168
288.0000	  0.3182
287.5000	  0.3153
287.0000	 -0.2457
286.5000	 -0.2522
286.0000	 -0.0350
285.5000	  0.6915
285.0000	 -0.3703
284.5000	  0.2517
284.0000	 -0.1987
283.5000	 -1.4448
283.0000	  1.2263
282.5000	  1.4705
282.0000	 -5.7203
281.5000	  1.4988
281.0000	 -4.7615
280.5000	  0.3302
280.0000	  0.1210
279.5000	  0.6698
279.0000	  0.5593
278.5000	 -0.0062
278.0000	  0.7961
277.5000	  0.9306
277.0000	  0.5467
276.5000	  0.1420
276.0000	  0.8003
275.5000	  5.7950
275.0000	 -1.1407
274.5000	  0.5674
274.0000	  0.3477
273.5000	  0.8203
273.0000	 -0.1531
272.5000	  2.4691
272.0000	  0.7931
271.5000	 -0.2565
271.0000	  0.1326
270.5000	  0.1185
270.0000	  0.7000
269.5000	 -0.2936
269.0000	 -4.1768
268.5000	 -0.0136
268.0000	  0.2268
267.5000	  0.4679
267.0000	  0.8927
266.5000	  0.3289
266.0000	  0.5459
265.5000	  0.7816
265.0000	 -2.8642
264.5000	 -0.2192
264.0000	  0.3460
263.5000	  0.2239
263.0000	 -0.2164
262.5000	 -0.7213
262.0000	 -1.4848
261.5000	 -0.5082
261.0000	  2.5544
260.5000	  0.7706
260.0000	  0.4768
259.5000	  1.0089
259.0000	 -0.0420
258.5000	  0.2391
258.0000	  0.8723
257.5000	  0.8750
257.0000	  0.4303
256.5000	 -0.0300
256.0000	  1.0454
255.5000	  0.7831
255.0000	  9.2721
254.5000	  1.6706
254.0000	 -1.9006
253.5000	  2.1910
253.0000	 -0.7272
252.5000	 -0.3046
252.0000	  0.5266
251.5000	 -0.4781
251.0000	  0.6551
250.5000	  0.7485
250.0000	 -0.2901
249.5000	  0.5836
249.0000	  0.3039
248.5000	 -1.9600
248.0000	 -0.3599
247.5000	  0.1149
247.0000	  0.8600
246.5000	-15.0360
246.0000	  0.3542
245.5000	 -3.5343
245.0000	  1.3286
244.5000	  0.3143
244.0000	  0.0178
243.5000	  0.0731
243.0000	  0.4662
242.5000	 -0.1750
242.0000	  0.6239
241.5000	  0.2544
241.0000	  0.8464
240.5000	  0.4540
240.0000	 -2.8010
239.5000	 -0.1162
239.0000	  0.2442
238.5000	  1.0643
238.0000	  0.2842
237.5000	  0.5634
237.0000	 -1.3138
236.5000	 -0.4790
236.0000	 -2.1043
235.5000	  0.3410
235.0000	  0.4819
234.5000	  2.7324
234.0000	 -0.0674
233.5000	  0.4837
233.0000	 -0.3040
232.5000	  2.7652
232.0000	  0.4456
231.5000	 -0.1126
231.0000	  3.1807
230.5000	  0.2668
230.0000	  5.1909
229.5000	  0.1584
229.0000	 -7.5628
228.5000	  1.2040
228.0000	 -0.0563
227.5000	 -0.7133
227.0000	  0.9504
226.5000	 -1.0203
226.0000	-50.1195
225.5000	  0.4637
225.0000	  0.6093
224.5000	  0.0621
224.0000	  0.0587
223.5000	 -0.0619
223.0000	  0.6033
222.5000	 -1.9465
222.0000	  0.6265
221.5000	 -0.0407
221.0000	 -0.4638
220.5000	  8.2339
220.0000	 -0.0923
219.5000	  0.2605
219.0000	  0.7757
218.5000	  2.3126
218.0000	  0.7122
217.5000	  0.6320
217.0000	  0.1354
216.5000	  0.7106
216.0000	 -0.9051
215.5000	  0.1366
215.0000	  1.8795
214.5000	  0.9340
214.0000	 -0.4827
213.5000	 -0.3709
213.0000	  0.4681
212.5000	 -0.3803
212.0000	 -0.5530
211.5000	  1.0875
211.0000	  0.3079
210.5000	  0.5688
210.0000	  0.0257
209.5000	  0.8201
209.0000	  0.6452
208.5000	 -0.9939
208.0000	 -0.5290
207.5000	 -1.4423
207.0000	 -0.2263
206.5000	 -0.6496
206.0000	  0.9606
205.5000	 21.1441
205.0000	 -2.0050
204.5000	  3.8373
204.0000	  1.9827
203.5000	  1.6668
203.0000	 -1.7588
202.5000	 -2.8045
202.0000	  2.4033
201.5000	  0.4383
201.0000	  0.7272
200.5000	  8.5203
200.0000	  1.6227
