Data1:
lambda		value

Calibration:
lambda:	800
Abs:	-0.0007

Data:
#
900		0.0713715
899.5		0.0677283
899		0.0666532
898.5		0.0713858
898		0.079158
897.5		0.0671002
897		0.0800699
896.5		0.0752787
896		0.0725606
895.5		0.0708746
895		0.0795264
894.5		0.0791165
894		0.0715549
893.5		0.0721988
893		0.0698599
892.5		0.0687329
892		0.069509
891.5		0.066567
891		0.0749242
890.5		0.0679408
890		0.073619
889.5		0.0728131
889		0.0740146
888.5		0.075742
888		0.0731414
887.5		0.0771242
887		0.0726196
886.5		0.0763868
886		0.0723383
885.5		0.0733863
885		0.067715
884.5		0.0795788
884		0.0747999
883.5		0.0714856
883		0.0778086
882.5		0.074089
882		0.0753944
881.5		0.069579
881		0.0724739
880.5		0.0760563
880		0.080426
879.5		0.0756439
879		0.0743894
878.5		0.0739144
878		0.0714214
877.5		0.0725911
877		0.0747454
876.5		0.0719895
876		0.0757377
875.5		0.0767826
875		0.0770011
874.5		0.0743777
874		0.0761329
873.5		0.0744195
873		0.0729492
872.5		0.0754241
872		0.0758134
871.5		0.0737771
871		0.0783541
870.5		0.0735849
870		0.0712
869.5		0.0741923
869		0.0741555
868.5		0.07496
868		0.0740999
867.5		0.0758166
867		0.07776
866.5		0.0737885
866		0.0735543
865.5		0.0741111
865		0.0760257
864.5		0.0734916
864		0.0739633
863.5		0.0742515
863		0.0750273
862.5		0.0763549
862		0.0728569
861.5		0.0761725
861		0.0749222
860.5		0.0758669
860		0.0758101
859.5		0.0761573
859		0.0741328
858.5		0.0756403
858		0.0749777
857.5		0.0747207
857		0.0746254
856.5		0.075156
856		0.0746756
855.5		0.0752869
855		0.0755745
854.5		0.0755613
854		0.0765801
853.5		0.0742466
853		0.0759017
852.5		0.0756278
852		0.0754959
851.5		0.0761139
851		0.0758981
850.5		0.0755389
850		0.0752028
849.5		0.0746917
849		0.0760419
848.5		0.0754476
848		0.0762553
847.5		0.0761867
847		0.0766423
846.5		0.0764457
846		0.0762018
845.5		0.0764514
845		0.0764369
844.5		0.0755797
844		0.0767029
843.5		0.0765602
843		0.075792
842.5		0.0767711
842		0.0758845
841.5		0.0770524
841		0.0756783
840.5		0.076695
840		0.0767104
839.5		0.076741
839		0.0757441
838.5		0.0768092
838		0.0769992
837.5		0.0766189
837		0.0775854
836.5		0.07674
836		0.0765276
835.5		0.0770753
835		0.076946
834.5		0.0772055
834		0.0773886
833.5		0.0771366
833		0.0768925
832.5		0.0768849
832		0.0772212
831.5		0.0774809
831		0.0769307
830.5		0.0771912
830		0.0775425
829.5		0.0774515
829		0.0771292
828.5		0.077375
828		0.0770303
827.5		0.0774059
827		0.0771835
826.5		0.0769307
826		0.0773756
825.5		0.0769767
825		0.0772913
824.5		0.0774908
824		0.076831
823.5		0.0776912
823		0.0773988
822.5		0.0772
822		0.0773525
821.5		0.0771457
821		0.0774374
820.5		0.0767009
820		0.0774142
819.5		0.0773381
819		0.0773691
818.5		0.0770152
818		0.0770077
817.5		0.0769462
817		0.0773227
816.5		0.0767772
816		0.0769844
815.5		0.0768234
815		0.0770385
814.5		0.0768385
814		0.0772691
813.5		0.0770923
813		0.0770461
812.5		0.0768924
812		0.076631
811.5		0.0771077
811		0.0765235
810.5		0.0766008
810		0.0769231
809.5		0.0767467
809		0.0763924
808.5		0.0770769
808		0.0765617
807.5		0.0770077
807		0.0767386
806.5		0.0769154
806		0.0769231
805.5		0.0764929
805		0.0767384
804.5		0.0768078
804		0.0764776
803.5		0.0766077
803		0.0764547
802.5		0.0763466
802		0.0761867
801.5		0.0762085
801		0.0762915
800.5		0.0762104
800		0.0760468
799.5		0.0763466
799		0.0757878
798.5		0.0760935
798		0.0761933
797.5		0.0760761
797		0.0761857
796.5		0.0758559
796		0.0759948
795.5		0.0760327
795		0.0758318
794.5		0.0760088
794		0.0758407
793.5		0.0754811
793		0.075747
792.5		0.0757016
792		0.0758303
791.5		0.0755582
791		0.0752859
790.5		0.0755414
790		0.0751767
789.5		0.0756093
789		0.0751122
788.5		0.0754321
788		0.0751895
787.5		0.0751047
787		0.0750949
786.5		0.0754585
786		0.0748259
785.5		0.0752796
785		0.0747041
784.5		0.075197
784		0.075182
783.5		0.0751295
783		0.0749251
782.5		0.0750823
782		0.0749925
781.5		0.0747058
781		0.074731
780.5		0.0746388
780		0.0744172
779.5		0.0746909
779		0.0747831
778.5		0.0744723
778		0.0743365
777.5		0.0744279
777		0.0742806
776.5		0.074325
776		0.0742289
775.5		0.0740851
775		0.0742589
774.5		0.0739563
774		0.0740667
773.5		0.0738268
773		0.0739303
772.5		0.0739633
772		0.0739489
771.5		0.0739005
771		0.0734328
770.5		0.0734958
770		0.0735206
769.5		0.073484
769		0.0735689
768.5		0.073212
768		0.0734958
767.5		0.0733625
767		0.0731465
766.5		0.0731707
766		0.0731513
765.5		0.0730785
765		0.0729094
764.5		0.0729302
764		0.0728286
763.5		0.0729592
763		0.0728194
762.5		0.0725662
762		0.0725229
761.5		0.0725558
761		0.072644
760.5		0.0724378
760		0.0724955
759.5		0.0720963
759		0.0723155
758.5		0.0720819
758		0.0720032
757.5		0.0719467
757		0.0718402
756.5		0.0717974
756		0.0719117
755.5		0.0717694
755		0.0716486
754.5		0.0714854
754		0.0713578
753.5		0.0718551
753		0.0715209
752.5		0.0713577
752		0.0714286
751.5		0.0712022
751		0.0713151
750.5		0.0710741
750		0.0711733
749.5		0.070953
749		0.0708412
748.5		0.070684
748		0.0707973
747.5		0.0706279
747		0.0704701
746.5		0.0703458
746		0.0709037
745.5		0.0704156
745		0.0701041
744.5		0.0703597
744		0.0698733
743.5		0.0701546
743		0.0701754
742.5		0.0700624
742		0.0699287
741.5		0.0699584
741		0.0698595
740.5		0.0699931
740		0.0698249
739.5		0.0697651
739		0.069579
738.5		0.0697054
738		0.0693304
737.5		0.0695721
737		0.0694252
736.5		0.0692209
736		0.0691426
735.5		0.0691799
735		0.0690166
734.5		0.0687992
734		0.0691117
733.5		0.0687956
733		0.0690845
732.5		0.0688434
732		0.0687083
731.5		0.0684407
731		0.0684851
730.5		0.0685726
730		0.0684891
729.5		0.068567
729		0.0681329
728.5		0.0685386
728		0.0682684
727.5		0.0681973
727		0.0680955
726.5		0.0684585
726		0.0678689
725.5		0.0682766
725		0.0682719
724.5		0.0677149
724		0.0678406
723.5		0.0677819
723		0.0679072
722.5		0.0679621
722		0.0676448
721.5		0.067592
721		0.0674742
720.5		0.0675165
720		0.067403
719.5		0.0674927
719		0.0673312
718.5		0.0669413
718		0.0667916
717.5		0.066904
717		0.0667353
716.5		0.0664981
716		0.0666917
715.5		0.0665601
715		0.0665153
714.5		0.0664326
714		0.0664066
713.5		0.0659729
713		0.0661307
712.5		0.0659879
712		0.065844
711.5		0.0658353
711		0.0656786
710.5		0.0655531
710		0.0657625
709.5		0.0653914
709		0.065577
708.5		0.0655287
708		0.0653454
707.5		0.0655318
707		0.0655835
706.5		0.0653801
706		0.0651016
705.5		0.0651831
705		0.0653994
704.5		0.0652559
704		0.0653459
703.5		0.0651511
703		0.0650591
702.5		0.0649325
702		0.0651488
701.5		0.0648878
701		0.0650374
700.5		0.0648723
700		0.0648494
699.5		0.0647262
699		0.064751
698.5		0.064532
698		0.064707
697.5		0.0644589
697		0.0646688
696.5		0.0644493
696		0.0642365
695.5		0.0641064
695		0.0641669
694.5		0.0645352
694		0.0641632
693.5		0.0640836
693		0.0640962
692.5		0.0638298
692		0.0640608
691.5		0.0639621
691		0.0639598
690.5		0.0638886
690		0.0638256
689.5		0.0636597
689		0.0641114
688.5		0.0636471
688		0.0637793
687.5		0.0635234
687		0.0636534
686.5		0.0636471
686		0.0636238
685.5		0.0634623
685		0.0636597
684.5		0.0635547
684		0.0633886
683.5		0.063525
683		0.0632899
682.5		0.0633949
682		0.0633199
681.5		0.0633949
681		0.0630115
680.5		0.0631111
680		0.0631912
679.5		0.0630488
679		0.0634277
678.5		0.0633337
678		0.0631548
677.5		0.0632474
677		0.0632224
676.5		0.0632548
676		0.0631058
675.5		0.0632786
675		0.0634277
674.5		0.0629509
674		0.0632173
673.5		0.0630069
673		0.0630809
672.5		0.0628645
672		0.0628769
671.5		0.0629882
671		0.0630934
670.5		0.0629018
670		0.0630506
669.5		0.0628583
669		0.0627226
668.5		0.0628277
668		0.0630372
667.5		0.0628645
667		0.0630132
666.5		0.0627594
666		0.0628283
665.5		0.0628645
665		0.0628464
664.5		0.0631193
664		0.0628334
663.5		0.0629765
663		0.0629578
662.5		0.0630132
662		0.0629516
661.5		0.0629391
661		0.062735
660.5		0.0631433
660		0.0629703
659.5		0.0631005
659		0.0630693
658.5		0.063113
658		0.0633426
657.5		0.0628775
657		0.0632059
656.5		0.0631808
656		0.0631068
655.5		0.0633188
655		0.0630077
654.5		0.0631871
654		0.0633551
653.5		0.0632435
653		0.0634243
652.5		0.0631381
652		0.0633551
651.5		0.0634621
651		0.0633663
650.5		0.0633803
650		0.0634921
649.5		0.0634621
649		0.0635551
648.5		0.0635173
648		0.0637981
647.5		0.0635741
647		0.0637938
646.5		0.0636987
646		0.0635741
645.5		0.0636671
645		0.0636689
644.5		0.0638552
644		0.0640502
643.5		0.0640056
643		0.063851
642.5		0.0641269
642		0.0639952
641.5		0.0640463
641		0.0641077
640.5		0.0640949
640		0.0643936
639.5		0.0643614
639		0.0643485
638.5		0.0644451
638		0.064458
637.5		0.0647006
637		0.0647879
636.5		0.0646003
636		0.0647981
635.5		0.064866
635		0.0648893
634.5		0.065003
634		0.0650357
633.5		0.0651275
633		0.0652678
632.5		0.0653008
632		0.0653601
631.5		0.0654696
631		0.0655092
630.5		0.065832
630		0.0657391
629.5		0.0657324
629		0.065996
628.5		0.0661572
628		0.0662318
627.5		0.0662397
627		0.066373
626.5		0.0665071
626		0.0666932
625.5		0.0668388
625		0.0666403
624.5		0.0669237
624		0.0670936
623.5		0.067093
623		0.067472
622.5		0.0671299
622		0.0674245
621.5		0.067664
621		0.0676941
620.5		0.0678808
620		0.0679564
619.5		0.067897
619		0.0680847
618.5		0.0681796
618		0.0682171
617.5		0.0682237
617		0.0684333
616.5		0.0686236
616		0.0688247
615.5		0.0687913
615		0.0690863
614.5		0.0689521
614		0.069093
613.5		0.0693243
613		0.0695593
612.5		0.069781
612		0.0699076
611.5		0.0702813
611		0.0701857
610.5		0.0703992
610		0.070276
609.5		0.070506
609		0.0707552
608.5		0.0708455
608		0.0709496
607.5		0.0711509
607		0.0716787
606.5		0.0716714
606		0.0718732
605.5		0.0719837
605		0.0721018
604.5		0.0720948
604		0.0726089
603.5		0.0725806
603		0.0728843
602.5		0.0732252
602		0.0734194
601.5		0.0733482
601		0.0738111
600.5		0.0735066
600		0.0740417
599.5		0.0743617
599		0.0741314
598.5		0.0747818
598		0.0747917
597.5		0.0751456
597		0.07525
596.5		0.0753949
596		0.0755577
595.5		0.0758955
595		0.0759996
594.5		0.0763566
594		0.0764837
593.5		0.0768783
593		0.0769901
592.5		0.0775411
592		0.0774743
591.5		0.0777638
591		0.077853
590.5		0.078308
590		0.0783441
589.5		0.078456
589		0.0789016
588.5		0.0789754
588		0.0794388
587.5		0.0796709
587		0.0798376
586.5		0.0797528
586		0.0804054
585.5		0.080642
585		0.0806249
584.5		0.0808071
584		0.0813134
583.5		0.0814851
583		0.0820924
582.5		0.0822632
582		0.082328
581.5		0.082706
581		0.0828916
580.5		0.0834057
580		0.0837111
579.5		0.0837353
579		0.0839923
578.5		0.0842561
578		0.0848128
577.5		0.0848829
577		0.085213
576.5		0.0856702
576		0.0860474
575.5		0.0862385
575		0.0864328
574.5		0.0868979
574		0.086856
573.5		0.0874038
573		0.0880424
572.5		0.0881588
572		0.0882494
571.5		0.0886259
571		0.0890193
570.5		0.0894833
570		0.0897362
569.5		0.090227
569		0.090446
568.5		0.0905073
568		0.0909614
567.5		0.0916963
567		0.0918004
566.5		0.0921318
566		0.0923934
565.5		0.0927578
565		0.0933474
564.5		0.0936689
564		0.093999
563.5		0.0943469
563		0.0945493
562.5		0.0952244
562		0.0955487
561.5		0.0958038
561		0.0963902
560.5		0.0966753
560		0.0970436
559.5		0.0976431
559		0.0979376
558.5		0.0983969
558		0.0986267
557.5		0.0990127
557		0.0993765
556.5		0.100019
556		0.100335
555.5		0.100777
555		0.10112
554.5		0.101927
554		0.102117
553.5		0.102596
553		0.103009
552.5		0.103551
552		0.103782
551.5		0.104492
551		0.104855
550.5		0.105344
550		0.105404
549.5		0.106418
549		0.106556
548.5		0.107273
548		0.107532
547.5		0.107855
547		0.108783
546.5		0.109072
546		0.109677
545.5		0.110271
545		0.110326
544.5		0.11092
544		0.111557
543.5		0.112076
543		0.112885
542.5		0.113103
542		0.113669
541.5		0.113771
541		0.114438
540.5		0.115095
540		0.115363
539.5		0.116119
539		0.116705
538.5		0.117053
538		0.117479
537.5		0.117905
537		0.118904
536.5		0.119306
536		0.119889
535.5		0.120183
535		0.120719
534.5		0.121123
534		0.122107
533.5		0.122278
533		0.123215
532.5		0.123905
532		0.124453
531.5		0.124976
531		0.125499
530.5		0.126226
530		0.126522
529.5		0.127269
529		0.127988
528.5		0.128364
528		0.128934
527.5		0.129831
527		0.130691
526.5		0.131304
526		0.131767
525.5		0.132535
525		0.133035
524.5		0.133498
524		0.134202
523.5		0.134749
523		0.135572
522.5		0.135901
522		0.136623
521.5		0.13735
521		0.138355
520.5		0.138593
520		0.139393
519.5		0.139707
519		0.140329
518.5		0.14151
518		0.141702
517.5		0.142327
517		0.142979
516.5		0.143536
516		0.144559
515.5		0.144883
515		0.145292
514.5		0.146072
514		0.146541
513.5		0.147449
513		0.147757
512.5		0.14877
512		0.149212
511.5		0.149481
511		0.150453
510.5		0.150825
510		0.151391
509.5		0.15196
509		0.152294
508.5		0.153113
508		0.153283
507.5		0.153963
507		0.154285
506.5		0.154978
506		0.15548
505.5		0.155969
505		0.156256
504.5		0.15682
504		0.157483
503.5		0.157498
503		0.158113
502.5		0.158513
502		0.158882
501.5		0.159165
501		0.159533
500.5		0.159993
500		0.160015
499.5		0.1605
499		0.160912
498.5		0.160943
498		0.161665
497.5		0.16141
497		0.162002
496.5		0.161407
496		0.162227
495.5		0.162414
495		0.162055
494.5		0.162598
494		0.162369
493.5		0.162388
493		0.162448
492.5		0.162455
492		0.162654
491.5		0.162447
491		0.162009
490.5		0.162554
490		0.162581
489.5		0.162207
489		0.161766
488.5		0.161845
488		0.161116
487.5		0.161728
487		0.160936
486.5		0.160629
486		0.160597
485.5		0.160186
485		0.160307
484.5		0.159901
484		0.159467
483.5		0.159056
483		0.159253
482.5		0.158749
482		0.158408
481.5		0.157976
481		0.157091
480.5		0.15648
480		0.156378
479.5		0.155972
479		0.155527
478.5		0.155193
478		0.154821
477.5		0.154444
477		0.154355
476.5		0.153332
476		0.153082
475.5		0.152432
475		0.15181
474.5		0.151857
474		0.151038
473.5		0.150998
473		0.150144
472.5		0.149363
472		0.148902
471.5		0.148719
471		0.148175
470.5		0.147537
470		0.147082
469.5		0.146679
469		0.146328
468.5		0.145674
468		0.145458
467.5		0.144869
467		0.143805
466.5		0.143475
466		0.143109
465.5		0.142731
465		0.142304
464.5		0.141752
464		0.141128
463.5		0.14114
463		0.140222
462.5		0.1396
462		0.13917
461.5		0.13878
461		0.138352
460.5		0.137892
460		0.137422
459.5		0.136995
459		0.136372
458.5		0.135754
458		0.135133
457.5		0.134358
457		0.134063
456.5		0.13414
456		0.132988
455.5		0.1324
455		0.132336
454.5		0.131581
454		0.131206
453.5		0.130544
453		0.129833
452.5		0.129371
452		0.128875
451.5		0.128856
451		0.127962
450.5		0.127355
450		0.126788
449.5		0.126551
449		0.125895
448.5		0.126097
448		0.12488
447.5		0.124945
447		0.12467
446.5		0.123791
446		0.12359
445.5		0.122807
445		0.122597
444.5		0.122324
444		0.121975
443.5		0.121333
443		0.121201
442.5		0.120726
442		0.120355
441.5		0.120039
441		0.119284
440.5		0.119297
440		0.119179
439.5		0.118719
439		0.11817
438.5		0.117328
438		0.117297
437.5		0.116711
437		0.116558
436.5		0.116376
436		0.116062
435.5		0.115412
435		0.114773
434.5		0.115268
434		0.114331
433.5		0.113695
433		0.11378
432.5		0.113594
432		0.112966
431.5		0.112434
431		0.112403
430.5		0.112289
430		0.112058
429.5		0.111634
429		0.11117
428.5		0.110411
428		0.110618
427.5		0.110293
427		0.109839
426.5		0.109468
426		0.109025
425.5		0.109025
425		0.108397
424.5		0.108515
424		0.107929
423.5		0.1078
423		0.107475
422.5		0.107415
422		0.106409
421.5		0.106524
421		0.106145
420.5		0.10594
420		0.105551
419.5		0.10511
419		0.104814
418.5		0.105115
418		0.104527
417.5		0.103815
417		0.103373
416.5		0.103415
416		0.103636
415.5		0.102578
415		0.102454
414.5		0.101996
414		0.101832
413.5		0.101313
413		0.100945
412.5		0.100964
412		0.100489
411.5		0.100481
411		0.100114
410.5		0.0994504
410		0.0999212
409.5		0.0990237
409		0.0991376
408.5		0.0986332
408		0.0985608
407.5		0.0981932
407		0.0974867
406.5		0.0972295
406		0.0973166
405.5		0.0966565
405		0.096985
404.5		0.0963143
404		0.0959917
403.5		0.0955608
403		0.0958084
402.5		0.0955729
402		0.0947999
401.5		0.0950934
401		0.0945032
400.5		0.0939557
400		0.0940512
399.5		0.0938233
399		0.0933114
398.5		0.0932665
398		0.0930172
397.5		0.0928602
397		0.0928763
396.5		0.0924595
396		0.0918297
395.5		0.0916328
395		0.0917098
394.5		0.091153
394		0.0908386
393.5		0.0911609
393		0.0902826
392.5		0.0902133
392		0.0903682
391.5		0.0901265
391		0.0898606
390.5		0.0894253
390		0.089131
389.5		0.0884872
389		0.0888279
388.5		0.0881321
388		0.0881272
387.5		0.0879393
387		0.0880246
386.5		0.0876087
386		0.0875447
385.5		0.0877626
385		0.0869897
384.5		0.086758
384		0.0867944
383.5		0.0863863
383		0.0861705
382.5		0.0858441
382		0.0861005
381.5		0.0856926
381		0.0859283
380.5		0.0853474
380		0.0853772
379.5		0.084852
379		0.0850689
378.5		0.0845141
378		0.0841771
377.5		0.0842537
377		0.0838699
376.5		0.084042
376		0.0838273
375.5		0.0834725
375		0.08375
374.5		0.0830409
374		0.0830903
373.5		0.0836817
373		0.082924
372.5		0.0833958
372		0.0833125
371.5		0.0824281
371		0.0827449
370.5		0.0817292
370		0.0822123
369.5		0.0819127
369		0.0815667
368.5		0.0810095
368		0.0817104
367.5		0.0810744
367		0.0806571
366.5		0.0806745
366		0.0808714
365.5		0.0810231
365		0.0801316
364.5		0.0805242
364		0.0803262
363.5		0.0800625
363		0.0793847
362.5		0.0801282
362		0.0793143
361.5		0.0788117
361		0.0791479
360.5		0.0790358
360		0.0788117
359.5		0.0786176
359		0.0786176
358.5		0.07761
358		0.0778678
357.5		0.0787908
357		0.0781084
356.5		0.0781161
356		0.0785703
355.5		0.0778175
355		0.0777687
354.5		0.0772098
354		0.0771102
353.5		0.0764171
353		0.0763872
352.5		0.0770291
352		0.0761168
351.5		0.0762684
351		0.075895
350.5		0.0758665
350		0.0754366
349.5		0.0755584
349		0.0743575
348.5		0.0753854
348		0.0746316
347.5		0.0748874
347		0.0751068
346.5		0.0741097
346		0.0732448
345.5		0.0735996
345		0.07264
344.5		0.0728482
344		0.0720735
343.5		0.0714571
343		0.0721534
342.5		0.0715764
342		0.0715937
341.5		0.0718281
341		0.0705724
340.5		0.0711115
340		0.0696203
339.5		0.0684824
339		0.0683366
338.5		0.0688406
338		0.0691204
337.5		0.0663425
337		0.0666562
336.5		0.066391
336		0.0665725
335.5		0.0656621
335		0.0650685
334.5		0.064928
334		0.0645036
333.5		0.0648163
333		0.0647393
332.5		0.0650874
332		0.0635203
331.5		0.0633558
331		0.06363
330.5		0.0618692
330		0.0629306
329.5		0.0621252
329		0.0618938
328.5		0.061423
328		0.0599908
327.5		0.0608782
327		0.0601653
326.5		0.0594801
326		0.0603376
325.5		0.0590124
325		0.0593621
324.5		0.0583097
324		0.058128
323.5		0.0589669
323		0.0578013
322.5		0.0572213
322		0.0562662
321.5		0.0566594
321		0.0552943
320.5		0.0557452
320		0.0540846
319.5		0.0541152
319		0.0539378
318.5		0.0537724
318		0.0534259
317.5		0.0536791
317		0.050755
316.5		0.053534
316		0.0525923
315.5		0.0522807
315		0.0518949
314.5		0.0515932
314		0.0504938
313.5		0.0489272
313		0.0499851
312.5		0.0514345
312		0.0486941
311.5		0.0489126
311		0.0463674
310.5		0.0477422
310		0.0480919
309.5		0.0468157
309		0.0472928
308.5		0.0457886
308		0.0449067
307.5		0.0428686
307		0.0468186
306.5		0.0438745
306		0.0447707
305.5		0.043244
305		0.0431728
304.5		0.0435322
304		0.0395064
303.5		0.046631
303		0.0396018
302.5		0.0400469
302		0.0374211
301.5		0.0362974
301		0.0393832
300.5		0.0447228
300		0.0384841
299.5		0.0409884
299		0.0531528
298.5		0.0648825
298		0.0402535
297.5		0.0551619
297		0.0411917
296.5		0.0630449
296		0.023464
295.5		0.00397399
295		0.036081
294.5		0.143954
294		0.0221779
293.5		-0.0459984
293		0.0927422
292.5		-0.171004
292		-0.389262
291.5		0.398232
291		0.0186291
290.5		-0.636015
290		3.391
289.5		-0.0274274
289		-0.424343
288.5		-0.808508
288		0.43782
287.5		0.396632
287		0.599526
286.5		0.282903
286		0.201677
285.5		0.0247222
285		-0.298537
284.5		0.53085
284		0.156511
283.5		-0.458273
283		0.118326
282.5		-0.219758
282		0.24247
281.5		-0.0200165
281		11.3619
280.5		0.327231
280		-0.428717
279.5		-0.240484
279		0.297737
278.5		0.207278
278		0.256286
277.5		-0.434513
277		0.155463
276.5		0.256279
276		0.169573
275.5		0.329764
275		0.576905
274.5		-0.0230795
274		0.389523
273.5		0.00921018
273		0.655577
272.5		0.284971
272		0.165508
271.5		0.941173
271		0.751525
270.5		-0.219401
270		-0.00531122
269.5		0.456998
269		0.208446
268.5		0.779691
268		0.114802
267.5		0.239417
267		1.67185
266.5		-0.716049
266		0.112797
265.5		0.508543
265		-0.192383
264.5		0.130885
264		0.287848
263.5		0.527204
263		0.426571
262.5		-0.0022395
262		-0.00935921
261.5		-0.277493
261		-0.40827
260.5		0.669622
260		0.304544
259.5		0.606427
259		0.141579
258.5		0.25634
258		0.667622
257.5		-2.50636
257		0.90003
256.5		-0.190216
256		-0.225766
255.5		-1.05845
255		-0.238292
254.5		0.00448752
254		0.16739
253.5		0.326806
253		0.7637
252.5		0.186504
252		0.116989
251.5		0.131357
251		0.851162
250.5		-1.97087
250		0.435745
249.5		0.267541
249		0.464144
248.5		0.0799398
248		-1.06903
247.5		0.711025
247		-0.125434
246.5		0.0760901
246		-0.984607
245.5		-0.056047
245		0.533404
244.5		0.238766
244		0.859615
243.5		0.306274
243		0.462353
242.5		0.137158
242		0.238018
241.5		-1.17436
241		0.653491
240.5		-0.35562
240		0.135703
239.5		1.90389
239		0.0929315
238.5		8.00074
238		-0.155559
237.5		-0.58708
237		1.81154
236.5		0.326884
236		0.15
235.5		-0.424583
235		0.539069
234.5		0.97085
234		0.90927
233.5		0.029686
233		-0.356305
232.5		1.22789
232		0.266978
231.5		0.533628
231		-0.52587
230.5		0.149768
230		1.80251
229.5		0.127457
229		0.382421
228.5		0.379984
228		-0.756972
227.5		0.293859
227		-0.410184
226.5		0.0196115
226		0
225.5		-0.315455
225		-0.169735
224.5		0.0161572
224		0.429476
223.5		-0.133656
223		0.700592
222.5		0.0272557
222		0.236573
221.5		0.245409
221		0.134103
220.5		-10.9838
220		0.0146552
219.5		0.161815
219		0.145191
218.5		0.226438
218		0.0309465
217.5		-0.103201
217		0.0163201
216.5		0.640349
216		1.17808
215.5		0.248892
215		-0.282388
214.5		-1.50285
214		-0.0238029
213.5		-0.49525
213		-0.182351
212.5		0.113031
212		0.19628
211.5		-0.235716
211		0.19336
210.5		1.59278
210		2.09234
209.5		-0.466193
209		1.2742
208.5		0.193819
208		-1.27013
207.5		0.164206
207		0.500509
206.5		0.198385
206		0.420135
205.5		0.174477
205		0.113327
204.5		0.284774
204		0.547699
203.5		0.276671
203		0.775857
202.5		-0.318204
202		0.0960379
201.5		0.499079
201		0.721328
200.5		-0.102466
200		-0.115309
Data2:
lambda		value

Calibration:
lambda:	800
Abs:	0.0005

Data:
#
900		0.0761609
899.5		0.0745005
899		0.0823826
898.5		0.0732707
898		0.0675769
897.5		0.0758607
897		0.0687455
896.5		0.075576
896		0.0703523
895.5		0.0703686
895		0.0724094
894.5		0.0733816
894		0.070557
893.5		0.0795887
893		0.0753927
892.5		0.0713587
892		0.0732349
891.5		0.0686421
891		0.07623
890.5		0.0770387
890		0.0725251
889.5		0.074912
889		0.070489
888.5		0.0752167
888		0.0735309
887.5		0.0763113
887		0.0726069
886.5		0.0733434
886		0.0786494
885.5		0.0760589
885		0.0713372
884.5		0.0799797
884		0.0736593
883.5		0.0729708
883		0.0744057
882.5		0.0745831
882		0.0717856
881.5		0.0721354
881		0.0759494
880.5		0.0744359
880		0.0733144
879.5		0.0726904
879		0.0780315
878.5		0.0755096
878		0.075123
877.5		0.0761771
877		0.0761623
876.5		0.0765121
876		0.074821
875.5		0.0759622
875		0.0756729
874.5		0.0762918
874		0.0766284
873.5		0.0759314
873		0.0768765
872.5		0.0752123
872		0.0754059
871.5		0.0760739
871		0.0769309
870.5		0.0757606
870		0.0780937
869.5		0.0747804
869		0.0765459
868.5		0.0771543
868		0.0757863
867.5		0.0749075
867		0.0772536
866.5		0.077085
866		0.0758346
865.5		0.0751
865		0.0769231
864.5		0.0759556
864		0.0757485
863.5		0.07504
863		0.0760123
862.5		0.0765464
862		0.076115
861.5		0.0768617
861		0.0773253
860.5		0.0781658
860		0.0764957
859.5		0.0766471
859		0.0759079
858.5		0.0764262
858		0.0770529
857.5		0.0768078
857		0.0762047
856.5		0.0766333
856		0.0771443
855.5		0.0763669
855		0.0773503
854.5		0.0773344
854		0.0774648
853.5		0.0769154
853		0.0769841
852.5		0.0761116
852		0.0768699
851.5		0.0772976
851		0.0768775
850.5		0.0768165
850		0.0774718
849.5		0.0767559
849		0.0766265
848.5		0.076817
848		0.0761481
847.5		0.0772651
847		0.0771282
846.5		0.0771279
846		0.0776757
845.5		0.0772354
845		0.0778129
844.5		0.0768547
844		0.0771892
843.5		0.0766506
843		0.0776603
842.5		0.0769611
842		0.076961
841.5		0.077243
841		0.0772498
840.5		0.0773798
840		0.077098
839.5		0.0770294
839		0.0773191
838.5		0.0774933
838		0.0774871
837.5		0.0773038
837		0.0778758
836.5		0.0776256
836		0.0773114
835.5		0.0769688
835		0.0773355
834.5		0.077695
834		0.0772822
833.5		0.0775263
833		0.0775802
832.5		0.0774739
832		0.07801
831.5		0.0775733
831		0.0774206
830.5		0.0776825
830		0.0774361
829.5		0.0773448
829		0.0773206
828.5		0.077667
828		0.0776206
827.5		0.077299
827		0.0773756
826.5		0.0774213
826		0.0777678
825.5		0.077667
825		0.0778832
824.5		0.0774838
824		0.0777223
823.5		0.0775845
823		0.077891
822.5		0.0779936
822		0.0772455
821.5		0.0780376
821		0.07773
820.5		0.0775905
820		0.0776069
819.5		0.0778311
819		0.0777622
818.5		0.0777068
818		0.077701
817.5		0.0778413
817		0.0775155
816.5		0.0778689
816		0.0772764
815.5		0.0770152
815		0.077632
814.5		0.077531
814		0.0776621
813.5		0.0778857
813		0.077939
812.5		0.0773845
812		0.0776233
811.5		0.077701
811		0.0776155
810.5		0.0769922
810		0.0775155
809.5		0.0765393
809		0.0777856
808.5		0.0774697
808		0.0772541
807.5		0.0776009
807		0.0773309
806.5		0.0776087
806		0.0772158
805.5		0.0771846
805		0.0773315
804.5		0.0772
804		0.0770692
803.5		0.0773005
803		0.0769461
802.5		0.0768384
802		0.0769768
801.5		0.0772
801		0.0773857
800.5		0.0767006
800		0.0770385
799.5		0.0771386
799		0.0766773
798.5		0.0770846
798		0.0766847
797.5		0.0770696
797		0.0768769
796.5		0.0768462
796		0.0765851
795.5		0.0765235
795		0.0769231
794.5		0.0769
794		0.0764312
793.5		0.07647
793		0.0766383
792.5		0.0765923
792		0.0764223
791.5		0.0764471
791		0.0760729
790.5		0.0763313
790		0.0762636
789.5		0.0764
789		0.0761011
788.5		0.0760228
788		0.0760783
787.5		0.0761933
787		0.0758848
786.5		0.0759481
786		0.0758119
785.5		0.0760696
785		0.0755901
784.5		0.0757863
784		0.0756714
783.5		0.075818
783		0.0755151
782.5		0.0755715
782		0.0754811
781.5		0.0753944
781		0.0755188
780.5		0.075227
780		0.0753042
779.5		0.0753794
779		0.0755715
778.5		0.0751595
778		0.0753247
777.5		0.0751146
777		0.0749676
776.5		0.0750125
776		0.0748157
775.5		0.0745719
775		0.0750475
774.5		0.0745422
774		0.074955
773.5		0.0747132
773		0.0746165
772.5		0.0745509
772		0.0746343
771.5		0.0743884
771		0.074218
770.5		0.0743802
770		0.0741073
769.5		0.0742698
769		0.0741553
768.5		0.0740962
768		0.0735836
767.5		0.0740482
767		0.0737313
766.5		0.0736569
766		0.0738376
765.5		0.0735646
765		0.0733936
764.5		0.0738155
764		0.0734137
763.5		0.0736453
763		0.0732047
762.5		0.0735499
762		0.073506
761.5		0.0732386
761		0.0733287
760.5		0.0732218
760		0.0732802
759.5		0.0728793
759		0.0729985
758.5		0.0728648
758		0.0723874
757.5		0.0726296
757		0.0726224
756.5		0.0723802
756		0.0723959
755.5		0.0724522
755		0.0724306
754.5		0.0724667
754		0.0722366
753.5		0.0724392
753		0.0720048
752.5		0.072039
752		0.0719117
751.5		0.0717827
751		0.0716985
750.5		0.0718545
750		0.0716557
749.5		0.0716347
749		0.0716199
748.5		0.0716629
748		0.0716771
747.5		0.0714073
747		0.0712509
746.5		0.0709255
746		0.071386
745.5		0.0709959
745		0.0710811
744.5		0.0709396
744		0.07065
743.5		0.0705357
743		0.0707552
742.5		0.0706419
742		0.0706069
741.5		0.070537
741		0.0703388
740.5		0.0705719
740		0.070601
739.5		0.0706419
739		0.0698595
738.5		0.0700851
738		0.070106
737.5		0.0701494
737		0.0701009
736.5		0.0695007
736		0.0696203
735.5		0.0699536
735		0.0696916
734.5		0.0693733
734		0.0692923
733.5		0.0694691
733		0.0693636
732.5		0.0691217
732		0.0690841
731.5		0.069013
731		0.069057
730.5		0.0689486
730		0.0687659
729.5		0.0688438
729		0.0686044
728.5		0.0681308
728		0.0685441
727.5		0.068277
727		0.0684678
726.5		0.0684411
726		0.067948
725.5		0.068162
725		0.0680608
724.5		0.0677933
724		0.0675337
723.5		0.0675715
723		0.0675053
722.5		0.0673694
722		0.0673407
721.5		0.067003
721		0.0672667
720.5		0.0671204
720		0.0672904
719.5		0.067005
719		0.0670307
718.5		0.0667354
718		0.0669605
717.5		0.0668856
717		0.0670915
716.5		0.0667604
716		0.0666729
715.5		0.0669176
715		0.0666856
714.5		0.0669834
714		0.0664825
713.5		0.0666221
713		0.06659
712.5		0.0664487
712		0.0664029
711.5		0.0664925
711		0.0663369
710.5		0.0663102
710		0.0664257
709.5		0.0663475
709		0.06634
708.5		0.0659988
708		0.0658153
707.5		0.0660033
707		0.0660554
706.5		0.0657532
706		0.0660675
705.5		0.0659503
705		0.0657726
704.5		0.0657272
704		0.065818
703.5		0.0656222
703		0.0655302
702.5		0.0656013
702		0.065522
701.5		0.0653588
701		0.0654104
700.5		0.0656401
700		0.0652217
699.5		0.0651981
699		0.0650246
698.5		0.0651016
698		0.0651787
697.5		0.0650286
697		0.0650415
696.5		0.0651186
696		0.065003
695.5		0.0647737
695		0.0645384
694.5		0.0647105
694		0.0645352
693.5		0.0648505
693		0.0644684
692.5		0.0642998
692		0.0647297
691.5		0.0646309
691		0.0644302
690.5		0.0643599
690		0.0643951
689.5		0.0642292
689		0.0643853
688.5		0.0643154
688		0.0644491
687.5		0.0642899
687		0.0641241
686.5		0.0641178
686		0.064095
685.5		0.0640316
685		0.0641304
684.5		0.0639265
684		0.0640569
683.5		0.063996
683		0.0637604
682.5		0.0637667
682		0.0637899
681.5		0.0637667
681		0.0635798
680.5		0.0639771
680		0.0637604
679.5		0.0637163
679		0.0638993
678.5		0.0636067
678		0.0638235
677.5		0.0637182
677		0.0637919
676.5		0.0639247
676		0.063676
675.5		0.0636508
675		0.0636021
674.5		0.0635203
674		0.0634905
673.5		0.063676
673		0.0633538
672.5		0.063335
672		0.0635455
671.5		0.0635581
671		0.0635644
670.5		0.0634716
670		0.063522
669.5		0.0633287
669		0.0632924
668.5		0.0633977
668		0.0636067
667.5		0.063335
667		0.0634842
666.5		0.0631308
666		0.0634984
665.5		0.0635329
665		0.0633175
664.5		0.0633929
664		0.0633037
663.5		0.063448
663		0.0632309
662.5		0.0632861
662		0.0634229
661.5		0.0633112
661		0.0633049
660.5		0.0635157
660		0.0633426
659.5		0.063374
659		0.0633426
658.5		0.0634858
658		0.0636165
657.5		0.063448
657		0.0635787
656.5		0.0635534
656		0.0633803
655.5		0.0636924
655		0.0635787
654.5		0.0635597
654		0.0634306
653.5		0.0637158
653		0.0636987
652.5		0.0637094
652		0.0639269
651.5		0.0637367
651		0.0637391
650.5		0.0637537
650		0.063965
649.5		0.0639356
649		0.0638298
648.5		0.0639905
648		0.0641727
647.5		0.0641472
647		0.0643683
646.5		0.0641727
646		0.0640477
645.5		0.0641408
645		0.0644422
644.5		0.0643298
644		0.0646255
643.5		0.0643811
643		0.0645258
642.5		0.0648028
642		0.0646707
641.5		0.0649221
641		0.0646836
640.5		0.0646707
640		0.0650716
639.5		0.065039
639		0.064926
638.5		0.0651237
638		0.0651368
637.5		0.0654816
637		0.0654684
636.5		0.0654816
636		0.0656809
635.5		0.0657485
635		0.0658743
634.5		0.0659883
634		0.0661224
633.5		0.0662158
633		0.0662559
632.5		0.0665926
632		0.066552
631.5		0.0666599
631		0.0668014
630.5		0.0668217
630		0.0668282
629.5		0.0669224
629		0.067083
628.5		0.0671431
628		0.0671154
627.5		0.067221
627		0.0673549
626.5		0.0671858
626		0.0675703
625.5		0.0674157
625		0.0674124
624.5		0.067696
624		0.0675676
623.5		0.0675662
623		0.0677483
622.5		0.0676986
622		0.0677983
621.5		0.0681351
621		0.0680664
620.5		0.0680577
620		0.0683278
619.5		0.0680735
619		0.0683586
618.5		0.0683562
618		0.0684905
617.5		0.0685942
617		0.068999
616.5		0.0691903
616		0.0692944
615.5		0.0691634
615		0.0695567
614.5		0.0694215
614		0.0697584
613.5		0.0697946
613		0.0700302
612.5		0.0703498
612		0.0703787
611.5		0.0706559
611		0.0705596
610.5		0.0708715
610		0.070942
609.5		0.0711716
609		0.0711297
608.5		0.0714147
608		0.0716162
607.5		0.0716232
607		0.0720545
606.5		0.0720467
606		0.0723466
605.5		0.0722622
605		0.0724779
604.5		0.0727626
604		0.0728883
603.5		0.0731518
603		0.0731636
602.5		0.0735051
602		0.0736996
601.5		0.0738222
601		0.0742868
600.5		0.0740777
600		0.0745167
599.5		0.0745456
599		0.0746052
598.5		0.0750631
598		0.0751697
597.5		0.0755249
597		0.0758239
596.5		0.0759678
596		0.0763255
595.5		0.0759837
595		0.0763788
594.5		0.0767365
594		0.0767665
593.5		0.0769679
593		0.0773706
592.5		0.0776313
592		0.0779523
591.5		0.0777573
591		0.0784276
590.5		0.0785929
590		0.0787257
589.5		0.0790315
589		0.0792836
588.5		0.079551
588		0.0797249
587.5		0.0800543
587		0.0802206
586.5		0.0804253
586		0.0806919
585.5		0.0809293
585		0.0812977
584.5		0.0814808
584		0.0816978
583.5		0.0818691
583		0.0823814
582.5		0.082552
582		0.0829066
581.5		0.0828986
581		0.0833735
580.5		0.0837924
580		0.0838081
579.5		0.0842187
579		0.0843792
578.5		0.0846428
578		0.0851043
577.5		0.0854635
577		0.0857942
576.5		0.0859624
576		0.08634
575.5		0.086532
575		0.0870152
574.5		0.0870949
574		0.0875349
573.5		0.0876973
573		0.0883375
572.5		0.0885502
572		0.0889296
571.5		0.08921
571		0.0895077
570.5		0.0897794
570		0.0901292
569.5		0.0906202
569		0.0906467
568.5		0.0910927
568		0.0913545
567.5		0.0918987
567		0.0925801
566.5		0.0926229
566		0.0928846
565.5		0.0930568
565		0.0939365
564.5		0.0941618
564		0.0945881
563.5		0.0949361
563		0.0952335
562.5		0.0957191
562		0.095947
561.5		0.0962977
561		0.097078
560.5		0.0971703
560		0.0982126
559.5		0.0986227
559		0.0987228
558.5		0.0994714
558		0.099702
557.5		0.100086
557		0.100739
556.5		0.101382
556		0.10141
555.5		0.102045
555		0.102291
554.5		0.102717
554		0.103385
553.5		0.103769
553		0.104279
552.5		0.104532
552		0.10486
551.5		0.105667
551		0.10603
550.5		0.106711
550		0.106863
549.5		0.107403
549		0.107922
548.5		0.10845
548		0.108804
547.5		0.109126
547		0.109962
546.5		0.110345
546		0.11076
545.5		0.111739
545		0.111791
544.5		0.112292
544		0.112737
543.5		0.113447
543		0.113971
542.5		0.114188
542		0.114851
541.5		0.115333
541		0.115906
540.5		0.116372
540		0.116733
539.5		0.1174
539		0.118079
538.5		0.118523
538		0.119045
537.5		0.119375
537		0.120283
536.5		0.120588
536		0.121362
535.5		0.121654
535		0.122381
534.5		0.12269
534		0.123582
533.5		0.124036
533		0.124786
532.5		0.125095
532		0.125833
531.5		0.126358
531		0.12707
530.5		0.127704
530		0.127905
529.5		0.128747
529		0.12966
528.5		0.130033
528		0.130795
527.5		0.131313
527		0.132077
526.5		0.132597
526		0.133156
525.5		0.133828
525		0.134617
524.5		0.135174
524		0.135879
523.5		0.136333
523		0.137156
522.5		0.137675
522		0.138302
521.5		0.138937
521		0.139847
520.5		0.140274
520		0.140885
519.5		0.141484
519		0.142395
518.5		0.143102
518		0.143483
517.5		0.144299
517		0.144762
516.5		0.145318
516		0.146442
515.5		0.14686
515		0.147364
514.5		0.148244
514		0.148709
513.5		0.149814
513		0.150119
512.5		0.150754
512		0.151582
511.5		0.151654
511		0.15292
510.5		0.153193
510		0.153758
509.5		0.154522
509		0.154755
508.5		0.155579
508		0.155934
507.5		0.156807
507		0.157033
506.5		0.15734
506		0.15784
505.5		0.158424
505		0.158708
504.5		0.158986
504		0.15955
503.5		0.159657
503		0.16046
502.5		0.160196
502		0.160657
501.5		0.160937
501		0.161302
500.5		0.161952
500		0.161688
499.5		0.162079
499		0.162583
498.5		0.16233
498		0.162776
497.5		0.162983
497		0.162924
496.5		0.163254
496		0.163519
495.5		0.163798
495		0.163435
494.5		0.163055
494		0.163931
493.5		0.163305
493		0.163641
492.5		0.163554
492		0.163569
491.5		0.163361
491		0.16338
490.5		0.163468
490		0.163036
489.5		0.163119
489		0.162769
488.5		0.162757
488		0.162301
487.5		0.162366
487		0.161845
486.5		0.162088
486		0.161598
485.5		0.161276
485		0.161308
484.5		0.160718
484		0.160556
483.5		0.159686
483		0.159701
482.5		0.159105
482		0.159128
481.5		0.158513
481		0.157718
480.5		0.15756
480		0.157368
479.5		0.157052
479		0.156514
478.5		0.156088
478		0.155624
477.5		0.154703
477		0.155066
476.5		0.154312
476		0.153971
475.5		0.152688
475		0.152425
474.5		0.152382
474		0.151652
473.5		0.151071
473		0.150665
472.5		0.150153
472		0.149601
471.5		0.149417
471		0.148333
470.5		0.147963
470		0.147329
469.5		0.147014
469		0.146841
468.5		0.146096
468		0.145524
467.5		0.144668
467		0.144666
466.5		0.143804
466		0.143614
465.5		0.142706
465		0.142367
464.5		0.142254
464		0.141452
463.5		0.140938
463		0.139757
462.5		0.139834
462		0.13949
461.5		0.1391
461		0.138671
460.5		0.138036
460		0.137565
459.5		0.137485
459		0.136687
458.5		0.136155
458		0.135879
457.5		0.135016
457		0.134288
456.5		0.134539
456		0.133558
455.5		0.133662
455		0.13308
454.5		0.132756
454		0.132208
453.5		0.131718
453		0.131353
452.5		0.131069
452		0.130749
451.5		0.130382
451		0.130014
450.5		0.129497
450		0.128841
449.5		0.128521
449		0.127775
448.5		0.127899
448		0.127292
447.5		0.127011
447		0.126564
446.5		0.125858
446		0.125132
445.5		0.124967
445		0.124139
444.5		0.124314
444		0.123342
443.5		0.123319
443		0.122838
442.5		0.122539
442		0.121992
441.5		0.121586
441		0.121008
440.5		0.120846
440		0.12073
439.5		0.120538
439		0.119808
438.5		0.119321
438		0.118844
437.5		0.118615
437		0.118375
436.5		0.117925
436		0.11761
435.5		0.117228
435		0.116318
434.5		0.116729
434		0.116056
433.5		0.115682
433		0.115059
432.5		0.114963
432		0.114509
431.5		0.114334
431		0.113857
430.5		0.113837
430		0.113244
429.5		0.112909
429		0.112357
428.5		0.11195
428		0.111714
427.5		0.111299
427		0.111022
426.5		0.110648
426		0.110471
425.5		0.109939
425		0.109487
424.5		0.10925
424		0.108928
423.5		0.108623
423		0.108563
422.5		0.108237
422		0.107846
421.5		0.107788
421		0.10714
420.5		0.106847
420		0.106723
419.5		0.106368
419		0.105894
418.5		0.10549
418		0.105342
417.5		0.105157
417		0.104359
416.5		0.104579
416		0.104185
415.5		0.103914
415		0.103439
414.5		0.103243
414		0.102728
413.5		0.102384
413		0.102189
412.5		0.102211
412		0.101557
411.5		0.101025
411		0.101269
410.5		0.10069
410		0.100903
409.5		0.100262
409		0.0998517
408.5		0.0995207
408		0.0991007
407.5		0.0994321
407		0.0983721
406.5		0.0986395
406		0.098029
405.5		0.0976267
405		0.0980461
404.5		0.0975461
404		0.0968753
403.5		0.096878
403		0.0966032
402.5		0.0963677
402		0.0961154
401.5		0.0956272
401		0.0951224
400.5		0.0950069
400		0.0950187
399.5		0.0952257
399		0.094536
398.5		0.093969
398		0.0937202
397.5		0.0937365
397		0.0935794
396.5		0.0933356
396		0.0930515
395.5		0.0927674
395		0.092583
394.5		0.0925477
394		0.0917954
393.5		0.0921224
393		0.0913246
392.5		0.0910813
392		0.0909797
391.5		0.0909091
391		0.0909013
390.5		0.0904635
390		0.0902533
389.5		0.0899503
389		0.0896919
388.5		0.0896788
388		0.08933
387.5		0.0887124
387		0.0884563
386.5		0.0886368
386		0.0883154
385.5		0.0879373
385		0.0882678
384.5		0.087354
384		0.0876464
383.5		0.0874058
383		0.0869345
382.5		0.0862679
382		0.0866108
381.5		0.0864541
381		0.0859309
380.5		0.0858535
380		0.0865604
379.5		0.0847699
379		0.085659
378.5		0.084851
378		0.0849317
377.5		0.0850921
377		0.0849586
376.5		0.08446
376		0.0842457
375.5		0.0837233
375		0.0835836
374.5		0.0840442
374		0.0835906
373.5		0.083682
373		0.0833403
372.5		0.0829793
372		0.0833959
371.5		0.0828422
371		0.0829938
370.5		0.0826412
370		0.0822111
369.5		0.0827437
369		0.0822281
368.5		0.0821668
368		0.0817918
367.5		0.0812371
367		0.081233
366.5		0.0810028
366		0.080869
365.5		0.080773
365		0.0802932
364.5		0.0807689
364		0.0799934
363.5		0.0800593
363		0.0802866
362.5		0.080125
362		0.079803
361.5		0.0793807
361		0.0799639
360.5		0.0796881
360		0.0792988
359.5		0.0791868
359		0.0794327
358.5		0.0786608
358		0.0792558
357.5		0.0784602
357		0.0785114
356.5		0.0778658
356		0.0782396
355.5		0.077568
355		0.0779263
354.5		0.0775282
354		0.0774288
353.5		0.0768168
353		0.0765426
352.5		0.0767795
352		0.0758676
351.5		0.0769917
351		0.0762121
350.5		0.0764254
350		0.075348
349.5		0.0754702
349		0.0758003
348.5		0.074333
348		0.073982
347.5		0.0747182
347		0.0743728
346.5		0.0732177
346		0.0735553
345.5		0.0724753
345		0.07295
344.5		0.0725975
344		0.0725426
343.5		0.0716852
343		0.0722227
342.5		0.0714855
342		0.0714229
341.5		0.071897
341		0.0711164
340.5		0.0703063
340		0.0691321
339.5		0.0697219
339		0.0697328
338.5		0.0692211
338		0.0695014
337.5		0.0677394
337		0.0686051
336.5		0.0684054
336		0.068364
335.5		0.067443
335		0.0673886
334.5		0.0674043
334		0.0661953
333.5		0.0658079
333		0.0669778
332.5		0.0652258
332		0.0648184
331.5		0.0651181
331		0.0650874
330.5		0.0643171
330		0.0636864
329.5		0.0625673
329		0.0631838
328.5		0.0620161
328		0.0626534
327.5		0.0605502
327		0.0625192
326.5		0.060453
326		0.061081
325.5		0.0602142
325		0.0602566
324.5		0.0604341
324		0.0600137
323.5		0.0585634
323		0.0597701
322.5		0.0584192
322		0.057918
321.5		0.0574669
321		0.0576222
320.5		0.0561755
320		0.0560211
319.5		0.0561255
319		0.0551193
318.5		0.0545015
318		0.0546828
317.5		0.0546333
317		0.0541673
316.5		0.0527578
316		0.0539106
315.5		0.0521778
315		0.0505254
314.5		0.0508942
314		0.0505388
313.5		0.0512001
313		0.052423
312.5		0.0503645
312		0.0482942
311.5		0.049922
311		0.0490689
310.5		0.0480805
310		0.0499147
309.5		0.0475877
309		0.0485143
308.5		0.0477417
308		0.0454612
307.5		0.0478035
307		0.0466386
306.5		0.0433983
306		0.043348
305.5		0.0439376
305		0.0410869
304.5		0.0463484
304		0.0433416
303.5		0.0419021
303		0.0406623
302.5		0.0434591
302		0.041083
301.5		0.0456668
301		0.0402869
300.5		0.0322957
300		0.0473784
299.5		0.0369508
299		0.058592
298.5		0.042279
298		0.028036
297.5		0.013314
297		0.0466426
296.5		0.041898
296		0.111063
295.5		0.044258
295		-0.0441453
294.5		0.00596136
294		-0.106202
293.5		-8.67185
293		0.35175
292.5		0.180595
292		1.17093
291.5		0.487684
291		-0.0694563
290.5		0.19012
290		2.47575
289.5		-0.138956
289		-0.264884
288.5		-0.549658
288		0.402488
287.5		-0.183453
287		1.02144
286.5		-3.51611
286		0.136615
285.5		0.64387
285		0.608203
284.5		0.250139
284		0.429738
283.5		-1.1406
283		-0.977394
282.5		0.443658
282		1.06574
281.5		0.705769
281		-0.60145
280.5		0.0233635
280		1.03979
279.5		0.264971
279		3.4876
278.5		0.239043
278		0.288875
277.5		0.51529
277		0.284843
276.5		-3.30662
276		-2.96162
275.5		1.76239
275		-0.111244
274.5		0.456766
274		-0.17713
273.5		-0.039191
273		3.03613
272.5		-0.304319
272		-0.744879
271.5		7.97472
271		0.187734
270.5		0.448697
270		-0.549232
269.5		-4.59683
269		0.61193
268.5		-0.0494903
268		0.724585
267.5		0.532819
267		1.20565
266.5		-0.515421
266		1.31117
265.5		0.473015
265		0.201805
264.5		-0.797461
264		0.697238
263.5		0.189148
263		3.23106
262.5		-0.164228
262		-1.5749
261.5		0.621635
261		0.06064
260.5		-2.22854
260		0.499257
259.5		-19.6752
259		0.413358
258.5		0.216752
258		-0.684217
257.5		0.580129
257		0.667927
256.5		0.844995
256		-0.0817125
255.5		0
255		-0.0670134
254.5		0.513981
254		-0.506221
253.5		0.699485
253		-3.04572
252.5		0.33247
252		-12.7058
251.5		0.592943
251		0.430453
250.5		3.17856
250		-22.8158
249.5		0.362406
249		0.471818
248.5		-41.8089
248		0.43549
247.5		-2.65144
247		-0.830437
246.5		-3.45993
246		0.333956
245.5		-2.31415
245		-10.2524
244.5		2.50373
244		0.0318588
243.5		0.636424
243		0.447072
242.5		0.215893
242		-0.038151
241.5		1.33066
241		-0.135382
240.5		0.584647
240		6.46802
239.5		-0.102735
239		0.882118
238.5		1.00661
238		0.694778
237.5		-2.09253
237		0.615088
236.5		-0.319146
236		0.847527
235.5		-0.19853
235		-1.00076
234.5		-1.84649
234		0.212992
233.5		-1.63715
233		0.0345274
232.5		1.54583
232		0.329427
231.5		0.347395
231		0.988566
230.5		0.0603722
230		1.20775
229.5		-0.00644519
229		-0.00652529
228.5		-0.673972
228		1.05504
227.5		0.332515
227		-0.480178
226.5		-0.437471
226		0.196149
225.5		-2.30306
225		0.0479158
224.5		1.63544
224		0.328279
223.5		-0.279751
223		0.0396454
222.5		0.463506
222		0.198078
221.5		0.278901
221		0.644363
220.5		2.89155
220		-0.307397
219.5		0.163817
219		0.479955
218.5		0.999525
218		0.560557
217.5		0.849472
217		0.283092
216.5		-0.617374
216		0.0875841
215.5		0.905775
215		0.563074
214.5		0.117679
214		0.742072
213.5		0.354972
213		0.340851
212.5		2.57789
212		-5.28929
211.5		-0.106681
211		-0.12374
210.5		0.102627
210		0.345856
209.5		1.05743
209		0.738395
208.5		0.673175
208		-0.0297791
207.5		1.63428
207		0.357322
206.5		0.425062
206		-2.30195
205.5		0.0598846
205		0.365002
204.5		0.465996
204		-3.29843
203.5		0.083911
203		0.328917
202.5		0.222574
202		0.670565
201.5		0.559978
201		2.44526
200.5		0.215323
200		3.21849
Data1 - Data2
lambda		value

Calibration:
lambda:	2.12203e-314
Abs:	6.91958e-310

Data:
#
900		-0.0047
899.5		-0.0068
899		-0.0155
898.5		-0.0018
898		0.0118
897.5		-0.0088
897		0.0111
896.5		-0.0002
896		0.0023
895.5		0.0006
895		0.0073
894.5		0.0058
894		0.0011
893.5		-0.0071
893		-0.0052
892.5		-0.0026
892		-0.0036
891.5		-0.002
891		-0.0012
890.5		-0.009
890		0.0012
889.5		-0.002
889		0.0036
888.5		0.0006
888		-0.0003
887.5		0.0009
887		0.0001
886.5		0.0031
886		-0.0061
885.5		-0.0026
885		-0.0036
884.5		-0.0003
884		0.0012
883.5		-0.0014
883		0.0034
882.5		-0.0004
882		0.0037
881.5		-0.0025
881		-0.0034
880.5		0.0017
880		0.0071
879.5		0.003
879		-0.0035
878.5		-0.0015
878		-0.0036
877.5		-0.0035
877		-0.0013
876.5		-0.0044
876		0.001
875.5		0.0009
875		0.0014
874.5		-0.0018
874		-0.0004
873.5		-0.0014
873		-0.0038
872.5		0.0003
872		0.0005
871.5		-0.0022
871		0.0015
870.5		-0.0021
870		-0.0068
869.5		-0.0005
869		-0.0023
868.5		-0.0021
868		-0.0016
867.5		0.001
867		0.0006
866.5		-0.0032
866		-0.0022
865.5		-0.0009
865		-0.0008
864.5		-0.0024
864		-0.0017
863.5		-0.0007
863		-0.0009
862.5		-0.0001
862		-0.0032
861.5		-0.0006
861		-0.0023
860.5		-0.0022
860		-0.0006
859.5		-0.0004
859		-0.0017
858.5		-0.0007
858		-0.002
857.5		-0.002
857		-0.0015
856.5		-0.0014
856		-0.0024
855.5		-0.001
855		-0.0017
854.5		-0.0017
854		-0.0008
853.5		-0.0026
853		-0.001
852.5		-0.0004
852		-0.0013
851.5		-0.0011
851		-0.0009
850.5		-0.0012
850		-0.0022
849.5		-0.002
849		-0.0005
848.5		-0.0013
848		0.0002
847.5		-0.001
847		-0.0004
846.5		-0.0006
846		-0.0014
845.5		-0.0007
845		-0.0013
844.5		-0.0012
844		-0.0004
843.5		0
843		-0.0018
842.5		-0.0001
842		-0.001
841.5		-0.0001
841		-0.0015
840.5		-0.0006
840		-0.0003
839.5		-0.0002
839		-0.0015
838.5		-0.0006
838		-0.0004
837.5		-0.0006
837		-0.0002
836.5		-0.0008
836		-0.0007
835.5		0.0002
835		-0.0003
834.5		-0.0004
834		0.0002
833.5		-0.0003
833		-0.0006
832.5		-0.0005
832		-0.0007
831.5		0
831		-0.0004
830.5		-0.0004
830		0.0002
829.5		0.0002
829		-0.0001
828.5		-0.0002
828		-0.0005
827.5		0.0002
827		-0.0001
826.5		-0.0004
826		-0.0003
825.5		-0.0006
825		-0.0005
824.5		0.0001
824		-0.0008
823.5		0.0002
823		-0.0004
822.5		-0.0007
822		0.0002
821.5		-0.0008
821		-0.0002
820.5		-0.0008
820		-0.0001
819.5		-0.0004
819		-0.0003
818.5		-0.0006
818		-0.0006
817.5		-0.0008
817		-0.0001
816.5		-0.001
816		-0.0002
815.5		-0.0001
815		-0.0005
814.5		-0.0006
814		-0.0003
813.5		-0.0007
813		-0.0008
812.5		-0.0004
812		-0.0009
811.5		-0.0005
811		-0.001
810.5		-0.0003
810		-0.0005
809.5		0.0003
809		-0.0013
808.5		-0.0003
808		-0.0006
807.5		-0.0005
807		-0.0005
806.5		-0.0006
806		-0.0002
805.5		-0.0006
805		-0.0005
804.5		-0.0003
804		-0.0005
803.5		-0.0006
803		-0.0004
802.5		-0.0004
802		-0.0007
801.5		-0.0009
801		-0.001
800.5		-0.0004
800		-0.0009
799.5		-0.0007
799		-0.0008
798.5		-0.0009
798		-0.0004
797.5		-0.0009
797		-0.0006
796.5		-0.0009
796		-0.0005
795.5		-0.0004
795		-0.001
794.5		-0.0008
794		-0.0005
793.5		-0.0009
793		-0.0008
792.5		-0.0008
792		-0.0005
791.5		-0.0008
791		-0.0007
790.5		-0.0007
790		-0.001
789.5		-0.0007
789		-0.0009
788.5		-0.0005
788		-0.0008
787.5		-0.001
787		-0.0007
786.5		-0.0004
786		-0.0009
785.5		-0.0007
785		-0.0008
784.5		-0.0005
784		-0.0004
783.5		-0.0006
783		-0.0005
782.5		-0.0004
782		-0.0004
781.5		-0.0006
781		-0.0007
780.5		-0.0005
780		-0.0008
779.5		-0.0006
779		-0.0007
778.5		-0.0006
778		-0.0009
777.5		-0.0006
777		-0.0006
776.5		-0.0006
776		-0.0005
775.5		-0.0004
775		-0.0007
774.5		-0.0005
774		-0.0008
773.5		-0.0008
773		-0.0006
772.5		-0.0005
772		-0.0006
771.5		-0.0004
771		-0.0007
770.5		-0.0008
770		-0.0005
769.5		-0.0007
769		-0.0005
768.5		-0.0008
768		0
767.5		-0.0006
767		-0.0005
766.5		-0.0004
766		-0.0006
765.5		-0.0004
765		-0.0004
764.5		-0.0008
764		-0.0005
763.5		-0.0006
763		-0.0003
762.5		-0.0009
762		-0.0009
761.5		-0.0006
761		-0.0006
760.5		-0.0007
760		-0.0007
759.5		-0.0007
759		-0.0006
758.5		-0.0007
758		-0.0003
757.5		-0.0006
757		-0.0007
756.5		-0.0005
756		-0.0004
755.5		-0.0006
755		-0.0007
754.5		-0.0009
754		-0.0008
753.5		-0.0005
753		-0.0004
752.5		-0.0006
752		-0.0004
751.5		-0.0005
751		-0.0003
750.5		-0.0007
750		-0.0004
749.5		-0.0006
749		-0.0007
748.5		-0.0009
748		-0.0008
747.5		-0.0007
747		-0.0007
746.5		-0.0005
746		-0.0004
745.5		-0.0005
745		-0.0009
744.5		-0.0005
744		-0.0007
743.5		-0.0003
743		-0.0005
742.5		-0.0005
742		-0.0006
741.5		-0.0005
741		-0.0004
740.5		-0.0005
740		-0.0007
739.5		-0.0008
739		-0.0002
738.5		-0.0003
738		-0.0007
737.5		-0.0005
737		-0.0006
736.5		-0.0002
736		-0.0004
735.5		-0.0007
735		-0.0006
734.5		-0.0005
734		-0.0001
733.5		-0.0006
733		-0.0002
732.5		-0.0002
732		-0.0003
731.5		-0.0005
731		-0.0005
730.5		-0.0003
730		-0.0002
729.5		-0.0002
729		-0.0004
728.5		0.0005
728		-0.0002
727.5		0
727		-0.0003
726.5		0.0001
726		0
725.5		0.0002
725		0.0003
724.5		0
724		0.0004
723.5		0.0003
723		0.0005
722.5		0.0007
722		0.0004
721.5		0.0007
721		0.0003
720.5		0.0005
720		0.0002
719.5		0.0006
719		0.0004
718.5		0.0003
718		-0.0001
717.5		0.0001
717		-0.0003
716.5		-0.0002
716		0.0001
715.5		-0.0003
715		-0.0001
714.5		-0.0005
714		0
713.5		-0.0006
713		-0.0004
712.5		-0.0004
712		-0.0005
711.5		-0.0006
711		-0.0006
710.5		-0.0007
710		-0.0006
709.5		-0.0009
709		-0.0007
708.5		-0.0004
708		-0.0004
707.5		-0.0004
707		-0.0004
706.5		-0.0003
706		-0.0009
705.5		-0.0007
705		-0.0003
704.5		-0.0004
704		-0.0004
703.5		-0.0004
703		-0.0004
702.5		-0.0006
702		-0.0003
701.5		-0.0004
701		-0.0003
700.5		-0.0007
700		-0.0003
699.5		-0.0004
699		-0.0002
698.5		-0.0005
698		-0.0004
697.5		-0.0005
697		-0.0003
696.5		-0.0006
696		-0.0007
695.5		-0.0006
695		-0.0003
694.5		-0.0001
694		-0.0003
693.5		-0.0007
693		-0.0003
692.5		-0.0004
692		-0.0006
691.5		-0.0006
691		-0.0004
690.5		-0.0004
690		-0.0005
689.5		-0.0005
689		-0.0002
688.5		-0.0006
688		-0.0006
687.5		-0.0007
687		-0.0004
686.5		-0.0004
686		-0.0004
685.5		-0.0005
685		-0.0004
684.5		-0.0003
684		-0.0006
683.5		-0.0004
683		-0.0004
682.5		-0.0003
682		-0.0004
681.5		-0.0003
681		-0.0005
680.5		-0.0008
680		-0.0005
679.5		-0.0006
679		-0.0004
678.5		-0.0002
678		-0.0006
677.5		-0.0004
677		-0.0005
676.5		-0.0006
676		-0.0005
675.5		-0.0003
675		-0.0001
674.5		-0.0005
674		-0.0002
673.5		-0.0006
673		-0.0002
672.5		-0.0004
672		-0.0006
671.5		-0.0005
671		-0.0004
670.5		-0.0005
670		-0.0004
669.5		-0.0004
669		-0.0005
668.5		-0.0005
668		-0.0005
667.5		-0.0004
667		-0.0004
666.5		-0.0003
666		-0.0006
665.5		-0.0006
665		-0.0004
664.5		-0.0002
664		-0.0004
663.5		-0.0004
663		-0.0002
662.5		-0.0002
662		-0.0004
661.5		-0.0003
661		-0.0005
660.5		-0.0003
660		-0.0003
659.5		-0.0002
659		-0.0002
658.5		-0.0003
658		-0.0002
657.5		-0.0005
657		-0.0003
656.5		-0.0003
656		-0.0002
655.5		-0.0003
655		-0.0005
654.5		-0.0003
654		0
653.5		-0.0004
653		-0.0002
652.5		-0.0005
652		-0.0005
651.5		-0.0002
651		-0.0003
650.5		-0.0003
650		-0.0004
649.5		-0.0004
649		-0.0002
648.5		-0.0004
648		-0.0003
647.5		-0.0005
647		-0.0005
646.5		-0.0004
646		-0.0004
645.5		-0.0004
645		-0.0007
644.5		-0.0004
644		-0.0005
643.5		-0.0003
643		-0.0006
642.5		-0.0006
642		-0.0006
641.5		-0.0008
641		-0.0005
640.5		-0.0005
640		-0.0006
639.5		-0.0006
639		-0.0005
638.5		-0.0006
638		-0.0006
637.5		-0.0007
637		-0.0006
636.5		-0.0008
636		-0.0008
635.5		-0.0008
635		-0.0009
634.5		-0.0009
634		-0.001
633.5		-0.001
633		-0.0009
632.5		-0.0012
632		-0.0011
631.5		-0.0011
631		-0.0012
630.5		-0.0009
630		-0.001
629.5		-0.0011
629		-0.001
628.5		-0.0009
628		-0.0008
627.5		-0.0009
627		-0.0009
626.5		-0.0006
626		-0.0008
625.5		-0.0005
625		-0.0007
624.5		-0.0007
624		-0.0004
623.5		-0.0004
623		-0.0002
622.5		-0.0005
622		-0.0003
621.5		-0.0004
621		-0.0003
620.5		-0.0001
620		-0.0003
619.5		-0.0001
619		-0.0002
618.5		-0.0001
618		-0.0002
617.5		-0.0003
617		-0.0005
616.5		-0.0005
616		-0.0004
615.5		-0.0003
615		-0.0004
614.5		-0.0004
614		-0.0006
613.5		-0.0004
613		-0.0004
612.5		-0.0005
612		-0.0004
611.5		-0.0003
611		-0.0003
610.5		-0.0004
610		-0.0006
609.5		-0.0006
609		-0.0003
608.5		-0.0005
608		-0.0006
607.5		-0.0004
607		-0.0003
606.5		-0.0003
606		-0.0004
605.5		-0.0002
605		-0.0003
604.5		-0.0006
604		-0.0002
603.5		-0.0005
603		-0.0002
602.5		-0.0002
602		-0.0002
601.5		-0.0004
601		-0.0004
600.5		-0.0005
600		-0.0004
599.5		-0.0001
599		-0.0004
598.5		-0.0002
598		-0.0003
597.5		-0.0003
597		-0.0005
596.5		-0.0005
596		-0.0007
595.5		0
595		-0.0003
594.5		-0.0003
594		-0.0002
593.5		0
593		-0.0003
592.5		0
592		-0.0004
591.5		0.0001
591		-0.0005
590.5		-0.0002
590		-0.0003
589.5		-0.0005
589		-0.0003
588.5		-0.0005
588		-0.0002
587.5		-0.0003
587		-0.0003
586.5		-0.0006
586		-0.0002
585.5		-0.0002
585		-0.0006
584.5		-0.0006
584		-0.0003
583.5		-0.0003
583		-0.0002
582.5		-0.0002
582		-0.0005
581.5		-0.0001
581		-0.0004
580.5		-0.0003
580		0
579.5		-0.0004
579		-0.0003
578.5		-0.0003
578		-0.0002
577.5		-0.0005
577		-0.0005
576.5		-0.0002
576		-0.0002
575.5		-0.0002
575		-0.0005
574.5		-0.0001
574		-0.0006
573.5		-0.0002
573		-0.0002
572.5		-0.0003
572		-0.0006
571.5		-0.0005
571		-0.0004
570.5		-0.0002
570		-0.0003
569.5		-0.0003
569		-0.0001
568.5		-0.0005
568		-0.0003
567.5		-0.0001
567		-0.0007
566.5		-0.0004
566		-0.0004
565.5		-0.0002
565		-0.0005
564.5		-0.0004
564		-0.0005
563.5		-0.0005
563		-0.0006
562.5		-0.0004
562		-0.0003
561.5		-0.0004
561		-0.0006
560.5		-0.0004
560		-0.0011
559.5		-0.0009
559		-0.0007
558.5		-0.001
558		-0.001
557.5		-0.001
557		-0.0013
556.5		-0.0013
556		-0.001
555.5		-0.0012
555		-0.0011
554.5		-0.0007
554		-0.0012
553.5		-0.0011
553		-0.0012
552.5		-0.0009
552		-0.001
551.5		-0.0011
551		-0.0011
550.5		-0.0013
550		-0.0014
549.5		-0.0009
549		-0.0013
548.5		-0.0011
548		-0.0012
547.5		-0.0012
547		-0.0011
546.5		-0.0012
546		-0.001
545.5		-0.0014
545		-0.0014
544.5		-0.0013
544		-0.0011
543.5		-0.0013
543		-0.001
542.5		-0.001
542		-0.0011
541.5		-0.0015
541		-0.0014
540.5		-0.0012
540		-0.0013
539.5		-0.0012
539		-0.0013
538.5		-0.0014
538		-0.0015
537.5		-0.0014
537		-0.0013
536.5		-0.0012
536		-0.0014
535.5		-0.0014
535		-0.0016
534.5		-0.0015
534		-0.0014
533.5		-0.0017
533		-0.0015
532.5		-0.0011
532		-0.0013
531.5		-0.0013
531		-0.0015
530.5		-0.0014
530		-0.0013
529.5		-0.0014
529		-0.0016
528.5		-0.0016
528		-0.0018
527.5		-0.0014
527		-0.0013
526.5		-0.0012
526		-0.0013
525.5		-0.0012
525		-0.0015
524.5		-0.0016
524		-0.0016
523.5		-0.0015
523		-0.0015
522.5		-0.0017
522		-0.0016
521.5		-0.0015
521		-0.0014
520.5		-0.0016
520		-0.0014
519.5		-0.0017
519		-0.002
518.5		-0.0015
518		-0.0017
517.5		-0.0019
517		-0.0017
516.5		-0.0017
516		-0.0018
515.5		-0.0019
515		-0.002
514.5		-0.0021
514		-0.0021
513.5		-0.0023
513		-0.0023
512.5		-0.0019
512		-0.0023
511.5		-0.0021
511		-0.0024
510.5		-0.0023
510		-0.0023
509.5		-0.0025
509		-0.0024
508.5		-0.0024
508		-0.0026
507.5		-0.0028
507		-0.0027
506.5		-0.0023
506		-0.0023
505.5		-0.0024
505		-0.0024
504.5		-0.0021
504		-0.002
503.5		-0.0021
503		-0.0023
502.5		-0.0016
502		-0.0017
501.5		-0.0017
501		-0.0017
500.5		-0.0019
500		-0.0016
499.5		-0.0015
499		-0.0016
498.5		-0.0013
498		-0.001
497.5		-0.0015
497		-0.0008
496.5		-0.0018
496		-0.0012
495.5		-0.0013
495		-0.0013
494.5		-0.0003
494		-0.0015
493.5		-0.0008
493		-0.0011
492.5		-0.001
492		-0.0008
491.5		-0.0008
491		-0.0013
490.5		-0.0008
490		-0.0003
489.5		-0.0008
489		-0.0009
488.5		-0.0008
488		-0.0011
487.5		-0.0005
487		-0.0008
486.5		-0.0014
486		-0.0009
485.5		-0.001
485		-0.0009
484.5		-0.0007
484		-0.001
483.5		-0.0005
483		-0.0003
482.5		-0.0002
482		-0.0006
481.5		-0.0004
481		-0.0005
480.5		-0.001
480		-0.0009
479.5		-0.001
479		-0.0009
478.5		-0.0008
478		-0.0007
477.5		-0.0001
477		-0.0006
476.5		-0.0009
476		-0.0008
475.5		-0.0001
475		-0.0005
474.5		-0.0004
474		-0.0005
473.5		0.0001
473		-0.0004
472.5		-0.0007
472		-0.0006
471.5		-0.0006
471		0
470.5		-0.0003
470		-0.0001
469.5		-0.0002
469		-0.0004
468.5		-0.0003
468		0.0001
467.5		0.0004
467		-0.0008
466.5		-0.0002
466		-0.0004
465.5		0.0002
465		0.0001
464.5		-0.0004
464		-0.0002
463.5		0.0004
463		0.0007
462.5		-0.0001
462		-0.0002
461.5		-0.0002
461		-0.0002
460.5		0
460		0
459.5		-0.0004
459		-0.0002
458.5		-0.0003
458		-0.0007
457.5		-0.0006
457		-0.0001
456.5		-0.0003
456		-0.0005
455.5		-0.0013
455		-0.0007
454.5		-0.0012
454		-0.001
453.5		-0.0012
453		-0.0016
452.5		-0.0018
452		-0.002
451.5		-0.0016
451		-0.0022
450.5		-0.0023
450		-0.0022
449.5		-0.0021
449		-0.002
448.5		-0.0019
448		-0.0026
447.5		-0.0022
447		-0.002
446.5		-0.0022
446		-0.0016
445.5		-0.0023
445		-0.0016
444.5		-0.0021
444		-0.0014
443.5		-0.0021
443		-0.0017
442.5		-0.0019
442		-0.0017
441.5		-0.0016
441		-0.0018
440.5		-0.0016
440		-0.0016
439.5		-0.0019
439		-0.0017
438.5		-0.0021
438		-0.0016
437.5		-0.002
437		-0.0019
436.5		-0.0016
436		-0.0016
435.5		-0.0019
435		-0.0016
434.5		-0.0015
434		-0.0018
433.5		-0.0021
433		-0.0013
432.5		-0.0014
432		-0.0016
431.5		-0.002
431		-0.0015
430.5		-0.0016
430		-0.0012
429.5		-0.0013
429		-0.0012
428.5		-0.0016
428		-0.0011
427.5		-0.001
427		-0.0012
426.5		-0.0012
426		-0.0015
425.5		-0.0009
425		-0.0011
424.5		-0.0007
424		-0.001
423.5		-0.0008
423		-0.0011
422.5		-0.0008
422		-0.0015
421.5		-0.0013
421		-0.001
420.5		-0.0009
420		-0.0012
419.5		-0.0013
419		-0.0011
418.5		-0.0003
418		-0.0008
417.5		-0.0014
417		-0.001
416.5		-0.0012
416		-0.0005
415.5		-0.0014
415		-0.001
414.5		-0.0013
414		-0.0009
413.5		-0.0011
413		-0.0013
412.5		-0.0013
412		-0.0011
411.5		-0.0005
411		-0.0012
410.5		-0.0013
410		-0.001
409.5		-0.0013
409		-0.0007
408.5		-0.0009
408		-0.0005
407.5		-0.0013
407		-0.0009
406.5		-0.0015
406		-0.0007
405.5		-0.001
405		-0.0011
404.5		-0.0013
404		-0.0009
403.5		-0.0014
403		-0.0008
402.5		-0.0008
402		-0.0014
401.5		-0.0005
401		-0.0006
400.5		-0.0011
400		-0.001
399.5		-0.0015
399		-0.0013
398.5		-0.0007
398		-0.0007
397.5		-0.0009
397		-0.0007
396.5		-0.0009
396		-0.0013
395.5		-0.0012
395		-0.0009
394.5		-0.0015
394		-0.001
393.5		-0.001
393		-0.0011
392.5		-0.0009
392		-0.0006
391.5		-0.0008
391		-0.0011
390.5		-0.0011
390		-0.0012
389.5		-0.0016
389		-0.0009
388.5		-0.0017
388		-0.0013
387.5		-0.0008
387		-0.0004
386.5		-0.0011
386		-0.0008
385.5		-0.0001
385		-0.0014
384.5		-0.0006
384		-0.0009
383.5		-0.0011
383		-0.0008
382.5		-0.0004
382		-0.0005
381.5		-0.0008
381		0.0001
380.5		-0.0005
380		-0.0013
379.5		0.0002
379		-0.0006
378.5		-0.0003
378		-0.0008
377.5		-0.0009
377		-0.0012
376.5		-0.0004
376		-0.0004
375.5		-0.0002
375		0.0003
374.5		-0.0011
374		-0.0005
373.5		0.0001
373		-0.0004
372.5		0.0006
372		0
371.5		-0.0004
371		-0.0002
370.5		-0.001
370		0.0001
369.5		-0.0009
369		-0.0007
368.5		-0.0013
368		0
367.5		-0.0001
367		-0.0006
366.5		-0.0003
366		0.0001
365.5		0.0004
365		-0.0001
364.5		-0.0002
364		0.0005
363.5		0.0001
363		-0.001
362.5		0.0001
362		-0.0005
361.5		-0.0006
361		-0.0009
360.5		-0.0007
360		-0.0005
359.5		-0.0006
359		-0.0009
358.5		-0.0012
358		-0.0016
357.5		0.0005
357		-0.0004
356.5		0.0004
356		0.0005
355.5		0.0004
355		-0.0001
354.5		-0.0003
354		-0.0003
353.5		-0.0004
353		-0.0001
352.5		0.0004
352		0.0004
351.5		-0.0008
351		-0.0003
350.5		-0.0006
350		0.0002
349.5		0.0002
349		-0.0017
348.5		0.0014
348		0.0009
347.5		0.0003
347		0.001
346.5		0.0012
346		-0.0003
345.5		0.0015
345		-0.0003
344.5		0.0004
344		-0.0005
343.5		-0.0002
343		0
342.5		0.0002
342		0.0003
341.5		0
341		-0.0006
340.5		0.0011
340		0.0007
339.5		-0.0015
339		-0.0017
338.5		-0.0004
338		-0.0004
337.5		-0.0017
337		-0.0024
336.5		-0.0025
336		-0.0022
335.5		-0.0022
335		-0.0029
334.5		-0.0031
334		-0.0021
333.5		-0.0012
333		-0.0028
332.5		-0.0001
332		-0.0016
331.5		-0.0022
331		-0.0018
330.5		-0.0031
330		-0.0009
329.5		-0.0005
329		-0.0016
328.5		-0.0007
328		-0.0034
327.5		0.0005
327		-0.003
326.5		-0.0012
326		-0.0009
325.5		-0.0015
325		-0.0011
324.5		-0.0027
324		-0.0024
323.5		0.0006
323		-0.0025
322.5		-0.0015
322		-0.0021
321.5		-0.001
321		-0.003
320.5		-0.0005
320		-0.0025
319.5		-0.0026
319		-0.0015
318.5		-0.0009
318		-0.0016
317.5		-0.0012
317		-0.0045
316.5		0.0011
316		-0.0017
315.5		0.0002
315		0.0019
314.5		0.001
314		0
313.5		-0.003
313		-0.0032
312.5		0.0015
312		0.0006
311.5		-0.0013
311		-0.0036
310.5		-0.0004
310		-0.0024
309.5		-0.001
309		-0.0016
308.5		-0.0026
308		-0.0007
307.5		-0.0067
307		0.0003
306.5		0.0007
306		0.002
305.5		-0.0009
305		0.0029
304.5		-0.0038
304		-0.0052
303.5		0.0065
303		-0.0014
302.5		-0.0046
302		-0.005
301.5		-0.0128
301		-0.0012
300.5		0.0171
300		-0.0121
299.5		0.0056
299		-0.0074
298.5		0.0313
298		0.017
297.5		0.0579
297		-0.0075
296.5		0.0294
296		-0.1212
295.5		-0.0557
295		0.1109
294.5		0.1923
294		0.1799
293.5		12.0287
293		-0.3618
292.5		-0.4916
292		-2.1838
291.5		-0.1259
291		0.1238
290.5		-1.1614
290		1.2911
289.5		0.1572
289		-0.2271
288.5		-0.3682
288		0.0508
287.5		0.8264
287		-0.6035
286.5		5.4599
286		0.0933
285.5		-0.8908
285		-1.3135
284.5		0.4043
284		-0.3914
283.5		0.9904
283		1.5851
282.5		-0.9658
282		-1.1932
281.5		-1.0543
281		17.5077
280.5		0.4465
280		-2.1598
279.5		-0.7473
279		-4.7184
278.5		-0.0465
278		-0.048
277.5		-1.4106
277		-0.1929
276.5		5.2873
276		4.6829
275.5		-2.1388
275		1.0356
274.5		-0.7209
274		0.8543
273.5		0.073
273		-3.6098
272.5		0.894
272		1.3869
271.5		-10.7391
271		0.8595
270.5		-1.0284
270		0.8391
269.5		7.7511
269		-0.6241
268.5		1.286
268		-0.9446
267.5		-0.4561
267		0.7331
266.5		-0.3144
266		-1.8704
265.5		0.0565
265		-0.6249
264.5		1.4701
264		-0.646
263.5		0.5352
263		-4.4819
262.5		0.2602
262		2.5072
261.5		-1.4366
261		-0.7552
260.5		4.6712
260		-0.3139
259.5		32.9827
259		-0.4462
258.5		0.0652
258		2.2166
257.5		-5.0914
257		0.3818
256.5		-1.7046
256		-0.2395
255.5		-1.7583
255		-0.2868
254.5		-0.8509
254		1.1318
253.5		-0.6291
253		6.4335
252.5		-0.2477
252		21.8732
251.5		-0.7808
251		0.723
250.5		-8.8702
250		39.9769
249.5		-0.1637
249		-0.0128
248.5		72.3673
248		-2.6169
247.5		5.9625
247		1.2372
246.5		6.1998
246		-2.3295
245.5		4.0302
245		19.1994
244.5		-4.0343
244		1.4924
243.5		-0.5975
243		0.0284
242.5		-0.144
242		0.5099
241.5		-4.6159
241		1.4587
240.5		-1.7544
240		-11.8913
239.5		3.7954
239		-1.4995
238.5		13.2341
238		-1.6336
237.5		2.8872
237		2.3002
236.5		1.2617
236		-1.348
235.5		-0.4464
235		3.0415
234.5		5.5454
234		1.3816
233.5		3.3052
233		-0.786
232.5		-0.6374
232		-0.1265
231.5		0.3759
231		-3.1131
230.5		0.1832
230		1.2389
229.5		0.2827
229		0.8111
228.5		2.2223
228		-3.7737
227.5		-0.0815
227		0.1487
226.5		0.9737
226		-0.4217
225.5		4.2515
225		-0.4717
224.5		-3.5258
224		0.2241
223.5		0.3313
223		1.4846
222.5		-0.979
222		0.0884
221.5		-0.0759
221		-1.1666
220.5		-31.6905
220		0.738
219.5		-0.0045
219		-0.7739
218.5		-1.7919
218		-1.199
217.5		-2.2994
217		-0.6437
216.5		2.9861
216		2.6908
215.5		-1.5843
215		-2.0981
214.5		-4.1523
214		-1.9393
213.5		-2.1656
213		-1.3573
212.5		-6.2293
212		14.0625
211.5		-0.3294
211		0.8213
210.5		3.8541
210		4.67
209.5		-3.9693
209		1.4086
208.5		-1.2494
208		-3.4378
207.5		-4.05
207		0.422
206.5		-0.6253
206		7.6814
205.5		0.328
205		-0.7
204.5		-0.5366
204		9.8252
203.5		0.5342
203		1.3603
202.5		-1.6404
202		-1.8567
201.5		-0.1844
201		-5.3859
200.5		-0.9649
200		-8.502
