Data1:
lambda		value

Calibration:
lambda:	800
Abs:	0.0005

Data:
#
900		0.151421
899.5		0.152347
899		0.175467
898.5		0.154938
898		0.143564
897.5		0.153398
897		0.163425
896.5		0.168459
896		0.160962
895.5		0.152629
895		0.152425
894.5		0.163651
894		0.152726
893.5		0.154961
893		0.168063
892.5		0.153093
892		0.153348
891.5		0.158236
891		0.164305
890.5		0.155881
890		0.161681
889.5		0.161689
889		0.159956
888.5		0.160957
888		0.159216
887.5		0.159972
887		0.144325
886.5		0.161861
886		0.155259
885.5		0.163154
885		0.156056
884.5		0.161277
884		0.16314
883.5		0.168433
883		0.163631
882.5		0.152299
882		0.159668
881.5		0.156936
881		0.159474
880.5		0.161664
880		0.163485
879.5		0.164061
879		0.165601
878.5		0.155236
878		0.153761
877.5		0.160052
877		0.164967
876.5		0.159577
876		0.167389
875.5		0.160252
875		0.163636
874.5		0.162715
874		0.156987
873.5		0.165364
873		0.161835
872.5		0.162758
872		0.152107
871.5		0.163589
871		0.162466
870.5		0.157984
870		0.160092
869.5		0.159445
869		0.160997
868.5		0.16022
868		0.159161
867.5		0.157616
867		0.164501
866.5		0.159783
866		0.164225
865.5		0.1616
865		0.162404
864.5		0.159041
864		0.161976
863.5		0.161671
863		0.160382
862.5		0.162186
862		0.158672
861.5		0.162297
861		0.162494
860.5		0.162854
860		0.161722
859.5		0.162863
859		0.162235
858.5		0.162791
858		0.16056
857.5		0.163404
857		0.159563
856.5		0.161297
856		0.161924
855.5		0.16254
855		0.16194
854.5		0.164373
854		0.161972
853.5		0.163755
853		0.1625
852.5		0.161096
852		0.161446
851.5		0.163537
851		0.162154
850.5		0.16175
850		0.162473
849.5		0.162699
849		0.162547
848.5		0.162891
848		0.162963
847.5		0.162237
847		0.161762
846.5		0.162639
846		0.162467
845.5		0.16467
845		0.163437
844.5		0.164378
844		0.163669
843.5		0.163633
843		0.164707
842.5		0.164111
842		0.163098
841.5		0.16429
841		0.163983
840.5		0.16416
840		0.16408
839.5		0.165119
839		0.164439
838.5		0.164476
838		0.165577
837.5		0.163813
837		0.16457
836.5		0.165078
836		0.164225
835.5		0.165032
835		0.16579
834.5		0.164431
834		0.164895
833.5		0.164681
833		0.164597
832.5		0.165689
832		0.165672
831.5		0.165589
831		0.165191
830.5		0.165536
830		0.165223
829.5		0.165454
829		0.164878
828.5		0.165105
828		0.165703
827.5		0.165669
827		0.164722
826.5		0.165305
826		0.16472
825.5		0.164706
825		0.166151
824.5		0.164753
824		0.165235
823.5		0.165267
823		0.165568
822.5		0.165398
822		0.16517
821.5		0.165268
821		0.165451
820.5		0.164655
820		0.164602
819.5		0.165166
819		0.164932
818.5		0.165002
818		0.164914
817.5		0.165012
817		0.165433
816.5		0.164834
816		0.164537
815.5		0.164306
815		0.16498
814.5		0.164966
814		0.164432
813.5		0.164681
813		0.164782
812.5		0.164967
812		0.164149
811.5		0.165215
811		0.164133
810.5		0.163671
810		0.163733
809.5		0.163557
809		0.164281
808.5		0.163847
808		0.164515
807.5		0.164514
807		0.164366
806.5		0.164831
806		0.163846
805.5		0.163967
805		0.16458
804.5		0.1631
804		0.163735
803.5		0.163913
803		0.163585
802.5		0.164282
802		0.163738
801.5		0.1638
801		0.164294
800.5		0.162677
800		0.163482
799.5		0.163382
799		0.163239
798.5		0.163267
798		0.162767
797.5		0.16346
797		0.162751
796.5		0.162986
796		0.162956
795.5		0.162837
795		0.163249
794.5		0.1627
794		0.162254
793.5		0.162424
793		0.162481
792.5		0.162384
792		0.162861
791.5		0.162176
791		0.162003
790.5		0.162454
790		0.161599
789.5		0.1623
789		0.162489
788.5		0.162249
788		0.161242
787.5		0.161774
787		0.161968
786.5		0.161677
786		0.161287
785.5		0.161535
785		0.160841
784.5		0.161358
784		0.161525
783.5		0.161014
783		0.161132
782.5		0.161026
782		0.160534
781.5		0.160775
781		0.160814
780.5		0.160431
780		0.160483
779.5		0.160643
779		0.160327
778.5		0.159689
778		0.16044
777.5		0.159892
777		0.160303
776.5		0.159401
776		0.159295
775.5		0.159299
775		0.159688
774.5		0.159136
774		0.158805
773.5		0.159202
773		0.158896
772.5		0.159481
772		0.158623
771.5		0.159461
771		0.158597
770.5		0.158319
770		0.158388
769.5		0.158309
769		0.158178
768.5		0.157853
768		0.157622
767.5		0.157664
767		0.157313
766.5		0.15758
766		0.157953
765.5		0.157097
765		0.156818
764.5		0.157007
764		0.157187
763.5		0.15717
763		0.156754
762.5		0.156667
762		0.156375
761.5		0.156017
761		0.156621
760.5		0.156007
760		0.156032
759.5		0.156014
759		0.155545
758.5		0.155485
758		0.155215
757.5		0.155308
757		0.155094
756.5		0.154902
756		0.155248
755.5		0.155155
755		0.15491
754.5		0.154788
754		0.1539
753.5		0.154643
753		0.153869
752.5		0.154014
752		0.154167
751.5		0.152588
751		0.153839
750.5		0.153449
750		0.153449
749.5		0.153517
749		0.152961
748.5		0.153066
748		0.153196
747.5		0.152746
747		0.152851
746.5		0.152465
746		0.152615
745.5		0.152418
745		0.152288
744.5		0.151404
744		0.151902
743.5		0.151786
743		0.151434
742.5		0.151702
742		0.151031
741.5		0.150882
741		0.15108
740.5		0.151056
740		0.15051
739.5		0.150908
739		0.150208
738.5		0.150564
738		0.15051
737.5		0.150391
737		0.149891
736.5		0.149778
736		0.15002
735.5		0.149886
735		0.149664
734.5		0.149192
734		0.149146
733.5		0.149299
733		0.149087
732.5		0.148582
732		0.148683
731.5		0.148545
731		0.148428
730.5		0.148618
730		0.148028
729.5		0.148279
729		0.148268
728.5		0.147194
728		0.147453
727.5		0.147365
727		0.147762
726.5		0.147509
726		0.146962
725.5		0.147296
725		0.146674
724.5		0.147079
724		0.146532
723.5		0.146501
723		0.146437
722.5		0.146334
722		0.146127
721.5		0.145903
721		0.145713
720.5		0.14568
720		0.146016
719.5		0.145005
719		0.145641
718.5		0.145562
718		0.145081
717.5		0.14531
717		0.144771
716.5		0.14496
716		0.144427
715.5		0.144376
715		0.144549
714.5		0.144038
714		0.144585
713.5		0.143758
713		0.143624
712.5		0.143379
712		0.143229
711.5		0.142954
711		0.143342
710.5		0.142927
710		0.142522
709.5		0.142466
709		0.142479
708.5		0.141917
708		0.142141
707.5		0.142153
707		0.141773
706.5		0.141759
706		0.141813
705.5		0.141857
705		0.141603
704.5		0.141703
704		0.141701
703.5		0.141295
703		0.140914
702.5		0.141067
702		0.140813
701.5		0.14097
701		0.140489
700.5		0.14125
700		0.140394
699.5		0.14067
699		0.140296
698.5		0.140264
698		0.140233
697.5		0.14032
697		0.139558
696.5		0.139921
696		0.13987
695.5		0.139505
695		0.139521
694.5		0.139696
694		0.139432
693.5		0.139177
693		0.139106
692.5		0.138659
692		0.138551
691.5		0.138848
691		0.13853
690.5		0.138705
690		0.13837
689.5		0.13834
689		0.138265
688.5		0.138115
688		0.138303
687.5		0.137764
687		0.13803
686.5		0.13772
686		0.137982
685.5		0.137549
685		0.137451
684.5		0.137536
684		0.137505
683.5		0.137389
683		0.137208
682.5		0.137222
682		0.136763
681.5		0.137024
681		0.136539
680.5		0.136952
680		0.136912
679.5		0.136718
679		0.136814
678.5		0.136314
678		0.136553
677.5		0.136638
677		0.136485
676.5		0.136373
676		0.136265
675.5		0.136211
675		0.13612
674.5		0.136539
674		0.136193
673.5		0.135968
673		0.136013
672.5		0.135774
672		0.135801
671.5		0.135729
671		0.135644
670.5		0.135657
670		0.135665
669.5		0.135266
669		0.135499
668.5		0.135711
668		0.135622
667.5		0.13528
667		0.135585
666.5		0.135266
666		0.135529
665.5		0.135082
665		0.135256
664.5		0.135417
664		0.135114
663.5		0.135224
663		0.135481
662.5		0.13509
662		0.13517
661.5		0.135341
661		0.135031
660.5		0.135157
660		0.135111
659.5		0.135277
659		0.134913
658.5		0.135304
658		0.135173
657.5		0.134827
657		0.13539
656.5		0.135138
656		0.134795
655.5		0.135036
655		0.134894
654.5		0.134854
654		0.1351
653.5		0.135173
653		0.135347
652.5		0.13506
652		0.135001
651.5		0.135329
651		0.134913
650.5		0.135353
650		0.135081
649.5		0.135527
649		0.135116
648.5		0.135135
648		0.135409
647.5		0.135356
647		0.135612
646.5		0.135409
646		0.135554
645.5		0.135342
645		0.135558
644.5		0.13563
644		0.135833
643.5		0.135639
643		0.135634
642.5		0.135996
642		0.135828
641.5		0.135837
641		0.135855
640.5		0.135828
640		0.13625
639.5		0.135882
639		0.136154
638.5		0.136259
638		0.136286
637.5		0.136688
637		0.13656
636.5		0.136889
636		0.136995
635.5		0.136825
635		0.137288
634.5		0.137518
634		0.137385
633.5		0.137579
633		0.137865
632.5		0.137631
632		0.138161
631.5		0.138067
631		0.138454
630.5		0.138496
630		0.138502
629.5		0.138892
629		0.139102
628.5		0.139118
628		0.138953
627.5		0.13905
627		0.139621
626.5		0.139463
626		0.139725
625.5		0.139704
625		0.139576
624.5		0.139945
624		0.139771
623.5		0.140057
623		0.140118
622.5		0.1401
622		0.140797
621.5		0.140773
621		0.140723
620.5		0.140698
620		0.141036
619.5		0.140815
619		0.141093
618.5		0.141179
618		0.140861
617.5		0.14136
617		0.141302
616.5		0.141787
616		0.142092
615.5		0.142315
615		0.142328
614.5		0.142635
614		0.143219
613.5		0.142899
613		0.143469
612.5		0.143525
612		0.143386
611.5		0.143846
611		0.144136
610.5		0.144375
610		0.144706
609.5		0.144482
609		0.145081
608.5		0.145262
608		0.14547
607.5		0.145679
607		0.146349
606.5		0.146232
606		0.146349
605.5		0.146567
605		0.147193
604.5		0.147179
604		0.148015
603.5		0.147763
603		0.147979
602.5		0.148371
602		0.14876
601.5		0.148907
601		0.149547
600.5		0.149417
600		0.149811
599.5		0.150063
599		0.150179
598.5		0.150515
598		0.150824
597.5		0.151633
597		0.151939
596.5		0.152033
596		0.152554
595.5		0.152646
595		0.152758
594.5		0.152794
594		0.153727
593.5		0.154421
593		0.154159
592.5		0.154681
592		0.155129
591.5		0.155515
591		0.155596
590.5		0.156217
590		0.156483
589.5		0.156804
589		0.157212
588.5		0.15736
588		0.157997
587.5		0.158655
587		0.158893
586.5		0.158821
586		0.159161
585.5		0.159923
585		0.159988
584.5		0.160448
584		0.161075
583.5		0.161228
583		0.162343
582.5		0.162397
582		0.162528
581.5		0.163382
581		0.163466
580.5		0.164202
580		0.164333
579.5		0.16496
579		0.165283
578.5		0.165526
578		0.166248
577.5		0.16649
577		0.166956
576.5		0.16768
576		0.16776
575.5		0.16881
575		0.168821
574.5		0.16956
574		0.169671
573.5		0.170196
573		0.171172
572.5		0.171409
572		0.172078
571.5		0.172158
571		0.173234
570.5		0.173586
570		0.173993
569.5		0.174596
569		0.175135
568.5		0.17526
568		0.175793
567.5		0.176284
567		0.177076
566.5		0.17784
566		0.178365
565.5		0.178527
565		0.1795
564.5		0.180052
564		0.180621
563.5		0.181032
563		0.181452
562.5		0.182684
562		0.183058
561.5		0.183196
561		0.184256
560.5		0.184269
560		0.185182
559.5		0.186748
559		0.18669
558.5		0.187506
558		0.188155
557.5		0.188274
557		0.189091
556.5		0.1899
556		0.19006
555.5		0.190938
555		0.191353
554.5		0.192282
554		0.192577
553.5		0.193632
553		0.194455
552.5		0.194692
552		0.195629
551.5		0.195992
551		0.197105
550.5		0.197603
550		0.197763
549.5		0.199079
549		0.199292
548.5		0.200517
548		0.200861
547.5		0.201242
547		0.202395
546.5		0.203177
546		0.20381
545.5		0.204983
545		0.205126
544.5		0.20582
544		0.20654
543.5		0.207015
543		0.20823
542.5		0.208421
542		0.209525
541.5		0.209757
541		0.210426
540.5		0.21136
540		0.211454
539.5		0.213193
539		0.213727
538.5		0.214238
538		0.214893
537.5		0.21558
537		0.216777
536.5		0.21723
536		0.218204
535.5		0.218348
535		0.219048
534.5		0.219851
534		0.220845
533.5		0.221228
533		0.222402
532.5		0.223112
532		0.223947
531.5		0.22489
531		0.225109
530.5		0.226437
530		0.226952
529.5		0.227424
529		0.228525
528.5		0.22951
528		0.229986
527.5		0.231084
527		0.231326
526.5		0.23252
526		0.233451
525.5		0.234247
525		0.235103
524.5		0.235412
524		0.236526
523.5		0.237392
523		0.238118
522.5		0.238503
522		0.239482
521.5		0.240709
521		0.241277
520.5		0.241721
520		0.242456
519.5		0.243007
519		0.243928
518.5		0.245305
518		0.245358
517.5		0.246309
517		0.247143
516.5		0.247431
516		0.248807
515.5		0.249118
515		0.249643
514.5		0.25105
514		0.251119
513.5		0.252172
513		0.252074
512.5		0.253485
512		0.254611
511.5		0.254599
511		0.255376
510.5		0.255608
510		0.256581
509.5		0.257569
509		0.257195
508.5		0.258566
508		0.258525
507.5		0.259122
507		0.260166
506.5		0.260238
506		0.26044
505.5		0.261414
505		0.261512
504.5		0.262042
504		0.261761
503.5		0.262448
503		0.263128
502.5		0.263044
502		0.263286
501.5		0.263419
501		0.263567
500.5		0.264612
500		0.26419
499.5		0.264813
499		0.264604
498.5		0.264356
498		0.265092
497.5		0.265045
497		0.264984
496.5		0.265172
496		0.265463
495.5		0.265408
495		0.265189
494.5		0.264871
494		0.265259
493.5		0.26499
493		0.264996
492.5		0.264373
492		0.264673
491.5		0.264371
491		0.264288
490.5		0.264212
490		0.264314
489.5		0.263853
489		0.263732
488.5		0.262922
488		0.262136
487.5		0.262926
487		0.261717
486.5		0.261264
486		0.261543
485.5		0.260508
485		0.260969
484.5		0.260297
484		0.25976
483.5		0.258691
483		0.258259
482.5		0.258238
482		0.257797
481.5		0.256901
481		0.256462
480.5		0.255751
480		0.255757
479.5		0.255232
479		0.254199
478.5		0.253882
478		0.252878
477.5		0.252467
477		0.25222
476.5		0.250859
476		0.251221
475.5		0.24991
475		0.249144
474.5		0.249188
474		0.248132
473.5		0.247256
473		0.247303
472.5		0.246006
472		0.245715
471.5		0.245381
471		0.244035
470.5		0.244103
470		0.242843
469.5		0.242971
469		0.242181
468.5		0.241241
468		0.241266
467.5		0.24005
467		0.239486
466.5		0.238466
466		0.238562
465.5		0.237079
465		0.236485
464.5		0.236796
464		0.23549
463.5		0.234984
463		0.233657
462.5		0.233494
462		0.233153
461.5		0.233639
461		0.232077
460.5		0.231365
460		0.230696
459.5		0.229894
459		0.229228
458.5		0.228166
458		0.228025
457.5		0.227418
457		0.226202
456.5		0.225904
456		0.225071
455.5		0.225971
455		0.22428
454.5		0.224059
454		0.223463
453.5		0.221982
453		0.221664
452.5		0.221489
452		0.220899
451.5		0.220579
451		0.220003
450.5		0.219088
450		0.218052
449.5		0.217498
449		0.216308
448.5		0.217059
448		0.215808
447.5		0.215259
447		0.215054
446.5		0.214575
446		0.214261
445.5		0.213132
445		0.21252
444.5		0.212237
444		0.211229
443.5		0.211164
443		0.210732
442.5		0.209966
442		0.209713
441.5		0.209117
441		0.20857
440.5		0.208459
440		0.208096
439.5		0.207692
439		0.207329
438.5		0.206277
438		0.205956
437.5		0.205286
437		0.204952
436.5		0.204521
436		0.204416
435.5		0.203902
435		0.20329
434.5		0.202782
434		0.202652
433.5		0.201422
433		0.201888
432.5		0.20123
432		0.200658
431.5		0.200374
431		0.199716
430.5		0.200285
430		0.199022
429.5		0.198791
429		0.198203
428.5		0.197887
428		0.197723
427.5		0.196927
427		0.196376
426.5		0.195851
426		0.19523
425.5		0.195496
425		0.19488
424.5		0.194489
424		0.193877
423.5		0.19352
423		0.194014
422.5		0.193357
422		0.192657
421.5		0.192035
421		0.19204
420.5		0.191371
420		0.191448
419.5		0.19051
419		0.189675
418.5		0.190006
418		0.189739
417.5		0.189106
417		0.188371
416.5		0.188417
416		0.188324
415.5		0.187379
415		0.187314
414.5		0.186678
414		0.186332
413.5		0.185922
413		0.185464
412.5		0.185647
412		0.184395
411.5		0.185227
411		0.18442
410.5		0.183652
410		0.184097
409.5		0.183246
409		0.182175
408.5		0.182048
408		0.181961
407.5		0.181913
407		0.181335
406.5		0.180708
406		0.180534
405.5		0.180127
405		0.180565
404.5		0.180125
404		0.179737
403.5		0.178711
403		0.178699
402.5		0.178398
402		0.178239
401.5		0.177606
401		0.177053
400.5		0.176751
400		0.176997
399.5		0.176798
399		0.175976
398.5		0.174959
398		0.175574
397.5		0.174738
397		0.174682
396.5		0.174625
396		0.175013
395.5		0.174448
395		0.173755
394.5		0.172704
394		0.172116
393.5		0.173932
393		0.172042
392.5		0.171832
392		0.172033
391.5		0.171047
391		0.171808
390.5		0.17035
390		0.170116
389.5		0.169954
389		0.170801
388.5		0.16985
388		0.169419
387.5		0.169057
387		0.169399
386.5		0.168998
386		0.169051
385.5		0.168043
385		0.1677
384.5		0.167344
384		0.167911
383.5		0.167443
383		0.167104
382.5		0.166302
382		0.166286
381.5		0.166582
381		0.166049
380.5		0.165071
380		0.16595
379.5		0.164519
379		0.165434
378.5		0.164582
378		0.164503
377.5		0.164154
377		0.163639
376.5		0.163662
376		0.163477
375.5		0.162934
375		0.162329
374.5		0.163322
374		0.162843
373.5		0.163347
373		0.162597
372.5		0.162293
372		0.162701
371.5		0.161949
371		0.16158
370.5		0.160963
370		0.161596
369.5		0.161325
369		0.160809
368.5		0.159778
368		0.160431
367.5		0.15868
367		0.159987
366.5		0.159606
366		0.159095
365.5		0.159151
365		0.158939
364.5		0.15898
364		0.15941
363.5		0.158801
363		0.158597
362.5		0.158111
362		0.1578
361.5		0.15827
361		0.157713
360.5		0.157899
360		0.156959
359.5		0.15616
359		0.156652
358.5		0.15594
358		0.15679
357.5		0.155615
357		0.156696
356.5		0.15614
356		0.155827
355.5		0.155136
355		0.156586
354.5		0.154326
354		0.154289
353.5		0.154772
353		0.15422
352.5		0.153802
352		0.154076
351.5		0.153983
351		0.154127
350.5		0.153013
350		0.153367
349.5		0.153523
349		0.151601
348.5		0.152282
348		0.150689
347.5		0.152013
347		0.151811
346.5		0.152136
346		0.149512
345.5		0.14957
345		0.149584
344.5		0.149687
344		0.148924
343.5		0.148799
343		0.147325
342.5		0.146478
342		0.148033
341.5		0.147633
341		0.146603
340.5		0.147596
340		0.145154
339.5		0.143361
339		0.143775
338.5		0.142621
338		0.143184
337.5		0.142072
337		0.143026
336.5		0.141965
336		0.141757
335.5		0.140825
335		0.139763
334.5		0.140965
334		0.139927
333.5		0.13891
333		0.139323
332.5		0.137915
332		0.137691
331.5		0.138444
331		0.138097
330.5		0.137194
330		0.136825
329.5		0.136602
329		0.134689
328.5		0.135301
328		0.134433
327.5		0.135085
327		0.134309
326.5		0.133456
326		0.133476
325.5		0.133053
325		0.134336
324.5		0.133829
324		0.131786
323.5		0.130548
323		0.131801
322.5		0.130431
322		0.130773
321.5		0.12983
321		0.132554
320.5		0.129431
320		0.130917
319.5		0.128998
319		0.129568
318.5		0.129337
318		0.129003
317.5		0.128811
317		0.128236
316.5		0.127623
316		0.126813
315.5		0.127596
315		0.12609
314.5		0.126006
314		0.127016
313.5		0.126551
313		0.126383
312.5		0.128404
312		0.127381
311.5		0.126216
311		0.129249
310.5		0.126785
310		0.13098
309.5		0.127997
309		0.128143
308.5		0.129469
308		0.130867
307.5		0.124772
307		0.130987
306.5		0.12512
306		0.128728
305.5		0.131959
305		0.133221
304.5		0.134001
304		0.136457
303.5		0.128422
303		0.137666
302.5		0.12979
302		0.161646
301.5		0.164357
301		0.138686
300.5		0.151345
300		0.149531
299.5		0.130273
299		0.121192
298.5		0.0971549
298		0.0925405
297.5		0.0945007
297		0.263394
296.5		-0.00850941
296		-0.268806
295.5		0.368383
295		0.809741
294.5		-0.540042
294		-0.0682321
293.5		5.31122
293		3.99614
292.5		-0.28599
292		-0.244533
291.5		30.6688
291		0.154569
290.5		0.331839
290		0.393045
289.5		0.97184
289		0.152569
288.5		1.76803
288		2.11491
287.5		0.234864
287		0.4249
286.5		2.05045
286		1.03719
285.5		0.285724
285		0.271717
284.5		-0.442976
284		-2.27093
283.5		0.362046
283		0.988317
282.5		-3.38622
282		0.556943
281.5		0.0565882
281		0.438077
280.5		-28.3264
280		1.14465
279.5		1.09899
279		0.606097
278.5		-0.470816
278		-0.49322
277.5		0.0184561
277		1.55943
276.5		0.137476
276		1.45998
275.5		2.11633
275		0.830906
274.5		-0.785396
274		-0.257499
273.5		-0.747347
273		1.50181
272.5		-0.222354
272		0.285977
271.5		1.02672
271		-7.95108
270.5		0.564819
270		0.467622
269.5		-0.57916
269		1.26709
268.5		-0.0129049
268		-1.54831
267.5		0.515847
267		-0.70023
266.5		-0.150115
266		-2.89717
265.5		0.336787
265		0.204013
264.5		3.50164
264		-0.0572587
263.5		-0.672801
263		0.576925
262.5		-2.12968
262		-1.09454
261.5		0.595405
261		0.516744
260.5		0.227366
260		0.54368
259.5		-0.16228
259		0.35783
258.5		-0.229258
258		0.996278
257.5		0.0977193
257		0.456319
256.5		0.662354
256		1.2007
255.5		2.93711
255		0.0928384
254.5		-0.261002
254		-0.373296
253.5		0.329525
253		0.609914
252.5		0.385988
252		-0.475319
251.5		1.69797
251		0.0552415
250.5		-26.8411
250		1.0595
249.5		0.514459
249		0.0858374
248.5		0.717527
248		0.884038
247.5		0.674901
247		1.18774
246.5		-1.06656
246		0.415789
245.5		0.099619
245		-0.633989
244.5		-2.5373
244		0.926902
243.5		0.0451157
243		-0.0885145
242.5		-1.22589
242		-1.24852
241.5		1.77558
241		-0.506358
240.5		0.175619
240		-0.412216
239.5		0.0745384
239		-1.29502
238.5		-1.3626
238		-0.0743922
237.5		0.417088
237		1.20805
236.5		0.56136
236		-0.373603
235.5		-0.428999
235		0.417814
234.5		7.6384
234		0.604832
233.5		0.92284
233		1.06209
232.5		0.941127
232		0.615866
231.5		0.268238
231		-0.303961
230.5		5.71064
230		-0.674762
229.5		3.3769
229		0.203579
228.5		0.0605759
228		0.597186
227.5		0.748194
227		-1.86897
226.5		-0.529762
226		-0.240802
225.5		0.404824
225		-0.107511
224.5		-0.888766
224		-0.0263873
223.5		0.918459
223		0.248474
222.5		0.434542
222		-0.73294
221.5		-10.6161
221		-1.22514
220.5		0.0577749
220		0.0250927
219.5		-0.0832303
219		0.690438
218.5		0.765249
218		0.350309
217.5		-2.88589
217		5.72532
216.5		-0.189206
216		-0.168681
215.5		0.0915724
215		0.40021
214.5		0.123419
214		0.346748
213.5		0.112669
213		0.227119
212.5		0.130495
212		-0.456329
211.5		-0.12946
211		1.48353
210.5		0.185989
210		0.234687
209.5		0.292153
209		0.505579
208.5		0.793931
208		0.346015
207.5		-0.597583
207		-2.66442
206.5		0.333672
206		0.456108
205.5		0.672015
205		0.355261
204.5		-0.129873
204		0.20036
203.5		0.7092
203		-0.0760151
202.5		0.247403
202		0.317986
201.5		0.508658
201		0.430409
200.5		0.417866
200		0.187946
Data2:
lambda		value

Calibration:
lambda:	800
Abs:	-0.0001

Data:
#
900		0.171634
899.5		0.164552
899		0.17193
898.5		0.167832
898		0.163552
897.5		0.16011
897		0.165484
896.5		0.16723
896		0.160766
895.5		0.164031
895		0.171981
894.5		0.167872
894		0.157848
893.5		0.170692
893		0.172039
892.5		0.160634
892		0.168217
891.5		0.158341
891		0.171287
890.5		0.170204
890		0.158733
889.5		0.171742
889		0.170396
888.5		0.169004
888		0.164241
887.5		0.165208
887		0.166058
886.5		0.163078
886		0.163014
885.5		0.166335
885		0.16983
884.5		0.167663
884		0.171766
883.5		0.162438
883		0.171552
882.5		0.163317
882		0.167266
881.5		0.163865
881		0.165853
880.5		0.167304
880		0.163791
879.5		0.166903
879		0.163979
878.5		0.165379
878		0.165011
877.5		0.165551
877		0.170267
876.5		0.169857
876		0.169203
875.5		0.166345
875		0.175109
874.5		0.166059
874		0.166465
873.5		0.170234
873		0.167188
872.5		0.167104
872		0.165555
871.5		0.163992
871		0.168741
870.5		0.166932
870		0.1669
869.5		0.162842
869		0.1672
868.5		0.168035
868		0.166351
867.5		0.168416
867		0.169696
866.5		0.167602
866		0.167912
865.5		0.1664
865		0.169249
864.5		0.167953
864		0.167564
863.5		0.167565
863		0.167147
862.5		0.166484
862		0.165313
861.5		0.167381
861		0.168425
860.5		0.170678
860		0.168468
859.5		0.16924
859		0.168782
858.5		0.168653
858		0.167609
857.5		0.169894
857		0.168504
856.5		0.169127
856		0.168071
855.5		0.168976
855		0.167691
854.5		0.167838
854		0.169112
853.5		0.168617
853		0.169839
852.5		0.167209
852		0.168954
851.5		0.169298
851		0.168378
850.5		0.169371
850		0.168812
849.5		0.169217
849		0.169368
848.5		0.167618
848		0.169282
847.5		0.168658
847		0.168377
846.5		0.169147
846		0.169383
845.5		0.169718
845		0.169664
844.5		0.168329
844		0.169696
843.5		0.168945
843		0.170534
842.5		0.169352
842		0.168524
841.5		0.169438
841		0.169612
840.5		0.169996
840		0.169713
839.5		0.168871
839		0.169289
838.5		0.16912
838		0.170331
837.5		0.168958
837		0.169621
836.5		0.170337
836		0.169074
835.5		0.168894
835		0.170255
834.5		0.169993
834		0.169463
833.5		0.168849
833		0.169761
832.5		0.169963
832		0.170744
831.5		0.169466
831		0.170065
830.5		0.170321
830		0.1698
829.5		0.170136
829		0.16905
828.5		0.170387
828		0.169488
827.5		0.170056
827		0.169606
826.5		0.169588
826		0.170109
825.5		0.168992
825		0.170342
824.5		0.169344
824		0.170028
823.5		0.169265
823		0.169361
822.5		0.170302
822		0.16926
821.5		0.169662
821		0.169446
820.5		0.169042
820		0.169894
819.5		0.169766
819		0.170034
818.5		0.169395
818		0.170019
817.5		0.169724
817		0.168932
816.5		0.168931
816		0.168928
815.5		0.169192
815		0.168786
814.5		0.168966
814		0.168834
813.5		0.169885
813		0.168983
812.5		0.169165
812		0.168849
811.5		0.168918
811		0.168633
810.5		0.168363
810		0.168932
809.5		0.168345
809		0.168584
808.5		0.168551
808		0.168317
807.5		0.169319
807		0.168666
806.5		0.168535
806		0.168952
805.5		0.168365
805		0.168886
804.5		0.167799
804		0.167832
803.5		0.167918
803		0.167782
802.5		0.168183
802		0.167432
801.5		0.167899
801		0.167702
800.5		0.166866
800		0.167783
799.5		0.167583
799		0.166334
798.5		0.167766
798		0.167566
797.5		0.167869
797		0.167449
796.5		0.166783
796		0.167049
795.5		0.166134
795		0.16735
794.5		0.1665
794		0.16645
793.5		0.166018
793		0.166383
792.5		0.166683
792		0.166667
791.5		0.165669
791		0.165489
790.5		0.165652
790		0.166085
789.5		0.165501
789		0.165386
788.5		0.16585
788		0.165436
787.5		0.165469
787		0.165368
786.5		0.16537
786		0.164277
785.5		0.165135
785		0.164527
784.5		0.165153
784		0.16532
783.5		0.164806
783		0.165534
782.5		0.164322
782		0.164425
781.5		0.164371
781		0.164008
780.5		0.163925
780		0.163975
779.5		0.16344
779		0.163823
778.5		0.163379
778		0.163838
777.5		0.16368
777		0.163395
776.5		0.162297
776		0.162684
775.5		0.162786
775		0.163388
774.5		0.162423
774		0.163104
773.5		0.162596
773		0.162087
772.5		0.162577
772		0.162307
771.5		0.16186
771		0.161489
770.5		0.16121
770		0.161782
769.5		0.161303
769		0.161171
768.5		0.161342
768		0.160912
767.5		0.161255
767		0.160402
766.5		0.160773
766		0.16075
765.5		0.16049
765		0.16
764.5		0.160403
764		0.160179
763.5		0.160168
763		0.159443
762.5		0.15996
762		0.159566
761.5		0.159102
761		0.159215
760.5		0.159498
760		0.159227
759.5		0.159204
759		0.158533
758.5		0.158774
758		0.158501
757.5		0.158198
757		0.157685
756.5		0.157492
756		0.158141
755.5		0.157748
755		0.157403
754.5		0.157382
754		0.156981
753.5		0.156941
753		0.157161
752.5		0.1571
752		0.156759
751.5		0.156262
751		0.156629
750.5		0.156436
750		0.156337
749.5		0.15611
749		0.155646
748.5		0.155856
748		0.156284
747.5		0.155236
747		0.155445
746.5		0.154555
746		0.155405
745.5		0.155304
745		0.155373
744.5		0.154388
744		0.153991
743.5		0.154273
743		0.154121
742.5		0.154189
742		0.153816
741.5		0.153564
741		0.15297
740.5		0.15364
740		0.153488
739.5		0.153297
739		0.152789
738.5		0.152948
738		0.152796
737.5		0.152477
737		0.152273
736.5		0.152356
736		0.152105
735.5		0.152069
735		0.151946
734.5		0.151172
734		0.151524
733.5		0.151183
733		0.151267
732.5		0.151151
732		0.150756
731.5		0.150422
731		0.150795
730.5		0.151086
730		0.150588
729.5		0.150054
729		0.149648
728.5		0.149644
728		0.149907
727.5		0.149421
727		0.149332
726.5		0.149469
726		0.148719
725.5		0.149054
725		0.148621
724.5		0.14902
724		0.147988
723.5		0.148533
723		0.148081
722.5		0.148262
722		0.147664
721.5		0.147341
721		0.14724
720.5		0.146825
720		0.147256
719.5		0.14699
719		0.147347
718.5		0.146885
718		0.147249
717.5		0.147103
717		0.146938
716.5		0.146659
716		0.146504
715.5		0.145988
715		0.146928
714.5		0.14652
714		0.145931
713.5		0.146064
713		0.145839
712.5		0.145411
712		0.145269
711.5		0.145386
711		0.1451
710.5		0.145175
710		0.144587
709.5		0.144824
709		0.14455
708.5		0.14468
708		0.143825
707.5		0.144531
707		0.144448
706.5		0.143941
706		0.144197
705.5		0.143448
705		0.143392
704.5		0.143884
704		0.143393
703.5		0.142885
703		0.142899
702.5		0.14335
702		0.142801
701.5		0.14266
701		0.142871
700.5		0.142646
700		0.142182
699.5		0.142758
699		0.14228
698.5		0.14235
698		0.142223
697.5		0.142012
697		0.14204
696.5		0.141912
696		0.141167
695.5		0.141492
695		0.141113
694.5		0.141291
694		0.141124
693.5		0.141067
693		0.141095
692.5		0.141041
692		0.141037
691.5		0.140741
691		0.140815
690.5		0.140698
690		0.140657
689.5		0.140431
689		0.14105
688.5		0.140205
688		0.140497
687.5		0.139953
687		0.139824
686.5		0.139613
686		0.139877
685.5		0.139443
685		0.139246
684.5		0.139331
684		0.139498
683.5		0.139383
683		0.139202
682.5		0.13882
682		0.138853
681.5		0.13882
681		0.138234
680.5		0.138452
680		0.138807
679.5		0.138217
679		0.138713
678.5		0.138606
678		0.138449
677.5		0.138535
677		0.137986
676.5		0.138273
676		0.138559
675.5		0.138108
675		0.138416
674.5		0.137941
674		0.138289
673.5		0.138163
673		0.137812
672.5		0.137969
672		0.1376
671.5		0.137627
671		0.137641
670.5		0.137754
670		0.137764
669.5		0.137065
669		0.137597
668.5		0.137412
668		0.137519
667.5		0.137474
667		0.137187
666.5		0.137065
666		0.137333
665.5		0.136881
665		0.137651
664.5		0.137418
664		0.136813
663.5		0.137323
663		0.136985
662.5		0.137088
662		0.137169
661.5		0.137043
661		0.137129
660.5		0.136562
660		0.137111
659.5		0.136882
659		0.136814
658.5		0.137107
658		0.137076
657.5		0.136927
657		0.136994
656.5		0.136742
656		0.137094
655.5		0.137339
655		0.137193
654.5		0.136756
654		0.136806
653.5		0.137175
653		0.137154
652.5		0.136864
652		0.136806
651.5		0.137136
651		0.136814
650.5		0.137455
650		0.136986
649.5		0.137136
649		0.137023
648.5		0.13714
648		0.137118
647.5		0.137362
647		0.137323
646.5		0.137218
646		0.137362
645.5		0.137348
645		0.137468
644.5		0.13744
644		0.137945
643.5		0.137649
643		0.137845
642.5		0.13811
642		0.137842
641.5		0.137752
641		0.138069
640.5		0.138041
640		0.138469
639.5		0.1384
639		0.138172
638.5		0.13838
638		0.138808
637.5		0.139014
637		0.138786
636.5		0.139014
636		0.139224
635.5		0.139254
635		0.13942
634.5		0.139549
634		0.13972
633.5		0.139816
633		0.140103
632.5		0.140275
632		0.140301
631.5		0.140406
631		0.140592
630.5		0.141039
630		0.140839
629.5		0.141027
629		0.141031
628.5		0.141147
628		0.14138
627.5		0.14127
627		0.141841
626.5		0.141475
626		0.141833
625.5		0.141707
625		0.141472
624.5		0.141939
624		0.141759
623.5		0.141845
623		0.142099
622.5		0.141976
622		0.142283
621.5		0.14255
621		0.142495
620.5		0.142565
620		0.142412
619.5		0.142871
619		0.142857
618.5		0.142746
618		0.143106
617.5		0.142829
617		0.14326
616.5		0.143746
616		0.144247
615.5		0.144177
615		0.144095
614.5		0.144301
614		0.144791
613.5		0.145053
613		0.145235
612.5		0.145389
612		0.145442
611.5		0.146002
611		0.146095
610.5		0.146239
610		0.146567
609.5		0.146827
609		0.146844
608.5		0.147025
608		0.147233
607.5		0.147539
607		0.147917
606.5		0.147799
606		0.148599
605.5		0.14862
605		0.14876
604.5		0.149038
604		0.149387
603.5		0.149718
603		0.149835
602.5		0.150131
602		0.15052
601.5		0.150762
601		0.151503
600.5		0.151368
600		0.151762
599.5		0.152113
599		0.152125
598.5		0.152756
598		0.152966
597.5		0.15339
597		0.153794
596.5		0.153786
596		0.154503
595.5		0.154398
595		0.1548
594.5		0.155323
594		0.155575
593.5		0.156174
593		0.156298
592.5		0.156722
592		0.15688
591.5		0.157263
591		0.157538
590.5		0.157869
590		0.158328
589.5		0.158746
589		0.158862
588.5		0.159687
588		0.159841
587.5		0.160597
587		0.160542
586.5		0.160757
586		0.161194
585.5		0.161958
585		0.161826
584.5		0.162674
584		0.163011
583.5		0.163354
583		0.164377
582.5		0.164332
582		0.164751
581.5		0.165315
581		0.165108
580.5		0.165846
580		0.166458
579.5		0.166988
579		0.167599
578.5		0.167454
578		0.168565
577.5		0.168707
577		0.169271
576.5		0.1698
576		0.170266
575.5		0.170934
575		0.17123
574.5		0.171679
574		0.172078
573.5		0.172215
573		0.173582
572.5		0.173527
572		0.174001
571.5		0.174851
571		0.175156
570.5		0.1757
570		0.176782
569.5		0.176901
569		0.177726
568.5		0.17737
568		0.177995
567.5		0.179359
567		0.179763
566.5		0.180429
566		0.180665
565.5		0.181303
565		0.182185
564.5		0.182447
564		0.183303
563.5		0.183617
563		0.183744
562.5		0.185463
562		0.185544
561.5		0.185966
561		0.187032
560.5		0.187135
560		0.188244
559.5		0.189335
559		0.189558
558.5		0.190183
558		0.190833
557.5		0.191426
557		0.192245
556.5		0.192861
556		0.193403
555.5		0.193994
555		0.194788
554.5		0.195913
554		0.196109
553.5		0.196971
553		0.197603
552.5		0.198027
552		0.19887
551.5		0.199233
551		0.200345
550.5		0.201035
550		0.201089
549.5		0.202607
549		0.202716
548.5		0.203658
548		0.20438
547.5		0.204947
547		0.206108
546.5		0.206695
546		0.207424
545.5		0.208601
545		0.208927
544.5		0.209434
544		0.210054
543.5		0.210717
543		0.21184
542.5		0.212309
542		0.213323
541.5		0.213645
541		0.214504
540.5		0.215342
540		0.215619
539.5		0.217084
539		0.217325
538.5		0.218312
538		0.218872
537.5		0.219459
537		0.221045
536.5		0.22111
536		0.22218
535.5		0.222698
535		0.223301
534.5		0.2242
534		0.225388
533.5		0.225478
533		0.226848
532.5		0.227368
532		0.228294
531.5		0.228952
531		0.229737
530.5		0.230593
530		0.231677
529.5		0.232335
529		0.233444
528.5		0.233945
528		0.234706
527.5		0.23581
527		0.236329
526.5		0.237243
526		0.238458
525.5		0.238394
525		0.24021
524.5		0.2407
524		0.241245
523.5		0.242687
523		0.242932
522.5		0.243981
522		0.244482
521.5		0.245333
521		0.24657
520.5		0.246814
520		0.24774
519.5		0.248479
519		0.2495
518.5		0.250405
518		0.250737
517.5		0.251499
517		0.252427
516.5		0.252996
516		0.2541
515.5		0.254596
515		0.255692
514.5		0.256726
514		0.256974
513.5		0.257849
513		0.258317
512.5		0.259351
512		0.260292
511.5		0.260455
511		0.261725
510.5		0.261757
510		0.262345
509.5		0.26353
509		0.263619
508.5		0.264428
508		0.264756
507.5		0.265638
507		0.266489
506.5		0.266072
506		0.266173
505.5		0.267432
505		0.267803
504.5		0.268325
504		0.267844
503.5		0.268803
503		0.268915
502.5		0.268815
502		0.269895
501.5		0.269544
501		0.269964
500.5		0.270549
500		0.270293
499.5		0.270913
499		0.270416
498.5		0.270431
498		0.271637
497.5		0.271116
497		0.271513
496.5		0.271229
496		0.271423
495.5		0.271643
495		0.271226
494.5		0.270532
494		0.270734
493.5		0.271104
493		0.271019
492.5		0.271123
492		0.270596
491.5		0.270007
491		0.270193
490.5		0.26994
490		0.270598
489.5		0.269301
489		0.269544
488.5		0.268822
488		0.268858
487.5		0.269114
487		0.267612
486.5		0.267435
486		0.267442
485.5		0.266119
485		0.266868
484.5		0.26674
484		0.265923
483.5		0.264934
483		0.264411
482.5		0.264209
482		0.264127
481.5		0.262952
481		0.262507
480.5		0.261699
480		0.262076
479.5		0.261004
479		0.26014
478.5		0.259824
478		0.2589
477.5		0.258391
477		0.25788
476.5		0.257409
476		0.257052
475.5		0.255724
475		0.255315
474.5		0.255095
474		0.254205
473.5		0.253957
473		0.2531
472.5		0.252153
472		0.251771
471.5		0.251434
471		0.24971
470.5		0.249866
470		0.248507
469.5		0.249175
469		0.247751
468.5		0.247334
468		0.246468
467.5		0.245681
467		0.244669
466.5		0.24417
466		0.243379
465.5		0.243389
465		0.242784
464.5		0.242038
464		0.240807
463.5		0.240741
463		0.239832
462.5		0.23949
462		0.238789
461.5		0.238582
461		0.237709
460.5		0.236808
460		0.237007
459.5		0.23559
459		0.235177
458.5		0.234709
458		0.234052
457.5		0.233348
457		0.232209
456.5		0.232878
456		0.23134
455.5		0.231301
455		0.231514
454.5		0.229997
454		0.229924
453.5		0.229651
453		0.228386
452.5		0.228145
452		0.227909
451.5		0.226984
451		0.226948
450.5		0.226392
450		0.225179
449.5		0.224816
449		0.22362
448.5		0.223968
448		0.223323
447.5		0.222701
447		0.221899
446.5		0.221059
446		0.22085
445.5		0.220076
445		0.219379
444.5		0.22
444		0.21907
443.5		0.218302
443		0.217977
442.5		0.216944
442		0.216878
441.5		0.216362
441		0.215464
440.5		0.215009
440		0.215188
439.5		0.214877
439		0.214063
438.5		0.212921
438		0.212864
437.5		0.212558
437		0.212232
436.5		0.211439
436		0.210892
435.5		0.210826
435		0.210026
434.5		0.209804
434		0.209304
433.5		0.208241
433		0.208545
432.5		0.207892
432		0.207482
431.5		0.206847
431		0.20636
430.5		0.206866
430		0.205757
429.5		0.205349
429		0.205032
428.5		0.204614
428		0.204463
427.5		0.203569
427		0.203462
426.5		0.202747
426		0.202038
425.5		0.202038
425		0.201062
424.5		0.201027
424		0.200584
423.5		0.200407
423		0.200106
422.5		0.19954
422		0.199083
421.5		0.198921
421		0.198201
420.5		0.197619
420		0.197616
419.5		0.197109
419		0.196443
418.5		0.196512
418		0.196323
417.5		0.195339
417		0.194934
416.5		0.19473
416		0.194991
415.5		0.194123
415		0.193178
414.5		0.192887
414		0.192898
413.5		0.192132
413		0.191843
412.5		0.191863
412		0.19103
411.5		0.190647
411		0.191497
410.5		0.189753
410		0.190835
409.5		0.18943
409		0.188704
408.5		0.188137
408		0.188411
407.5		0.187931
407		0.187679
406.5		0.187413
406		0.187064
405.5		0.186202
405		0.186922
404.5		0.185684
404		0.18582
403.5		0.184963
403		0.184423
402.5		0.184558
402		0.184748
401.5		0.183595
401		0.183813
400.5		0.182811
400		0.182987
399.5		0.182703
399		0.182126
398.5		0.181181
398		0.18137
397.5		0.181314
397		0.181519
396.5		0.181377
396		0.180464
395.5		0.18059
395		0.179368
394.5		0.180236
394		0.179184
393.5		0.179731
393		0.178159
392.5		0.177938
392		0.177983
391.5		0.178193
391		0.177661
390.5		0.17688
390		0.177066
389.5		0.176294
389		0.176546
388.5		0.176012
388		0.175575
387.5		0.174774
387		0.175371
386.5		0.174795
386		0.174413
385.5		0.174594
385		0.173728
384.5		0.172927
384		0.173592
383.5		0.173453
383		0.173105
382.5		0.171943
382		0.172796
381.5		0.171893
381		0.171691
380.5		0.170949
380		0.171684
379.5		0.17004
379		0.170812
378.5		0.170623
378		0.169862
377.5		0.16968
377		0.16933
376.5		0.169419
376		0.169242
375.5		0.169283
375		0.168167
374.5		0.168923
374		0.168765
373.5		0.16912
373		0.168596
372.5		0.16854
372		0.167877
371.5		0.167178
371		0.167068
370.5		0.167358
370		0.167331
369.5		0.166736
369		0.165783
368.5		0.166156
368		0.165741
367.5		0.164949
367		0.165276
366.5		0.165068
366		0.164878
365.5		0.165428
365		0.16454
364.5		0.164839
364		0.164276
363.5		0.163991
363		0.163786
362.5		0.163871
362		0.162974
361.5		0.162777
361		0.163456
360.5		0.163563
360		0.162614
359.5		0.162392
359		0.162556
358.5		0.161306
358		0.163185
357.5		0.162305
357		0.160698
356.5		0.162107
356		0.161698
355.5		0.16165
355		0.160339
354.5		0.160655
354		0.160461
353.5		0.159896
353		0.158765
352.5		0.159974
352		0.15981
351.5		0.159504
351		0.158995
350.5		0.15892
350		0.158227
349.5		0.15829
349		0.15725
348.5		0.157108
348		0.155664
347.5		0.157251
347		0.156656
346.5		0.155834
346		0.15616
345.5		0.15523
345		0.155194
344.5		0.155308
344		0.15253
343.5		0.154153
343		0.154609
342.5		0.153816
342		0.151791
341.5		0.152918
341		0.152649
340.5		0.151888
340		0.151733
339.5		0.149009
339		0.149424
338.5		0.151064
338		0.149976
337.5		0.150086
337		0.148142
336.5		0.148064
336		0.148445
335.5		0.148727
335		0.146395
334.5		0.147675
334		0.147162
333.5		0.146758
333		0.145012
332.5		0.146398
332		0.145212
331.5		0.142636
331		0.144476
330.5		0.143837
330		0.143886
329.5		0.142923
329		0.140789
328.5		0.141598
328		0.141576
327.5		0.140246
327		0.140833
326.5		0.140661
326		0.139069
325.5		0.140792
325		0.138244
324.5		0.139364
324		0.137984
323.5		0.1375
323		0.137485
322.5		0.137089
322		0.137035
321.5		0.136271
321		0.136819
320.5		0.135215
320		0.13448
319.5		0.133841
319		0.137283
318.5		0.136456
318		0.134758
317.5		0.133731
317		0.134984
316.5		0.133333
316		0.135127
315.5		0.134507
315		0.13594
314.5		0.133249
314		0.133571
313.5		0.134591
313		0.136194
312.5		0.135708
312		0.133304
311.5		0.13262
311		0.131777
310.5		0.136488
310		0.137594
309.5		0.133932
309		0.139878
308.5		0.137132
308		0.135588
307.5		0.136188
307		0.138748
306.5		0.133078
306		0.135028
305.5		0.134377
305		0.137775
304.5		0.143149
304		0.146186
303.5		0.146923
303		0.144636
302.5		0.144409
302		0.138939
301.5		0.137086
301		0.136018
300.5		0.143045
300		0.152759
299.5		0.164098
299		0.119974
298.5		0.143715
298		0.157698
297.5		0.179806
297		0.200346
296.5		0.198011
296		0.137089
295.5		-0.00744542
295		-0.142361
294.5		0.135832
294		0.220161
293.5		0.26249
293		0.293011
292.5		0.100558
292		0.677286
291.5		0.81541
291		0.170366
290.5		0.373959
290		6.25746
289.5		0.249007
289		0.588844
288.5		0.284436
288		0.362979
287.5		-0.128335
287		0.634746
286.5		-0.388468
286		-0.438745
285.5		0.462623
285		0.881281
284.5		-0.179132
284		-0.472172
283.5		0
283		0.2344
282.5		0.585508
282		0.868372
281.5		0.274291
281		-1.15968
280.5		0.825424
280		1.7223
279.5		-0.270612
279		-2.92506
278.5		1.09149
278		0.776924
277.5		0.237409
277		0.545077
276.5		0.996362
276		0.15654
275.5		10.9585
275		-1.61755
274.5		0.188901
274		-0.410641
273.5		0.544942
273		0.126145
272.5		-0.524751
272		-0.354968
271.5		0.721131
271		-0.353922
270.5		1.06002
270		0.691052
269.5		0.100769
269		-0.20239
268.5		0.900542
268		0.517646
267.5		-0.017094
267		-0.428544
266.5		0.0857746
266		7.32418
265.5		1.16954
265		0.451776
264.5		0.478914
264		0.462201
263.5		-0.528415
263		0.131465
262.5		0.257763
262		0.321516
261.5		0.636546
261		0.116452
260.5		0.523603
260		0.311161
259.5		0.0110647
259		-3.42295
258.5		25.0148
258		0.342441
257.5		-47.5314
257		-0.730575
256.5		0.698664
256		-0.147415
255.5		-1.48579
255		-0.107087
254.5		1.34267
254		-1.15531
253.5		-5.09451
253		1.54925
252.5		0.562415
252		1.79911
251.5		0.29483
251		-1.09256
250.5		0.323678
250		0.540962
249.5		2.28914
249		-0.36408
248.5		2.02401
248		12.173
247.5		-1.47852
247		0.747052
246.5		-0.967102
246		-0.109715
245.5		0.0934805
245		1.57621
244.5		0.4796
244		0.278644
243.5		0.556721
243		0.408525
242.5		0.963092
242		0.955577
241.5		0.153253
241		-0.00854655
240.5		-0.360182
240		0.131594
239.5		1.31387
239		0.357008
238.5		0.466427
238		-0.0121259
237.5		1.65715
237		-0.163691
236.5		4.44071
236		0.0268956
235.5		0.0347169
235		-0.931508
234.5		6.38674
234		-0.104724
233.5		1.76103
233		0.864468
232.5		0.153035
232		0.117653
231.5		0.0657372
231		1.87946
230.5		0.075492
230		1.22837
229.5		0.0044535
229		-0.058231
228.5		27.2753
228		0.661257
227.5		0.3514
227		0.853759
226.5		-0.460062
226		3.98493
225.5		0.110104
225		-0.551156
224.5		-0.284298
224		-0.1419
223.5		-0.126597
223		0.548564
222.5		-0.123084
222		0.115173
221.5		0.617639
221		0.338055
220.5		0.351944
220		-0.749662
219.5		-1.25964
219		-0.465217
218.5		0.613205
218		0.344167
217.5		-0.0692598
217		0.413532
216.5		0.616629
216		0.251054
215.5		0.0168262
215		-5.7698
214.5		0.468772
214		-0.044498
213.5		0.0592462
213		-1.36706
212.5		0.511848
212		0.930385
211.5		0.151458
211		-0.0997336
210.5		-0.715551
210		0.696457
209.5		5.3236
209		0.630868
208.5		-1.1666
208		-0.949405
207.5		0.48924
207		0.114554
206.5		0.267988
206		-0.266095
205.5		0.421936
205		-1.44571
204.5		-1.20607
204		-0.0120939
203.5		0.00768898
203		-0.048026
202.5		-0.291794
202		-0.0342769
201.5		0.242726
201		1.73414
200.5		0.0188375
200		0.309668
Data1 - Data2
lambda		value

Calibration:
lambda:	2.12203e-314
Abs:	6.93531e-310

Data:
#
900		-0.0203
899.5		-0.0125
899		0.0034
898.5		-0.013
898		-0.0203
897.5		-0.0069
897		-0.0021
896.5		0.0011
896		0.0001
895.5		-0.0117
895		-0.0199
894.5		-0.0043
894		-0.0053
893.5		-0.0154
893		-0.0039
892.5		-0.0078
892		-0.0148
891.5		-0.0002
891		-0.007
890.5		-0.0144
890		0.0029
889.5		-0.0101
889		-0.0105
888.5		-0.0079
888		-0.0051
887.5		-0.0053
887		-0.0221
886.5		-0.0013
886		-0.0077
885.5		-0.0033
885		-0.0141
884.5		-0.0064
884		-0.0085
883.5		0.0059
883		-0.0078
882.5		-0.011
882		-0.0077
881.5		-0.0071
881		-0.0065
880.5		-0.0057
880		-0.0004
879.5		-0.0029
879		0.0015
878.5		-0.0102
878		-0.0113
877.5		-0.0056
877		-0.0053
876.5		-0.0103
876		-0.0019
875.5		-0.0061
875		-0.0114
874.5		-0.0034
874		-0.0095
873.5		-0.0049
873		-0.0054
872.5		-0.0044
872		-0.0136
871.5		-0.0005
871		-0.0063
870.5		-0.0091
870		-0.0069
869.5		-0.0035
869		-0.0063
868.5		-0.0079
868		-0.0073
867.5		-0.0109
867		-0.0053
866.5		-0.0079
866		-0.0038
865.5		-0.0049
865		-0.0069
864.5		-0.0091
864		-0.0057
863.5		-0.006
863		-0.0069
862.5		-0.0044
862		-0.0068
861.5		-0.0052
861		-0.006
860.5		-0.0079
860		-0.0069
859.5		-0.0065
859		-0.0067
858.5		-0.006
858		-0.0072
857.5		-0.0066
857		-0.0091
856.5		-0.008
856		-0.0063
855.5		-0.0066
855		-0.0059
854.5		-0.0036
854		-0.0073
853.5		-0.005
853		-0.0075
852.5		-0.0063
852		-0.0077
851.5		-0.0059
851		-0.0064
850.5		-0.0078
850		-0.0065
849.5		-0.0067
849		-0.007
848.5		-0.0049
848		-0.0065
847.5		-0.0066
847		-0.0068
846.5		-0.0067
846		-0.0071
845.5		-0.0052
845		-0.0064
844.5		-0.0041
844		-0.0062
843.5		-0.0055
843		-0.006
842.5		-0.0054
842		-0.0056
841.5		-0.0053
841		-0.0058
840.5		-0.006
840		-0.0058
839.5		-0.0039
839		-0.005
838.5		-0.0048
838		-0.0049
837.5		-0.0053
837		-0.0052
836.5		-0.0054
836		-0.005
835.5		-0.004
835		-0.0046
834.5		-0.0057
834		-0.0047
833.5		-0.0043
833		-0.0053
832.5		-0.0044
832		-0.0052
831.5		-0.004
831		-0.005
830.5		-0.0049
830		-0.0047
829.5		-0.0048
829		-0.0043
828.5		-0.0054
828		-0.0039
827.5		-0.0045
827		-0.005
826.5		-0.0044
826		-0.0055
825.5		-0.0044
825		-0.0043
824.5		-0.0047
824		-0.0049
823.5		-0.0041
823		-0.0039
822.5		-0.005
822		-0.0042
821.5		-0.0045
821		-0.0041
820.5		-0.0045
820		-0.0054
819.5		-0.0047
819		-0.0052
818.5		-0.0045
818		-0.0052
817.5		-0.0048
817		-0.0036
816.5		-0.0042
816		-0.0045
815.5		-0.005
815		-0.0039
814.5		-0.0041
814		-0.0045
813.5		-0.0053
813		-0.0043
812.5		-0.0043
812		-0.0048
811.5		-0.0038
811		-0.0046
810.5		-0.0048
810		-0.0053
809.5		-0.0049
809		-0.0044
808.5		-0.0048
808		-0.0039
807.5		-0.0049
807		-0.0044
806.5		-0.0038
806		-0.0052
805.5		-0.0045
805		-0.0044
804.5		-0.0048
804		-0.0042
803.5		-0.0041
803		-0.0043
802.5		-0.004
802		-0.0038
801.5		-0.0042
801		-0.0035
800.5		-0.0043
800		-0.0044
799.5		-0.0043
799		-0.0032
798.5		-0.0046
798		-0.0049
797.5		-0.0045
797		-0.0048
796.5		-0.0039
796		-0.0042
795.5		-0.0034
795		-0.0042
794.5		-0.0039
794		-0.0043
793.5		-0.0037
793		-0.004
792.5		-0.0044
792		-0.0039
791.5		-0.0036
791		-0.0036
790.5		-0.0033
790		-0.0046
789.5		-0.0033
789		-0.003
788.5		-0.0037
788		-0.0043
787.5		-0.0038
787		-0.0035
786.5		-0.0038
786		-0.0031
785.5		-0.0037
785		-0.0038
784.5		-0.0039
784		-0.0039
783.5		-0.0039
783		-0.0045
782.5		-0.0034
782		-0.004
781.5		-0.0037
781		-0.0033
780.5		-0.0036
780		-0.0036
779.5		-0.0029
779		-0.0036
778.5		-0.0038
778		-0.0035
777.5		-0.0039
777		-0.0032
776.5		-0.003
776		-0.0035
775.5		-0.0036
775		-0.0038
774.5		-0.0034
774		-0.0044
773.5		-0.0035
773		-0.0033
772.5		-0.0032
772		-0.0038
771.5		-0.0025
771		-0.003
770.5		-0.003
770		-0.0035
769.5		-0.0031
769		-0.0031
768.5		-0.0036
768		-0.0034
767.5		-0.0037
767		-0.0032
766.5		-0.0033
766		-0.0029
765.5		-0.0035
765		-0.0033
764.5		-0.0035
764		-0.0031
763.5		-0.0031
763		-0.0028
762.5		-0.0034
762		-0.0033
761.5		-0.0032
761		-0.0027
760.5		-0.0036
760		-0.0033
759.5		-0.0033
759		-0.0031
758.5		-0.0034
758		-0.0034
757.5		-0.003
757		-0.0027
756.5		-0.0027
756		-0.003
755.5		-0.0027
755		-0.0026
754.5		-0.0027
754		-0.0032
753.5		-0.0024
753		-0.0034
752.5		-0.0032
752		-0.0027
751.5		-0.0038
751		-0.0029
750.5		-0.0031
750		-0.003
749.5		-0.0027
749		-0.0028
748.5		-0.0029
748		-0.0032
747.5		-0.0026
747		-0.0027
746.5		-0.0022
746		-0.0029
745.5		-0.003
745		-0.0032
744.5		-0.0031
744		-0.0022
743.5		-0.0026
743		-0.0028
742.5		-0.0026
742		-0.0029
741.5		-0.0028
741		-0.002
740.5		-0.0027
740		-0.0031
739.5		-0.0025
739		-0.0027
738.5		-0.0025
738		-0.0024
737.5		-0.0022
737		-0.0025
736.5		-0.0027
736		-0.0022
735.5		-0.0023
735		-0.0024
734.5		-0.0021
734		-0.0025
733.5		-0.002
733		-0.0023
732.5		-0.0027
732		-0.0022
731.5		-0.002
731		-0.0025
730.5		-0.0026
730		-0.0027
729.5		-0.0019
729		-0.0015
728.5		-0.0026
728		-0.0026
727.5		-0.0022
727		-0.0017
726.5		-0.0021
726		-0.0019
725.5		-0.0019
725		-0.0021
724.5		-0.0021
724		-0.0016
723.5		-0.0022
723		-0.0018
722.5		-0.0021
722		-0.0017
721.5		-0.0016
721		-0.0017
720.5		-0.0013
720		-0.0014
719.5		-0.0022
719		-0.0019
718.5		-0.0015
718		-0.0024
717.5		-0.002
717		-0.0024
716.5		-0.0019
716		-0.0023
715.5		-0.0018
715		-0.0026
714.5		-0.0027
714		-0.0015
713.5		-0.0025
713		-0.0024
712.5		-0.0022
712		-0.0022
711.5		-0.0026
711		-0.0019
710.5		-0.0024
710		-0.0022
709.5		-0.0025
709		-0.0022
708.5		-0.0029
708		-0.0018
707.5		-0.0025
707		-0.0028
706.5		-0.0023
706		-0.0025
705.5		-0.0017
705		-0.0019
704.5		-0.0023
704		-0.0018
703.5		-0.0017
703		-0.0021
702.5		-0.0024
702		-0.0021
701.5		-0.0018
701		-0.0025
700.5		-0.0015
700		-0.0019
699.5		-0.0022
699		-0.0021
698.5		-0.0022
698		-0.0021
697.5		-0.0018
697		-0.0026
696.5		-0.0021
696		-0.0014
695.5		-0.0021
695		-0.0017
694.5		-0.0017
694		-0.0018
693.5		-0.002
693		-0.0021
692.5		-0.0025
692		-0.0026
691.5		-0.002
691		-0.0024
690.5		-0.0021
690		-0.0024
689.5		-0.0022
689		-0.0029
688.5		-0.0022
688		-0.0023
687.5		-0.0023
687		-0.0019
686.5		-0.002
686		-0.002
685.5		-0.002
685		-0.0019
684.5		-0.0019
684		-0.0021
683.5		-0.0021
683		-0.0021
682.5		-0.0017
682		-0.0022
681.5		-0.0019
681		-0.0018
680.5		-0.0016
680		-0.002
679.5		-0.0016
679		-0.002
678.5		-0.0024
678		-0.002
677.5		-0.002
677		-0.0016
676.5		-0.002
676		-0.0024
675.5		-0.002
675		-0.0024
674.5		-0.0015
674		-0.0022
673.5		-0.0023
673		-0.0019
672.5		-0.0023
672		-0.0019
671.5		-0.002
671		-0.0021
670.5		-0.0022
670		-0.0022
669.5		-0.0019
669		-0.0022
668.5		-0.0018
668		-0.002
667.5		-0.0023
667		-0.0017
666.5		-0.0019
666		-0.0019
665.5		-0.0019
665		-0.0025
664.5		-0.0021
664		-0.0018
663.5		-0.0022
663		-0.0016
662.5		-0.0021
662		-0.0021
661.5		-0.0018
661		-0.0022
660.5		-0.0015
660		-0.0021
659.5		-0.0017
659		-0.002
658.5		-0.0019
658		-0.002
657.5		-0.0022
657		-0.0017
656.5		-0.0017
656		-0.0024
655.5		-0.0024
655		-0.0024
654.5		-0.002
654		-0.0018
653.5		-0.0021
653		-0.0019
652.5		-0.0019
652		-0.0019
651.5		-0.0019
651		-0.002
650.5		-0.0022
650		-0.002
649.5		-0.0017
649		-0.002
648.5		-0.0021
648		-0.0018
647.5		-0.0021
647		-0.0018
646.5		-0.0019
646		-0.0019
645.5		-0.0021
645		-0.002
644.5		-0.0019
644		-0.0022
643.5		-0.0021
643		-0.0023
642.5		-0.0022
642		-0.0021
641.5		-0.002
641		-0.0023
640.5		-0.0023
640		-0.0023
639.5		-0.0026
639		-0.0021
638.5		-0.0022
638		-0.0026
637.5		-0.0024
637		-0.0023
636.5		-0.0022
636		-0.0023
635.5		-0.0025
635		-0.0022
634.5		-0.0021
634		-0.0024
633.5		-0.0023
633		-0.0023
632.5		-0.0027
632		-0.0022
631.5		-0.0024
631		-0.0022
630.5		-0.0026
630		-0.0024
629.5		-0.0022
629		-0.002
628.5		-0.0021
628		-0.0025
627.5		-0.0023
627		-0.0023
626.5		-0.0021
626		-0.0022
625.5		-0.0021
625		-0.002
624.5		-0.0021
624		-0.0021
623.5		-0.0019
623		-0.0021
622.5		-0.002
622		-0.0016
621.5		-0.0019
621		-0.0019
620.5		-0.002
620		-0.0015
619.5		-0.0022
619		-0.0019
618.5		-0.0017
618		-0.0024
617.5		-0.0016
617		-0.0021
616.5		-0.0021
616		-0.0023
615.5		-0.002
615		-0.0019
614.5		-0.0018
614		-0.0017
613.5		-0.0023
613		-0.0019
612.5		-0.002
612		-0.0022
611.5		-0.0023
611		-0.0021
610.5		-0.002
610		-0.002
609.5		-0.0025
609		-0.0019
608.5		-0.0019
608		-0.0019
607.5		-0.002
607		-0.0017
606.5		-0.0017
606		-0.0024
605.5		-0.0022
605		-0.0017
604.5		-0.002
604		-0.0015
603.5		-0.0021
603		-0.002
602.5		-0.0019
602		-0.0019
601.5		-0.002
601		-0.0021
600.5		-0.0021
600		-0.0021
599.5		-0.0022
599		-0.0021
598.5		-0.0024
598		-0.0023
597.5		-0.0019
597		-0.002
596.5		-0.0019
596		-0.0021
595.5		-0.0019
595		-0.0022
594.5		-0.0027
594		-0.002
593.5		-0.0019
593		-0.0023
592.5		-0.0022
592		-0.0019
591.5		-0.0019
591		-0.0021
590.5		-0.0018
590		-0.002
589.5		-0.0021
589		-0.0018
588.5		-0.0025
588		-0.002
587.5		-0.0021
587		-0.0018
586.5		-0.0021
586		-0.0022
585.5		-0.0022
585		-0.002
584.5		-0.0024
584		-0.0021
583.5		-0.0023
583		-0.0022
582.5		-0.0021
582		-0.0024
581.5		-0.0021
581		-0.0018
580.5		-0.0018
580		-0.0023
579.5		-0.0022
579		-0.0025
578.5		-0.0021
578		-0.0025
577.5		-0.0024
577		-0.0025
576.5		-0.0023
576		-0.0027
575.5		-0.0023
575		-0.0026
574.5		-0.0023
574		-0.0026
573.5		-0.0022
573		-0.0026
572.5		-0.0023
572		-0.0021
571.5		-0.0029
571		-0.0021
570.5		-0.0023
570		-0.003
569.5		-0.0025
569		-0.0028
568.5		-0.0023
568		-0.0024
567.5		-0.0033
567		-0.0029
566.5		-0.0028
566		-0.0025
565.5		-0.003
565		-0.0029
564.5		-0.0026
564		-0.0029
563.5		-0.0028
563		-0.0025
562.5		-0.003
562		-0.0027
561.5		-0.003
561		-0.003
560.5		-0.0031
560		-0.0033
559.5		-0.0028
559		-0.0031
558.5		-0.0029
558		-0.0029
557.5		-0.0034
557		-0.0034
556.5		-0.0032
556		-0.0036
555.5		-0.0033
555		-0.0037
554.5		-0.0039
554		-0.0038
553.5		-0.0036
553		-0.0034
552.5		-0.0036
552		-0.0035
551.5		-0.0035
551		-0.0035
550.5		-0.0037
550		-0.0036
549.5		-0.0038
549		-0.0037
548.5		-0.0034
548		-0.0038
547.5		-0.004
547		-0.004
546.5		-0.0038
546		-0.0039
545.5		-0.0039
545		-0.0041
544.5		-0.0039
544		-0.0038
543.5		-0.004
543		-0.0039
542.5		-0.0042
542		-0.0041
541.5		-0.0042
541		-0.0044
540.5		-0.0043
540		-0.0045
539.5		-0.0042
539		-0.0039
538.5		-0.0044
538		-0.0043
537.5		-0.0042
537		-0.0046
536.5		-0.0042
536		-0.0043
535.5		-0.0047
535		-0.0046
534.5		-0.0047
534		-0.0049
533.5		-0.0046
533		-0.0048
532.5		-0.0046
532		-0.0047
531.5		-0.0044
531		-0.005
530.5		-0.0045
530		-0.0051
529.5		-0.0053
529		-0.0053
528.5		-0.0048
528		-0.0051
527.5		-0.0051
527		-0.0054
526.5		-0.0051
526		-0.0054
525.5		-0.0045
525		-0.0055
524.5		-0.0057
524		-0.0051
523.5		-0.0057
523		-0.0052
522.5		-0.0059
522		-0.0054
521.5		-0.005
521		-0.0057
520.5		-0.0055
520		-0.0057
519.5		-0.0059
519		-0.006
518.5		-0.0055
518		-0.0058
517.5		-0.0056
517		-0.0057
516.5		-0.006
516		-0.0057
515.5		-0.0059
515		-0.0065
514.5		-0.0061
514		-0.0063
513.5		-0.0061
513		-0.0067
512.5		-0.0063
512		-0.0061
511.5		-0.0063
511		-0.0068
510.5		-0.0066
510		-0.0062
509.5		-0.0064
509		-0.0069
508.5		-0.0063
508		-0.0067
507.5		-0.007
507		-0.0068
506.5		-0.0063
506		-0.0062
505.5		-0.0065
505		-0.0068
504.5		-0.0068
504		-0.0066
503.5		-0.0069
503		-0.0063
502.5		-0.0063
502		-0.0072
501.5		-0.0067
501		-0.007
500.5		-0.0065
500		-0.0067
499.5		-0.0067
499		-0.0064
498.5		-0.0067
498		-0.0072
497.5		-0.0067
497		-0.0072
496.5		-0.0067
496		-0.0066
495.5		-0.0069
495		-0.0067
494.5		-0.0063
494		-0.0061
493.5		-0.0068
493		-0.0067
492.5		-0.0075
492		-0.0066
491.5		-0.0063
491		-0.0066
490.5		-0.0064
490		-0.007
489.5		-0.0061
489		-0.0065
488.5		-0.0066
488		-0.0075
487.5		-0.0069
487		-0.0066
486.5		-0.0069
486		-0.0066
485.5		-0.0063
485		-0.0066
484.5		-0.0072
484		-0.0069
483.5		-0.007
483		-0.0069
482.5		-0.0067
482		-0.0071
481.5		-0.0068
481		-0.0068
480.5		-0.0067
480		-0.0071
479.5		-0.0065
479		-0.0067
478.5		-0.0067
478		-0.0068
477.5		-0.0067
477		-0.0064
476.5		-0.0074
476		-0.0066
475.5		-0.0066
475		-0.007
474.5		-0.0067
474		-0.0069
473.5		-0.0076
473		-0.0066
472.5		-0.007
472		-0.0069
471.5		-0.0069
471		-0.0065
470.5		-0.0066
470		-0.0065
469.5		-0.0071
469		-0.0064
468.5		-0.007
468		-0.006
467.5		-0.0065
467		-0.006
466.5		-0.0066
466		-0.0056
465.5		-0.0073
465		-0.0073
464.5		-0.0061
464		-0.0062
463.5		-0.0067
463		-0.0072
462.5		-0.007
462		-0.0066
461.5		-0.0058
461		-0.0066
460.5		-0.0064
460		-0.0074
459.5		-0.0067
459		-0.007
458.5		-0.0077
458		-0.0071
457.5		-0.007
457		-0.0071
456.5		-0.0082
456		-0.0074
455.5		-0.0063
455		-0.0085
454.5		-0.007
454		-0.0076
453.5		-0.009
453		-0.0079
452.5		-0.0078
452		-0.0082
451.5		-0.0075
451		-0.0081
450.5		-0.0085
450		-0.0083
449.5		-0.0085
449		-0.0085
448.5		-0.008
448		-0.0087
447.5		-0.0086
447		-0.0079
446.5		-0.0075
446		-0.0076
445.5		-0.008
445		-0.0079
444.5		-0.0089
444		-0.009
443.5		-0.0082
443		-0.0083
442.5		-0.008
442		-0.0082
441.5		-0.0083
441		-0.0079
440.5		-0.0075
440		-0.0081
439.5		-0.0082
439		-0.0077
438.5		-0.0076
438		-0.0079
437.5		-0.0083
437		-0.0083
436.5		-0.0079
436		-0.0074
435.5		-0.0079
435		-0.0077
434.5		-0.008
434		-0.0076
433.5		-0.0078
433		-0.0076
432.5		-0.0076
432		-0.0078
431.5		-0.0074
431		-0.0076
430.5		-0.0075
430		-0.0077
429.5		-0.0075
429		-0.0078
428.5		-0.0077
428		-0.0077
427.5		-0.0076
427		-0.0081
426.5		-0.0079
426		-0.0078
425.5		-0.0075
425		-0.0071
424.5		-0.0075
424		-0.0077
423.5		-0.0079
423		-0.007
422.5		-0.0071
422		-0.0074
421.5		-0.0079
421		-0.0071
420.5		-0.0072
420		-0.0071
419.5		-0.0076
419		-0.0078
418.5		-0.0075
418		-0.0076
417.5		-0.0072
417		-0.0076
416.5		-0.0073
416		-0.0077
415.5		-0.0078
415		-0.0068
414.5		-0.0072
414		-0.0076
413.5		-0.0072
413		-0.0074
412.5		-0.0072
412		-0.0077
411.5		-0.0063
411		-0.0082
410.5		-0.0071
410		-0.0078
409.5		-0.0072
409		-0.0076
408.5		-0.0071
408		-0.0075
407.5		-0.007
407		-0.0074
406.5		-0.0078
406		-0.0076
405.5		-0.0071
405		-0.0074
404.5		-0.0065
404		-0.0071
403.5		-0.0073
403		-0.0067
402.5		-0.0072
402		-0.0076
401.5		-0.007
401		-0.0079
400.5		-0.0071
400		-0.007
399.5		-0.0069
399		-0.0072
398.5		-0.0073
398		-0.0068
397.5		-0.0077
397		-0.008
396.5		-0.0079
396		-0.0064
395.5		-0.0072
395		-0.0066
394.5		-0.0088
394		-0.0083
393.5		-0.0068
393		-0.0072
392.5		-0.0072
392		-0.007
391.5		-0.0084
391		-0.0069
390.5		-0.0077
390		-0.0082
389.5		-0.0075
389		-0.0068
388.5		-0.0073
388		-0.0073
387.5		-0.0068
387		-0.0071
386.5		-0.0069
386		-0.0064
385.5		-0.0078
385		-0.0072
384.5		-0.0067
384		-0.0068
383.5		-0.0072
383		-0.0072
382.5		-0.0068
382		-0.0078
381.5		-0.0064
381		-0.0068
380.5		-0.0071
380		-0.0069
379.5		-0.0067
379		-0.0065
378.5		-0.0073
378		-0.0065
377.5		-0.0067
377		-0.0069
376.5		-0.007
376		-0.007
375.5		-0.0077
375		-0.0071
374.5		-0.0068
374		-0.0072
373.5		-0.007
373		-0.0073
372.5		-0.0076
372		-0.0063
371.5		-0.0064
371		-0.0067
370.5		-0.0078
370		-0.007
369.5		-0.0066
369		-0.0061
368.5		-0.0078
368		-0.0065
367.5		-0.0077
367		-0.0065
366.5		-0.0067
366		-0.0071
365.5		-0.0077
365		-0.0069
364.5		-0.0072
364		-0.006
363.5		-0.0064
363		-0.0064
362.5		-0.0071
362		-0.0064
361.5		-0.0056
361		-0.0071
360.5		-0.007
360		-0.007
359.5		-0.0077
359		-0.0073
358.5		-0.0067
358		-0.0079
357.5		-0.0083
357		-0.005
356.5		-0.0074
356		-0.0073
355.5		-0.0081
355		-0.0047
354.5		-0.0079
354		-0.0077
353.5		-0.0064
353		-0.0057
352.5		-0.0077
352		-0.0072
351.5		-0.0069
351		-0.0061
350.5		-0.0074
350		-0.0061
349.5		-0.006
349		-0.0071
348.5		-0.0061
348		-0.0063
347.5		-0.0066
347		-0.0061
346.5		-0.0047
346		-0.0084
345.5		-0.0072
345		-0.0071
344.5		-0.0071
344		-0.0046
343.5		-0.0068
343		-0.0092
342.5		-0.0093
342		-0.0048
341.5		-0.0067
341		-0.0077
340.5		-0.0055
340		-0.0084
339.5		-0.0073
339		-0.0073
338.5		-0.0108
338		-0.0087
337.5		-0.0103
337		-0.0066
336.5		-0.0079
336		-0.0086
335.5		-0.0102
335		-0.0086
334.5		-0.0087
334		-0.0094
333.5		-0.0102
333		-0.0074
332.5		-0.011
332		-0.0098
331.5		-0.0055
331		-0.0083
330.5		-0.0087
330		-0.0092
329.5		-0.0083
329		-0.008
328.5		-0.0083
328		-0.0094
327.5		-0.0068
327		-0.0086
326.5		-0.0095
326		-0.0074
325.5		-0.0102
325		-0.0052
324.5		-0.0073
324		-0.0082
323.5		-0.0092
323		-0.0075
322.5		-0.0088
322		-0.0083
321.5		-0.0086
321		-0.0057
320.5		-0.0077
320		-0.0048
319.5		-0.0065
319		-0.0103
318.5		-0.0095
318		-0.0077
317.5		-0.0066
317		-0.0091
316.5		-0.0077
316		-0.0112
315.5		-0.0093
315		-0.0133
314.5		-0.0098
314		-0.0089
313.5		-0.0109
313		-0.0132
312.5		-0.0099
312		-0.0081
311.5		-0.0087
311		-0.0035
310.5		-0.0132
310		-0.009
309.5		-0.0082
309		-0.016
308.5		-0.0105
308		-0.0065
307.5		-0.0157
307		-0.0106
306.5		-0.0109
306		-0.0087
305.5		-0.0034
305		-0.0063
304.5		-0.0126
304		-0.0134
303.5		-0.0253
303		-0.0096
302.5		-0.02
302		0.0312
301.5		0.0373
301		0.0036
300.5		0.0113
300		-0.0045
299.5		-0.0466
299		0.0016
298.5		-0.0644
298		-0.0905
297.5		-0.118
297		0.0872
296.5		-0.2865
296		-0.5618
295.5		0.5197
295		1.3157
294.5		-0.9411
294		-0.4042
293.5		7.0403
293		5.1742
292.5		-0.5403
292		-1.2904
291.5		42.1764
291		-0.0223
290.5		-0.0594
290		-8.2503
289.5		1.0189
289		-0.6203
288.5		2.1046
288		2.4926
287.5		0.5172
287		-0.3009
286.5		3.5052
286		2.1113
285.5		-0.2548
285		-0.8833
284.5		-0.3793
284		-2.5777
283.5		0.5258
283		1.0904
282.5		-5.7808
282		-0.452
281.5		-0.3164
281		2.3371
280.5		-42.7983
280		-0.8504
279.5		2.0243
279		5.2254
278.5		-2.2999
278		-1.8832
277.5		-0.3252
277		1.5135
276.5		-1.2751
276		1.9492
275.5		-13.2097
275		3.6832
274.5		-1.4638
274		0.231
273.5		-1.9491
273		2.0864
272.5		0.4589
272		0.9765
271.5		0.4662
271		-11.5695
270.5		-0.7627
270		-0.3451
269.5		-1.0428
269		2.274
268.5		-1.4162
268		-3.2011
267.5		0.829
267		-0.4258
266.5		-0.3687
266		-15.9589
265.5		-1.3107
265		-0.3929
264.5		4.7859
264		-0.8204
263.5		-0.228
263		0.7119
262.5		-3.8351
262		-2.268
261.5		-0.0661
261		0.6442
260.5		-0.4777
260		0.3751
259.5		-0.2819
259		6.2116
258.5		-41.3951
258		1.0715
257.5		78.5499
257		1.9473
256.5		-0.0602
256		2.2389
255.5		7.3429
255		0.3345
254.5		-2.6791
254		1.3144
253.5		9.1648
253		-1.5871
252.5		-0.3
252		-3.8808
251.5		2.3738
251		1.9704
250.5		-46.7807
250		0.8912
249.5		-3.0698
249		0.7833
248.5		-2.2583
248		-19.6332
247.5		3.8189
247		0.773
246.5		-0.1738
246		0.928
245.5		0.0109
245		-3.9351
244.5		-5.3743
244		1.1678
243.5		-0.9268
243		-0.906
242.5		-4.0086
242		-4.0678
241.5		2.9884
241		-0.92
240.5		0.9997
240		-1.0213
239.5		-2.3435
239		-3.1394
238.5		-3.4586
238		-0.1196
237.5		-2.3798
237		2.6348
236.5		-7.5767
236		-0.7741
235.5		-0.9147
235		2.6652
234.5		2.4593
234		1.4069
233.5		-1.6631
233		0.3967
232.5		1.5835
232		1.0117
231.5		0.408
231		-4.4885
230.5		11.5368
230		-3.9581
229.5		7.1162
229		0.5457
228.5		-57.3878
228		-0.1338
227.5		0.84
227		-5.804
226.5		-0.1482
226		-9.0873
225.5		0.6304
225		0.9614
224.5		-1.316
224		0.2553
223.5		2.3711
223		-0.674
222.5		1.2515
222		-1.9414
221.5		-25.5572
221		-3.5746
220.5		-0.6718
220		1.7758
219.5		2.7598
219		2.6725
218.5		0.3521
218		0.0137
217.5		-6.7979
217		12.8171
216.5		-1.9131
216		-1.0353
215.5		0.1803
215		15.3125
214.5		-0.8848
214		0.9907
213.5		0.136
213		4.1358
212.5		-0.9641
212		-3.5554
211.5		-0.7166
211		4.0996
210.5		2.331
210		-1.2345
209.5		-13.1091
209		-0.3294
208.5		5.1116
208		3.5894
207.5		-2.9946
207		-8.1786
206.5		0.1811
206		2.038
205.5		0.7151
205		5.011
204.5		3.1894
204		0.5427
203.5		1.9429
203		-0.0851
202.5		1.6354
202		1.1385
201.5		0.8077
201		-4.0748
200.5		1.2114
200		-0.3106
