Data1:
lambda		value

Calibration:
lambda:	800
Abs:	-0.0009

Data:
#
900		0.149111
899.5		0.156167
899		0.153645
898.5		0.14434
898		0.14544
897.5		0.150133
897		0.151577
896.5		0.15247
896		0.157947
895.5		0.152027
895		0.155766
894.5		0.153985
894		0.151042
893.5		0.15669
893		0.161334
892.5		0.148485
892		0.15404
891.5		0.151938
891		0.150222
890.5		0.142057
890		0.142787
889.5		0.153228
889		0.149704
888.5		0.152174
888		0.143244
887.5		0.144667
887		0.147973
886.5		0.150924
886		0.149842
885.5		0.154686
885		0.154859
884.5		0.151837
884		0.154083
883.5		0.151228
883		0.15353
882.5		0.154506
882		0.158746
881.5		0.157609
881		0.150194
880.5		0.149869
880		0.154533
879.5		0.156732
879		0.151282
878.5		0.149103
878		0.157256
877.5		0.155536
877		0.152006
876.5		0.154922
876		0.15215
875.5		0.150492
875		0.15387
874.5		0.152975
874		0.152739
873.5		0.156817
873		0.152123
872.5		0.155259
872		0.151696
871.5		0.153337
871		0.148792
870.5		0.153296
870		0.153169
869.5		0.151346
869		0.152078
868.5		0.156094
868		0.153056
867.5		0.149406
867		0.157186
866.5		0.151852
866		0.153747
865.5		0.154184
865		0.154736
864.5		0.150514
864		0.152781
863.5		0.15446
863		0.150224
862.5		0.150684
862		0.152712
861.5		0.152315
861		0.154534
860.5		0.156814
860		0.154563
859.5		0.152782
859		0.151605
858.5		0.153632
858		0.153198
857.5		0.154498
857		0.151801
856.5		0.153846
856		0.154471
855.5		0.153907
855		0.154585
854.5		0.154257
854		0.154814
853.5		0.153023
853		0.154448
852.5		0.154081
852		0.154218
851.5		0.155968
851		0.153246
850.5		0.154013
850		0.154234
849.5		0.154681
849		0.154423
848.5		0.153816
848		0.154354
847.5		0.154909
847		0.155227
846.5		0.155225
846		0.155038
845.5		0.156235
845		0.155904
844.5		0.155766
844		0.156632
843.5		0.154171
843		0.156685
842.5		0.156179
842		0.156666
841.5		0.156052
841		0.156851
840.5		0.156621
840		0.157043
839.5		0.155621
839		0.156896
838.5		0.156549
838		0.156541
837.5		0.157359
837		0.156129
836.5		0.158406
836		0.156979
835.5		0.157187
835		0.157728
834.5		0.157555
834		0.157028
833.5		0.15801
833		0.157524
832.5		0.158208
832		0.158188
831.5		0.158308
831		0.157706
830.5		0.158136
830		0.158334
829.5		0.157559
829		0.157801
828.5		0.157706
828		0.158607
827.5		0.157769
827		0.157821
826.5		0.158109
826		0.158708
825.5		0.157109
825		0.157743
824.5		0.158441
824		0.158121
823.5		0.158946
823		0.157958
822.5		0.158568
822		0.157166
821.5		0.158551
821		0.158136
820.5		0.157853
820		0.157889
819.5		0.157942
819		0.158405
818.5		0.15779
818		0.158484
817.5		0.15897
817		0.15811
816.5		0.157916
816		0.158026
815.5		0.157302
815		0.158247
814.5		0.158442
814		0.158605
813.5		0.158652
813		0.158258
812.5		0.158347
812		0.158526
811.5		0.158384
811		0.15811
810.5		0.157958
810		0.157911
809.5		0.157848
809		0.158253
808.5		0.157521
808		0.158389
807.5		0.158384
807		0.158142
806.5		0.1582
806		0.158616
805.5		0.158646
805		0.158348
804.5		0.158179
804		0.158115
803.5		0.158284
803		0.158268
802.5		0.157358
802		0.157627
801.5		0.15738
801		0.158058
800.5		0.15747
800		0.157458
799.5		0.157858
799		0.157926
798.5		0.158047
798		0.157947
797.5		0.157526
797		0.158131
796.5		0.158168
796		0.157344
795.5		0.157921
795		0.157327
794.5		0.157679
794		0.157837
793.5		0.157512
793		0.157858
792.5		0.157863
792		0.157632
791.5		0.156966
791		0.156806
790.5		0.157637
790		0.157093
789.5		0.157779
789		0.157774
788.5		0.157127
788		0.157428
787.5		0.15716
787		0.156749
786.5		0.156667
786		0.156586
785.5		0.157217
785		0.15644
784.5		0.157045
784		0.156814
783.5		0.156306
783		0.156812
782.5		0.156914
782		0.156427
781.5		0.156562
781		0.156505
780.5		0.156122
780		0.156175
779.5		0.15653
779		0.156315
778.5		0.156182
778		0.156225
777.5		0.156188
777		0.1556
776.5		0.155792
776		0.15569
775.5		0.155498
775		0.156372
774.5		0.155337
774		0.155788
773.5		0.155494
773		0.155591
772.5		0.156069
772		0.154626
771.5		0.15515
771		0.155094
770.5		0.154718
770		0.155378
769.5		0.155301
769		0.154773
768.5		0.15455
768		0.154519
767.5		0.154956
767		0.154312
766.5		0.154773
766		0.154444
765.5		0.15429
765		0.154319
764.5		0.154398
764		0.154083
763.5		0.155057
763		0.153754
762.5		0.154459
762		0.15377
761.5		0.153816
761		0.154114
760.5		0.154397
760		0.153724
759.5		0.15341
759		0.152945
758.5		0.153082
758		0.153113
757.5		0.153105
757		0.152891
756.5		0.152701
756		0.152944
755.5		0.152753
755		0.152608
754.5		0.152584
754		0.151902
753.5		0.152736
753		0.152461
752.5		0.152312
752		0.152165
751.5		0.151287
751		0.151837
750.5		0.151945
750		0.151846
749.5		0.151615
749		0.151461
748.5		0.151563
748		0.151494
747.5		0.151245
747		0.151645
746.5		0.150867
746		0.151013
745.5		0.150917
745		0.150788
744.5		0.150599
744		0.150406
743.5		0.150684
743		0.150431
742.5		0.150897
742		0.150624
741.5		0.150079
741		0.14998
740.5		0.150153
740		0.149511
739.5		0.150104
739		0.149605
738.5		0.150059
738		0.149906
737.5		0.14959
737		0.149487
736.5		0.149274
736		0.14922
735.5		0.149285
735		0.14926
734.5		0.148101
734		0.148842
733.5		0.148896
733		0.149177
732.5		0.148476
732		0.148283
731.5		0.148243
731		0.148126
730.5		0.148708
730		0.148119
729.5		0.147782
729		0.147381
728.5		0.146993
728		0.147837
727.5		0.147554
727		0.147365
726.5		0.147989
726		0.147538
725.5		0.147678
725		0.147056
724.5		0.146591
724		0.146912
723.5		0.146977
723		0.146912
722.5		0.146425
722		0.146504
721.5		0.146659
721		0.145993
720.5		0.146054
720		0.146201
719.5		0.146316
719		0.14592
718.5		0.146214
718		0.145734
717.5		0.145775
717		0.145237
716.5		0.145051
716		0.144987
715.5		0.144938
715		0.145398
714.5		0.145365
714		0.144583
713.5		0.144521
713		0.144388
712.5		0.144435
712		0.144193
711.5		0.144404
711		0.143923
710.5		0.143995
710		0.143888
709.5		0.143443
709		0.143556
708.5		0.143684
708		0.143222
707.5		0.142941
707		0.143546
706.5		0.143138
706		0.142998
705.5		0.142745
705		0.142885
704.5		0.142885
704		0.142787
703.5		0.142576
703		0.142393
702.5		0.142449
702		0.142393
701.5		0.142056
701		0.142365
700.5		0.142336
700		0.141775
699.5		0.141955
699		0.141381
698.5		0.141745
698		0.142012
697.5		0.141604
697		0.141829
696.5		0.141504
696		0.141253
695.5		0.141183
695		0.140903
694.5		0.141575
694		0.141013
693.5		0.14066
693		0.140984
692.5		0.140831
692		0.141024
691.5		0.14063
691		0.140506
690.5		0.140784
690		0.140152
689.5		0.140616
689		0.140444
688.5		0.140193
688		0.140682
687.5		0.140335
687		0.14001
686.5		0.139799
686		0.139767
685.5		0.140024
685		0.140122
684.5		0.139813
684		0.13998
683.5		0.139569
683		0.139487
682.5		0.1395
682		0.139335
681.5		0.139599
681		0.139111
680.5		0.139232
680		0.139191
679.5		0.138996
679		0.139493
678.5		0.139089
678		0.138933
677.5		0.139314
677		0.138765
676.5		0.13945
676		0.138746
675.5		0.139087
675		0.138801
674.5		0.13882
674		0.138872
673.5		0.138548
673		0.138889
672.5		0.138749
672		0.138776
671.5		0.139199
671		0.138422
670.5		0.138633
670		0.138941
669.5		0.138538
669		0.138576
668.5		0.138688
668		0.138496
667.5		0.138354
667		0.138364
666.5		0.138142
666		0.138314
665.5		0.138452
665		0.138334
664.5		0.138993
664		0.138384
663.5		0.138501
663		0.138361
662.5		0.138265
662		0.138743
661.5		0.138419
661		0.138306
660.5		0.138433
660		0.138388
659.5		0.138457
659		0.138487
658.5		0.138286
658		0.138751
657.5		0.138501
657		0.138669
656.5		0.138317
656		0.13857
655.5		0.138817
655		0.138372
654.5		0.138331
654		0.138779
653.5		0.138652
653		0.138831
652.5		0.138737
652		0.13858
651.5		0.139112
651		0.138586
650.5		0.139131
650		0.138762
649.5		0.139212
649		0.139098
648.5		0.138817
648		0.139295
647.5		0.139041
647		0.139801
646.5		0.139394
646		0.13914
645.5		0.139325
645		0.139348
644.5		0.139618
644		0.139926
643.5		0.139729
643		0.139628
642.5		0.139994
642		0.139825
641.5		0.140136
641		0.139952
640.5		0.139924
640		0.140358
639.5		0.140687
639		0.140659
638.5		0.14067
638		0.140799
637.5		0.141009
637		0.140981
636.5		0.14121
636		0.141322
635.5		0.141251
635		0.141521
634.5		0.141549
634		0.141822
633.5		0.142022
633		0.141906
632.5		0.142482
632		0.142713
631.5		0.142612
631		0.142598
630.5		0.143146
630		0.142944
629.5		0.143534
629		0.143532
628.5		0.143647
628		0.143674
627.5		0.143657
627		0.14433
626.5		0.144153
626		0.144407
625.5		0.144276
625		0.144227
624.5		0.144791
624		0.144701
623.5		0.144979
623		0.14513
622.5		0.144898
622		0.145699
621.5		0.145567
621		0.145894
620.5		0.145862
620		0.145995
619.5		0.146353
619		0.146242
618.5		0.146223
618		0.146483
617.5		0.146594
617		0.14703
616.5		0.14723
616		0.147439
615.5		0.147465
615		0.148069
614.5		0.147976
614		0.148375
613.5		0.14844
613		0.148624
612.5		0.149168
612		0.148829
611.5		0.149684
611		0.149772
610.5		0.150214
610		0.150437
609.5		0.149917
609		0.150617
608.5		0.150894
608		0.1512
607.5		0.151798
607		0.151595
606.5		0.151957
606		0.152275
605.5		0.152584
605		0.152919
604.5		0.15271
604		0.153839
603.5		0.153682
603		0.153988
602.5		0.154481
602		0.154481
601.5		0.155107
601		0.155761
600.5		0.155614
600		0.155816
599.5		0.156362
599		0.155975
598.5		0.156905
598		0.15711
597.5		0.157542
597		0.158043
596.5		0.158124
596		0.159038
595.5		0.158827
595		0.158939
594.5		0.159465
594		0.15981
593.5		0.160415
593		0.160825
592.5		0.160859
592		0.1616
591.5		0.161783
591		0.161961
590.5		0.162876
590		0.162847
589.5		0.163362
589		0.163863
588.5		0.164106
588		0.164748
587.5		0.165215
587		0.165636
586.5		0.165557
586		0.166281
585.5		0.16686
585		0.166522
584.5		0.167471
584		0.168002
583.5		0.168434
583		0.16918
582.5		0.169128
582		0.169545
581.5		0.169819
581		0.170184
580.5		0.171026
580		0.17115
579.5		0.171875
579		0.172194
578.5		0.17262
578		0.173162
577.5		0.17349
577		0.174441
576.5		0.174391
576		0.175337
575.5		0.17592
575		0.176204
574.5		0.176556
574		0.177145
573.5		0.177466
573		0.178172
572.5		0.178788
572		0.178678
571.5		0.179911
571		0.180506
570.5		0.180856
570		0.181652
569.5		0.181766
569		0.182491
568.5		0.182613
568		0.183327
567.5		0.184512
567		0.184911
566.5		0.185285
566		0.186096
565.5		0.186151
565		0.186947
564.5		0.187878
564		0.188634
563.5		0.188945
563		0.189254
562.5		0.190412
562		0.190293
561.5		0.191284
561		0.191687
560.5		0.192068
560		0.193282
559.5		0.193998
559		0.194399
558.5		0.195028
558		0.195871
557.5		0.196263
557		0.196989
556.5		0.197411
556		0.198333
555.5		0.199118
555		0.199521
554.5		0.200364
554		0.200843
553.5		0.201513
553		0.202146
552.5		0.20266
552		0.203408
551.5		0.204347
551		0.204691
550.5		0.205668
550		0.205995
549.5		0.207144
549		0.207434
548.5		0.208477
548		0.209098
547.5		0.208894
547		0.210541
546.5		0.211316
546		0.21195
545.5		0.213226
545		0.212683
544.5		0.214245
544		0.214668
543.5		0.215329
543		0.216456
542.5		0.216342
542		0.218031
541.5		0.218059
541		0.218535
540.5		0.219563
540		0.219547
539.5		0.221405
539		0.221926
538.5		0.222529
538		0.223282
537.5		0.224053
537		0.224788
536.5		0.2258
536		0.226394
535.5		0.22681
535		0.227411
534.5		0.22812
534		0.229311
533.5		0.229775
533		0.230864
532.5		0.231861
532		0.232211
531.5		0.233156
531		0.23365
530.5		0.234796
530		0.2354
529.5		0.236054
529		0.237266
528.5		0.238236
528		0.238236
527.5		0.239912
527		0.240141
526.5		0.241153
526		0.242081
525.5		0.242205
525		0.24374
524.5		0.244225
524		0.24515
523.5		0.24612
523		0.246647
522.5		0.247504
522		0.247719
521.5		0.249334
521		0.249714
520.5		0.250143
520		0.250974
519.5		0.251425
519		0.253115
518.5		0.253261
518		0.25397
517.5		0.254922
517		0.255564
516.5		0.25594
516		0.25686
515.5		0.257733
515		0.258258
514.5		0.259199
514		0.259538
513.5		0.260608
513		0.261072
512.5		0.261728
512		0.262766
511.5		0.262827
511		0.264007
510.5		0.264226
510		0.264622
509.5		0.265522
509		0.265797
508.5		0.266705
508		0.267028
507.5		0.267149
507		0.268283
506.5		0.267862
506		0.268815
505.5		0.269694
505		0.269493
504.5		0.270296
504		0.27
503.5		0.270672
503		0.271067
502.5		0.271336
502		0.271193
501.5		0.271401
501		0.271445
500.5		0.272217
500		0.272049
499.5		0.272482
499		0.272727
498.5		0.27255
498		0.272736
497.5		0.273233
497		0.272609
496.5		0.272694
496		0.27261
495.5		0.272643
495		0.272962
494.5		0.272451
494		0.272468
493.5		0.272192
493		0.272292
492.5		0.271842
492		0.271683
491.5		0.271643
491		0.271278
490.5		0.27176
490		0.27095
489.5		0.271028
489		0.269988
488.5		0.269541
488		0.269118
487.5		0.269467
487		0.268056
486.5		0.268154
486		0.267978
485.5		0.26702
485		0.267222
484.5		0.266545
484		0.265547
483.5		0.265014
483		0.264036
482.5		0.264381
482		0.263661
481.5		0.262669
481		0.262316
480.5		0.261237
480		0.261431
479.5		0.260451
479		0.259951
478.5		0.259001
478		0.25817
477.5		0.257843
477		0.257332
476.5		0.256862
476		0.255421
475.5		0.254729
475		0.254051
474.5		0.25401
474		0.253124
473.5		0.252876
473		0.25202
472.5		0.251255
472		0.250784
471.5		0.249552
471		0.24855
470.5		0.248438
470		0.247172
469.5		0.247749
469		0.246329
468.5		0.24556
468		0.24505
467.5		0.243913
467		0.243523
466.5		0.24232
466		0.242237
465.5		0.241367
465		0.240943
464.5		0.2409
464		0.239235
463.5		0.238993
463		0.237916
462.5		0.237925
462		0.236269
461.5		0.236583
461		0.23615
460.5		0.234993
460		0.234931
459.5		0.233432
459		0.233195
458.5		0.232299
458		0.23216
457.5		0.230597
457		0.229635
456.5		0.230038
456		0.229025
455.5		0.228549
455		0.227811
454.5		0.227418
454		0.226219
453.5		0.225171
453		0.224423
452.5		0.224343
452		0.223756
451.5		0.223091
451		0.222174
450.5		0.221786
450		0.221186
449.5		0.220902
449		0.219536
448.5		0.219863
448		0.218435
447.5		0.21754
447		0.217518
446.5		0.21686
446		0.216464
445.5		0.21569
445		0.214903
444.5		0.215157
444		0.213794
443.5		0.213995
443		0.212951
442.5		0.212983
442		0.212379
441.5		0.211603
441		0.21159
440.5		0.21104
440		0.210592
439.5		0.210189
439		0.210003
438.5		0.208596
438		0.208097
437.5		0.208407
437		0.207811
436.5		0.2072
436		0.206473
435.5		0.206495
435		0.20508
434.5		0.205468
434		0.205244
433.5		0.204011
433		0.204216
432.5		0.203827
432		0.203427
431.5		0.20279
431		0.20213
430.5		0.202976
430		0.201172
429.5		0.201296
429		0.200533
428.5		0.200479
428		0.200053
427.5		0.200142
427		0.19906
426.5		0.198353
426		0.197999
425.5		0.197733
425		0.197647
424.5		0.196637
424		0.196288
423.5		0.196021
423		0.196073
422.5		0.195506
422		0.194359
421.5		0.194803
421		0.194094
420.5		0.194043
420		0.193241
419.5		0.193006
419		0.192873
418.5		0.192413
418		0.192142
417.5		0.190983
417		0.190505
416.5		0.190819
416		0.190727
415.5		0.189779
415		0.189099
414.5		0.188638
414		0.188294
413.5		0.188058
413		0.187773
412.5		0.18796
412		0.18679
411.5		0.187276
411		0.186642
410.5		0.185521
410		0.186411
409.5		0.185027
409		0.184043
408.5		0.184524
408		0.184442
407.5		0.18396
407		0.183115
406.5		0.18284
406		0.182753
405.5		0.1826
405		0.182262
404.5		0.181557
404		0.180909
403.5		0.180231
403		0.180651
402.5		0.179743
402		0.180019
401.5		0.179995
401		0.179092
400.5		0.179481
400		0.178692
399.5		0.178581
399		0.178274
398.5		0.177513
398		0.177264
397.5		0.177641
397		0.177066
396.5		0.176664
396		0.176272
395.5		0.175794
395		0.175876
394.5		0.17561
394		0.174149
393.5		0.175366
393		0.174332
392.5		0.173431
392		0.173463
391.5		0.173337
391		0.173494
390.5		0.173495
390		0.172656
389.5		0.172833
389		0.172396
388.5		0.1717
388		0.171438
387.5		0.171329
387		0.171414
386.5		0.170331
386		0.170466
385.5		0.170479
385		0.170132
384.5		0.169006
384		0.168814
383.5		0.169106
383		0.168511
382.5		0.167789
382		0.168286
381.5		0.168239
381		0.168294
380.5		0.16731
380		0.167945
379.5		0.166416
379		0.167003
378.5		0.166317
378		0.165816
377.5		0.166639
377		0.166123
376.5		0.165722
376		0.165957
375.5		0.16458
375		0.164973
374.5		0.164551
374		0.164736
373.5		0.164243
373		0.164072
372.5		0.164767
372		0.164096
371.5		0.163668
371		0.163635
370.5		0.162768
370		0.162654
369.5		0.163881
369		0.162444
368.5		0.163068
368		0.162731
367.5		0.160557
367		0.1617
366.5		0.161736
366		0.161716
365.5		0.162267
365		0.161306
364.5		0.161104
364		0.160791
363.5		0.161333
363		0.160388
362.5		0.159819
362		0.159997
361.5		0.158989
361		0.159581
360.5		0.159029
360		0.159234
359.5		0.159011
359		0.159338
358.5		0.158036
358		0.158903
357.5		0.157719
357		0.15774
356.5		0.157431
356		0.157848
355.5		0.157317
355		0.158036
354.5		0.156744
354		0.156384
353.5		0.156544
353		0.156232
352.5		0.15533
352		0.155514
351.5		0.155511
351		0.1546
350.5		0.154374
350		0.155133
349.5		0.154237
349		0.153041
348.5		0.152031
348		0.152842
347.5		0.153289
347		0.153896
346.5		0.152366
346		0.151503
345.5		0.150199
345		0.150936
344.5		0.151122
344		0.150755
343.5		0.150706
343		0.150755
342.5		0.150295
342		0.14994
341.5		0.149864
341		0.149615
340.5		0.146798
340		0.147366
339.5		0.144534
339		0.144557
338.5		0.146244
338		0.146178
337.5		0.145601
337		0.145459
336.5		0.14415
336		0.143407
335.5		0.143794
335		0.143268
334.5		0.141512
334		0.14125
333.5		0.141085
333		0.143212
332.5		0.143046
332		0.141487
331.5		0.139454
331		0.139964
330.5		0.140513
330		0.138844
329.5		0.140145
329		0.13847
328.5		0.139061
328		0.140187
327.5		0.139622
327		0.141283
326.5		0.139428
326		0.138755
325.5		0.1417
325		0.139838
324.5		0.139968
324		0.141484
323.5		0.141301
323		0.142682
322.5		0.140819
322		0.14289
321.5		0.142533
321		0.144016
320.5		0.14575
320		0.144129
319.5		0.146345
319		0.147307
318.5		0.149966
318		0.149766
317.5		0.152118
317		0.15142
316.5		0.152568
316		0.155662
315.5		0.156369
315		0.158416
314.5		0.161158
314		0.164155
313.5		0.167248
313		0.169207
312.5		0.172711
312		0.176084
311.5		0.182857
311		0.187288
310.5		0.188576
310		0.193154
309.5		0.198335
309		0.205568
308.5		0.214947
308		0.219724
307.5		0.228112
307		0.235238
306.5		0.243809
306		0.26413
305.5		0.268307
305		0.274802
304.5		0.294019
304		0.307535
303.5		0.307016
303		0.339164
302.5		0.372983
302		0.389747
301.5		0.400525
301		0.421571
300.5		0.460127
300		0.486979
299.5		0.514242
299		0.526573
298.5		0.610183
298		0.614083
297.5		0.678112
297		0.609709
296.5		0.811973
296		0.901177
295.5		0.904132
295		1.11553
294.5		1.00753
294		0.6241
293.5		1.16685
293		2.49925
292.5		0.660257
292		1.74664
291.5		0.424622
291		0.61766
290.5		-0.0107374
290		0.97954
289.5		0.0689484
289		0.871344
288.5		0.383283
288		0.286667
287.5		-1.77968
287		0.476177
286.5		0.214877
286		1.63023
285.5		0.157686
285		-0.0933361
284.5		0.364735
284		0.722989
283.5		0.326684
283		-0.355273
282.5		0.227279
282		0.536558
281.5		-0.167607
281		0.116691
280.5		0.428173
280		0.112176
279.5		-0.17123
279		0.847369
278.5		0.387075
278		-1.46162
277.5		-0.0894347
277		-0.672312
276.5		0.220629
276		-0.139154
275.5		0.28235
275		0.30107
274.5		-0.80814
274		0.617027
273.5		0.56645
273		0.335419
272.5		0.105277
272		0.170209
271.5		0.19648
271		-18.2152
270.5		-0.2221
270		-0.567386
269.5		0.0552443
269		0.511557
268.5		-0.067754
268		0.0426259
267.5		-0.28454
267		0.499618
266.5		0.585027
266		-2.32849
265.5		0.707526
265		-0.0852405
264.5		-0.0865724
264		-4.06499
263.5		0.663234
263		0.184722
262.5		-0.427132
262		0.0384303
261.5		-0.207718
261		0.560742
260.5		0.593155
260		0.102637
259.5		1.29596
259		0.368597
258.5		0.767585
258		0.201036
257.5		-0.0371515
257		-0.316318
256.5		-1.31345
256		0.465255
255.5		-0.650837
255		0.605065
254.5		0.387975
254		-0.210254
253.5		-0.0302869
253		1.37657
252.5		0.128772
252		0.454253
251.5		-0.982815
251		-0.382824
250.5		0.272005
250		1.21084
249.5		0.554034
249		0.53235
248.5		0.0898785
248		-0.184493
247.5		0.366152
247		0.280843
246.5		-0.442925
246		-1.15748
245.5		0.484716
245		2.06545
244.5		0.263421
244		-0.0585658
243.5		1.71495
243		0.517629
242.5		6.5585
242		0.0653598
241.5		0.21763
241		-0.150041
240.5		0.189254
240		0.0973767
239.5		0.649469
239		0.0507993
238.5		1.23523
238		0.00655465
237.5		4.37839
237		0.371625
236.5		-0.156567
236		0.214921
235.5		0.10725
235		0.274719
234.5		-0.23516
234		0.733632
233.5		-0.667288
233		0.0943621
232.5		0.0524667
232		-0.053292
231.5		1.2749
231		3.47588
230.5		0.243911
230		0.150711
229.5		1.41842
229		0.258103
228.5		0.480777
228		0.0730982
227.5		-6.24456
227		0.971447
226.5		-0.796725
226		0.570632
225.5		0.0433056
225		0.455275
224.5		0.908941
224		0.0340601
223.5		0
223		0.0441615
222.5		1.044
222		-2.91761
221.5		0.0791601
221		0.724476
220.5		0.059578
220		3.76959
219.5		0.847658
219		1.16999
218.5		3.06264
218		0.0219387
217.5		0.00165638
217		0.592321
216.5		0.753263
216		0.0556006
215.5		2.23789
215		0.197656
214.5		0.158199
214		0.311703
213.5		0.206806
213		-22.9943
212.5		-0.140547
212		0.0281882
211.5		0.0337382
211		0.491991
210.5		0.409627
210		0.400576
209.5		0.194997
209		2.22558
208.5		0.101637
208		0.141244
207.5		0.182623
207		0.021906
206.5		1.54133
206		0.382098
205.5		0.623083
205		6.97923
204.5		-0.316027
204		0.127279
203.5		-0.0470588
203		-12.9379
202.5		-0.172473
202		2.83364
201.5		-3.27257
201		-3.79137
200.5		0.0364468
200		0.796755
Data2:
lambda		value

Calibration:
lambda:	800
Abs:	0.0001

Data:
#
900		0.147759
899.5		0.140384
899		0.145423
898.5		0.15058
898		0.144496
897.5		0.153732
897		0.155642
896.5		0.150271
896		0.146633
895.5		0.143727
895		0.139232
894.5		0.146704
894		0.142632
893.5		0.148422
893		0.162026
892.5		0.138258
892		0.149039
891.5		0.148699
891		0.15341
890.5		0.142499
890		0.141058
889.5		0.15298
889		0.15417
888.5		0.160582
888		0.14379
887.5		0.15085
887		0.14486
886.5		0.149863
886		0.155501
885.5		0.143411
885		0.147536
884.5		0.146418
884		0.158657
883.5		0.147082
883		0.155437
882.5		0.156986
882		0.149111
881.5		0.144016
881		0.151739
880.5		0.150222
880		0.160374
879.5		0.151817
879		0.153464
878.5		0.149353
878		0.150688
877.5		0.150095
877		0.151651
876.5		0.156489
876		0.152001
875.5		0.155111
875		0.155041
874.5		0.152319
874		0.155815
873.5		0.155961
873		0.156821
872.5		0.150566
872		0.155332
871.5		0.151083
871		0.153091
870.5		0.151461
870		0.151421
869.5		0.153493
869		0.15083
868.5		0.151743
868		0.149716
867.5		0.154654
867		0.150549
866.5		0.153006
866		0.151708
865.5		0.154638
865		0.156502
864.5		0.151455
864		0.153132
863.5		0.152117
863		0.153953
862.5		0.153531
862		0.15425
861.5		0.155157
861		0.156498
860.5		0.155767
860		0.152931
859.5		0.154927
859		0.153045
858.5		0.154778
858		0.153648
857.5		0.155052
857		0.15652
856.5		0.15499
856		0.15393
855.5		0.153762
855		0.154144
854.5		0.155003
854		0.154372
853.5		0.15496
853		0.154502
852.5		0.154726
852		0.155358
851.5		0.156023
851		0.155176
850.5		0.155353
850		0.156566
849.5		0.155722
849		0.155663
848.5		0.154853
848		0.15579
847.5		0.15516
847		0.155577
846.5		0.155181
846		0.156574
845.5		0.15629
845		0.156059
844.5		0.155624
844		0.155898
843.5		0.1557
843		0.155753
842.5		0.156432
842		0.155045
841.5		0.156603
841		0.156216
840.5		0.156479
840		0.155617
839.5		0.156565
839		0.155962
838.5		0.156111
838		0.156696
837.5		0.156723
837		0.156086
836.5		0.156876
836		0.156442
835.5		0.156946
835		0.156693
834.5		0.156719
834		0.156787
833.5		0.156876
833		0.157283
832.5		0.157073
832		0.157251
831.5		0.157272
831		0.157167
830.5		0.156998
830		0.156701
829.5		0.157617
829		0.15607
828.5		0.157066
828		0.157171
827.5		0.157727
827		0.157082
826.5		0.157669
826		0.157569
825.5		0.157365
825		0.157601
824.5		0.157002
824		0.157979
823.5		0.157905
823		0.157816
822.5		0.158327
822		0.157821
821.5		0.157411
821		0.157395
820.5		0.156814
820		0.157548
819.5		0.1579
819		0.157763
818.5		0.157448
818		0.157942
817.5		0.158127
817		0.157668
816.5		0.157774
816		0.157285
815.5		0.157559
815		0.157805
814.5		0.1579
814		0.157763
813.5		0.15771
813		0.157216
812.5		0.157505
812		0.157784
811.5		0.157842
811		0.157568
810.5		0.157217
810		0.157568
809.5		0.157107
809		0.15761
808.5		0.157779
808		0.157447
807.5		0.157442
807		0.1575
806.5		0.157858
806		0.157974
805.5		0.157406
805		0.157605
804.5		0.156937
804		0.157574
803.5		0.157141
803		0.157027
802.5		0.157216
802		0.156587
801.5		0.157637
801		0.157515
800.5		0.15663
800		0.157316
799.5		0.157016
799		0.156986
798.5		0.157406
798		0.157605
797.5		0.157483
797		0.15729
796.5		0.156728
796		0.157301
795.5		0.156781
795		0.157184
794.5		0.157037
794		0.157096
793.5		0.156871
793		0.156716
792.5		0.156822
792		0.157089
791.5		0.156624
791		0.156066
790.5		0.156596
790		0.156253
789.5		0.156837
789		0.156135
788.5		0.156684
788		0.156387
787.5		0.156718
787		0.155906
786.5		0.156125
786		0.155845
785.5		0.156275
785		0.156098
784.5		0.156103
784		0.156272
783.5		0.155664
783		0.156369
782.5		0.156272
782		0.155886
781.5		0.15582
781		0.155764
780.5		0.155779
780		0.155733
779.5		0.155489
779		0.155673
778.5		0.155141
778		0.155382
777.5		0.15485
777		0.155157
776.5		0.15525
776		0.154949
775.5		0.155056
775		0.155928
774.5		0.154497
774		0.155245
773.5		0.15505
773		0.15465
772.5		0.154828
772		0.154282
771.5		0.155305
771		0.154949
770.5		0.154474
770		0.154138
769.5		0.154659
769		0.15413
768.5		0.153808
768		0.153777
767.5		0.153816
767		0.153869
766.5		0.15393
766		0.154199
765.5		0.154045
765		0.15338
764.5		0.153854
764		0.153241
763.5		0.153616
763		0.153112
762.5		0.153417
762		0.152728
761.5		0.152677
761		0.153371
760.5		0.153157
760		0.15308
759.5		0.152468
759		0.152699
758.5		0.152537
758		0.152271
757.5		0.152064
757		0.152148
756.5		0.151759
756		0.1521
755.5		0.151811
755		0.152362
754.5		0.151841
754		0.151359
753.5		0.152092
753		0.151817
752.5		0.151569
752		0.151422
751.5		0.150545
751		0.151392
750.5		0.150904
750		0.150904
749.5		0.151268
749		0.150521
748.5		0.150621
748		0.15085
747.5		0.150601
747		0.1509
746.5		0.150322
746		0.149871
745.5		0.149975
745		0.150045
744.5		0.14936
744		0.149663
743.5		0.149147
743		0.149588
742.5		0.149757
742		0.149286
741.5		0.14894
741		0.149237
740.5		0.148915
740		0.148768
739.5		0.149063
739		0.148467
738.5		0.148427
738		0.148669
737.5		0.148452
737		0.148547
736.5		0.148434
736		0.14828
735.5		0.148148
735		0.148123
734.5		0.147459
734		0.147607
733.5		0.147564
733		0.147746
732.5		0.147441
732		0.14666
731.5		0.147013
731		0.147093
730.5		0.147281
730		0.146499
729.5		0.146554
729		0.146449
728.5		0.146161
728		0.14632
727.5		0.145848
727		0.146339
726.5		0.146185
726		0.145546
725.5		0.14588
725		0.145456
724.5		0.145284
724		0.144549
723.5		0.145001
723		0.145037
722.5		0.14465
722		0.144641
721.5		0.144515
721		0.144332
720.5		0.144302
720		0.144828
719.5		0.143917
719		0.144833
718.5		0.144477
718		0.144183
717.5		0.144505
717		0.14453
716.5		0.144343
716		0.143622
715.5		0.14404
715		0.143926
714.5		0.144078
714		0.144435
713.5		0.143512
713		0.14376
712.5		0.143228
712		0.143464
711.5		0.143286
711		0.14319
710.5		0.142871
710		0.143248
709.5		0.142704
709		0.142521
708.5		0.142549
708		0.142282
707.5		0.142294
707		0.142407
706.5		0.142393
706		0.142251
705.5		0.1419
705		0.14204
704.5		0.142041
704		0.141744
703.5		0.141732
703		0.141548
702.5		0.141801
702		0.141843
701.5		0.141112
701		0.141223
700.5		0.141194
700		0.14093
699.5		0.141108
699		0.140733
698.5		0.140899
698		0.141165
697.5		0.14056
697		0.140391
696.5		0.140656
696		0.140012
695.5		0.140337
695		0.140156
694.5		0.140332
694		0.139673
693.5		0.14001
693		0.139741
692.5		0.139294
692		0.139879
691.5		0.140077
691		0.139461
690.5		0.139539
690		0.139402
689.5		0.139372
689		0.139595
688.5		0.139147
688		0.139337
687.5		0.139092
687		0.139358
686.5		0.138554
686		0.139213
685.5		0.138977
685		0.13868
684.5		0.138765
684		0.138933
683.5		0.138719
683		0.138636
682.5		0.138354
682		0.138288
681.5		0.138156
681		0.138261
680.5		0.138282
680		0.13834
679.5		0.137948
679		0.138443
678.5		0.138337
678		0.138081
677.5		0.138166
677		0.137815
676.5		0.138399
676		0.13819
675.5		0.137839
675		0.138146
674.5		0.137969
674		0.13802
673.5		0.137893
673		0.138136
672.5		0.137699
672		0.137627
671.5		0.137556
671		0.137767
670.5		0.137682
670		0.13789
669.5		0.137784
669		0.137723
668.5		0.137538
668		0.137447
667.5		0.137204
667		0.137709
666.5		0.137389
666		0.137657
665.5		0.137501
665		0.137282
664.5		0.137743
664		0.137236
663.5		0.137846
663		0.137408
662.5		0.137412
662		0.137494
661.5		0.137368
661		0.13775
660.5		0.13748
660		0.137832
659.5		0.137702
659		0.137634
658.5		0.137729
658		0.137798
657.5		0.137548
657		0.137517
656.5		0.137661
656		0.137616
655.5		0.138161
655		0.137616
654.5		0.137774
654		0.137527
653.5		0.137798
653		0.138075
652.5		0.137883
652		0.137924
651.5		0.138257
651		0.137931
650.5		0.138078
650		0.138205
649.5		0.138058
649		0.138342
648.5		0.138458
648		0.13824
647.5		0.138682
647		0.138745
646.5		0.138538
646		0.138483
645.5		0.138569
645		0.13869
644.5		0.138662
644		0.138969
643.5		0.13937
643		0.139268
642.5		0.139435
642		0.139266
641.5		0.139177
641		0.139393
640.5		0.139864
640		0.140398
639.5		0.139928
639		0.1399
638.5		0.14031
638		0.140539
637.5		0.140749
637		0.140721
636.5		0.140649
636		0.140861
635.5		0.141091
635		0.141462
634.5		0.14139
634		0.141662
633.5		0.141963
633		0.14215
632.5		0.142222
632		0.142655
631.5		0.142554
631		0.142944
630.5		0.142886
630		0.14329
629.5		0.143477
629		0.143576
628.5		0.143792
628		0.143718
627.5		0.143701
627		0.143974
626.5		0.143698
626		0.144252
625.5		0.14422
625		0.143776
624.5		0.144044
624		0.143956
623.5		0.144432
623		0.144683
622.5		0.14455
622		0.144861
621.5		0.145024
621		0.144963
620.5		0.144834
620		0.145359
619.5		0.145037
619		0.145509
618.5		0.145492
618		0.145656
617.5		0.145864
617		0.146299
616.5		0.146206
616		0.146901
615.5		0.147025
615		0.147142
614.5		0.14705
614		0.147156
613.5		0.147903
613		0.147989
612.5		0.148242
612		0.148487
611.5		0.148953
611		0.14875
610.5		0.149094
610		0.149416
609.5		0.14948
609		0.149888
608.5		0.150263
608		0.150277
607.5		0.150681
607		0.151061
606.5		0.151035
606		0.151548
605.5		0.15176
605		0.152193
604.5		0.152373
604		0.152821
603.5		0.152762
603		0.153166
602.5		0.153659
602		0.154048
601.5		0.15419
601		0.154745
600.5		0.154794
600		0.155385
599.5		0.155834
599		0.155545
598.5		0.155989
598		0.156292
597.5		0.157015
597		0.15703
596.5		0.157599
596		0.15793
595.5		0.158012
595		0.158512
594.5		0.159038
594		0.159093
593.5		0.159794
593		0.159818
592.5		0.16024
592		0.161078
591.5		0.160585
591		0.161731
590.5		0.161968
590		0.16223
589.5		0.162746
589		0.163151
588.5		0.163007
588		0.164036
587.5		0.1646
587		0.164635
586.5		0.16504
586		0.165379
585.5		0.165957
585		0.166104
584.5		0.166667
584		0.167295
583.5		0.167439
583		0.168086
582.5		0.168615
582		0.16884
581.5		0.169113
581		0.169384
580.5		0.170322
580		0.17035
579.5		0.171075
579		0.171492
578.5		0.17163
578		0.17246
577.5		0.172693
577		0.173355
576.5		0.174077
576		0.174253
575.5		0.17522
575		0.17541
574.5		0.175762
574		0.176448
573.5		0.176578
573		0.177572
572.5		0.178093
572		0.178561
571.5		0.178833
571		0.179813
570.5		0.179971
570		0.180478
569.5		0.180786
569		0.181801
568.5		0.182115
568		0.182351
567.5		0.183534
567		0.183935
566.5		0.184501
566		0.184544
565.5		0.18537
565		0.186646
564.5		0.186809
564		0.187182
563.5		0.18759
563		0.188093
562.5		0.189345
562		0.189708
561.5		0.189837
561		0.191391
560.5		0.191389
560		0.192795
559.5		0.193704
559		0.194202
558.5		0.195024
558		0.195291
557.5		0.195779
557		0.19689
556.5		0.197313
556		0.198044
555.5		0.198541
555		0.199042
554.5		0.200077
554		0.20046
553.5		0.201323
553		0.201956
552.5		0.202471
552		0.203219
551.5		0.203776
551		0.204696
550.5		0.20529
550		0.20514
549.5		0.206768
549		0.207249
548.5		0.208006
548		0.208915
547.5		0.208807
547		0.210264
546.5		0.210562
546		0.211675
545.5		0.212856
545		0.213268
544.5		0.213589
544		0.214204
543.5		0.215057
543		0.21609
542.5		0.216263
542		0.217092
541.5		0.217503
541		0.218362
540.5		0.219582
540		0.219756
539.5		0.221044
539		0.221374
538.5		0.222074
538		0.223208
537.5		0.223504
537		0.225193
536.5		0.225062
536		0.226133
535.5		0.226455
535		0.227247
534.5		0.227957
534		0.228958
533.5		0.229613
533		0.230322
532.5		0.231414
532		0.23167
531.5		0.232997
531		0.233111
530.5		0.234734
530		0.235053
529.5		0.235803
529		0.237206
528.5		0.237225
528		0.237986
527.5		0.239093
527		0.239798
526.5		0.240811
526		0.241836
525.5		0.242341
525		0.243877
524.5		0.244077
524		0.244622
523.5		0.246164
523		0.246406
522.5		0.247073
522		0.247954
521.5		0.248905
521		0.249762
520.5		0.250571
520		0.250833
519.5		0.25176
519		0.252785
518.5		0.253407
518		0.254021
517.5		0.254499
517		0.255427
516.5		0.255898
516		0.257295
515.5		0.257597
515		0.258504
514.5		0.259256
514		0.259499
513.5		0.261048
513		0.261417
512.5		0.262455
512		0.262826
511.5		0.263173
511		0.26445
510.5		0.264956
510		0.265351
509.5		0.266158
509		0.266432
508.5		0.267532
508		0.267378
507.5		0.268165
507		0.269015
506.5		0.268307
506		0.269355
505.5		0.26976
505		0.269843
504.5		0.270646
504		0.270633
503.5		0.270645
503		0.271134
502.5		0.270839
502		0.271541
501.5		0.271374
501		0.271324
500.5		0.272191
500		0.271743
499.5		0.272083
499		0.271957
498.5		0.271782
498		0.272245
497.5		0.272558
497		0.272027
496.5		0.272205
496		0.272584
495.5		0.27197
495		0.272106
494.5		0.271688
494		0.271336
493.5		0.271706
493		0.271806
492.5		0.270989
492		0.271381
491.5		0.270516
491		0.270335
490.5		0.270174
490		0.270648
489.5		0.269167
489		0.269319
488.5		0.268688
488		0.268449
487.5		0.268705
487		0.26757
486.5		0.267118
486		0.267308
485.5		0.265893
485		0.266276
484.5		0.265874
484		0.264967
483.5		0.263796
483		0.263456
482.5		0.263436
482		0.262352
481.5		0.26218
481		0.260735
480.5		0.260474
480		0.260122
479.5		0.259687
479		0.258644
478.5		0.258147
478		0.257588
477.5		0.255995
477		0.256387
476.5		0.255196
476		0.2552
475.5		0.253606
475		0.253019
474.5		0.252615
474		0.251462
473.5		0.251394
473		0.250809
472.5		0.249955
472		0.249394
471.5		0.249238
471		0.247343
470.5		0.24732
470		0.246055
469.5		0.246007
469		0.244322
468.5		0.244178
468		0.243402
467.5		0.242268
467		0.241968
466.5		0.240944
466		0.240155
465.5		0.239817
465		0.239218
464.5		0.238824
464		0.237953
463.5		0.237535
463		0.236375
462.5		0.235947
462		0.234729
461.5		0.235042
461		0.234438
460.5		0.233023
460		0.23218
459.5		0.232766
459		0.231229
458.5		0.231288
458		0.230023
457.5		0.229845
457		0.228798
456.5		0.229286
456		0.227842
455.5		0.227969
455		0.226883
454.5		0.226317
454		0.226155
453.5		0.225106
453		0.22453
452.5		0.224451
452		0.224038
451.5		0.223546
451		0.222891
450.5		0.222678
450		0.221553
449.5		0.220833
449		0.220688
448.5		0.220847
448		0.219679
447.5		0.218874
447		0.219383
446.5		0.218019
446		0.217272
445.5		0.217027
445		0.21624
444.5		0.21579
444		0.215043
443.5		0.214185
443		0.213583
442.5		0.213615
442		0.212568
441.5		0.212145
441		0.211689
440.5		0.211761
440		0.211224
439.5		0.210821
439		0.209567
438.5		0.209848
438		0.209081
437.5		0.208771
437		0.208797
436.5		0.207473
436		0.207013
435.5		0.206857
435		0.205974
434.5		0.206454
434		0.205338
433.5		0.204459
433		0.204487
432.5		0.204009
432		0.202897
431.5		0.20306
431		0.202221
430.5		0.202711
430		0.201706
429.5		0.201298
429		0.201156
428.5		0.200213
428		0.199876
427.5		0.199609
427		0.199148
426.5		0.198352
426		0.198086
425.5		0.19782
425		0.197025
424.5		0.196546
424		0.196196
423.5		0.195752
423		0.195627
422.5		0.195325
422		0.194883
421.5		0.194621
421		0.194001
420.5		0.193773
420		0.193235
419.5		0.193088
419		0.192338
418.5		0.19223
418		0.191783
417.5		0.191063
417		0.190409
416.5		0.19002
416		0.190104
415.5		0.189156
415		0.189353
414.5		0.188803
414		0.188459
413.5		0.18796
413		0.187588
412.5		0.187423
412		0.186079
411.5		0.186476
411		0.186281
410.5		0.185421
410		0.185961
409.5		0.185101
409		0.183942
408.5		0.184075
408		0.183992
407.5		0.183597
407		0.182839
406.5		0.183261
406		0.182214
405.5		0.181889
405		0.182246
404.5		0.181454
404		0.181763
403.5		0.180301
403		0.180113
402.5		0.18016
402		0.178959
401.5		0.179543
401		0.178813
400.5		0.178683
400		0.178935
399.5		0.178736
399		0.177822
398.5		0.177407
398		0.177245
397.5		0.176669
397		0.176873
396.5		0.176557
396		0.176858
395.5		0.1756
395		0.175337
394.5		0.175589
394		0.174386
393.5		0.174998
393		0.173879
392.5		0.173064
392		0.174044
391.5		0.173314
391		0.172954
390.5		0.172698
390		0.17186
389.5		0.171781
389		0.171429
388.5		0.171676
388		0.171671
387.5		0.170963
387		0.171219
386.5		0.170817
386		0.170356
385.5		0.169943
385		0.169936
384.5		0.168641
384		0.169126
383.5		0.16908
383		0.167892
382.5		0.167509
382		0.16809
381.5		0.167707
381		0.166498
380.5		0.166611
380		0.167074
379.5		0.166137
379		0.166639
378.5		0.165534
378		0.165369
377.5		0.164936
377		0.165258
376.5		0.164942
376		0.164926
375.5		0.1643
375		0.163859
374.5		0.164354
374		0.164206
373.5		0.164631
373		0.162459
372.5		0.163655
372		0.163565
371.5		0.162891
371		0.162856
370.5		0.162488
370		0.162706
369.5		0.16202
369		0.161584
368.5		0.161712
368		0.161788
367.5		0.160607
367		0.16043
366.5		0.161125
366		0.160694
365.5		0.160337
365		0.159546
364.5		0.160577
364		0.159604
363.5		0.159901
363		0.160273
362.5		0.159046
362		0.158815
361.5		0.158546
361		0.1584
360.5		0.158339
360		0.157972
359.5		0.158158
359		0.158076
358.5		0.156377
358		0.157313
357.5		0.157277
357		0.157379
356.5		0.156824
356		0.156021
355.5		0.156957
355		0.156128
354.5		0.155736
354		0.155132
353.5		0.155371
353		0.155143
352.5		0.155051
352		0.154107
351.5		0.154745
351		0.154077
350.5		0.154014
350		0.154126
349.5		0.152505
349		0.153003
348.5		0.15143
348		0.151923
347.5		0.152044
347		0.152488
346.5		0.150642
346		0.150184
345.5		0.149841
345		0.149536
344.5		0.150922
344		0.150716
343.5		0.149709
343		0.149836
342.5		0.148263
342		0.15006
341.5		0.147905
341		0.146715
340.5		0.147152
340		0.146058
339.5		0.146057
339		0.147255
338.5		0.145334
338		0.146293
337.5		0.145402
337		0.146359
336.5		0.144575
336		0.144776
335.5		0.143828
335		0.143536
334.5		0.142011
334		0.142136
333.5		0.141893
333		0.143868
332.5		0.143001
332		0.141906
331.5		0.142426
331		0.140539
330.5		0.141778
330		0.142127
329.5		0.140714
329		0.141889
328.5		0.139628
328		0.138148
327.5		0.14165
327		0.140548
326.5		0.141294
326		0.142224
325.5		0.141655
325		0.140556
324.5		0.142835
324		0.141592
323.5		0.143086
323		0.143098
322.5		0.145507
322		0.144218
321.5		0.144304
321		0.145492
320.5		0.145557
320		0.146804
319.5		0.146757
319		0.149306
318.5		0.152498
318		0.149879
317.5		0.154421
317		0.152506
316.5		0.15493
316		0.156974
315.5		0.161058
315		0.159502
314.5		0.161129
314		0.163979
313.5		0.165144
313		0.174791
312.5		0.174104
312		0.177396
311.5		0.185221
311		0.190012
310.5		0.192783
310		0.195966
309.5		0.196141
309		0.210142
308.5		0.216355
308		0.219223
307.5		0.230325
307		0.240059
306.5		0.249945
306		0.25095
305.5		0.263986
305		0.292063
304.5		0.287218
304		0.295338
303.5		0.340401
303		0.332454
302.5		0.376266
302		0.369349
301.5		0.40512
301		0.442159
300.5		0.460389
300		0.565813
299.5		0.546321
299		0.568192
298.5		0.5803
298		0.659702
297.5		0.649161
297		0.88516
296.5		0.8295
296		1.03525
295.5		1.26764
295		0.906743
294.5		0.964673
294		0.864645
293.5		1.20826
293		2.55899
292.5		0.565451
292		0.620231
291.5		0.175488
291		0.604724
290.5		2.08162
290		0.862363
289.5		0.803645
289		0.913888
288.5		-0.0329786
288		0.854985
287.5		0.600618
287		-0.546248
286.5		-0.0473739
286		0.179912
285.5		0.214564
285		0.615284
284.5		0.631535
284		1.03034
283.5		0.112205
283		-0.10367
282.5		-0.227572
282		1.84015
281.5		-0.107915
281		0.349012
280.5		-0.230303
280		31.847
279.5		1.48948
279		-0.0268298
278.5		0.470281
278		-0.439334
277.5		-0.627273
277		1.56719
276.5		-0.689079
276		1.94084
275.5		0.578937
275		0.454564
274.5		0.0552339
274		0.0528795
273.5		-11.9949
273		0.214027
272.5		0.410113
272		1.37444
271.5		-0.0997119
271		0.803125
270.5		-0.0749042
270		-0.0402437
269.5		-2.40528
269		0.209136
268.5		-0.143465
268		-1.14145
267.5		-0.127579
267		0.0172766
266.5		0.572224
266		0.34119
265.5		0.844741
265		0.420667
264.5		0.25041
264		-0.227077
263.5		-3.38414
263		0.710828
262.5		0.101824
262		4.12566
261.5		0.274502
261		-0.105783
260.5		-0.193622
260		0.371407
259.5		0.926903
259		0.467616
258.5		1.83917
258		-0.139006
257.5		-0.0278957
257		0.524654
256.5		0.330884
256		0.130516
255.5		0.755119
255		-0.377002
254.5		-1.70099
254		0.892519
253.5		0.227582
253		-0.53434
252.5		-1.54164
252		-0.0596648
251.5		2.30202
251		0.427265
250.5		1.23983
250		-0.098273
249.5		0.84087
249		0.543455
248.5		0.301273
248		-0.465984
247.5		7.63635
247		0.642837
246.5		-0.122883
246		-0.18152
245.5		3.82876
245		-1.88351
244.5		0.0437223
244		-2.64736
243.5		-1.27593
243		0.271959
242.5		0.730534
242		-0.287967
241.5		0.183555
241		-0.0533946
240.5		0.210044
240		0.42975
239.5		-0.186174
239		-0.218405
238.5		0.512902
238		-0.0249831
237.5		3.74269
237		0.0484618
236.5		0.529445
236		0.922564
235.5		0.0699478
235		-1.05017
234.5		-0.777473
234		-0.0916747
233.5		0.334695
233		0.156834
232.5		0.824211
232		0.502708
231.5		0.378684
231		19.7159
230.5		0.489329
230		0.0696702
229.5		-0.201042
229		-0.464406
228.5		2.18184
228		-0.491765
227.5		0.157467
227		-0.203762
226.5		0.700319
226		0.188997
225.5		-0.857123
225		0.186966
224.5		0.0549178
224		0.943117
223.5		1.02142
223		0.178061
222.5		-0.82469
222		0.0854809
221.5		-0.895755
221		0.162046
220.5		-2.44451
220		1.17479
219.5		0.176365
219		15.1995
218.5		1.01613
218		-0.0492846
217.5		0.68176
217		0.412157
216.5		-8.2735
216		1.10026
215.5		-0.623865
215		-0.20918
214.5		-0.974313
214		0.103179
213.5		-0.27615
213		0.522782
212.5		-0.242355
212		6.22041
211.5		-2.54155
211		-0.409854
210.5		0.108103
210		1.16918
209.5		0.0682481
209		0.528117
208.5		0.828865
208		-0.23264
207.5		0.687534
207		0.249439
206.5		0.440399
206		0.444315
205.5		0.761089
205		0.0761241
204.5		0.179192
204		0.193283
203.5		0.498773
203		-0.976594
202.5		0.503709
202		-4.02636
201.5		0.362056
201		-0.881444
200.5		0.42924
200		0.354662
Data1 - Data2
lambda		value

Calibration:
lambda:	6.6977e+199
Abs:	6.93521e-310

Data:
#
900		0.0015
899.5		0.0162
899		0.0083
898.5		-0.0061
898		0.0011
897.5		-0.0035
897		-0.0038
896.5		0.0023
896		0.0115
895.5		0.0086
895		0.0169
894.5		0.0074
894		0.0087
893.5		0.0082
893		-0.0005
892.5		0.0106
892		0.0051
891.5		0.0034
891		-0.003
890.5		-0.0003
890		0.0019
889.5		0.0004
889		-0.0043
888.5		-0.008
888		-0.0004
887.5		-0.006
887		0.0033
886.5		0.0012
886		-0.0054
885.5		0.0115
885		0.0076
884.5		0.0055
884		-0.0043
883.5		0.0043
883		-0.0017
882.5		-0.0023
882		0.0098
881.5		0.0139
881		-0.0014
880.5		-0.0002
880		-0.0056
879.5		0.005
879		-0.002
878.5		-0.0001
878		0.0067
877.5		0.0056
877		0.0005
876.5		-0.0014
876		0.0003
875.5		-0.0044
875		-0.001
874.5		0.0008
874		-0.0029
873.5		0.001
873		-0.0045
872.5		0.0048
872		-0.0035
871.5		0.0024
871		-0.0041
870.5		0.002
870		0.0019
869.5		-0.002
869		0.0014
868.5		0.0045
868		0.0035
867.5		-0.0051
867		0.0068
866.5		-0.001
866		0.0022
865.5		-0.0003
865		-0.0016
864.5		-0.0008
864		-0.0002
863.5		0.0025
863		-0.0036
862.5		-0.0027
862		-0.0014
861.5		-0.0027
861		-0.0018
860.5		0.0012
860		0.0018
859.5		-0.002
859		-0.0013
858.5		-0.001
858		-0.0003
857.5		-0.0004
857		-0.0046
856.5		-0.001
856		0.0007
855.5		0.0003
855		0.0006
854.5		-0.0006
854		0.0006
853.5		-0.0018
853		0.0001
852.5		-0.0005
852		-0.001
851.5		0.0001
851		-0.0018
850.5		-0.0012
850		-0.0022
849.5		-0.0009
849		-0.0011
848.5		-0.0009
848		-0.0013
847.5		-0.0001
847		-0.0002
846.5		0.0002
846		-0.0014
845.5		0.0001
845		0
844.5		0.0003
844		0.0009
843.5		-0.0014
843		0.0011
842.5		-0.0001
842		0.0018
841.5		-0.0004
841		0.0008
840.5		0.0003
840		0.0016
839.5		-0.0008
839		0.0011
838.5		0.0006
838		0
837.5		0.0008
837		0.0002
836.5		0.0017
836		0.0007
835.5		0.0004
835		0.0012
834.5		0.001
834		0.0004
833.5		0.0013
833		0.0004
832.5		0.0013
832		0.0011
831.5		0.0012
831		0.0007
830.5		0.0013
830		0.0018
829.5		0.0001
829		0.0019
828.5		0.0008
828		0.0016
827.5		0.0002
827		0.0009
826.5		0.0006
826		0.0013
825.5		-0.0001
825		0.0003
824.5		0.0016
824		0.0003
823.5		0.0012
823		0.0003
822.5		0.0004
822		-0.0005
821.5		0.0013
821		0.0009
820.5		0.0012
820		0.0005
819.5		0.0002
819		0.0008
818.5		0.0005
818		0.0007
817.5		0.001
817		0.0006
816.5		0.0003
816		0.0009
815.5		-0.0001
815		0.0006
814.5		0.0007
814		0.001
813.5		0.0011
813		0.0012
812.5		0.001
812		0.0009
811.5		0.0007
811		0.0007
810.5		0.0009
810		0.0005
809.5		0.0009
809		0.0008
808.5		-0.0001
808		0.0011
807.5		0.0011
807		0.0008
806.5		0.0005
806		0.0008
805.5		0.0014
805		0.0009
804.5		0.0014
804		0.0007
803.5		0.0013
803		0.0014
802.5		0.0003
802		0.0012
801.5		-0.0001
801		0.0007
800.5		0.001
800		0.0003
799.5		0.001
799		0.0011
798.5		0.0008
798		0.0005
797.5		0.0002
797		0.001
796.5		0.0016
796		0.0002
795.5		0.0013
795		0.0003
794.5		0.0008
794		0.0009
793.5		0.0008
793		0.0013
792.5		0.0012
792		0.0007
791.5		0.0005
791		0.0009
790.5		0.0012
790		0.001
789.5		0.0011
789		0.0018
788.5		0.0006
788		0.0012
787.5		0.0006
787		0.001
786.5		0.0007
786		0.0009
785.5		0.0011
785		0.0005
784.5		0.0011
784		0.0007
783.5		0.0008
783		0.0006
782.5		0.0008
782		0.0007
781.5		0.0009
781		0.0009
780.5		0.0005
780		0.0006
779.5		0.0012
779		0.0008
778.5		0.0012
778		0.001
777.5		0.0015
777		0.0006
776.5		0.0007
776		0.0009
775.5		0.0006
775		0.0006
774.5		0.001
774		0.0007
773.5		0.0006
773		0.0011
772.5		0.0014
772		0.0005
771.5		0
771		0.0003
770.5		0.0004
770		0.0014
769.5		0.0008
769		0.0008
768.5		0.0009
768		0.0009
767.5		0.0013
767		0.0006
766.5		0.001
766		0.0004
765.5		0.0004
765		0.0011
764.5		0.0007
764		0.001
763.5		0.0016
763		0.0008
762.5		0.0012
762		0.0012
761.5		0.0013
761		0.0009
760.5		0.0014
760		0.0008
759.5		0.0011
759		0.0004
758.5		0.0007
758		0.001
757.5		0.0012
757		0.0009
756.5		0.0011
756		0.001
755.5		0.0011
755		0.0004
754.5		0.0009
754		0.0007
753.5		0.0008
753		0.0008
752.5		0.0009
752		0.0009
751.5		0.0009
751		0.0006
750.5		0.0012
750		0.0011
749.5		0.0005
749		0.0011
748.5		0.0011
748		0.0008
747.5		0.0008
747		0.0009
746.5		0.0007
746		0.0013
745.5		0.0011
745		0.0009
744.5		0.0014
744		0.0009
743.5		0.0017
743		0.001
742.5		0.0013
742		0.0015
741.5		0.0013
741		0.0009
740.5		0.0014
740		0.0009
739.5		0.0012
739		0.0013
738.5		0.0018
738		0.0014
737.5		0.0013
737		0.0011
736.5		0.001
736		0.0011
735.5		0.0013
735		0.0013
734.5		0.0008
734		0.0014
733.5		0.0015
733		0.0016
732.5		0.0012
732		0.0018
731.5		0.0014
731		0.0012
730.5		0.0016
730		0.0018
729.5		0.0014
729		0.0011
728.5		0.001
728		0.0017
727.5		0.0019
727		0.0012
726.5		0.002
726		0.0022
725.5		0.002
725		0.0018
724.5		0.0015
724		0.0026
723.5		0.0022
723		0.0021
722.5		0.002
722		0.0021
721.5		0.0024
721		0.0019
720.5		0.002
720		0.0016
719.5		0.0027
719		0.0013
718.5		0.002
718		0.0018
717.5		0.0015
717		0.0009
716.5		0.0009
716		0.0016
715.5		0.0011
715		0.0017
714.5		0.0015
714		0.0003
713.5		0.0012
713		0.0008
712.5		0.0014
712		0.0009
711.5		0.0013
711		0.0009
710.5		0.0013
710		0.0008
709.5		0.0009
709		0.0012
708.5		0.0013
708		0.0011
707.5		0.0008
707		0.0013
706.5		0.0009
706		0.0009
705.5		0.001
705		0.001
704.5		0.001
704		0.0012
703.5		0.001
703		0.001
702.5		0.0008
702		0.0007
701.5		0.0011
701		0.0013
700.5		0.0013
700		0.001
699.5		0.001
699		0.0008
698.5		0.001
698		0.001
697.5		0.0012
697		0.0016
696.5		0.001
696		0.0014
695.5		0.001
695		0.0009
694.5		0.0014
694		0.0015
693.5		0.0008
693		0.0014
692.5		0.0017
692		0.0013
691.5		0.0007
691		0.0012
690.5		0.0014
690		0.0009
689.5		0.0014
689		0.001
688.5		0.0012
688		0.0015
687.5		0.0014
687		0.0008
686.5		0.0014
686		0.0007
685.5		0.0012
685		0.0016
684.5		0.0012
684		0.0012
683.5		0.001
683		0.001
682.5		0.0013
682		0.0012
681.5		0.0016
681		0.001
680.5		0.0011
680		0.001
679.5		0.0012
679		0.0012
678.5		0.0009
678		0.001
677.5		0.0013
677		0.0011
676.5		0.0012
676		0.0007
675.5		0.0014
675		0.0008
674.5		0.001
674		0.001
673.5		0.0008
673		0.0009
672.5		0.0012
672		0.0013
671.5		0.0018
671		0.0008
670.5		0.0011
670		0.0012
669.5		0.0009
669		0.001
668.5		0.0013
668		0.0012
667.5		0.0013
667		0.0008
666.5		0.0009
666		0.0008
665.5		0.0011
665		0.0012
664.5		0.0014
664		0.0013
663.5		0.0008
663		0.0011
662.5		0.001
662		0.0014
661.5		0.0012
661		0.0007
660.5		0.0011
660		0.0007
659.5		0.0009
659		0.001
658.5		0.0007
658		0.0011
657.5		0.0011
657		0.0013
656.5		0.0008
656		0.0011
655.5		0.0008
655		0.0009
654.5		0.0007
654		0.0014
653.5		0.001
653		0.0009
652.5		0.001
652		0.0008
651.5		0.001
651		0.0008
650.5		0.0012
650		0.0007
649.5		0.0013
649		0.0009
648.5		0.0005
648		0.0012
647.5		0.0005
647		0.0012
646.5		0.001
646		0.0008
645.5		0.0009
645		0.0008
644.5		0.0011
644		0.0011
643.5		0.0005
643		0.0005
642.5		0.0007
642		0.0007
641.5		0.0011
641		0.0007
640.5		0.0002
640		0.0001
639.5		0.0009
639		0.0009
638.5		0.0005
638		0.0004
637.5		0.0004
637		0.0004
636.5		0.0007
636		0.0006
635.5		0.0003
635		0.0002
634.5		0.0003
634		0.0003
633.5		0.0002
633		-0.0001
632.5		0.0004
632		0.0002
631.5		0.0002
631		-0.0002
630.5		0.0004
630		-0.0002
629.5		0.0002
629		0.0001
628.5		0
628		0.0001
627.5		0.0001
627		0.0005
626.5		0.0006
626		0.0003
625.5		0.0002
625		0.0006
624.5		0.0009
624		0.0009
623.5		0.0007
623		0.0006
622.5		0.0005
622		0.001
621.5		0.0007
621		0.0011
620.5		0.0012
620		0.0008
619.5		0.0015
619		0.0009
618.5		0.0009
618		0.001
617.5		0.0009
617		0.0009
616.5		0.0012
616		0.0007
615.5		0.0006
615		0.0011
614.5		0.0011
614		0.0014
613.5		0.0007
613		0.0008
612.5		0.0011
612		0.0005
611.5		0.0009
611		0.0012
610.5		0.0013
610		0.0012
609.5		0.0006
609		0.0009
608.5		0.0008
608		0.0011
607.5		0.0013
607		0.0007
606.5		0.0011
606		0.0009
605.5		0.001
605		0.0009
604.5		0.0005
604		0.0012
603.5		0.0011
603		0.001
602.5		0.001
602		0.0006
601.5		0.0011
601		0.0012
600.5		0.001
600		0.0006
599.5		0.0007
599		0.0006
598.5		0.0011
598		0.001
597.5		0.0007
597		0.0012
596.5		0.0007
596		0.0013
595.5		0.001
595		0.0006
594.5		0.0006
594		0.0009
593.5		0.0008
593		0.0012
592.5		0.0008
592		0.0007
591.5		0.0014
591		0.0004
590.5		0.0011
590		0.0008
589.5		0.0008
589		0.0009
588.5		0.0013
588		0.0009
587.5		0.0008
587		0.0012
586.5		0.0007
586		0.0011
585.5		0.0011
585		0.0006
584.5		0.001
584		0.0009
583.5		0.0012
583		0.0013
582.5		0.0007
582		0.0009
581.5		0.0009
581		0.001
580.5		0.0009
580		0.001
579.5		0.001
579		0.0009
578.5		0.0012
578		0.0009
577.5		0.001
577		0.0013
576.5		0.0005
576		0.0013
575.5		0.0009
575		0.001
574.5		0.001
574		0.0009
573.5		0.0011
573		0.0008
572.5		0.0009
572		0.0003
571.5		0.0013
571		0.0009
570.5		0.0011
570		0.0014
569.5		0.0012
569		0.0009
568.5		0.0007
568		0.0012
567.5		0.0012
567		0.0012
566.5		0.001
566		0.0018
565.5		0.001
565		0.0005
564.5		0.0013
564		0.0017
563.5		0.0016
563		0.0014
562.5		0.0013
562		0.0008
561.5		0.0017
561		0.0005
560.5		0.0009
560		0.0007
559.5		0.0005
559		0.0004
558.5		0.0002
558		0.0008
557.5		0.0007
557		0.0003
556.5		0.0003
556		0.0005
555.5		0.0008
555		0.0007
554.5		0.0005
554		0.0006
553.5		0.0004
553		0.0004
552.5		0.0004
552		0.0004
551.5		0.0008
551		0.0002
550.5		0.0006
550		0.0011
549.5		0.0006
549		0.0004
548.5		0.0007
548		0.0004
547.5		0.0003
547		0.0005
546.5		0.001
546		0.0005
545.5		0.0006
545		-0.0004
544.5		0.0009
544		0.0007
543.5		0.0005
543		0.0006
542.5		0.0003
542		0.0012
541.5		0.0008
541		0.0004
540.5		0.0002
540		0
539.5		0.0006
539		0.0008
538.5		0.0007
538		0.0003
537.5		0.0008
537		-0.0002
536.5		0.001
536		0.0005
535.5		0.0006
535		0.0004
534.5		0.0004
534		0.0006
533.5		0.0004
533		0.0008
532.5		0.0007
532		0.0008
531.5		0.0004
531		0.0008
530.5		0.0003
530		0.0006
529.5		0.0005
529		0.0003
528.5		0.0013
528		0.0005
527.5		0.0011
527		0.0006
526.5		0.0006
526		0.0005
525.5		0.0001
525		0.0001
524.5		0.0004
524		0.0008
523.5		0.0002
523		0.0005
522.5		0.0007
522		0
521.5		0.0007
521		0.0002
520.5		-0.0002
520		0.0004
519.5		-0.0001
519		0.0006
518.5		0.0001
518		0.0002
517.5		0.0007
517		0.0004
516.5		0.0003
516		-0.0002
515.5		0.0004
515		0
514.5		0.0002
514		0.0003
513.5		-0.0002
513		-0.0001
512.5		-0.0005
512		0.0002
511.5		-0.0001
511		-0.0002
510.5		-0.0005
510		-0.0005
509.5		-0.0004
509		-0.0004
508.5		-0.0006
508		-0.0001
507.5		-0.0008
507		-0.0005
506.5		-0.0002
506		-0.0003
505.5		0.0002
505		-0.0001
504.5		-0.0001
504		-0.0004
503.5		0.0003
503		0.0002
502.5		0.0008
502		-0.0001
501.5		0.0003
501		0.0004
500.5		0.0003
500		0.0006
499.5		0.0007
499		0.0011
498.5		0.0011
498		0.0008
497.5		0.001
497		0.0009
496.5		0.0008
496		0.0003
495.5		0.001
495		0.0012
494.5		0.0011
494		0.0015
493.5		0.0008
493		0.0008
492.5		0.0012
492		0.0006
491.5		0.0015
491		0.0013
490.5		0.002
490		0.0006
489.5		0.0023
489		0.001
488.5		0.0012
488		0.001
487.5		0.0011
487		0.0008
486.5		0.0014
486		0.001
485.5		0.0015
485		0.0013
484.5		0.001
484		0.0009
483.5		0.0016
483		0.0009
482.5		0.0013
482		0.0017
481.5		0.0008
481		0.002
480.5		0.0011
480		0.0017
479.5		0.0011
479		0.0017
478.5		0.0012
478		0.0009
477.5		0.0023
477		0.0013
476.5		0.0021
476		0.0005
475.5		0.0015
475		0.0014
474.5		0.0018
474		0.0021
473.5		0.0019
473		0.0016
472.5		0.0017
472		0.0018
471.5		0.0006
471		0.0016
470.5		0.0015
470		0.0015
469.5		0.0022
469		0.0025
468.5		0.0018
468		0.0021
467.5		0.0021
467		0.002
466.5		0.0018
466		0.0026
465.5		0.002
465		0.0022
464.5		0.0026
464		0.0017
463.5		0.0019
463		0.002
462.5		0.0025
462		0.002
461.5		0.002
461		0.0022
460.5		0.0025
460		0.0034
459.5		0.001
459		0.0025
458.5		0.0014
458		0.0027
457.5		0.0011
457		0.0012
456.5		0.0011
456		0.0016
455.5		0.0009
455		0.0013
454.5		0.0015
454		0.0003
453.5		0.0003
453		0.0001
452.5		0.0001
452		-0.0001
451.5		-0.0003
451		-0.0006
450.5		-0.0008
450		-0.0002
449.5		0.0003
449		-0.0011
448.5		-0.0009
448		-0.0012
447.5		-0.0013
447		-0.0019
446.5		-0.0011
446		-0.0007
445.5		-0.0013
445		-0.0013
444.5		-0.0005
444		-0.0012
443.5		0
443		-0.0005
442.5		-0.0005
442		0
441.5		-0.0004
441		0.0001
440.5		-0.0006
440		-0.0005
439.5		-0.0005
439		0.0007
438.5		-0.0012
438		-0.0009
437.5		-0.0002
437		-0.0009
436.5		-0.0001
436		-0.0004
435.5		-0.0002
435		-0.0008
434.5		-0.0009
434		0.0001
433.5		-0.0003
433		-0.0001
432.5		0
432		0.0008
431.5		-0.0001
431		0.0001
430.5		0.0005
430		-0.0004
429.5		0.0002
429		-0.0005
428.5		0.0005
428		0.0004
427.5		0.0008
427		0.0001
426.5		0.0002
426		0.0001
425.5		0.0001
425		0.0009
424.5		0.0003
424		0.0003
423.5		0.0005
423		0.0007
422.5		0.0004
422		-0.0004
421.5		0.0004
421		0.0003
420.5		0.0005
420		0.0002
419.5		0.0001
419		0.0008
418.5		0.0004
418		0.0006
417.5		0.0001
417		0.0003
416.5		0.0011
416		0.0009
415.5		0.0009
415		-0.0001
414.5		0
414		0
413.5		0.0003
413		0.0004
412.5		0.0008
412		0.001
411.5		0.0011
411		0.0006
410.5		0.0003
410		0.0007
409.5		0.0001
409		0.0003
408.5		0.0007
408		0.0007
407.5		0.0006
407		0.0005
406.5		-0.0003
406		0.0008
405.5		0.001
405		0.0002
404.5		0.0003
404		-0.0008
403.5		0.0001
403		0.0008
402.5		-0.0003
402		0.0014
401.5		0.0007
401		0.0005
400.5		0.0011
400		-0.0001
399.5		0
399		0.0007
398.5		0.0003
398		0.0002
397.5		0.0013
397		0.0004
396.5		0.0003
396		-0.0005
395.5		0.0004
395		0.0008
394.5		0.0002
394		-0.0001
393.5		0.0006
393		0.0007
392.5		0.0006
392		-0.0005
391.5		0.0002
391		0.0008
390.5		0.0011
390		0.0011
389.5		0.0014
389		0.0013
388.5		0.0002
388		-0.0001
387.5		0.0006
387		0.0004
386.5		-0.0004
386		0.0003
385.5		0.0008
385		0.0004
384.5		0.0006
384		-0.0002
383.5		0.0002
383		0.0009
382.5		0.0005
382		0.0004
381.5		0.0008
381		0.0023
380.5		0.001
380		0.0012
379.5		0.0005
379		0.0006
378.5		0.0011
378		0.0007
377.5		0.0022
377		0.0012
376.5		0.0011
376		0.0014
375.5		0.0005
375		0.0015
374.5		0.0004
374		0.0008
373.5		-0.0003
373		0.0021
372.5		0.0015
372		0.0008
371.5		0.0011
371		0.0011
370.5		0.0005
370		0.0001
369.5		0.0024
369		0.0012
368.5		0.0018
368		0.0013
367.5		0.0001
367		0.0017
366.5		0.0009
366		0.0014
365.5		0.0025
365		0.0023
364.5		0.0008
364		0.0016
363.5		0.0019
363		0.0003
362.5		0.0011
362		0.0016
361.5		0.0007
361		0.0016
360.5		0.001
360		0.0017
359.5		0.0012
359		0.0017
358.5		0.0022
358		0.0021
357.5		0.0007
357		0.0006
356.5		0.0009
356		0.0024
355.5		0.0006
355		0.0025
354.5		0.0014
354		0.0017
353.5		0.0016
353		0.0015
352.5		0.0005
352		0.0019
351.5		0.0011
351		0.0008
350.5		0.0006
350		0.0014
349.5		0.0023
349		0.0002
348.5		0.0009
348		0.0013
347.5		0.0017
347		0.0019
346.5		0.0023
346		0.0018
345.5		0.0006
345		0.0019
344.5		0.0004
344		0.0002
343.5		0.0014
343		0.0013
342.5		0.0027
342		0
341.5		0.0026
341		0.0038
340.5		-0.0003
340		0.0018
339.5		-0.0018
339		-0.0033
338.5		0.0013
338		0
337.5		0.0004
337		-0.001
336.5		-0.0004
336		-0.0016
335.5		0.0001
335		-0.0002
334.5		-0.0005
334		-0.001
333.5		-0.0009
333		-0.0007
332.5		0.0002
332		-0.0004
331.5		-0.0037
331		-0.0006
330.5		-0.0015
330		-0.0041
329.5		-0.0006
329		-0.0043
328.5		-0.0006
328		0.0028
327.5		-0.0025
327		0.0011
326.5		-0.0023
326		-0.0044
325.5		0.0002
325		-0.0008
324.5		-0.0036
324		0
323.5		-0.0022
323		-0.0004
322.5		-0.006
322		-0.0016
321.5		-0.0022
321		-0.0018
320.5		0.0004
320		-0.0034
319.5		-0.0004
319		-0.0025
318.5		-0.0032
318		0
317.5		-0.0029
317		-0.0013
316.5		-0.003
316		-0.0016
315.5		-0.0061
315		-0.0013
314.5		0.0002
314		0.0004
313.5		0.003
313		-0.0073
312.5		-0.0017
312		-0.0016
311.5		-0.003
311		-0.0035
310.5		-0.0055
310		-0.0036
309.5		0.0032
309		-0.006
308.5		-0.0017
308		0.0009
307.5		-0.0028
307		-0.0063
306.5		-0.0081
306		0.0183
305.5		0.0062
305		-0.0233
304.5		0.0096
304		0.017
303.5		-0.0452
303		0.0095
302.5		-0.0041
302		0.0285
301.5		-0.0059
301		-0.028
300.5		0.0001
300		-0.1072
299.5		-0.0436
299		-0.0566
298.5		0.0419
298		-0.0627
297.5		0.0407
297		-0.381
296.5		-0.0235
296		-0.1847
295.5		-0.5019
295		0.2897
294.5		0.0607
294		-0.3365
293.5		-0.0566
293		-0.081
292.5		0.1332
292		1.5785
291.5		0.3525
291		0.0188
290.5		-2.9404
290		0.1658
289.5		-1.036
289		-0.0596
288.5		0.5911
288		-0.8086
287.5		-3.3918
287		1.4651
286.5		0.3772
286		2.0766
285.5		-0.0817
285		-1.0266
284.5		-0.3834
284		-0.4399
283.5		0.3119
283		-0.3644
282.5		0.6624
282		-1.8898
281.5		-0.0869
281		-0.3397
280.5		0.9674
280		-46.6754
279.5		-2.4552
279		1.2944
278.5		-0.1221
278		-1.5172
277.5		0.7986
277		-3.3438
276.5		1.3505
276		-3.1116
275.5		-0.4427
275		-0.2306
274.5		-1.2982
274		0.8509
273.5		18.9481
273		0.1845
272.5		-0.4623
272		-1.8346
271.5		0.4526
271		-28.9888
270.5		-0.2268
270		-0.814
269.5		3.7745
269		0.4686
268.5		0.1173
268		1.835
267.5		-0.2445
267		0.7571
266.5		0.0206
266		-4.1705
265.5		-0.2152
265		-0.802
264.5		-0.5338
264		-6.0649
263.5		6.4024
263		-0.8409
262.5		-0.8503
262		-6.5473
261.5		-0.7707
261		1.0736
260.5		1.2688
260		-0.4338
259.5		0.6016
259		-0.1623
258.5		-1.7562
258		0.5577
257.5		-0.0153
257		-1.3801
256.5		-2.7092
256		0.5565
255.5		-2.3351
255		1.6438
254.5		3.49
254		-1.8532
253.5		-0.4357
253		3.2289
252.5		2.838
252		0.8773
251.5		-5.5599
251		-1.3909
250.5		-1.6668
250		2.2525
249.5		-0.4955
249		-0.0188
248.5		-0.3652
248		0.4893
247.5		-12.8926
247		-0.6352
246.5		-0.5617
246		-1.7249
245.5		-5.9693
245		7.0328
244.5		0.3917
244		4.6652
243.5		5.4191
243		0.4483
242.5		10.6799
242		0.6522
241.5		0.063
241		-0.1788
240.5		-0.0386
240		-0.6242
239.5		1.5806
239		0.5117
238.5		1.3673
238		0.0606
237.5		1.2241
237		0.6212
236.5		-1.3398
236		-1.3678
235.5		0.0737
235		2.6172
234.5		1.0672
234		1.6374
233.5		-1.9879
233		-0.1255
232.5		-1.551
232		-1.1294
231.5		1.8075
231		-33.3796
230.5		-0.5023
230		0.1687
229.5		3.4193
229		1.5064
228.5		-3.5862
228		1.1764
227.5		-13.5651
227		2.5064
226.5		-3.1904
226		0.8212
225.5		1.9266
225		0.5818
224.5		1.8608
224		-2.0088
223.5		-2.3178
223		-0.3006
222.5		4.1955
222		-6.8782
221.5		2.2184
221		1.287
220.5		5.7179
220		5.9508
219.5		1.5755
219		-32.4449
218.5		4.7481
218		0.1613
217.5		-1.6417
217		0.4354
216.5		21.4303
216		-2.5767
215.5		6.9068
215		1.0098
214.5		2.9012
214		0.5284
213.5		1.2302
213		-61.0309
212.5		0.2572
212		-15.8762
211.5		6.5696
211		2.336
210.5		0.78
210		-2.054
209.5		0.3304
209		4.4606
208.5		-1.896
208		1.0361
207.5		-1.3911
207		-0.6697
206.5		3.0401
206		-0.1752
205.5		-0.3942
205		19.2135
204.5		-1.4678
204		-0.1685
203.5		-1.512
203		-36.3981
202.5		-2.0511
202		22.1764
201.5		-11.046
201		-9.0976
200.5		-1.1926
200		1.1284
