Data1:
lambda		value

Calibration:
lambda:	800
Abs:	-0

Data:
#
900		0.249875
899.5		0.262148
899		0.262159
898.5		0.242382
898		0.249209
897.5		0.253303
897		0.272475
896.5		0.253224
896		0.257331
895.5		0.260707
895		0.253258
894.5		0.253893
894		0.255434
893.5		0.266701
893		0.267818
892.5		0.260444
892		0.261652
891.5		0.257778
891		0.270566
890.5		0.264143
890		0.261827
889.5		0.255276
889		0.258932
888.5		0.272868
888		0.261847
887.5		0.260616
887		0.256418
886.5		0.270475
886		0.273144
885.5		0.25559
885		0.254622
884.5		0.269301
884		0.274772
883.5		0.257069
883		0.286978
882.5		0.269495
882		0.267613
881.5		0.255168
881		0.270871
880.5		0.27615
880		0.268852
879.5		0.27519
879		0.273631
878.5		0.270976
878		0.266312
877.5		0.265887
877		0.280954
876.5		0.275063
876		0.274945
875.5		0.276898
875		0.270355
874.5		0.276152
874		0.271994
873.5		0.273336
873		0.279281
872.5		0.273315
872		0.275687
871.5		0.275655
871		0.277924
870.5		0.274173
870		0.277294
869.5		0.272927
869		0.273627
868.5		0.270806
868		0.27495
867.5		0.277289
867		0.277794
866.5		0.274922
866		0.2751
865.5		0.274263
865		0.279561
864.5		0.276354
864		0.280399
863.5		0.284231
863		0.278739
862.5		0.280264
862		0.277365
861.5		0.281487
861		0.282312
860.5		0.282018
860		0.281932
859.5		0.282327
859		0.278786
858.5		0.284494
858		0.286423
857.5		0.283219
857		0.282721
856.5		0.282897
856		0.282755
855.5		0.284229
855		0.284567
854.5		0.284937
854		0.283831
853.5		0.284396
853		0.286267
852.5		0.283011
852		0.286095
851.5		0.288282
851		0.286025
850.5		0.28693
850		0.287157
849.5		0.28673
849		0.289258
848.5		0.2893
848		0.288746
847.5		0.289058
847		0.291778
846.5		0.290024
846		0.291782
845.5		0.290182
845		0.29242
844.5		0.292457
844		0.291514
843.5		0.292093
843		0.293699
842.5		0.294344
842		0.294773
841.5		0.294863
841		0.293444
840.5		0.296014
840		0.295495
839.5		0.295134
839		0.295864
838.5		0.297076
838		0.297712
837.5		0.296795
837		0.298376
836.5		0.300427
836		0.297813
835.5		0.298614
835		0.299464
834.5		0.299603
834		0.301132
833.5		0.30003
833		0.301231
832.5		0.301093
832		0.301144
831.5		0.303479
831		0.302467
830.5		0.303
830		0.303522
829.5		0.304144
829		0.303169
828.5		0.303837
828		0.304053
827.5		0.304656
827		0.305063
826.5		0.305647
826		0.305228
825.5		0.306527
825		0.306188
824.5		0.306886
824		0.30684
823.5		0.307585
823		0.308015
822.5		0.308216
822		0.308628
821.5		0.308998
821		0.309966
820.5		0.308413
820		0.310073
819.5		0.310869
819		0.311193
818.5		0.310772
818		0.311849
817.5		0.312813
817		0.312506
816.5		0.312719
816		0.311246
815.5		0.312195
815		0.313977
814.5		0.313769
814		0.313894
813.5		0.314389
813		0.3145
812.5		0.315679
812		0.315837
811.5		0.316954
811		0.316105
810.5		0.3158
810		0.317105
809.5		0.316577
809		0.317791
808.5		0.318127
808		0.318664
807.5		0.318855
807		0.319168
806.5		0.319287
806		0.320821
805.5		0.320276
805		0.319884
804.5		0.32014
804		0.320711
803.5		0.322458
803		0.322313
802.5		0.3232
802		0.322223
801.5		0.323238
801		0.324817
800.5		0.322999
800		0.3249
799.5		0.3249
799		0.324519
798.5		0.325272
798		0.326971
797.5		0.326455
797		0.326839
796.5		0.327107
796		0.327246
795.5		0.327209
795		0.328534
794.5		0.328336
794		0.328939
793.5		0.328577
793		0.3305
792.5		0.330402
792		0.330964
791.5		0.330175
791		0.329916
790.5		0.331136
790		0.331008
789.5		0.332334
789		0.332002
788.5		0.333533
788		0.332103
787.5		0.333466
787		0.333866
786.5		0.333965
786		0.333466
785.5		0.335398
785		0.334959
784.5		0.336327
784		0.33626
783.5		0.336125
783		0.337299
782.5		0.337557
782		0.33835
781.5		0.338257
781		0.338518
780.5		0.338951
780		0.338949
779.5		0.339687
779		0.340251
778.5		0.339145
778		0.340489
777.5		0.340934
777		0.34177
776.5		0.342273
776		0.341631
775.5		0.341825
775		0.343887
774.5		0.341987
774		0.344421
773.5		0.34337
773		0.344021
772.5		0.345237
772		0.344738
771.5		0.345609
771		0.345614
770.5		0.345342
770		0.346426
769.5		0.34715
769		0.346882
768.5		0.347203
768		0.347134
767.5		0.34864
767		0.348782
766.5		0.349173
766		0.350155
765.5		0.351001
765		0.349712
764.5		0.351645
764		0.350558
763.5		0.352284
763		0.351029
762.5		0.353621
762		0.352912
761.5		0.352205
761		0.354113
760.5		0.354177
760		0.355057
759.5		0.353767
759		0.354374
758.5		0.355487
758		0.3549
757.5		0.356901
757		0.356468
756.5		0.356653
756		0.358117
755.5		0.357903
755		0.357796
754.5		0.358472
754		0.357731
753.5		0.359426
753		0.359944
752.5		0.359122
752		0.360374
751.5		0.359429
751		0.360899
750.5		0.361577
750		0.361875
749.5		0.362072
749		0.362086
748.5		0.363104
748		0.364169
747.5		0.36351
747		0.364233
746.5		0.36397
746		0.364901
745.5		0.364927
745		0.36535
744.5		0.365232
744		0.365059
743.5		0.366683
743		0.366991
742.5		0.367116
742		0.367628
741.5		0.367363
741		0.368452
740.5		0.367842
740		0.368567
739.5		0.369992
739		0.368905
738.5		0.37014
738		0.370447
737.5		0.370154
737		0.371183
736.5		0.370949
736		0.371751
735.5		0.371519
735		0.37358
734.5		0.372501
734		0.373619
733.5		0.373705
733		0.374359
732.5		0.374176
732		0.373343
731.5		0.374275
731		0.374963
730.5		0.376131
730		0.375723
729.5		0.376593
729		0.376113
728.5		0.376293
728		0.377541
727.5		0.376752
727		0.378046
726.5		0.378581
726		0.378578
725.5		0.379367
725		0.379717
724.5		0.380019
724		0.379682
723.5		0.380027
723		0.380267
722.5		0.380939
722		0.381161
721.5		0.381183
721		0.38125
720.5		0.381083
720		0.383242
719.5		0.381176
719		0.384022
718.5		0.383361
718		0.384327
717.5		0.384435
717		0.384471
716.5		0.385192
716		0.384457
715.5		0.384854
715		0.386385
714.5		0.38642
714		0.3869
713.5		0.387313
713		0.387091
712.5		0.387832
712		0.386745
711.5		0.38754
711		0.387456
710.5		0.387852
710		0.388987
709.5		0.389296
709		0.389324
708.5		0.389811
708		0.390083
707.5		0.390114
707		0.390225
706.5		0.390876
706		0.391867
705.5		0.39196
705		0.390696
704.5		0.392495
704		0.393333
703.5		0.391964
703		0.393086
702.5		0.393118
702		0.393629
701.5		0.39393
701		0.394537
700.5		0.395521
700		0.393304
699.5		0.395537
699		0.394682
698.5		0.395741
698		0.396111
697.5		0.395601
697		0.39637
696.5		0.39684
696		0.396924
695.5		0.396433
695		0.397577
694.5		0.397749
694		0.397278
693.5		0.398382
693		0.398165
692.5		0.39793
692		0.398953
691.5		0.399348
691		0.399507
690.5		0.399407
690		0.399901
689.5		0.399704
689		0.40085
688.5		0.400316
688		0.401346
687.5		0.400454
687		0.401639
686.5		0.401205
686		0.402175
685.5		0.400889
685		0.402272
684.5		0.401639
684		0.402431
683.5		0.402669
683		0.402628
682.5		0.40336
682		0.403079
681.5		0.403953
681		0.402408
680.5		0.403637
680		0.403814
679.5		0.404325
679		0.404991
678.5		0.404884
678		0.404807
677.5		0.405162
677		0.405496
676.5		0.405547
676		0.406216
675.5		0.40655
675		0.406476
674.5		0.406843
674		0.406989
673.5		0.407008
673		0.40655
672.5		0.407023
672		0.407994
671.5		0.406887
671		0.407917
670.5		0.408353
670		0.408578
669.5		0.407675
669		0.408375
668.5		0.409208
668		0.408147
667.5		0.409199
667		0.40883
666.5		0.409257
666		0.410155
665.5		0.409199
665		0.409825
664.5		0.410114
664		0.409194
663.5		0.410424
663		0.410698
662.5		0.410216
662		0.410658
661.5		0.410576
661		0.411031
660.5		0.41131
660		0.410483
659.5		0.41138
659		0.411275
658.5		0.412255
658		0.411765
657.5		0.411811
657		0.411619
656.5		0.411654
656		0.412115
655.5		0.412653
655		0.412115
654.5		0.412686
654		0.412144
653.5		0.413451
653		0.413389
652.5		0.412815
652		0.413235
651.5		0.414132
651		0.412959
650.5		0.412903
650		0.413482
649.5		0.414033
649		0.414191
648.5		0.413447
648		0.414578
647.5		0.414811
647		0.415198
646.5		0.414976
646		0.414016
645.5		0.414372
645		0.415032
644.5		0.415547
644		0.415271
643.5		0.414782
643		0.415371
642.5		0.416068
642		0.41616
641.5		0.415394
641		0.415544
640.5		0.415661
640		0.41695
639.5		0.416542
639		0.415458
638.5		0.416884
638		0.416867
637.5		0.417687
637		0.417202
636.5		0.416884
636		0.417814
635.5		0.417203
635		0.418202
634.5		0.417581
634		0.418094
633.5		0.418886
633		0.419039
632.5		0.419655
632		0.41943
631.5		0.419039
631		0.419697
630.5		0.420228
630		0.420341
629.5		0.420097
629		0.419913
628.5		0.420163
628		0.420767
627.5		0.419746
627		0.420958
626.5		0.420076
626		0.420261
625.5		0.420394
625		0.419709
624.5		0.42111
624		0.419698
623.5		0.420457
623		0.420246
622.5		0.419017
622		0.42081
621.5		0.420744
621		0.420791
620.5		0.420524
620		0.419982
619.5		0.420101
619		0.420352
618.5		0.421196
618		0.420246
617.5		0.42019
617		0.420398
616.5		0.421943
616		0.421498
615.5		0.42139
615		0.422298
614.5		0.421186
614		0.422339
613.5		0.422261
613		0.42241
612.5		0.422478
612		0.422067
611.5		0.423242
611		0.422763
610.5		0.42395
610		0.423402
609.5		0.423032
609		0.423556
608.5		0.42332
608		0.424237
607.5		0.424083
607		0.424623
606.5		0.424393
606		0.424818
605.5		0.424419
605		0.424835
604.5		0.426252
604		0.42632
603.5		0.42596
603		0.425464
602.5		0.426045
602		0.426822
601.5		0.426408
601		0.427598
600.5		0.426686
600		0.427365
599.5		0.427628
599		0.426593
598.5		0.427837
598		0.427533
597.5		0.429127
597		0.428974
596.5		0.428724
596		0.429972
595.5		0.428461
595		0.42918
594.5		0.430331
594		0.429665
593.5		0.431024
593		0.430662
592.5		0.431076
592		0.431631
591.5		0.43041
591		0.43153
590.5		0.4321
590		0.432249
589.5		0.432527
589		0.432995
588.5		0.433159
588		0.433772
587.5		0.434176
587		0.433214
586.5		0.43343
586		0.433787
585.5		0.435414
585		0.434762
584.5		0.434934
584		0.436123
583.5		0.436457
583		0.436768
582.5		0.437005
582		0.436836
581.5		0.437566
581		0.436728
580.5		0.438176
580		0.43785
579.5		0.438652
579		0.438773
578.5		0.43862
578		0.440475
577.5		0.439934
577		0.440725
576.5		0.440501
576		0.441038
575.5		0.442888
575		0.441905
574.5		0.442399
574		0.442956
573.5		0.442606
573		0.444755
572.5		0.44408
572		0.444337
571.5		0.44468
571		0.444626
570.5		0.445985
570		0.446093
569.5		0.446241
569		0.446475
568.5		0.446496
568		0.446087
567.5		0.448585
567		0.448538
566.5		0.448279
566		0.449303
565.5		0.448167
565		0.45012
564.5		0.450106
564		0.450807
563.5		0.45121
563		0.450345
562.5		0.452308
562		0.452242
561.5		0.451443
561		0.453262
560.5		0.45302
560		0.454039
559.5		0.456007
559		0.454694
558.5		0.456196
558		0.456179
557.5		0.456167
557		0.456998
556.5		0.457538
556		0.457806
555.5		0.458357
555		0.458222
554.5		0.459221
554		0.459835
553.5		0.459931
553		0.460639
552.5		0.46064
552		0.461199
551.5		0.462431
551		0.462054
550.5		0.462865
550		0.461832
549.5		0.463817
549		0.463326
548.5		0.464426
548		0.464658
547.5		0.464565
547		0.466156
546.5		0.46652
546		0.46675
545.5		0.467625
545		0.467597
544.5		0.468089
544		0.467935
543.5		0.468953
543		0.469727
542.5		0.468461
542		0.470847
541.5		0.469415
541		0.470942
540.5		0.471088
540		0.470426
539.5		0.47291
539		0.471902
538.5		0.472434
538		0.473569
537.5		0.47403
537		0.474694
536.5		0.474015
536		0.474347
535.5		0.474291
535		0.474726
534.5		0.475102
534		0.476458
533.5		0.475737
533		0.476798
532.5		0.478033
532		0.477197
531.5		0.478427
531		0.478546
530.5		0.478758
530		0.479296
529.5		0.47841
529		0.480274
528.5		0.480209
528		0.4804
527.5		0.481093
527		0.480692
526.5		0.482053
526		0.482197
525.5		0.482637
525		0.483038
524.5		0.483064
524		0.483392
523.5		0.484372
523		0.484387
522.5		0.484488
522		0.484635
521.5		0.485475
521		0.485946
520.5		0.485114
520		0.485062
519.5		0.485877
519		0.48572
518.5		0.487326
518		0.48582
517.5		0.486101
517		0.48634
516.5		0.485875
516		0.487937
515.5		0.486474
515		0.487043
514.5		0.487835
514		0.48686
513.5		0.487975
513		0.487703
512.5		0.488119
512		0.488345
511.5		0.486947
511		0.487677
510.5		0.487693
510		0.487654
509.5		0.487877
509		0.487951
508.5		0.487693
508		0.487099
507.5		0.487621
507		0.487721
506.5		0.486705
506		0.485912
505.5		0.486622
505		0.48622
504.5		0.486001
504		0.485223
503.5		0.484777
503		0.484828
502.5		0.48365
502		0.48428
501.5		0.483146
501		0.482652
500.5		0.482633
500		0.481665
499.5		0.481906
499		0.481002
498.5		0.479335
498		0.480476
497.5		0.479347
497		0.478346
496.5		0.477496
496		0.477186
495.5		0.475997
495		0.475127
494.5		0.473267
494		0.473966
493.5		0.473578
493		0.472555
492.5		0.471589
492		0.470529
491.5		0.469573
491		0.467816
490.5		0.469066
490		0.466838
489.5		0.465841
489		0.464528
488.5		0.463864
488		0.463334
487.5		0.462089
487		0.460335
486.5		0.459497
486		0.458932
485.5		0.457028
485		0.456784
484.5		0.456408
484		0.45403
483.5		0.452937
483		0.451245
482.5		0.450821
482		0.450187
481.5		0.448097
481		0.447285
480.5		0.445474
480		0.445597
479.5		0.44502
479		0.442196
478.5		0.442549
478		0.439844
477.5		0.438654
477		0.438898
476.5		0.436794
476		0.435754
475.5		0.434598
475		0.433462
474.5		0.432861
474		0.43082
473.5		0.430075
473		0.429149
472.5		0.427828
472		0.426444
471.5		0.426894
471		0.423633
470.5		0.423238
470		0.422
469.5		0.421931
469		0.420467
468.5		0.419074
468		0.41834
467.5		0.416445
467		0.416283
466.5		0.414436
466		0.41326
465.5		0.412942
465		0.411775
464.5		0.412582
464		0.409865
463.5		0.408233
463		0.407715
462.5		0.407255
462		0.405898
461.5		0.405153
461		0.404237
460.5		0.4028
460		0.402347
459.5		0.400642
459		0.399913
458.5		0.399204
458		0.398199
457.5		0.397356
457		0.394755
456.5		0.395745
456		0.393424
455.5		0.393808
455		0.393271
454.5		0.391349
454		0.390134
453.5		0.388927
453		0.388264
452.5		0.388349
452		0.387643
451.5		0.386715
451		0.385165
450.5		0.384743
450		0.382602
449.5		0.382597
449		0.380624
448.5		0.381684
448		0.379691
447.5		0.37902
447		0.378645
446.5		0.377936
446		0.376819
445.5		0.375882
445		0.375518
444.5		0.374635
444		0.373045
443.5		0.373419
443		0.372606
442.5		0.371444
442		0.371761
441.5		0.370446
441		0.369158
440.5		0.369038
440		0.368697
439.5		0.368126
439		0.367532
438.5		0.365624
438		0.364904
437.5		0.364316
437		0.365028
436.5		0.364469
436		0.362819
435.5		0.363191
435		0.361778
434.5		0.362332
434		0.360822
433.5		0.359947
433		0.360513
432.5		0.359701
432		0.358393
431.5		0.357168
431		0.356432
430.5		0.357856
430		0.355753
429.5		0.356261
429		0.354882
428.5		0.354335
428		0.354463
427.5		0.353458
427		0.352983
426.5		0.351914
426		0.351471
425.5		0.35023
425		0.350452
424.5		0.349748
424		0.348753
423.5		0.348907
423		0.348646
422.5		0.34865
422		0.346242
421.5		0.347988
421		0.346595
420.5		0.346591
420		0.345903
419.5		0.345147
419		0.343519
418.5		0.343992
418		0.342804
417.5		0.342071
417		0.341164
416.5		0.341356
416		0.341682
415.5		0.340293
415		0.339735
414.5		0.339466
414		0.339092
413.5		0.33935
413		0.337943
412.5		0.338069
412		0.337414
411.5		0.337099
411		0.335608
410.5		0.334497
410		0.335699
409.5		0.334147
409		0.334554
408.5		0.33284
408		0.334002
407.5		0.3331
407		0.331622
406.5		0.333275
406		0.331968
405.5		0.330031
405		0.331066
404.5		0.330434
404		0.329824
403.5		0.329451
403		0.328499
402.5		0.328672
402		0.3287
401.5		0.327338
401		0.327579
400.5		0.326488
400		0.326903
399.5		0.326843
399		0.325358
398.5		0.32529
398		0.324156
397.5		0.324818
397		0.324701
396.5		0.324238
396		0.323461
395.5		0.322857
395		0.324289
394.5		0.322824
394		0.321663
393.5		0.322678
393		0.321265
392.5		0.320282
392		0.32019
391.5		0.320413
391		0.321161
390.5		0.320526
390		0.319056
389.5		0.319019
389		0.318291
388.5		0.318664
388		0.318594
387.5		0.316634
387		0.316975
386.5		0.316961
386		0.317443
385.5		0.317223
385		0.315897
384.5		0.314832
384		0.315919
383.5		0.316627
383		0.314539
382.5		0.312842
382		0.314931
381.5		0.313717
381		0.313263
380.5		0.311697
380		0.314134
379.5		0.311501
379		0.312747
378.5		0.312164
378		0.312207
377.5		0.312013
377		0.311078
376.5		0.309669
376		0.310443
375.5		0.311117
375		0.308847
374.5		0.311711
374		0.310207
373.5		0.310916
373		0.30998
372.5		0.310293
372		0.311332
371.5		0.30775
371		0.308728
370.5		0.309506
370		0.30968
369.5		0.308704
369		0.306985
368.5		0.306011
368		0.306965
367.5		0.306513
367		0.304395
366.5		0.306592
366		0.306333
365.5		0.305787
365		0.3054
364.5		0.305294
364		0.305993
363.5		0.305039
363		0.30521
362.5		0.304005
362		0.302749
361.5		0.3038
361		0.302673
360.5		0.303774
360		0.301507
359.5		0.303671
359		0.303671
358.5		0.300625
358		0.302802
357.5		0.300587
357		0.301273
356.5		0.302516
356		0.301507
355.5		0.300138
355		0.30009
354.5		0.298962
354		0.298069
353.5		0.298529
353		0.300697
352.5		0.299286
352		0.296248
351.5		0.297299
351		0.298079
350.5		0.295796
350		0.296416
349.5		0.295788
349		0.29655
348.5		0.29416
348		0.292445
347.5		0.293038
347		0.294791
346.5		0.29155
346		0.291623
345.5		0.290662
345		0.293444
344.5		0.292599
344		0.289175
343.5		0.2891
343		0.291893
342.5		0.288457
342		0.289327
341.5		0.288592
341		0.286656
340.5		0.284445
340		0.283226
339.5		0.28473
339		0.281328
338.5		0.283316
338		0.28247
337.5		0.28215
337		0.281697
336.5		0.28015
336		0.281832
335.5		0.278728
335		0.27786
334.5		0.277458
334		0.276017
333.5		0.278256
333		0.276516
332.5		0.275723
332		0.275275
331.5		0.273607
331		0.273602
330.5		0.270737
330		0.277494
329.5		0.270867
329		0.273589
328.5		0.268889
328		0.268609
327.5		0.269452
327		0.268055
326.5		0.268416
326		0.26685
325.5		0.26738
325		0.268646
324.5		0.267556
324		0.266219
323.5		0.266865
323		0.266105
322.5		0.266183
322		0.264264
321.5		0.261073
321		0.262048
320.5		0.259827
320		0.265208
319.5		0.260765
319		0.260171
318.5		0.262657
318		0.259645
317.5		0.257751
317		0.257348
316.5		0.256274
316		0.259735
315.5		0.258094
315		0.257822
314.5		0.254898
314		0.254235
313.5		0.25754
313		0.25798
312.5		0.254257
312		0.259246
311.5		0.25932
311		0.256039
310.5		0.258577
310		0.252521
309.5		0.251662
309		0.25656
308.5		0.256637
308		0.25296
307.5		0.249306
307		0.25118
306.5		0.257794
306		0.25137
305.5		0.254061
305		0.257706
304.5		0.25665
304		0.255717
303.5		0.283964
303		0.239783
302.5		0.23747
302		0.235815
301.5		0.257055
301		0.245183
300.5		0.23466
300		0.224801
299.5		0.245183
299		0.228965
298.5		0.255609
298		0.332061
297.5		0.263436
297		0.169181
296.5		0.226139
296		0.331624
295.5		0.180004
295		0.161253
294.5		0.215465
294		0.102526
293.5		0.0543369
293		0.234297
292.5		0.0303269
292		0.0246446
291.5		0.474351
291		1.07534
290.5		-0.693753
290		0.50487
289.5		1.1884
289		0.618009
288.5		0.408399
288		0.40888
287.5		2.32844
287		0.339034
286.5		0.590776
286		0.701705
285.5		-2.33197
285		-18.7855
284.5		0.0602016
284		0.177443
283.5		0.624105
283		0.907947
282.5		-0.136548
282		-0.0507516
281.5		0.461496
281		0.337982
280.5		0.16989
280		0.102182
279.5		0.288352
279		0.69827
278.5		0.399131
278		0.28318
277.5		0.779678
277		0.720343
276.5		0.0274859
276		0.237366
275.5		1.01024
275		0.380417
274.5		3.35048
274		0.281032
273.5		0.329798
273		0.423016
272.5		0.576335
272		0.455076
271.5		-18.5061
271		0.17625
270.5		0.0194881
270		0.706325
269.5		-1.23825
269		1.11228
268.5		0.388699
268		0.0525874
267.5		0.138753
267		0.977944
266.5		0.243459
266		1.11464
265.5		-0.840302
265		0.921083
264.5		0.203106
264		0.778193
263.5		-0.0101783
263		0.231173
262.5		0.0669654
262		0.292322
261.5		-0.121597
261		-1.20602
260.5		0.289454
260		-1.41883
259.5		0.520133
259		0.363808
258.5		0.561139
258		0.1293
257.5		0.390395
257		0.358362
256.5		0.348291
256		-0.605887
255.5		1.74532
255		0.638319
254.5		0.283611
254		0.343609
253.5		0.721295
253		0.427506
252.5		0.138434
252		0.988044
251.5		0.281848
251		0.328323
250.5		0.0505051
250		0.267357
249.5		0.917895
249		-1.0911
248.5		0.29084
248		-0.223462
247.5		-2.52957
247		0.362782
246.5		-0.616832
246		-0.18049
245.5		0.484792
245		1.5476
244.5		-0.477158
244		0.0528243
243.5		0.236116
243		4.96955
242.5		0.358668
242		0.986889
241.5		0.5972
241		4.13156
240.5		0.154242
240		0.462202
239.5		0.713508
239		0.242174
238.5		-0.826839
238		1.05324
237.5		0.270898
237		0.774256
236.5		0.565313
236		0.668494
235.5		0.525697
235		0.437554
234.5		0.71078
234		0.115268
233.5		0.119189
233		-0.244616
232.5		0.212448
232		0.24408
231.5		-0.0610767
231		1.06645
230.5		2.05772
230		1.75932
229.5		0.77215
229		-0.298316
228.5		-0.428057
228		0.184865
227.5		0.165486
227		-0.966088
226.5		0.182898
226		0.12393
225.5		0.333645
225		-0.152668
224.5		0.433445
224		0.279243
223.5		0.611686
223		0.295181
222.5		0.176861
222		0.0803232
221.5		0.00949242
221		0.18753
220.5		0.186468
220		1.34594
219.5		0.373476
219		-7.97116
218.5		2.82697
218		0.00547582
217.5		-0.166114
217		0.0396934
216.5		0.476981
216		0.141931
215.5		0.61124
215		0.223436
214.5		0.617363
214		0.297362
213.5		-0.0111901
213		-1.01072
212.5		1.05198
212		-0.111466
211.5		0.528948
211		0.37443
210.5		1.22722
210		1.65526
209.5		-36.3244
209		0.21229
208.5		0.97415
208		0.021004
207.5		0.316265
207		0.695906
206.5		-0.274084
206		0.034831
205.5		0.496575
205		0.230449
204.5		1.06648
204		-1.18553
203.5		3.07801
203		1.0712
202.5		0.176315
202		-2.12932
201.5		0.461014
201		0.582331
200.5		0.0792056
200		0.0063512
Data2:
lambda		value

Calibration:
lambda:	800
Abs:	0

Data:
#
900		0.26528
899.5		0.247885
899		0.260444
898.5		0.245979
898		0.258505
897.5		0.248275
897		0.247891
896.5		0.253429
896		0.258927
895.5		0.252259
895		0.252271
894.5		0.255702
894		0.256615
893.5		0.262384
893		0.274411
892.5		0.254574
892		0.255687
891.5		0.260271
891		0.266619
890.5		0.259137
890		0.253664
889.5		0.255377
889		0.261843
888.5		0.262968
888		0.259036
887.5		0.263735
887		0.255727
886.5		0.266734
886		0.266721
885.5		0.251317
885		0.253639
884.5		0.262513
884		0.26399
883.5		0.258168
883		0.267126
882.5		0.263333
882		0.259518
881.5		0.262387
881		0.261506
880.5		0.267694
880		0.262661
879.5		0.267884
879		0.264604
878.5		0.265054
878		0.266212
877.5		0.266787
877		0.264445
876.5		0.26398
876		0.268494
875.5		0.26959
875		0.270254
874.5		0.269975
874		0.27008
873.5		0.274148
873		0.270093
872.5		0.270082
872		0.270609
871.5		0.267128
871		0.271145
870.5		0.265825
870		0.270389
869.5		0.269933
869		0.272827
868.5		0.272208
868		0.269162
867.5		0.27379
867		0.270602
866.5		0.271215
866		0.273307
865.5		0.271464
865		0.274026
864.5		0.269128
864		0.273017
863.5		0.273245
863		0.273667
862.5		0.27477
862		0.274889
861.5		0.274512
861		0.279196
860.5		0.278207
860		0.275288
859.5		0.277147
859		0.274918
858.5		0.275653
858		0.276796
857.5		0.278027
857		0.276862
856.5		0.278637
856		0.279782
855.5		0.278586
855		0.280008
854.5		0.280384
854		0.279964
853.5		0.28152
853		0.281011
852.5		0.278479
852		0.280071
851.5		0.281827
851		0.281877
850.5		0.281488
850		0.282206
849.5		0.283077
849		0.282933
848.5		0.280933
848		0.283613
847.5		0.284318
847		0.284079
846.5		0.283517
846		0.284176
845.5		0.285926
845		0.285404
844.5		0.283867
844		0.285982
843.5		0.28511
843		0.285996
842.5		0.286336
842		0.286391
841.5		0.287736
841		0.287421
840.5		0.288003
840		0.288481
839.5		0.287138
839		0.288838
838.5		0.288777
838		0.288799
837.5		0.289375
837		0.29085
836.5		0.2911
836		0.290789
835.5		0.290396
835		0.291725
834.5		0.292155
834		0.292395
833.5		0.292092
833		0.293288
832.5		0.293439
832		0.293486
831.5		0.293837
831		0.29441
830.5		0.295026
830		0.294966
829.5		0.295577
829		0.295719
828.5		0.296163
828		0.296584
827.5		0.29678
827		0.297588
826.5		0.297281
826		0.297346
825.5		0.297459
825		0.298902
824.5		0.2998
824		0.29975
823.5		0.29989
823		0.300329
822.5		0.30041
822		0.300249
821.5		0.300509
821		0.300679
820.5		0.301336
820		0.301587
819.5		0.30347
819		0.302291
818.5		0.302486
818		0.303343
817.5		0.304692
817		0.304409
816.5		0.303527
816		0.304361
815.5		0.304317
815		0.306167
814.5		0.305269
814		0.305992
813.5		0.306884
813		0.3071
812.5		0.307185
812		0.307139
811.5		0.307546
811		0.307908
810.5		0.307815
810		0.308807
809.5		0.308099
809		0.309886
808.5		0.310724
808		0.310262
807.5		0.309848
807		0.310969
806.5		0.312181
806		0.312412
805.5		0.312181
805		0.312575
804.5		0.313543
804		0.313418
803.5		0.313851
803		0.314223
802.5		0.3145
802		0.31414
801.5		0.315342
801		0.316802
800.5		0.314724
800		0.3154
799.5		0.3164
799		0.315837
798.5		0.318277
798		0.317877
797.5		0.319443
797		0.319145
796.5		0.318817
796		0.318563
795.5		0.31972
795		0.319436
794.5		0.32014
794		0.320052
793.5		0.319996
793		0.3216
792.5		0.322207
792		0.322254
791.5		0.321696
791		0.321357
790.5		0.323048
790		0.323037
789.5		0.324138
789		0.323717
788.5		0.324535
788		0.324319
787.5		0.324883
787		0.326272
786.5		0.325586
786		0.3255
785.5		0.327206
785		0.3261
784.5		0.327445
784		0.32728
783.5		0.32755
783		0.328901
782.5		0.328677
782		0.328682
781.5		0.329773
781		0.329943
780.5		0.329777
780		0.330276
779.5		0.331604
779		0.33197
778.5		0.331175
778		0.332501
777.5		0.331773
777		0.331606
776.5		0.333001
776		0.33257
775.5		0.333367
775		0.334698
774.5		0.333831
774		0.335431
773.5		0.335194
773		0.335258
772.5		0.335461
772		0.335091
771.5		0.336727
771		0.337051
770.5		0.33758
770		0.337853
769.5		0.338382
769		0.337816
768.5		0.33914
768		0.338575
767.5		0.339376
767		0.338538
766.5		0.339809
766		0.341079
765.5		0.34054
765		0.340083
764.5		0.342373
764		0.341697
763.5		0.343307
763		0.342082
762.5		0.343261
762		0.343753
761.5		0.342173
761		0.344254
760.5		0.344319
760		0.344494
759.5		0.345208
759		0.345527
758.5		0.345637
758		0.345657
757.5		0.345664
757		0.345928
756.5		0.346815
756		0.346671
755.5		0.347856
755		0.347753
754.5		0.348224
754		0.347912
753.5		0.349467
753		0.350488
752.5		0.348793
752		0.350134
751.5		0.348627
751		0.349766
750.5		0.350551
750		0.351147
749.5		0.352327
749		0.351081
748.5		0.352672
748		0.352544
747.5		0.35269
747		0.354088
746.5		0.352568
746		0.353771
745.5		0.354208
745		0.35513
744.5		0.354522
744		0.354066
743.5		0.355082
743		0.355584
742.5		0.35601
742		0.355635
741.5		0.356174
741		0.356867
740.5		0.357143
740		0.35768
739.5		0.358191
739		0.357136
738.5		0.358464
738		0.359264
737.5		0.358782
737		0.358435
736.5		0.359585
736		0.35979
735.5		0.360458
735		0.360241
734.5		0.359894
734		0.361385
733.5		0.361475
733		0.362722
732.5		0.362071
732		0.361752
731.5		0.362091
731		0.362396
730.5		0.363645
730		0.362683
729.5		0.363556
729		0.363005
728.5		0.363512
728		0.364347
727.5		0.363026
727		0.364886
726.5		0.365718
726		0.364801
725.5		0.36481
725		0.365493
724.5		0.365058
724		0.365335
723.5		0.366365
723		0.366446
722.5		0.367433
722		0.365526
721.5		0.366724
721		0.36572
720.5		0.366437
720		0.367655
719.5		0.366053
719		0.368872
718.5		0.368372
718		0.369235
717.5		0.370277
717		0.370329
716.5		0.369541
716		0.370471
715.5		0.370743
715		0.371994
714.5		0.373409
714		0.37262
713.5		0.373459
713		0.373109
712.5		0.373126
712		0.373722
711.5		0.373416
711		0.373691
710.5		0.373664
710		0.375024
709.5		0.374744
709		0.37522
708.5		0.375577
708		0.375454
707.5		0.377314
707		0.376724
706.5		0.377377
706		0.377949
705.5		0.377279
705		0.37808
704.5		0.377622
704		0.378538
703.5		0.378078
703		0.378607
702.5		0.378328
702		0.378834
701.5		0.379446
701		0.379746
700.5		0.380426
700		0.379222
699.5		0.380924
699		0.380601
698.5		0.380459
698		0.381009
697.5		0.381201
697		0.381178
696.5		0.381531
696		0.381741
695.5		0.38175
695		0.381525
694.5		0.382937
694		0.382582
693.5		0.383583
693		0.382672
692.5		0.382553
692		0.38384
691.5		0.383544
691		0.383629
690.5		0.384486
690		0.384798
689.5		0.385185
689		0.385132
688.5		0.385702
688		0.386008
687.5		0.385056
687		0.385246
686.5		0.385702
686		0.385665
685.5		0.386272
685		0.386469
684.5		0.385838
684		0.386819
683.5		0.386752
683		0.386325
682.5		0.387352
682		0.386992
681.5		0.388142
681		0.387014
680.5		0.388219
680		0.387017
679.5		0.387836
679		0.388949
678.5		0.388471
678		0.38918
677.5		0.388647
677		0.389779
676.5		0.389797
676		0.389884
675.5		0.38973
675		0.38994
674.5		0.389636
674		0.39006
673.5		0.390775
673		0.390719
672.5		0.389812
672		0.390681
671.5		0.390659
671		0.390995
670.5		0.391429
670		0.391739
669.5		0.390367
669		0.391149
668.5		0.391683
668		0.390844
667.5		0.391592
667		0.391903
666.5		0.391356
666		0.392503
665.5		0.391988
665		0.391899
664.5		0.39296
664		0.39219
663.5		0.392588
663		0.392967
662.5		0.392002
662		0.393126
661.5		0.392751
661		0.392613
660.5		0.393087
660		0.393045
659.5		0.394231
659		0.39354
658.5		0.393813
658		0.393215
657.5		0.393381
657		0.394369
656.5		0.393717
656		0.394369
655.5		0.393982
655		0.393675
654.5		0.394252
654		0.395079
653.5		0.394108
653		0.394815
652.5		0.394366
652		0.394682
651.5		0.395746
651		0.393936
650.5		0.394442
650		0.394719
649.5		0.395746
649		0.395111
648.5		0.395074
648		0.395585
647.5		0.39493
647		0.396773
646.5		0.395485
646		0.395626
645.5		0.395587
645		0.396516
644.5		0.396039
644		0.396033
643.5		0.397051
643		0.39683
642.5		0.397804
642		0.396509
641.5		0.397125
641		0.396887
640.5		0.397307
640		0.397739
639.5		0.39764
639		0.39806
638.5		0.398358
638		0.398738
637.5		0.399117
637		0.399438
636.5		0.399619
636		0.399719
635.5		0.399719
635		0.399779
634.5		0.400161
634		0.400262
633.5		0.401634
633		0.400868
632.5		0.40198
632		0.402345
631.5		0.401474
631		0.402727
630.5		0.402748
630		0.402684
629.5		0.402946
629		0.403101
628.5		0.402656
628		0.402691
627.5		0.402123
627		0.402825
626.5		0.402814
626		0.401833
625.5		0.402604
625		0.40091
624.5		0.402018
624		0.401163
623.5		0.401162
623		0.400885
622.5		0.400313
622		0.401589
621.5		0.400881
621		0.400488
620.5		0.400741
620		0.399747
619.5		0.400175
619		0.400233
618.5		0.400136
618		0.400465
617.5		0.400019
617		0.40068
616.5		0.401323
616		0.401265
615.5		0.40175
615		0.402045
614.5		0.400194
614		0.402279
613.5		0.401829
613		0.402551
612.5		0.402318
612		0.402121
611.5		0.402883
611		0.40214
610.5		0.403878
610		0.402198
609.5		0.40311
609		0.403423
608.5		0.403092
608		0.403618
607.5		0.404144
607		0.404672
606.5		0.404568
606		0.405547
605.5		0.40488
605		0.404998
604.5		0.405931
604		0.405894
603.5		0.406223
603		0.405167
602.5		0.405928
602		0.406414
601.5		0.406699
601		0.40726
600.5		0.406696
600		0.407166
599.5		0.407908
599		0.407612
598.5		0.408231
598		0.408047
597.5		0.409113
597		0.40993
596.5		0.409523
596		0.409395
595.5		0.409183
595		0.409514
594.5		0.41055
594		0.410386
593.5		0.41104
593		0.411086
592.5		0.411508
592		0.411862
591.5		0.411343
591		0.411981
590.5		0.41234
590		0.413086
589.5		0.413359
589		0.413159
588.5		0.413716
588		0.414892
587.5		0.414608
587		0.414837
586.5		0.414976
586		0.415049
585.5		0.416546
585		0.415364
584.5		0.416385
584		0.416989
583.5		0.417254
583		0.418094
582.5		0.417681
582		0.418582
581.5		0.418831
581		0.418596
580.5		0.419532
580		0.419224
579.5		0.419925
579		0.421114
578.5		0.420409
578		0.421647
577.5		0.422194
577		0.422012
576.5		0.423047
576		0.422524
575.5		0.424623
575		0.423778
574.5		0.424178
574		0.424745
573.5		0.423939
573		0.426035
572.5		0.426244
572		0.426618
571.5		0.426577
571		0.427773
570.5		0.427499
570		0.428076
569.5		0.428915
569		0.428104
568.5		0.428805
568		0.429477
567.5		0.430868
567		0.430839
566.5		0.431263
566		0.431619
565.5		0.431657
565		0.433478
564.5		0.433186
564		0.433224
563.5		0.433922
563		0.433666
562.5		0.435769
562		0.435058
561.5		0.435049
561		0.436834
560.5		0.437105
560		0.438671
559.5		0.440219
559		0.439912
558.5		0.440538
558		0.44186
557.5		0.441301
557		0.442407
556.5		0.442856
556		0.442367
555.5		0.444157
555		0.443082
554.5		0.445404
554		0.444881
553.5		0.445744
553		0.445872
552.5		0.446179
552		0.447404
551.5		0.447288
551		0.448064
550.5		0.448395
550		0.447979
549.5		0.45011
549		0.449747
548.5		0.450445
548		0.450885
547.5		0.450334
547		0.45237
546.5		0.453128
546		0.452014
545.5		0.453927
545		0.454024
544.5		0.455267
544		0.454936
543.5		0.45491
543		0.456911
542.5		0.455482
542		0.457656
541.5		0.456341
541		0.457296
540.5		0.458206
540		0.457853
539.5		0.459627
539		0.459021
538.5		0.459748
538		0.460878
537.5		0.460497
537		0.461516
536.5		0.461619
536		0.462808
535.5		0.461722
535		0.463018
534.5		0.463011
534		0.463687
533.5		0.463749
533		0.465079
532.5		0.465072
532		0.465391
531.5		0.466235
531		0.465988
530.5		0.467041
530		0.467111
529.5		0.467472
529		0.469221
528.5		0.468411
528		0.468982
527.5		0.469854
527		0.469469
526.5		0.470818
526		0.471154
525.5		0.47084
525		0.471984
524.5		0.472027
524		0.472066
523.5		0.473604
523		0.472772
522.5		0.473639
522		0.473599
521.5		0.474617
521		0.474512
520.5		0.474555
520		0.475357
519.5		0.475226
519		0.476009
518.5		0.475796
518		0.476399
517.5		0.476104
517		0.476821
516.5		0.475792
516		0.477353
515.5		0.477329
515		0.47742
514.5		0.479153
514		0.477909
513.5		0.479195
513		0.47836
512.5		0.479435
512		0.480034
511.5		0.478659
511		0.479652
510.5		0.479202
510		0.479359
509.5		0.479381
509		0.479379
508.5		0.480443
508		0.479577
507.5		0.479813
507		0.478679
506.5		0.479012
506		0.477754
505.5		0.478843
505		0.477697
504.5		0.478244
504		0.477481
503.5		0.476954
503		0.476724
502.5		0.475662
502		0.475458
501.5		0.473783
501		0.474235
500.5		0.474394
500		0.473173
499.5		0.472953
499		0.472341
498.5		0.471441
498		0.471086
497.5		0.470343
497		0.470185
496.5		0.468605
496		0.467746
495.5		0.467764
495		0.466913
494.5		0.464878
494		0.464934
493.5		0.464187
493		0.463253
492.5		0.462026
492		0.462253
491.5		0.459936
491		0.459472
490.5		0.459244
490		0.457744
489.5		0.456946
489		0.455454
488.5		0.454337
488		0.45363
487.5		0.453552
487		0.451368
486.5		0.450618
486		0.450508
485.5		0.447712
485		0.449002
484.5		0.446162
484		0.445805
483.5		0.443907
483		0.443036
482.5		0.442062
482		0.441163
481.5		0.43972
481		0.438188
480.5		0.437477
480		0.436044
479.5		0.435653
479		0.434211
478.5		0.433382
478		0.432234
477.5		0.429334
477		0.429568
476.5		0.427939
476		0.427796
475.5		0.424502
475		0.423822
474.5		0.423843
474		0.422184
473.5		0.42189
473		0.419804
472.5		0.418409
472		0.417653
471.5		0.417391
471		0.414166
470.5		0.414039
470		0.412819
469.5		0.412206
469		0.410848
468.5		0.409386
468		0.409188
467.5		0.407762
467		0.406372
466.5		0.404806
466		0.40399
465.5		0.403509
465		0.401478
464.5		0.40176
464		0.39986
463.5		0.399456
463		0.398006
462.5		0.397115
462		0.3963
461.5		0.395721
461		0.395432
460.5		0.392975
460		0.393133
459.5		0.391701
459		0.391417
458.5		0.389687
458		0.38937
457.5		0.38837
457		0.386042
456.5		0.38701
456		0.384622
455.5		0.385593
455		0.384968
454.5		0.38391
454		0.382518
453.5		0.381661
453		0.38082
452.5		0.381229
452		0.380083
451.5		0.378804
451		0.379064
450.5		0.37776
450		0.376843
449.5		0.377175
449		0.374247
448.5		0.375538
448		0.373378
447.5		0.373748
447		0.372919
446.5		0.371074
446		0.370468
445.5		0.37006
445		0.368811
444.5		0.369236
444		0.3673
443.5		0.36608
443		0.366933
442.5		0.365151
442		0.365815
441.5		0.363975
441		0.363217
440.5		0.363087
440		0.362116
439.5		0.362164
439		0.360864
438.5		0.359936
438		0.359129
437.5		0.359335
437		0.357906
436.5		0.357175
436		0.357124
435.5		0.356513
435		0.3552
434.5		0.355379
434		0.354506
433.5		0.352575
433		0.353302
432.5		0.352842
432		0.351551
431.5		0.351121
431		0.350391
430.5		0.351614
430		0.349
429.5		0.348174
429		0.348924
428.5		0.347236
428		0.347795
427.5		0.346622
427		0.346236
426.5		0.345179
426		0.344293
425.5		0.343495
425		0.34328
424.5		0.342839
424		0.342208
423.5		0.341386
423		0.341388
422.5		0.341656
422		0.34042
421.5		0.340734
421		0.338656
420.5		0.338478
420		0.339014
419.5		0.338094
419		0.337179
418.5		0.336416
418		0.335943
417.5		0.335825
417		0.333713
416.5		0.334592
416		0.334564
415.5		0.333187
415		0.332632
414.5		0.332019
414		0.332164
413.5		0.331289
413		0.331116
412.5		0.33079
412		0.329632
411.5		0.32948
411		0.329921
410.5		0.327078
410		0.329127
409.5		0.326995
409		0.327057
408.5		0.326481
408		0.326235
407.5		0.326725
407		0.324922
406.5		0.325604
406		0.324209
405.5		0.32308
405		0.323742
404.5		0.323128
404		0.323734
403.5		0.322844
403		0.321726
402.5		0.320334
402		0.320796
401.5		0.320386
401		0.319944
400.5		0.320423
400		0.319604
399.5		0.320063
399		0.318769
398.5		0.317592
398		0.317403
397.5		0.317891
397		0.317253
396.5		0.316701
396		0.317139
395.5		0.316797
395		0.315648
394.5		0.316674
394		0.315022
393.5		0.315315
393		0.313507
392.5		0.313398
392		0.314668
391.5		0.313953
391		0.313324
390.5		0.312188
390		0.312017
389.5		0.31242
389		0.312028
388.5		0.310959
388		0.310469
387.5		0.310318
387		0.309636
386.5		0.309372
386		0.309015
385.5		0.309735
385		0.309103
384.5		0.30654
384		0.308032
383.5		0.306891
383		0.30727
382.5		0.3056
382		0.307153
381.5		0.305455
381		0.3056
380.5		0.306575
380		0.305785
379.5		0.303722
379		0.304764
378.5		0.304111
378		0.303667
377.5		0.303725
377		0.302795
376.5		0.303662
376		0.303175
375.5		0.302765
375		0.301759
374.5		0.301931
374		0.302368
373.5		0.302969
373		0.301233
372.5		0.301049
372		0.300901
371.5		0.29995
371		0.300333
370.5		0.299709
370		0.299294
369.5		0.300133
369		0.297622
368.5		0.298891
368		0.299254
367.5		0.298351
367		0.297951
366.5		0.298238
366		0.29725
365.5		0.298357
365		0.295851
364.5		0.297707
364		0.296843
363.5		0.294418
363		0.297144
362.5		0.296933
362		0.295691
361.5		0.293973
361		0.293245
360.5		0.294176
360		0.294874
359.5		0.296296
359		0.293756
358.5		0.292746
358		0.294445
357.5		0.294146
357		0.291891
356.5		0.294348
356		0.292546
355.5		0.292409
355		0.293001
354.5		0.290775
354		0.291173
353.5		0.292191
353		0.291538
352.5		0.290849
352		0.288423
351.5		0.289514
351		0.289489
350.5		0.288197
350		0.28776
349.5		0.288043
349		0.284701
348.5		0.286449
348		0.285153
347.5		0.286197
347		0.286002
346.5		0.28513
346		0.284183
345.5		0.282143
345		0.283599
344.5		0.281373
344		0.282139
343.5		0.282716
343		0.280141
342.5		0.279136
342		0.28135
341.5		0.280518
341		0.278396
340.5		0.276196
340		0.279189
339.5		0.275489
339		0.277569
338.5		0.273938
338		0.276082
337.5		0.274539
337		0.274863
336.5		0.27211
336		0.27437
335.5		0.271698
335		0.271474
334.5		0.270759
334		0.270115
333.5		0.268249
333		0.271229
332.5		0.269506
332		0.26885
331.5		0.266022
331		0.268789
330.5		0.262643
330		0.267116
329.5		0.266405
329		0.264731
328.5		0.262222
328		0.263703
327.5		0.262002
327		0.261852
326.5		0.261378
326		0.258903
325.5		0.25782
325		0.259944
324.5		0.25989
324		0.25706
323.5		0.257184
323		0.260207
322.5		0.260992
322		0.256113
321.5		0.256085
321		0.257115
320.5		0.25368
320		0.252151
319.5		0.253224
319		0.25451
318.5		0.249887
318		0.253152
317.5		0.251641
317		0.248673
316.5		0.25148
316		0.247477
315.5		0.252548
315		0.249255
314.5		0.24581
314		0.250371
313.5		0.247066
313		0.247141
312.5		0.247044
312		0.24618
311.5		0.249146
311		0.241412
310.5		0.241718
310		0.24874
309.5		0.237486
309		0.23806
308.5		0.245165
308		0.245018
307.5		0.239807
307		0.244025
306.5		0.245368
306		0.23734
305.5		0.227183
305		0.231423
304.5		0.242108
304		0.227954
303.5		0.239217
303		0.245349
302.5		0.233654
302		0.233203
301.5		0.243929
301		0.235767
300.5		0.247923
300		0.238855
299.5		0.22526
299		0.241786
298.5		0.226589
298		0.205187
297.5		0.241664
297		0.179141
296.5		0.149582
296		0.23447
295.5		0.136124
295		-0.152355
294.5		0.557725
294		0.00142694
293.5		0.251613
293		-0.101016
292.5		0.673414
292		-0.705265
291.5		0.963985
291		0.639183
290.5		4.13612
290		0.485818
289.5		0.570233
289		-8.2427
288.5		0.417207
288		-1.08676
287.5		-0.513024
287		0.233492
286.5		0.632095
286		0.0192899
285.5		1.23275
285		0.539173
284.5		0.896837
284		-0.461184
283.5		1.31759
283		2.51997
282.5		0.514802
282		1.02455
281.5		5.10949
281		1.12264
280.5		0.87437
280		0.540281
279.5		0.27665
279		0.211785
278.5		0.178305
278		0.731319
277.5		0.336476
277		0.143412
276.5		0.629345
276		0.699866
275.5		2.82145
275		3.58847
274.5		-4.65285
274		0.366616
273.5		0.368379
273		-21.702
272.5		0.414041
272		0.251821
271.5		-0.0557119
271		15.9955
270.5		-0.790568
270		2.35193
269.5		-0.628512
269		-1.44622
268.5		0.491969
268		0.296619
267.5		0.458355
267		1.33754
266.5		0.110344
266		0.799155
265.5		1.39743
265		0.900517
264.5		-0.375339
264		0.46299
263.5		0.0290808
263		-0.116587
262.5		-1.76351
262		1.17085
261.5		5.84054
261		-0.351677
260.5		3.02146
260		-0.448746
259.5		2.5912
259		-0.0111388
258.5		0.302372
258		0.305684
257.5		11.7545
257		0.607204
256.5		-0.83053
256		2.23995
255.5		-0.100271
255		0.529672
254.5		0.892434
254		0.383421
253.5		0.294152
253		0.535255
252.5		-0.560153
252		-1.67204
251.5		-0.374498
251		0.610276
250.5		0.709103
250		0.243807
249.5		0.837872
249		0.264216
248.5		0.210173
248		0.645256
247.5		0.394249
247		0.225678
246.5		0.230927
246		1.01087
245.5		-0.575702
245		-7.55237
244.5		-0.762543
244		-20.193
243.5		9.07116
243		-0.310621
242.5		-0.390718
242		0.518691
241.5		23.6342
241		-0.535973
240.5		2.98323
240		0.159977
239.5		-0.0763698
239		0.364813
238.5		0.354518
238		1.48277
237.5		0.565353
237		2.02353
236.5		0.478622
236		0.376248
235.5		-0.0489103
235		0.136637
234.5		-0.275198
234		7.07251
233.5		-0.147777
233		0.671773
232.5		0.553858
232		0.0454881
231.5		-0.757331
231		1.08474
230.5		0.411173
230		9.51954
229.5		0.108689
229		-0.984362
228.5		0.546619
228		0.0389417
227.5		2.70708
227		0.212008
226.5		0.0205097
226		0.772089
225.5		0.2441
225		0.122439
224.5		-0.0828321
224		-0.8809
223.5		-4.18389
223		-1.09878
222.5		-0.121486
222		-0.181393
221.5		-4.50556
221		0.0335359
220.5		1.26087
220		0.888874
219.5		-0.912908
219		0.804436
218.5		7.68961
218		0.332303
217.5		2.87237
217		0.226269
216.5		0.0329388
216		-0.48198
215.5		1.19533
215		0.315187
214.5		4.22766
214		-0.0473427
213.5		0.250893
213		-0.0549281
212.5		0.190798
212		0.108307
211.5		0.244287
211		0.840297
210.5		0.189627
210		-0.149121
209.5		1.05397
209		0.756948
208.5		0.345133
208		-0.265726
207.5		0.790826
207		1.21553
206.5		0.0777146
206		0.0048898
205.5		0.53684
205		0.193179
204.5		-1.20341
204		0.157501
203.5		0.615862
203		-0.0502959
202.5		0.30664
202		-0.00624923
201.5		1.37458
201		0.895655
200.5		-0.686504
200		-0.366527
Data1 - Data2
lambda		value

Calibration:
lambda:	2.46007e+260
Abs:	6.93458e-310

Data:
#
900		-0.0154
899.5		0.0145
899		0.0017
898.5		-0.0036
898		-0.0094
897.5		0.0051
897		0.0239
896.5		-0.0002
896		-0.0016
895.5		0.0086
895		0.001
894.5		-0.0018
894		-0.0012
893.5		0.0042
893		-0.0063
892.5		0.006
892		0.0059
891.5		-0.0025
891		0.0039
890.5		0.005
890		0.0083
889.5		-0.0001
889		-0.0029
888.5		0.0096
888		0.0028
887.5		-0.0031
887		0.0007
886.5		0.0037
886		0.0063
885.5		0.0043
885		0.001
884.5		0.0067
884		0.0105
883.5		-0.0011
883		0.0193
882.5		0.0061
882		0.0081
881.5		-0.0073
881		0.0094
880.5		0.0084
880		0.0061
879.5		0.0072
879		0.0089
878.5		0.0059
878		0.0001
877.5		-0.0009
877		0.0162
876.5		0.011
876		0.0064
875.5		0.0072
875		0.0001
874.5		0.0061
874		0.0019
873.5		-0.0008
873		0.0091
872.5		0.0032
872		0.0051
871.5		0.0085
871		0.0067
870.5		0.0084
870		0.0069
869.5		0.003
869		0.0008
868.5		-0.0014
868		0.0058
867.5		0.0035
867		0.0072
866.5		0.0037
866		0.0018
865.5		0.0028
865		0.0055
864.5		0.0073
864		0.0074
863.5		0.011
863		0.0051
862.5		0.0055
862		0.0025
861.5		0.007
861		0.0031
860.5		0.0038
860		0.0067
859.5		0.0052
859		0.0039
858.5		0.0089
858		0.0097
857.5		0.0052
857		0.0059
856.5		0.0043
856		0.003
855.5		0.0057
855		0.0046
854.5		0.0046
854		0.0039
853.5		0.0029
853		0.0053
852.5		0.0046
852		0.0061
851.5		0.0065
851		0.0042
850.5		0.0055
850		0.005
849.5		0.0037
849		0.0064
848.5		0.0085
848		0.0052
847.5		0.0048
847		0.0078
846.5		0.0066
846		0.0077
845.5		0.0043
845		0.0071
844.5		0.0087
844		0.0056
843.5		0.0071
843		0.0078
842.5		0.0081
842		0.0085
841.5		0.0072
841		0.0061
840.5		0.0081
840		0.0071
839.5		0.0081
839		0.0071
838.5		0.0084
838		0.009
837.5		0.0075
837		0.0076
836.5		0.0094
836		0.0071
835.5		0.0083
835		0.0078
834.5		0.0075
834		0.0088
833.5		0.008
833		0.008
832.5		0.0077
832		0.0077
831.5		0.0097
831		0.0081
830.5		0.008
830		0.0086
829.5		0.0086
829		0.0075
828.5		0.0077
828		0.0075
827.5		0.0079
827		0.0075
826.5		0.0084
826		0.0079
825.5		0.0091
825		0.0073
824.5		0.0071
824		0.0071
823.5		0.0077
823		0.0077
822.5		0.0078
822		0.0084
821.5		0.0085
821		0.0093
820.5		0.0071
820		0.0085
819.5		0.0074
819		0.0089
818.5		0.0083
818		0.0085
817.5		0.0081
817		0.0081
816.5		0.0092
816		0.0069
815.5		0.0079
815		0.0078
814.5		0.0085
814		0.0079
813.5		0.0075
813		0.0074
812.5		0.0085
812		0.0087
811.5		0.0094
811		0.0082
810.5		0.008
810		0.0083
809.5		0.0085
809		0.0079
808.5		0.0074
808		0.0084
807.5		0.009
807		0.0082
806.5		0.0071
806		0.0084
805.5		0.0081
805		0.0073
804.5		0.0066
804		0.0073
803.5		0.0086
803		0.0081
802.5		0.0087
802		0.0081
801.5		0.0079
801		0.008
800.5		0.0083
800		0.0095
799.5		0.0085
799		0.0087
798.5		0.007
798		0.0091
797.5		0.007
797		0.0077
796.5		0.0083
796		0.0087
795.5		0.0075
795		0.0091
794.5		0.0082
794		0.0089
793.5		0.0086
793		0.0089
792.5		0.0082
792		0.0087
791.5		0.0085
791		0.0086
790.5		0.0081
790		0.008
789.5		0.0082
789		0.0083
788.5		0.009
788		0.0078
787.5		0.0086
787		0.0076
786.5		0.0084
786		0.008
785.5		0.0082
785		0.0089
784.5		0.0089
784		0.009
783.5		0.0086
783		0.0084
782.5		0.0089
782		0.0097
781.5		0.0085
781		0.0086
780.5		0.0092
780		0.0087
779.5		0.0081
779		0.0083
778.5		0.008
778		0.008
777.5		0.0092
777		0.0102
776.5		0.0093
776		0.0091
775.5		0.0085
775		0.0092
774.5		0.0082
774		0.009
773.5		0.0082
773		0.0088
772.5		0.0098
772		0.0097
771.5		0.0089
771		0.0086
770.5		0.0078
770		0.0086
769.5		0.0088
769		0.0091
768.5		0.0081
768		0.0086
767.5		0.0093
767		0.0103
766.5		0.0094
766		0.0091
765.5		0.0105
765		0.0097
764.5		0.0093
764		0.0089
763.5		0.009
763		0.009
762.5		0.0104
762		0.0092
761.5		0.0101
761		0.0099
760.5		0.0099
760		0.0106
759.5		0.0086
759		0.0089
758.5		0.0099
758		0.0093
757.5		0.0113
757		0.0106
756.5		0.0099
756		0.0115
755.5		0.0101
755		0.0101
754.5		0.0103
754		0.0099
753.5		0.01
753		0.0095
752.5		0.0104
752		0.0103
751.5		0.0109
751		0.0112
750.5		0.0111
750		0.0108
749.5		0.0098
749		0.0111
748.5		0.0105
748		0.0117
747.5		0.0109
747		0.0102
746.5		0.0115
746		0.0112
745.5		0.0108
745		0.0103
744.5		0.0108
744		0.0111
743.5		0.0117
743		0.0115
742.5		0.0112
742		0.0121
741.5		0.0113
741		0.0117
740.5		0.0108
740		0.011
739.5		0.0119
739		0.0119
738.5		0.0118
738		0.0113
737.5		0.0115
737		0.0129
736.5		0.0115
736		0.0121
735.5		0.0112
735		0.0135
734.5		0.0128
734		0.0124
733.5		0.0124
733		0.0118
732.5		0.0123
732		0.0118
731.5		0.0124
731		0.0128
730.5		0.0127
730		0.0133
729.5		0.0133
729		0.0134
728.5		0.0131
728		0.0135
727.5		0.0141
727		0.0135
726.5		0.0132
726		0.0142
725.5		0.015
725		0.0147
724.5		0.0155
724		0.0149
723.5		0.0142
723		0.0144
722.5		0.0141
722		0.0164
721.5		0.0152
721		0.0164
720.5		0.0155
720		0.0165
719.5		0.0161
719		0.0161
718.5		0.016
718		0.0161
717.5		0.0151
717		0.0151
716.5		0.0167
716		0.0149
715.5		0.015
715		0.0152
714.5		0.0137
714		0.015
713.5		0.0145
713		0.0146
712.5		0.0153
712		0.0135
711.5		0.0146
711		0.0142
710.5		0.0146
710		0.0143
709.5		0.0149
709		0.0144
708.5		0.0145
708		0.0149
707.5		0.013
707		0.0137
706.5		0.0137
706		0.0141
705.5		0.0149
705		0.0128
704.5		0.0151
704		0.015
703.5		0.0141
703		0.0147
702.5		0.015
702		0.015
701.5		0.0147
701		0.015
700.5		0.0153
700		0.0143
699.5		0.0148
699		0.0143
698.5		0.0155
698		0.0153
697.5		0.0146
697		0.0154
696.5		0.0155
696		0.0154
695.5		0.0149
695		0.0163
694.5		0.015
694		0.0149
693.5		0.015
693		0.0157
692.5		0.0156
692		0.0153
691.5		0.016
691		0.0161
690.5		0.0151
690		0.0153
689.5		0.0147
689		0.0159
688.5		0.0148
688		0.0155
687.5		0.0156
687		0.0166
686.5		0.0157
686		0.0167
685.5		0.0148
685		0.016
684.5		0.016
684		0.0158
683.5		0.0161
683		0.0165
682.5		0.0162
682		0.0163
681.5		0.016
681		0.0156
680.5		0.0156
680		0.017
679.5		0.0167
679		0.0162
678.5		0.0166
678		0.0158
677.5		0.0167
677		0.0159
676.5		0.0159
676		0.0165
675.5		0.017
675		0.0167
674.5		0.0174
674		0.0171
673.5		0.0164
673		0.016
672.5		0.0174
672		0.0175
671.5		0.0164
671		0.0171
670.5		0.0171
670		0.017
669.5		0.0175
669		0.0174
668.5		0.0177
668		0.0175
667.5		0.0178
667		0.0171
666.5		0.0181
666		0.0178
665.5		0.0174
665		0.0181
664.5		0.0173
664		0.0172
663.5		0.018
663		0.0179
662.5		0.0184
662		0.0177
661.5		0.018
661		0.0186
660.5		0.0184
660		0.0176
659.5		0.0173
659		0.0179
658.5		0.0186
658		0.0187
657.5		0.0186
657		0.0174
656.5		0.0181
656		0.0179
655.5		0.0188
655		0.0186
654.5		0.0186
654		0.0172
653.5		0.0195
653		0.0187
652.5		0.0186
652		0.0187
651.5		0.0185
651		0.0192
650.5		0.0186
650		0.0189
649.5		0.0184
649		0.0192
648.5		0.0185
648		0.0191
647.5		0.02
647		0.0185
646.5		0.0196
646		0.0185
645.5		0.0189
645		0.0186
644.5		0.0196
644		0.0193
643.5		0.0178
643		0.0186
642.5		0.0183
642		0.0197
641.5		0.0183
641		0.0187
640.5		0.0184
640		0.0192
639.5		0.0189
639		0.0174
638.5		0.0185
638		0.0181
637.5		0.0185
637		0.0177
636.5		0.0172
636		0.018
635.5		0.0174
635		0.0183
634.5		0.0173
634		0.0177
633.5		0.0171
633		0.018
632.5		0.0175
632		0.0169
631.5		0.0174
631		0.0168
630.5		0.0173
630		0.0175
629.5		0.017
629		0.0167
628.5		0.0174
628		0.018
627.5		0.0176
627		0.0181
626.5		0.0173
626		0.0185
625.5		0.0179
625		0.019
624.5		0.0193
624		0.0188
623.5		0.0196
623		0.0197
622.5		0.0191
622		0.0196
621.5		0.0203
621		0.0208
620.5		0.0203
620		0.0208
619.5		0.0205
619		0.0207
618.5		0.0217
618		0.0204
617.5		0.0208
617		0.0203
616.5		0.0212
616		0.0208
615.5		0.0202
615		0.0208
614.5		0.0216
614		0.0206
613.5		0.021
613		0.0204
612.5		0.0207
612		0.0205
611.5		0.0209
611		0.0212
610.5		0.0206
610		0.0218
609.5		0.0205
609		0.0207
608.5		0.0208
608		0.0212
607.5		0.0205
607		0.0205
606.5		0.0204
606		0.0198
605.5		0.0201
605		0.0204
604.5		0.0209
604		0.021
603.5		0.0203
603		0.0209
602.5		0.0207
602		0.021
601.5		0.0203
601		0.0209
600.5		0.0206
600		0.0208
599.5		0.0203
599		0.0196
598.5		0.0202
598		0.0201
597.5		0.0206
597		0.0196
596.5		0.0198
596		0.0212
595.5		0.0199
595		0.0203
594.5		0.0204
594		0.0199
593.5		0.0206
593		0.0202
592.5		0.0202
592		0.0204
591.5		0.0197
591		0.0202
590.5		0.0204
590		0.0198
589.5		0.0198
589		0.0205
588.5		0.0201
588		0.0195
587.5		0.0202
587		0.019
586.5		0.0191
586		0.0194
585.5		0.0195
585		0.0201
584.5		0.0192
584		0.0198
583.5		0.0199
583		0.0193
582.5		0.02
582		0.0189
581.5		0.0194
581		0.0188
580.5		0.0193
580		0.0193
579.5		0.0194
579		0.0183
578.5		0.0189
578		0.0195
577.5		0.0184
577		0.0194
576.5		0.0181
576		0.0192
575.5		0.0189
575		0.0188
574.5		0.0189
574		0.0189
573.5		0.0194
573		0.0194
572.5		0.0185
572		0.0184
571.5		0.0188
571		0.0175
570.5		0.0192
570		0.0187
569.5		0.018
569		0.0191
568.5		0.0184
568		0.0173
567.5		0.0184
567		0.0184
566.5		0.0177
566		0.0184
565.5		0.0172
565		0.0173
564.5		0.0176
564		0.0183
563.5		0.018
563		0.0174
562.5		0.0172
562		0.0179
561.5		0.0171
561		0.0171
560.5		0.0166
560		0.016
559.5		0.0164
559		0.0154
558.5		0.0163
558		0.0149
557.5		0.0155
557		0.0152
556.5		0.0153
556		0.0161
555.5		0.0148
555		0.0158
554.5		0.0144
554		0.0156
553.5		0.0148
553		0.0154
552.5		0.0151
552		0.0144
551.5		0.0158
551		0.0146
550.5		0.0151
550		0.0145
549.5		0.0143
549		0.0142
548.5		0.0146
548		0.0144
547.5		0.0149
547		0.0144
546.5		0.014
546		0.0154
545.5		0.0143
545		0.0142
544.5		0.0134
544		0.0136
543.5		0.0147
543		0.0134
542.5		0.0136
542		0.0138
541.5		0.0137
541		0.0143
540.5		0.0135
540		0.0132
539.5		0.0139
539		0.0135
538.5		0.0133
538		0.0133
537.5		0.0142
537		0.0138
536.5		0.013
536		0.0121
535.5		0.0132
535		0.0123
534.5		0.0127
534		0.0134
533.5		0.0126
533		0.0123
532.5		0.0136
532		0.0124
531.5		0.0128
531		0.0132
530.5		0.0123
530		0.0128
529.5		0.0115
529		0.0116
528.5		0.0124
528		0.012
527.5		0.0118
527		0.0118
526.5		0.0118
526		0.0116
525.5		0.0124
525		0.0116
524.5		0.0116
524		0.0119
523.5		0.0113
523		0.0122
522.5		0.0114
522		0.0116
521.5		0.0114
521		0.012
520.5		0.0111
520		0.0102
519.5		0.0112
519		0.0102
518.5		0.0121
518		0.0099
517.5		0.0105
517		0.01
516.5		0.0106
516		0.0111
515.5		0.0096
515		0.0101
514.5		0.0091
514		0.0094
513.5		0.0092
513		0.0098
512.5		0.0091
512		0.0087
511.5		0.0087
511		0.0084
510.5		0.0089
510		0.0087
509.5		0.0089
509		0.009
508.5		0.0076
508		0.0079
507.5		0.0082
507		0.0095
506.5		0.0081
506		0.0086
505.5		0.0082
505		0.009
504.5		0.0082
504		0.0082
503.5		0.0083
503		0.0086
502.5		0.0085
502		0.0094
501.5		0.01
501		0.009
500.5		0.0088
500		0.0091
499.5		0.0096
499		0.0093
498.5		0.0085
498		0.0101
497.5		0.0097
497		0.0088
496.5		0.0096
496		0.0102
495.5		0.0089
495		0.0089
494.5		0.0091
494		0.0098
493.5		0.0102
493		0.0101
492.5		0.0104
492		0.009
491.5		0.0105
491		0.0091
490.5		0.0107
490		0.0099
489.5		0.0097
489		0.0099
488.5		0.0104
488		0.0106
487.5		0.0093
487		0.0098
486.5		0.0097
486		0.0092
485.5		0.0102
485		0.0085
484.5		0.0112
484		0.009
483.5		0.0099
483		0.009
482.5		0.0096
482		0.0099
481.5		0.0092
481		0.01
480.5		0.0088
480		0.0105
479.5		0.0103
479		0.0088
478.5		0.0101
478		0.0084
477.5		0.0103
477		0.0103
476.5		0.0098
476		0.0088
475.5		0.0112
475		0.0107
474.5		0.01
474		0.0096
473.5		0.0091
473		0.0104
472.5		0.0105
472		0.0098
471.5		0.0106
471		0.0106
470.5		0.0103
470		0.0103
469.5		0.0109
469		0.0108
468.5		0.0109
468		0.0103
467.5		0.0098
467		0.0112
466.5		0.0109
466		0.0105
465.5		0.0107
465		0.0117
464.5		0.0123
464		0.0114
463.5		0.01
463		0.0111
462.5		0.0116
462		0.011
461.5		0.0108
461		0.0101
460.5		0.0113
460		0.0106
459.5		0.0103
459		0.0098
458.5		0.011
458		0.0102
457.5		0.0104
457		0.0101
456.5		0.0101
456		0.0102
455.5		0.0095
455		0.0096
454.5		0.0086
454		0.0088
453.5		0.0084
453		0.0086
452.5		0.0082
452		0.0087
451.5		0.0091
451		0.007
450.5		0.008
450		0.0066
449.5		0.0062
449		0.0073
448.5		0.007
448		0.0072
447.5		0.006
447		0.0065
446.5		0.0078
446		0.0072
445.5		0.0066
445		0.0076
444.5		0.0061
444		0.0065
443.5		0.0083
443		0.0064
442.5		0.0071
442		0.0067
441.5		0.0073
441		0.0067
440.5		0.0067
440		0.0074
439.5		0.0067
439		0.0075
438.5		0.0064
438		0.0065
437.5		0.0056
437		0.008
436.5		0.0082
436		0.0064
435.5		0.0075
435		0.0074
434.5		0.0078
434		0.0071
433.5		0.0083
433		0.0081
432.5		0.0077
432		0.0077
431.5		0.0068
431		0.0068
430.5		0.007
430		0.0076
429.5		0.0091
429		0.0067
428.5		0.008
428		0.0075
427.5		0.0077
427		0.0076
426.5		0.0076
426		0.0081
425.5		0.0076
425		0.0081
424.5		0.0078
424		0.0074
423.5		0.0085
423		0.0082
422.5		0.0079
422		0.0066
421.5		0.0082
421		0.009
420.5		0.0092
420		0.0078
419.5		0.008
419		0.0072
418.5		0.0086
418		0.0078
417.5		0.0071
417		0.0085
416.5		0.0077
416		0.0081
415.5		0.0081
415		0.0081
414.5		0.0085
414		0.0079
413.5		0.0092
413		0.0078
412.5		0.0083
412		0.0089
411.5		0.0087
411		0.0065
410.5		0.0085
410		0.0075
409.5		0.0082
409		0.0086
408.5		0.0073
408		0.0089
407.5		0.0073
407		0.0077
406.5		0.0088
406		0.0089
405.5		0.008
405		0.0084
404.5		0.0084
404		0.007
403.5		0.0076
403		0.0078
402.5		0.0096
402		0.0091
401.5		0.008
401		0.0088
400.5		0.007
400		0.0084
399.5		0.0078
399		0.0076
398.5		0.0089
398		0.0078
397.5		0.008
397		0.0086
396.5		0.0087
396		0.0073
395.5		0.007
395		0.01
394.5		0.0071
394		0.0077
393.5		0.0085
393		0.009
392.5		0.008
392		0.0064
391.5		0.0075
391		0.0091
390.5		0.0097
390		0.0082
389.5		0.0077
389		0.0073
388.5		0.009
388		0.0095
387.5		0.0074
387		0.0086
386.5		0.0089
386		0.0099
385.5		0.0088
385		0.008
384.5		0.0098
384		0.0093
383.5		0.0115
383		0.0086
382.5		0.0086
382		0.0092
381.5		0.0098
381		0.0091
380.5		0.0061
380		0.0099
379.5		0.0093
379		0.0095
378.5		0.0096
378		0.0102
377.5		0.0099
377		0.0099
376.5		0.0072
376		0.0087
375.5		0.01
375		0.0085
374.5		0.0117
374		0.0094
373.5		0.0095
373		0.0105
372.5		0.0111
372		0.0125
371.5		0.0094
371		0.0101
370.5		0.0118
370		0.0125
369.5		0.0103
369		0.0113
368.5		0.0086
368		0.0093
367.5		0.0099
367		0.0078
366.5		0.0101
366		0.011
365.5		0.009
365		0.0116
364.5		0.0092
364		0.0111
363.5		0.0129
363		0.0098
362.5		0.0086
362		0.0086
361.5		0.012
361		0.0115
360.5		0.0117
360		0.0081
359.5		0.009
359		0.0121
358.5		0.0097
358		0.0102
357.5		0.0079
357		0.0115
356.5		0.01
356		0.011
355.5		0.0095
355		0.0087
354.5		0.0101
354		0.0085
353.5		0.0078
353		0.0113
352.5		0.0104
352		0.0097
351.5		0.0096
351		0.0106
350.5		0.0094
350		0.0107
349.5		0.0096
349		0.0147
348.5		0.0096
348		0.0091
347.5		0.0085
347		0.0109
346.5		0.008
346		0.0093
345.5		0.0107
345		0.0123
344.5		0.014
344		0.0088
343.5		0.008
343		0.0147
342.5		0.0117
342		0.01
341.5		0.0101
341		0.0104
340.5		0.0104
340		0.0051
339.5		0.0118
339		0.0048
338.5		0.0119
338		0.0081
337.5		0.0097
337		0.0087
336.5		0.0103
336		0.0095
335.5		0.009
335		0.0082
334.5		0.0086
334		0.0076
333.5		0.0129
333		0.0068
332.5		0.008
332		0.0083
331.5		0.0098
331		0.0062
330.5		0.0105
330		0.0134
329.5		0.0058
329		0.0115
328.5		0.0087
328		0.0064
327.5		0.0097
327		0.0081
326.5		0.0092
326		0.0104
325.5		0.0125
325		0.0114
324.5		0.01
324		0.012
323.5		0.0127
323		0.0077
322.5		0.0068
322		0.0107
321.5		0.0066
321		0.0065
320.5		0.0081
320		0.0173
319.5		0.01
319		0.0075
318.5		0.0169
318		0.0086
317.5		0.0081
317		0.0116
316.5		0.0064
316		0.0164
315.5		0.0074
315		0.0115
314.5		0.0122
314		0.0052
313.5		0.0141
313		0.0145
312.5		0.0097
312		0.0177
311.5		0.0137
311		0.0198
310.5		0.0228
310		0.0051
309.5		0.0194
309		0.0251
308.5		0.0156
308		0.0108
307.5		0.013
307		0.0097
306.5		0.0169
306		0.0192
305.5		0.0369
305		0.0359
304.5		0.0199
304		0.038
303.5		0.061
303		-0.0076
302.5		0.0052
302		0.0036
301.5		0.018
301		0.013
300.5		-0.0182
300		-0.0192
299.5		0.0274
299		-0.0176
298.5		0.0401
298		0.1761
297.5		0.0301
297		-0.0138
296.5		0.1062
296		0.1345
295.5		0.0607
295		0.4335
294.5		-0.4767
294		0.1417
293.5		-0.2752
293		0.4687
292.5		-0.8991
292		1.0218
291.5		-0.692
291		0.6131
290.5		-6.7879
290		0.0268
289.5		0.8718
289		12.5955
288.5		-0.0125
288		2.1289
287.5		4.0471
287		0.1512
286.5		-0.0594
286		0.9764
285.5		-5.1307
285		-27.9957
284.5		-1.2035
284		0.9156
283.5		-1.0075
283		-2.3326
282.5		-0.9483
282		-1.5594
281.5		-6.754
281		-1.1478
280.5		-1.0346
280		-0.6444
279.5		0.0173
279		0.7199
278.5		0.3251
278		-0.6645
277.5		0.6582
277		0.8613
276.5		-0.8934
276		-0.6919
275.5		-2.7054
275		-4.8262
274.5		12.0274
274		-0.129
273.5		-0.0582
273		33.568
272.5		0.2462
272		0.3097
271.5		-28.1829
271		-24.0991
270.5		1.247
270		-2.5395
269.5		-0.9354
269		3.9603
268.5		-0.1601
268		-0.3782
267.5		-0.4973
267		-0.5641
266.5		0.2081
266		0.4926
265.5		-3.5213
265		0.0326
264.5		0.9162
264		0.4978
263.5		-0.0621
263		0.556
262.5		2.9412
262		-1.4074
261.5		-9.5269
261		-1.3755
260.5		-4.404
260		-1.5662
259.5		-3.369
259		0.616
258.5		0.4243
258		-0.2892
257.5		-18.7406
257		-0.4083
256.5		1.9414
256		-4.7275
255.5		3.0646
255		0.1818
254.5		-1.0171
254		-0.0669
253.5		0.7217
253		-0.182
252.5		1.1869
252		4.5389
251.5		1.1108
251		-0.484
250.5		-1.1345
250		0.0405
249.5		0.1384
249		-2.3596
248.5		0.1394
248		-1.5107
247.5		-5.1854
247		0.2407
246.5		-1.4868
246		-2.1043
245.5		1.8933
245		16.2025
244.5		0.5085
244		36.4871
243.5		-16.0038
243		9.6247
242.5		1.3725
242		0.8642
241.5		-42.4479
241		8.6284
240.5		-5.2786
240		0.5677
239.5		1.4935
239		-0.2331
238.5		-2.2343
238		-0.8253
237.5		-0.565
237		-2.4001
236.5		0.1693
236		0.565
235.5		1.1337
235		0.5944
234.5		1.9408
234		-13.7976
233.5		0.5295
233		-1.8424
232.5		-0.6862
232		0.4034
231.5		1.4033
231		-0.0376
230.5		3.3718
230		-16.1405
229.5		1.4003
229		1.4302
228.5		-2.0552
228		0.3039
227.5		-5.3831
227		-2.5117
226.5		0.346
226		-1.3938
225.5		0.1916
225		-0.5961
224.5		1.1244
224		2.5638
223.5		10.8826
223		3.13
222.5		0.6697
222		0.5992
221.5		10.274
221		0.3522
220.5		-2.4534
220		1.0476
219.5		3.0176
219		-20.2962
218.5		-11.275
218		-0.7401
217.5		-7.3349
217		-0.4503
216.5		1.0542
216		1.539
215.5		-1.4093
215		-0.2277
214.5		-9.2485
214		0.873
213.5		-0.6675
213		-2.4796
212.5		2.1769
212		-0.5635
211.5		0.7262
211		-1.2065
210.5		2.6828
210		4.8231
209.5		-97.3819
209		-1.4306
208.5		1.6401
208		0.7945
207.5		-1.3077
207		-1.5295
206.5		-0.971
206		0.0845
205.5		-0.1152
205		0.1037
204.5		6.7266
204		-3.4313
203.5		6.8204
203		3.4116
202.5		-0.3953
202		-6.8626
201.5		-2.7757
201		-0.9792
200.5		2.325
200		0.9511
