Data1:
lambda		value

Calibration:
lambda:	800
Abs:	0

Data:
#
900		0.106332
899.5		0.0996459
899		0.0941473
898.5		0.0915176
898		0.0952334
897.5		0.0897259
897		0.100185
896.5		0.0935517
896		0.0920606
895.5		0.0911591
895		0.0938981
894.5		0.0978599
894		0.0944231
893.5		0.0956835
893		0.0963893
892.5		0.0887389
892		0.0977656
891.5		0.0942361
891		0.0930891
890.5		0.0942225
890		0.0947182
889.5		0.0857286
889		0.0971497
888.5		0.101268
888		0.090261
887.5		0.0908634
887		0.0905411
886.5		0.0980789
886		0.0932912
885.5		0.0924178
885		0.0895948
884.5		0.0912867
884		0.0980593
883.5		0.0986112
883		0.0920592
882.5		0.0911111
882		0.0925352
881.5		0.0941549
881		0.0907551
880.5		0.0949361
880		0.094692
879.5		0.0932522
879		0.0963489
878.5		0.0947411
878		0.0921502
877.5		0.0959233
877		0.0986447
876.5		0.0903778
876		0.094739
875.5		0.0994722
875		0.0953299
874.5		0.0969114
874		0.0942255
873.5		0.0949675
873		0.0964257
872.5		0.0964939
872		0.0928913
871.5		0.0979035
871		0.0961149
870.5		0.0940078
870		0.0933654
869.5		0.0939028
869		0.0961096
868.5		0.0940411
868		0.0944112
867.5		0.0916633
867		0.0932974
866.5		0.0948803
866		0.0951195
865.5		0.0970515
865		0.0977156
864.5		0.0932396
864		0.0945636
863.5		0.0985719
863		0.0938743
862.5		0.0928885
862		0.0942051
861.5		0.0964528
861		0.0957789
860.5		0.0938722
860		0.0951012
859.5		0.0962343
859		0.0945155
858.5		0.0962551
858		0.0957721
857.5		0.0939403
857		0.094141
856.5		0.0955212
856		0.0943508
855.5		0.0967231
855		0.096739
854.5		0.0943191
854		0.0952711
853.5		0.0948319
853		0.0951909
852.5		0.0945999
852		0.0954967
851.5		0.0961271
851		0.0955062
850.5		0.0957752
850		0.0946628
849.5		0.0955766
849		0.0956616
848.5		0.095285
848		0.0957552
847.5		0.0949042
847		0.0959431
846.5		0.0960174
846		0.0967997
845.5		0.0954078
845		0.0955628
844.5		0.0963665
844		0.0959202
843.5		0.0949056
843		0.0959905
842.5		0.0962033
842		0.0954635
841.5		0.0959121
841		0.0963665
840.5		0.0965285
840		0.0964236
839.5		0.0961406
839		0.0962794
838.5		0.0958309
838		0.0964643
837.5		0.0961615
837		0.0958606
836.5		0.0965374
836		0.0964678
835.5		0.0962376
835		0.0960508
834.5		0.0966236
834		0.0963066
833.5		0.0967358
833		0.0965052
832.5		0.0965209
832		0.0962705
831.5		0.0967197
831		0.0965785
830.5		0.096681
830		0.0964982
829.5		0.0967324
829		0.0962551
828.5		0.096562
828		0.0963051
827.5		0.0963015
827		0.0962727
826.5		0.0965043
826		0.0963879
825.5		0.0959641
825		0.0958084
824.5		0.096507
824		0.0961558
823.5		0.0965324
823		0.0960176
822.5		0.0963675
822		0.0963591
821.5		0.0960751
821		0.0960655
820.5		0.0956938
820		0.0958371
819.5		0.0961904
819		0.0958287
818.5		0.0960367
818		0.0960769
817.5		0.0958492
817		0.0958712
816.5		0.0958138
816		0.0952999
815.5		0.0956227
815		0.0962155
814.5		0.0953905
814		0.0958287
813.5		0.0960576
813		0.0954
812.5		0.0953333
812		0.0953809
811.5		0.0953763
811		0.0952714
810.5		0.0953189
810		0.0953714
809.5		0.0946539
809		0.095057
808.5		0.094938
808		0.094819
807.5		0.0951761
807		0.0950905
806.5		0.0951857
806		0.0948949
805.5		0.0949335
805		0.0951141
804.5		0.0944528
804		0.0945149
803.5		0.0944756
803		0.0945865
802.5		0.0943
802		0.0942022
801.5		0.094053
801		0.0944795
800.5		0.0939089
800		0.0945
799.5		0.0941
799		0.0939028
798.5		0.0940342
798		0.0936345
797.5		0.0940599
797		0.0935252
796.5		0.0937875
796		0.093513
795.5		0.0937594
795		0.0935813
794.5		0.0934533
794		0.0933693
793.5		0.0933945
793		0.0933
792.5		0.0930442
792		0.0933026
791.5		0.0930673
791		0.0929538
790.5		0.0930697
790		0.0928657
789.5		0.0930535
789		0.0929327
788.5		0.0928814
788		0.0923062
787.5		0.092624
787		0.0927351
786.5		0.0924688
786		0.0922035
785.5		0.0926166
785		0.0920764
784.5		0.0923154
784		0.0919976
783.5		0.0921328
783		0.0921723
782.5		0.0918978
782		0.0915886
781.5		0.0915261
781		0.0918337
780.5		0.0919426
780		0.091616
779.5		0.091408
779		0.0912991
778.5		0.0909634
778		0.0912631
777.5		0.0915065
777		0.0912714
776.5		0.0908275
776		0.0903117
775.5		0.0908548
775		0.0909908
774.5		0.0904208
774		0.0909
773.5		0.0906281
773		0.0906104
772.5		0.0904738
772		0.0901134
771.5		0.0907186
771		0.0902121
770.5		0.0901672
770		0.0899212
769.5		0.0900757
769		0.0897589
768.5		0.0893888
768		0.0894705
767.5		0.08975
767		0.0892093
766.5		0.0895597
766		0.0894585
765.5		0.0890704
765		0.0890411
764.5		0.0892323
764		0.0890084
763.5		0.0885697
763		0.0886768
762.5		0.0887539
762		0.0885017
761.5		0.0881009
761		0.0886278
760.5		0.0882207
760		0.0885899
759.5		0.0882675
759		0.0878728
758.5		0.0880509
758		0.0876565
757.5		0.0880072
757		0.0876007
756.5		0.0872503
756		0.0876879
755.5		0.0872376
755		0.0870127
754.5		0.087255
754		0.0867797
753.5		0.0874415
753		0.0869998
752.5		0.0866024
752		0.0869868
751.5		0.0864136
751		0.0865719
750.5		0.0865203
750		0.0863216
749.5		0.0864161
749		0.0860599
748.5		0.0860322
748		0.0863474
747.5		0.0858646
747		0.0860354
746.5		0.0855641
746		0.0857597
745.5		0.0854506
745		0.0854336
744.5		0.0856803
744		0.0850748
743.5		0.0854735
743		0.0852013
742.5		0.0851845
742		0.0851422
741.5		0.0846618
741		0.0848599
740.5		0.0845056
740		0.08462
739.5		0.0847878
739		0.0844625
738.5		0.0845948
738		0.084323
737.5		0.0842563
737		0.0842969
736.5		0.0841897
736		0.084017
735.5		0.0841398
735		0.083885
734.5		0.0835221
734		0.0837609
733.5		0.0838347
733		0.083432
732.5		0.0831611
732		0.0832924
731.5		0.0831286
731		0.0832597
730.5		0.0830712
730		0.0827532
729.5		0.0830229
729		0.0825589
728.5		0.0827317
728		0.0823886
727.5		0.0826519
727		0.0824722
726.5		0.0825375
726		0.0824682
725.5		0.0825893
725		0.082156
724.5		0.0820463
724		0.0819451
723.5		0.0823552
723		0.0818697
722.5		0.0818008
722		0.081514
721.5		0.0819064
721		0.08125
720.5		0.0814514
720		0.0812394
719.5		0.0811572
719		0.0811141
718.5		0.0812254
718		0.0807087
717.5		0.0812002
717		0.0812962
716.5		0.0806935
716		0.0809086
715.5		0.0802446
715		0.0800038
714.5		0.0807217
714		0.0801599
713.5		0.0801567
713		0.0802528
712.5		0.0800654
712		0.0797801
711.5		0.0801006
711		0.0794882
710.5		0.079689
710		0.0797696
709.5		0.0795
709		0.0795299
708.5		0.0796113
708		0.0793324
707.5		0.0792635
707		0.079326
706.5		0.0792196
706		0.0793604
705.5		0.0793182
705		0.0790459
704.5		0.0790899
704		0.0790019
703.5		0.0786882
703		0.0787944
702.5		0.0787813
702		0.0788046
701.5		0.0786284
701		0.0785919
700.5		0.0786306
700		0.078385
699.5		0.0784953
699		0.0782866
698.5		0.0783792
698		0.0783733
697.5		0.0782128
697		0.0782283
696.5		0.0784198
696		0.0780834
695.5		0.0779464
695		0.0777034
694.5		0.0779105
694		0.0780156
693.5		0.07794
693		0.077758
692.5		0.0774766
692		0.0778348
691.5		0.0777361
691		0.0775148
690.5		0.0775692
690		0.0773939
689.5		0.0774321
689		0.0775998
688.5		0.0772193
688		0.0774787
687.5		0.0770901
687		0.0772269
686.5		0.0773181
686		0.0771132
685.5		0.0774321
685		0.0772346
684.5		0.0769307
684		0.0769687
683.5		0.0769155
683		0.0767711
682.5		0.0769763
682		0.0768851
681.5		0.076581
681		0.0767713
680.5		0.076695
680		0.0766723
679.5		0.0766193
679		0.0766413
678.5		0.0767253
678		0.0765503
677.5		0.0766416
677		0.0767102
676.5		0.0767707
676		0.0767099
675.5		0.0765806
675		0.0767403
674.5		0.0764438
674		0.0764281
673.5		0.0765119
673		0.0767785
672.5		0.07636
672		0.0764741
671.5		0.0764892
671		0.0764968
670.5		0.0766033
670		0.0762678
669.5		0.0762536
669		0.0763291
668.5		0.0762376
668		0.0765276
667.5		0.07636
667		0.0764205
666.5		0.0762536
666		0.0765569
665.5		0.07636
665		0.0764584
664.5		0.0765493
664		0.0761246
663.5		0.0763971
663		0.0763744
662.5		0.0763215
662		0.0763669
661.5		0.0764508
661		0.0764432
660.5		0.0764584
660		0.0763896
659.5		0.0764274
659		0.0764887
658.5		0.0766409
658		0.0766789
657.5		0.0764962
657		0.0766333
656.5		0.0765038
656		0.0767324
655.5		0.0767703
655		0.0767324
654.5		0.0768087
654		0.0767933
653.5		0.0768773
653		0.0770759
652.5		0.0768697
652		0.0769918
651.5		0.0770225
651		0.076984
650.5		0.0769231
650		0.0771369
649.5		0.0771218
649		0.0772136
648.5		0.0772669
648		0.0771679
647.5		0.0772366
647		0.0773827
646.5		0.0771679
646		0.077336
645.5		0.0775271
645		0.0773519
644.5		0.0775356
644		0.0778509
643.5		0.0775974
643		0.0778509
642.5		0.0778443
642		0.078005
641.5		0.0779675
641		0.0779208
640.5		0.078005
640		0.078347
639.5		0.0783078
639		0.0780922
638.5		0.0783096
638		0.0784255
637.5		0.0786991
637		0.0786833
636.5		0.0785987
636		0.0790188
635.5		0.0786777
635		0.0790295
634.5		0.0789447
634		0.0792867
633.5		0.0791969
633		0.0796487
632.5		0.0793859
632		0.0797614
631.5		0.0796487
631		0.079899
630.5		0.0798222
630		0.080113
629.5		0.0803067
629		0.0801369
628.5		0.0803904
628		0.0805383
627.5		0.0805047
627		0.0811461
626.5		0.0807224
626		0.0809842
625.5		0.0811966
625		0.0811319
624.5		0.0813137
624		0.0813369
623.5		0.0814137
623		0.0816708
622.5		0.0816686
622		0.0816907
621.5		0.0819961
621		0.082284
620.5		0.0824481
620		0.0823037
619.5		0.0822317
619		0.0827097
618.5		0.0828804
618		0.0827111
617.5		0.0828161
617		0.0831472
616.5		0.0833577
616		0.083463
615.5		0.0838114
615		0.0838364
614.5		0.0836735
614		0.0842341
613.5		0.0842576
613		0.0843069
612.5		0.0845345
612		0.0846468
611.5		0.0848432
611		0.085214
610.5		0.0853552
610		0.0854975
609.5		0.0855199
609		0.0856837
608.5		0.0858699
608		0.08617
607.5		0.0864702
607		0.086618
606.5		0.0866861
606		0.08691
605.5		0.0871974
605		0.0873201
604.5		0.0873116
604		0.0883183
603.5		0.0879922
603		0.088181
602.5		0.0884354
602		0.0887269
601.5		0.088835
601		0.0891397
600.5		0.08918
600		0.0894348
599.5		0.0900525
599		0.0895797
598.5		0.090265
598		0.0902569
597.5		0.0907413
597		0.0911387
596.5		0.0911559
596		0.0914297
595.5		0.0915432
595		0.0917458
594.5		0.0921167
594		0.0925208
593.5		0.0930345
593		0.0932261
592.5		0.0935774
592		0.0935168
591.5		0.0936895
591		0.093874
590.5		0.0942464
590		0.0946574
589.5		0.0952565
589		0.0949202
588.5		0.095473
588		0.0960496
587.5		0.0962898
587		0.0965277
586.5		0.0966184
586		0.096687
585.5		0.0974359
585		0.0972785
584.5		0.0976717
584		0.0983765
583.5		0.0985236
583		0.0990808
582.5		0.0995169
582		0.0997682
581.5		0.0998551
581		0.100212
580.5		0.100657
580		0.100849
579.5		0.101168
579		0.101515
578.5		0.101561
578		0.102153
577.5		0.102487
577		0.102633
576.5		0.103182
576		0.103558
575.5		0.104175
575		0.104233
574.5		0.104984
574		0.10503
573.5		0.105071
573		0.10605
572.5		0.106248
572		0.10651
571.5		0.107078
571		0.107569
570.5		0.107741
570		0.108392
569.5		0.10848
569		0.108878
568.5		0.109124
568		0.109554
567.5		0.110148
567		0.110812
566.5		0.110844
566		0.111197
565.5		0.112114
565		0.112458
564.5		0.112671
564		0.113278
563.5		0.113907
563		0.113976
562.5		0.115
562		0.114908
561.5		0.115329
561		0.116246
560.5		0.116299
560		0.117088
559.5		0.117636
559		0.117873
558.5		0.118156
558		0.11897
557.5		0.119125
557		0.119793
556.5		0.120238
556		0.120637
555.5		0.121282
555		0.121598
554.5		0.122241
554		0.122795
553.5		0.123466
553		0.123981
552.5		0.12421
552		0.124928
551.5		0.125359
551		0.126006
550.5		0.126497
550		0.126875
549.5		0.127672
549		0.127953
548.5		0.128699
548		0.128838
547.5		0.129799
547		0.130397
546.5		0.13105
546		0.131662
545.5		0.13228
545		0.132384
544.5		0.133576
544		0.1339
543.5		0.134314
543		0.134577
542.5		0.135223
542		0.13592
541.5		0.136559
541		0.136845
540.5		0.137786
540		0.138204
539.5		0.13913
539		0.139491
538.5		0.139928
538		0.140744
537.5		0.141237
537		0.142189
536.5		0.142653
536		0.143143
535.5		0.143687
535		0.144027
534.5		0.145101
534		0.145635
533.5		0.146051
533		0.147022
532.5		0.147432
532		0.148339
531.5		0.148871
531		0.149558
530.5		0.150505
530		0.151071
529.5		0.151417
529		0.152468
528.5		0.152807
528		0.153663
527.5		0.154586
527		0.154936
526.5		0.155765
526		0.156797
525.5		0.157169
525		0.158281
524.5		0.158325
524		0.159322
523.5		0.160187
523		0.16051
522.5		0.161401
522		0.16183
521.5		0.162873
521		0.163602
520.5		0.163987
520		0.1647
519.5		0.165668
519		0.166222
518.5		0.166953
518		0.167682
517.5		0.167936
517		0.168777
516.5		0.169409
516		0.170401
515.5		0.17108
515		0.171684
514.5		0.172216
514		0.172634
513.5		0.173888
513		0.173975
512.5		0.174826
512		0.175869
511.5		0.175686
511		0.177016
510.5		0.177256
510		0.177805
509.5		0.178312
509		0.178874
508.5		0.17945
508		0.180044
507.5		0.180823
507		0.18123
506.5		0.181861
506		0.181482
505.5		0.182827
505		0.183161
504.5		0.183504
504		0.183741
503.5		0.183995
503		0.185074
502.5		0.18474
502		0.185453
501.5		0.185393
501		0.185916
500.5		0.18678
500		0.186806
499.5		0.187092
499		0.187186
498.5		0.18761
498		0.187616
497.5		0.187877
497		0.187888
496.5		0.188368
496		0.188709
495.5		0.188604
495		0.188279
494.5		0.188422
494		0.188554
493.5		0.188363
493		0.188801
492.5		0.188305
492		0.18869
491.5		0.188343
491		0.187878
490.5		0.188177
490		0.188315
489.5		0.187987
489		0.187534
488.5		0.187506
488		0.187037
487.5		0.187443
487		0.186934
486.5		0.186362
486		0.186796
485.5		0.185588
485		0.185863
484.5		0.185527
484		0.185615
483.5		0.184239
483		0.183982
482.5		0.184124
482		0.183393
481.5		0.183209
481		0.182207
480.5		0.181843
480		0.181496
479.5		0.181355
479		0.180581
478.5		0.180432
478		0.179743
477.5		0.178972
477		0.179364
476.5		0.177916
476		0.177864
475.5		0.176958
475		0.176683
474.5		0.176481
474		0.175603
473.5		0.175645
473		0.174589
472.5		0.174666
472		0.174112
471.5		0.173286
471		0.172472
470.5		0.172189
470		0.171332
469.5		0.171395
469		0.170734
468.5		0.169763
468		0.169984
467.5		0.16835
467		0.167965
466.5		0.167506
466		0.167035
465.5		0.166534
465		0.166417
464.5		0.16586
464		0.16456
463.5		0.164926
463		0.164013
462.5		0.163462
462		0.162726
461.5		0.16262
461		0.162584
460.5		0.160929
460		0.160973
459.5		0.160517
459		0.159601
458.5		0.158938
458		0.158154
457.5		0.158113
457		0.15735
456.5		0.157399
456		0.156023
455.5		0.156088
455		0.15525
454.5		0.154931
454		0.154219
453.5		0.153979
453		0.153021
452.5		0.152631
452		0.152503
451.5		0.151539
451		0.151486
450.5		0.150738
450		0.1499
449.5		0.149891
449		0.148423
448.5		0.149003
448		0.147931
447.5		0.147162
447		0.146947
446.5		0.146125
446		0.146335
445.5		0.145995
445		0.145177
444.5		0.144526
444		0.144057
443.5		0.143956
443		0.143706
442.5		0.143402
442		0.142528
441.5		0.142097
441		0.141438
440.5		0.141753
440		0.141218
439.5		0.141128
439		0.140381
438.5		0.140064
438		0.139405
437.5		0.138842
437		0.1388
436.5		0.138066
436		0.138115
435.5		0.137388
435		0.136889
434.5		0.137089
434		0.136376
433.5		0.136146
433		0.135571
432.5		0.135578
432		0.134897
431.5		0.13465
431		0.134062
430.5		0.134029
430		0.133896
429.5		0.133298
429		0.133292
428.5		0.132399
428		0.132112
427.5		0.132025
427		0.131303
426.5		0.131071
426		0.130627
425.5		0.13045
425		0.129803
424.5		0.129926
424		0.129666
423.5		0.129458
423		0.128695
422.5		0.128552
422		0.128176
421.5		0.127996
421		0.127294
420.5		0.127084
420		0.127428
419.5		0.12651
419		0.126189
418.5		0.125793
418		0.125616
417.5		0.125077
417		0.124562
416.5		0.124034
416		0.124176
415.5		0.123783
415		0.123301
414.5		0.122821
414		0.122501
413.5		0.122229
413		0.122101
412.5		0.122249
412		0.121535
411.5		0.121562
411		0.120822
410.5		0.120635
410		0.120925
409.5		0.119407
409		0.119508
408.5		0.11899
408		0.118956
407.5		0.118777
407		0.118169
406.5		0.118211
406		0.117775
405.5		0.11757
405		0.117534
404.5		0.116813
404		0.116496
403.5		0.116134
403		0.116099
402.5		0.115435
402		0.115358
401.5		0.115224
401		0.115295
400.5		0.114548
400		0.114529
399.5		0.114221
399		0.113827
398.5		0.113389
398		0.112987
397.5		0.11292
397		0.11242
396.5		0.112353
396		0.112497
395.5		0.111948
395		0.111898
394.5		0.11165
394		0.110987
393.5		0.110967
393		0.110163
392.5		0.110145
392		0.11044
391.5		0.11025
391		0.109379
390.5		0.109593
390		0.109356
389.5		0.10894
389		0.108614
388.5		0.108733
388		0.10845
387.5		0.107792
387		0.10728
386.5		0.107871
386		0.107347
385.5		0.106875
385		0.106743
384.5		0.106354
384		0.106437
383.5		0.105994
383		0.105325
382.5		0.105263
382		0.105597
381.5		0.105472
381		0.104421
380.5		0.104375
380		0.104655
379.5		0.103555
379		0.104613
378.5		0.104027
378		0.103567
377.5		0.103558
377		0.103748
376.5		0.102945
376		0.103342
375.5		0.103483
375		0.102143
374.5		0.102901
374		0.102568
373.5		0.103053
373		0.102383
372.5		0.101765
372		0.101886
371.5		0.10156
371		0.101496
370.5		0.100789
370		0.100956
369.5		0.101598
369		0.101003
368.5		0.101341
368		0.10058
367.5		0.100082
367		0.0998678
366.5		0.0996609
366		0.0990009
365.5		0.099645
365		0.098864
364.5		0.0996206
364		0.0995796
363.5		0.0984686
363		0.0994321
362.5		0.0992517
362		0.0983176
361.5		0.0984278
361		0.097475
360.5		0.0985234
360		0.0978546
359.5		0.097509
359		0.0971813
358.5		0.0964178
358		0.0979846
357.5		0.09669
357		0.0968347
356.5		0.0968638
356		0.0960489
355.5		0.0965747
355		0.0959831
354.5		0.0958982
354		0.0957326
353.5		0.0957991
353		0.0951532
352.5		0.0952458
352		0.0945543
351.5		0.0946395
351		0.0948213
350.5		0.0945028
350		0.0947334
349.5		0.0938357
349		0.0935031
348.5		0.0926982
348		0.0923003
347.5		0.0936016
347		0.0930495
346.5		0.0929299
346		0.0915273
345.5		0.0919513
345		0.0917314
344.5		0.0911715
344		0.0911417
343.5		0.0914459
343		0.090582
342.5		0.089859
342		0.0894225
341.5		0.0895355
341		0.0894361
340.5		0.0889982
340		0.0883401
339.5		0.0855129
339		0.0859179
338.5		0.0875562
338		0.0865862
337.5		0.085916
337		0.0859387
336.5		0.0852392
336		0.0855392
335.5		0.0843684
335		0.0842614
334.5		0.0837358
334		0.0837993
333.5		0.0835467
333		0.0836703
332.5		0.0841623
332		0.0821335
331.5		0.0829721
331		0.0826087
330.5		0.0814832
330		0.082404
329.5		0.0818525
329		0.0817993
328.5		0.0819923
328		0.0814872
327.5		0.0817267
327		0.0827143
326.5		0.0814656
326		0.0822253
325.5		0.0815296
325		0.0810749
324.5		0.0809568
324		0.0822012
323.5		0.081866
323		0.0813481
322.5		0.0819847
322		0.0820446
321.5		0.0823885
321		0.0821887
320.5		0.0827895
320		0.0848302
319.5		0.0830254
319		0.0840818
318.5		0.0862929
318		0.0849377
317.5		0.0869729
317		0.0875028
316.5		0.0874223
316		0.0884969
315.5		0.0916517
315		0.091031
314.5		0.0922905
314		0.0935364
313.5		0.0954539
313		0.0965837
312.5		0.0977913
312		0.100908
311.5		0.105302
311		0.102386
310.5		0.107069
310		0.114769
309.5		0.115016
309		0.116745
308.5		0.120376
308		0.128024
307.5		0.132179
307		0.135438
306.5		0.146618
306		0.141542
305.5		0.153325
305		0.158796
304.5		0.165376
304		0.177468
303.5		0.197843
303		0.197891
302.5		0.209804
302		0.235162
301.5		0.229053
301		0.264016
300.5		0.252806
300		0.303565
299.5		0.30168
299		0.337219
298.5		0.36561
298		0.378242
297.5		0.424882
297		0.430964
296.5		0.527321
296		0.629153
295.5		0.575436
295		0.739203
294.5		0.529222
294		0.324629
293.5		0.615412
293		0.406925
292.5		0.865532
292		0.4061
291.5		0.476403
291		-0.111546
290.5		1.55657
290		0.104642
289.5		0.093668
289		0.772916
288.5		1.28016
288		0.223549
287.5		0.221372
287		-0.171506
286.5		-0.175431
286		-0.0244618
285.5		0.480442
285		-0.255608
284.5		0.174974
284		-0.138592
283.5		-0.994493
283		0.847478
282.5		1.01003
282		-3.94449
281.5		1.03145
281		-3.25506
280.5		0.22484
280		0.0822626
279.5		0.453057
279		0.377956
278.5		-0.00421138
278		0.53689
277.5		0.626624
277		0.3662
276.5		0.0956615
276		0.53496
275.5		3.87963
275		-0.758242
274.5		0.377562
274		0.230677
273.5		0.543785
273		-0.10091
272.5		1.62762
272		0.520509
271.5		-0.167921
271		0.0870421
270.5		0.076978
270		0.453603
269.5		-0.191383
269		-2.69837
268.5		-0.0087725
268		0.146341
267.5		0.300707
267		0.56907
266.5		0.210388
266		0.349622
265.5		0.496695
265		-1.80684
264.5		-0.138393
264		0.219084
263.5		0.141548
263		-0.135352
262.5		-0.448905
262		-0.926841
261.5		-0.318042
261		1.58658
260.5		0.47804
260		0.295324
259.5		0.620213
259		-0.0255646
258.5		0.145819
258		0.53202
257.5		0.530592
257		0.26225
256.5		-0.018216
256		0.629304
255.5		0.471605
255		5.54121
254.5		1
254		-1.13104
253.5		1.29676
253		-0.430525
252.5		-0.179282
252		0.308621
251.5		-0.282498
251		0.381626
250.5		0.434518
250		-0.168682
249.5		0.337439
249		0.174555
248.5		-1.13419
248		-0.206958
247.5		0.0647871
247		0.489861
246.5		-8.57338
246		0.200532
245.5		-1.97967
245		0.746195
244.5		0.176395
244		0.00987682
243.5		0.0403555
243		0.25576
242.5		-0.0955501
242		0.338011
241.5		0.138066
241		0.45786
240.5		0.243314
240		-1.49116
239.5		-0.0614555
239		0.128479
238.5		0.562735
238		0.147913
237.5		0.293621
237		-0.683843
236.5		-0.245276
236		-1.08845
235.5		0.172833
235		0.243963
234.5		1.38813
234		-0.0339855
233.5		0.243874
233		-0.151206
232.5		1.37579
232		0.219367
231.5		-0.055867
231		1.54726
230.5		0.130286
230		2.49574
229.5		0.0750497
229		-3.62776
228.5		0.570995
228		-0.0270335
227.5		-0.33678
227		0.445779
226.5		-0.478857
226		-23.3071
225.5		0.216713
225		0.281198
224.5		0.0285137
224		0.0265623
223.5		-0.0272771
223		0.268683
222.5		-0.867154
222		0.273641
221.5		-0.0178862
221		-0.20279
220.5		3.60582
220		-0.0402705
219.5		0.11105
219		0.335394
218.5		0.997369
218		0.314507
217.5		0.261806
217		0.0561011
216.5		0.299313
216		-0.366927
215.5		0.0566147
215		0.757344
214.5		0.364602
214		-0.190595
213.5		-0.145628
213		0.180434
212.5		-0.150447
212		-0.215679
211.5		0.426287
211		0.118889
210.5		0.219988
210		0.00961467
209.5		0.314781
209		0.245641
208.5		-0.381184
208		-0.190913
207.5		-0.523407
207		-0.0768813
206.5		-0.235354
206		0.340373
205.5		7.39046
205		-0.720601
204.5		1.2949
204		0.776038
203.5		0.601711
203		-0.578172
202.5		-0.924601
202		0.743503
201.5		0.144258
201		0.232689
200.5		2.80605
200		0.636178
Data2:
lambda		value

Calibration:
lambda:	800
Abs:	0.0001

Data:
#
900		0.0905362
899.5		0.0883424
899		0.0837622
898.5		0.0870304
898		0.0862427
897.5		0.0905236
897		0.0927888
896.5		0.0907974
896		0.087581
895.5		0.0860595
895		0.0877851
894.5		0.0921423
894		0.0861696
893.5		0.0937404
893		0.100377
892.5		0.0890411
892		0.0893832
891.5		0.091852
891		0.0899615
890.5		0.084318
890		0.0891206
889.5		0.0931752
889		0.0895313
888.5		0.0917904
888		0.0913746
887.5		0.0929858
887		0.0861064
886.5		0.0927293
886		0.0974814
885.5		0.0897436
885		0.0852759
884.5		0.0886615
884		0.0923188
883.5		0.0870304
883		0.0956692
882.5		0.0914234
882		0.0889466
881.5		0.0929773
881		0.0933546
880.5		0.091623
880		0.0902355
879.5		0.0906231
879		0.0938229
878.5		0.0912376
878		0.0928622
877.5		0.090037
877		0.0919283
876.5		0.0927046
876		0.0918254
875.5		0.0908537
875		0.0926998
874.5		0.0937816
874		0.091917
873.5		0.0928463
873		0.093406
872.5		0.0946847
872		0.0930997
871.5		0.0918941
871		0.0935951
870.5		0.0925263
870		0.0921737
869.5		0.0928144
869		0.0943189
868.5		0.090645
868		0.0928236
867.5		0.0924723
867		0.0914086
866.5		0.092986
866		0.0919414
865.5		0.0906637
865		0.0926932
864.5		0.0908731
864		0.0929769
863.5		0.092489
863		0.0914968
862.5		0.091799
862		0.0910442
861.5		0.0924763
861		0.0920696
860.5		0.0943831
860		0.0905484
859.5		0.0926572
859		0.0921444
858.5		0.0916948
858		0.0925062
857.5		0.0936502
857		0.0921641
856.5		0.0921613
856		0.0936664
855.5		0.0917822
855		0.0922879
854.5		0.0922498
854		0.0929011
853.5		0.0920635
853		0.0940103
852.5		0.0925397
852		0.0924444
851.5		0.0929586
851		0.0916634
850.5		0.0928161
850		0.0924936
849.5		0.0928212
849		0.0925084
848.5		0.092341
848		0.092013
847.5		0.0924444
847		0.0925962
846.5		0.0919846
846		0.0923639
845.5		0.0927447
845		0.0925084
844.5		0.0929199
844		0.0925706
843.5		0.0920626
843		0.093037
842.5		0.0925541
842		0.0923168
841.5		0.0925559
841		0.0920312
840.5		0.0927794
840		0.0926786
839.5		0.0924975
839		0.0924295
838.5		0.0927774
838		0.0926109
837.5		0.0922133
837		0.0921066
836.5		0.0926771
836		0.0923214
835.5		0.0923854
835		0.0922894
834.5		0.0925613
834		0.0930394
833.5		0.0924787
833		0.0924437
832.5		0.0927528
832		0.0925005
831.5		0.0921563
831		0.0921118
830.5		0.0921053
830		0.0921301
829.5		0.0926572
829		0.0920922
828.5		0.0924855
828		0.0921315
827.5		0.0919242
827		0.0919964
826.5		0.0917331
826		0.091907
825.5		0.0919872
825		0.0918255
824.5		0.0920252
824		0.0913721
823.5		0.0920448
823		0.0917349
822.5		0.0917734
822		0.0914804
821.5		0.09169
821		0.0912813
820.5		0.0913169
820		0.091254
819.5		0.0914
819		0.0911365
818.5		0.0908546
818		0.0916825
817.5		0.091848
817		0.0913817
816.5		0.0911271
816		0.091018
815.5		0.0909454
815		0.0910183
814.5		0.0912
814		0.0909364
813.5		0.0910637
813		0.0909091
812.5		0.0905457
812		0.0908909
811.5		0.0908818
811		0.0903819
810.5		0.0903374
810		0.0905819
809.5		0.0902743
809		0.0908636
808.5		0.0903452
808		0.0903271
807.5		0.0904814
807		0.0903
806.5		0.0904905
806		0.089999
805.5		0.0897462
805		0.0902173
804.5		0.089964
804		0.0896283
803.5		0.0898809
803		0.0897013
802.5		0.089709
802		0.089521
801.5		0.0897641
801		0.0896794
800.5		0.089332
800		0.0891089
799.5		0.0891089
799		0.089022
798.5		0.0890466
798		0.0888467
797.5		0.0890603
797		0.0890377
796.5		0.0887024
796		0.088432
795.5		0.088576
795		0.0884912
794.5		0.0889644
794		0.0885848
793.5		0.0886139
793		0.0883088
792.5		0.088056
792		0.0884061
791.5		0.0881883
791		0.0876879
790.5		0.0882852
790		0.0876931
789.5		0.0878649
789		0.0879505
788.5		0.0876912
788		0.0873253
787.5		0.0875424
787		0.0871477
786.5		0.087091
786		0.0870345
785.5		0.0871303
785		0.0868094
784.5		0.0872343
784		0.0870173
783.5		0.0867571
783		0.0869826
782.5		0.0864185
782		0.0865145
781.5		0.0863446
781		0.086059
780.5		0.0864665
780		0.0859422
779.5		0.0861277
779		0.0860194
778.5		0.0857912
778		0.0859796
777.5		0.0856403
777		0.0857997
776.5		0.0857513
776		0.085242
775.5		0.0854896
775		0.0855059
774.5		0.0851572
774		0.0854146
773.5		0.0849536
773		0.0849432
772.5		0.0848962
772		0.0846513
771.5		0.0846392
771		0.0846445
770.5		0.0844033
770		0.0845464
769.5		0.0841056
769		0.0840889
768.5		0.0838228
768		0.0840052
767.5		0.0837816
767		0.0838472
766.5		0.0836903
766		0.0836824
765.5		0.0836987
765		0.0830934
764.5		0.0835577
764		0.0834412
763.5		0.0833915
763		0.0827202
762.5		0.0829847
762		0.0828355
761.5		0.0824476
761		0.0827607
760.5		0.0827524
760		0.0824198
759.5		0.082504
759		0.0822149
758.5		0.0822886
758		0.0819998
757.5		0.0819493
757		0.0817422
756.5		0.0816935
756		0.0818236
755.5		0.0815758
755		0.0818498
754.5		0.0814925
754		0.0813331
753.5		0.0813745
753		0.081334
752.5		0.0808502
752		0.0809306
751.5		0.0805748
751		0.0808151
750.5		0.0806676
750		0.0807669
749.5		0.0805569
749		0.0803173
748.5		0.0802782
748		0.0801948
747.5		0.0801152
747		0.0801751
746.5		0.0798215
746		0.0801034
745.5		0.0795037
745		0.0797857
744.5		0.0794406
744		0.0793384
743.5		0.0792344
743		0.0790596
742.5		0.0791431
742		0.0787074
741.5		0.0789265
741		0.0790255
740.5		0.0787675
740		0.0787885
739.5		0.0787464
739		0.0785361
738.5		0.0782703
738		0.0784915
737.5		0.0783305
737		0.0782763
736.5		0.0781698
736		0.078193
735.5		0.0779259
735		0.077668
734.5		0.0774232
734		0.077553
733.5		0.0776287
733		0.0773252
732.5		0.0772638
732		0.077112
731.5		0.077044
731		0.0770817
730.5		0.0767869
730		0.0768778
729.5		0.0765611
729		0.0767951
728.5		0.0763977
728		0.0765321
727.5		0.0764288
727		0.0765331
726.5		0.0765033
726		0.0757811
725.5		0.0760943
725		0.0758734
724.5		0.0759726
724		0.0757897
723.5		0.0759165
723		0.0756383
722.5		0.0757735
722		0.0754195
721.5		0.0753496
721		0.0751018
720.5		0.0750331
720		0.0750118
719.5		0.0750587
719		0.0750988
718.5		0.0749555
718		0.0754664
717.5		0.074925
717		0.0742788
716.5		0.0750773
716		0.0744391
715.5		0.0745131
715		0.0745195
714.5		0.0740811
714		0.0741693
713.5		0.0737627
713		0.0739393
712.5		0.073921
712		0.0737096
711.5		0.0742067
711		0.0735822
710.5		0.0734765
710		0.0737233
709.5		0.0733542
709		0.0735625
708.5		0.073336
708		0.073154
707.5		0.0733629
707		0.0731251
706.5		0.0729208
706		0.0731491
705.5		0.0729208
705		0.0731395
704.5		0.0727935
704		0.0728941
703.5		0.0727864
703		0.072498
702.5		0.0727739
702		0.0725981
701.5		0.0725266
701		0.0724852
700.5		0.0724223
700		0.0722868
699.5		0.072282
699		0.0719913
698.5		0.0720765
698		0.0722606
697.5		0.072105
697		0.0721192
696.5		0.0719083
696		0.0717807
695.5		0.0715482
695		0.0718999
694.5		0.0717954
694		0.0717104
693.5		0.0714356
693		0.0716471
692.5		0.0712737
692		0.0715203
691.5		0.0714215
691		0.0714074
690.5		0.0712521
690		0.0711818
689.5		0.0713157
689		0.0713791
688.5		0.0710053
688		0.0711529
687.5		0.0709773
687		0.0710123
686.5		0.0708078
686		0.0706941
685.5		0.070723
685		0.0706243
684.5		0.0708148
684		0.0708498
683.5		0.070793
683		0.070751
682.5		0.0706592
682		0.0704768
681.5		0.0706592
681		0.0705615
680.5		0.0705743
680		0.0703557
679.5		0.0704058
679		0.070608
678.5		0.0704044
678		0.0704253
677.5		0.0705173
677		0.0703905
676.5		0.0703388
676		0.0704811
675.5		0.0703542
675		0.070311
674.5		0.0701216
674		0.070297
673.5		0.0700851
673		0.0699584
672.5		0.0701355
672		0.0702483
671.5		0.0700643
671		0.0699723
670.5		0.0700782
670		0.0702328
669.5		0.0700297
669		0.070198
668.5		0.0700069
668		0.0700089
667.5		0.0700366
667		0.0700921
666.5		0.0700297
666		0.070118
665.5		0.0701355
665		0.0701268
664.5		0.0703094
664		0.0699031
663.5		0.0700624
663		0.0701407
662.5		0.0701911
662		0.0700347
661.5		0.0701198
661		0.0700139
660.5		0.0702258
660		0.0701546
659.5		0.0700902
659		0.0702537
658.5		0.0702033
658		0.0703373
657.5		0.0700624
657		0.0703946
656.5		0.0700694
656		0.0702955
655.5		0.0704211
655		0.0700972
654.5		0.0702746
654		0.070252
653.5		0.0704365
653		0.0706268
652.5		0.0705287
652		0.0704505
651.5		0.0706689
651		0.0704518
650.5		0.0705777
650		0.0704925
649.5		0.0707683
649		0.0706619
648.5		0.0707191
648		0.07091
647.5		0.0708818
647		0.0710159
646.5		0.0710094
646		0.0708818
645.5		0.0709742
645		0.0711868
644.5		0.0710731
644		0.0711793
643.5		0.0713289
643		0.0711793
642.5		0.0713644
642		0.0715283
641.5		0.0714856
641		0.0715426
640.5		0.0716281
640		0.0718503
639.5		0.0719144
639		0.0718
638.5		0.0719079
638		0.0720224
637.5		0.0723823
637		0.0722674
636.5		0.0723823
636		0.0723909
635.5		0.072455
635		0.0725936
634.5		0.0728097
634		0.0727456
633.5		0.0728484
633		0.0731954
632.5		0.0732323
632		0.073299
631.5		0.0734982
631		0.0733407
630.5		0.0736661
630		0.073663
629.5		0.0738573
629		0.0740032
628.5		0.0740592
628		0.0742191
627.5		0.0741037
627		0.0744414
626.5		0.0744437
626		0.0746165
625.5		0.0746447
625		0.0746091
624.5		0.0747922
624		0.0746401
623.5		0.0749237
623		0.0749951
622.5		0.0753109
622		0.0753237
621.5		0.0753498
621		0.0754588
620.5		0.0755361
620		0.0756957
619.5		0.0755322
619		0.0760109
618.5		0.0760943
618		0.0761249
617.5		0.0762293
617		0.0764523
616.5		0.0764591
616		0.0768557
615.5		0.0767211
615		0.0771253
614.5		0.0768782
614		0.0775224
613.5		0.0775518
613		0.0775971
612.5		0.0778221
612		0.077941
611.5		0.0781296
611		0.078315
610.5		0.0786396
610		0.0785992
609.5		0.078822
609		0.0789806
608.5		0.0790702
608		0.079467
607.5		0.0794747
607		0.0797158
606.5		0.0798911
606		0.0802998
605.5		0.0802061
605		0.0807157
604.5		0.0807079
604		0.0808366
603.5		0.0809996
603		0.0811966
602.5		0.0816406
602		0.0819322
601.5		0.0817555
601		0.0823358
600.5		0.0822011
600		0.0825483
599.5		0.082969
599		0.0829056
598.5		0.0834789
598		0.0835757
597.5		0.0839487
597		0.0841512
596.5		0.0841819
596		0.0845467
595.5		0.0845766
595		0.0848755
594.5		0.0851435
594		0.0852631
593.5		0.085767
593		0.0859663
592.5		0.0860298
592		0.0866447
591.5		0.0867293
591		0.0869144
590.5		0.0873777
590		0.0874068
589.5		0.0879078
589		0.0880588
588.5		0.0884202
588		0.0887964
587.5		0.0889363
587		0.0891855
586.5		0.0894772
586		0.0896445
585.5		0.0903813
585		0.0900492
584.5		0.0904348
584		0.0910409
583.5		0.0911021
583		0.0918328
582.5		0.0918929
582		0.0921472
581.5		0.092428
581		0.092698
580.5		0.0931311
580		0.0933308
579.5		0.0936474
579		0.0940938
578.5		0.0941505
578		0.0948243
577.5		0.09488
577		0.0955045
576.5		0.0958627
576		0.0961427
575.5		0.0966464
575		0.0969142
574.5		0.0972811
574		0.0976197
573.5		0.09796
573		0.0984366
572.5		0.0989297
572		0.099008
571.5		0.0995763
571		0.0998748
570.5		0.100433
570		0.100597
569.5		0.100886
569		0.101385
568.5		0.101635
568		0.102074
567.5		0.102648
567		0.10303
566.5		0.103452
566		0.10371
565.5		0.103965
565		0.104868
564.5		0.105182
564		0.105314
563.5		0.106138
563		0.106414
562.5		0.10703
562		0.107431
561.5		0.107574
561		0.108378
560.5		0.108831
560		0.109414
559.5		0.109849
559		0.110204
558.5		0.110673
558		0.111293
557.5		0.111655
557		0.112124
556.5		0.112668
556		0.113072
555.5		0.113617
555		0.114039
554.5		0.114672
554		0.115138
553.5		0.115713
553		0.116226
552.5		0.11656
552		0.117179
551.5		0.117703
551		0.118352
550.5		0.118842
550		0.119148
549.5		0.120015
549		0.120218
548.5		0.12105
548		0.121485
547.5		0.121693
547		0.12275
546.5		0.123027
546		0.123828
545.5		0.124533
545		0.124653
544.5		0.12555
544		0.125789
543.5		0.126493
543		0.127224
542.5		0.127314
542		0.128382
541.5		0.128651
541		0.129223
540.5		0.129879
540		0.130215
539.5		0.131212
539		0.131489
538.5		0.132309
538		0.133028
537.5		0.133435
537		0.134276
536.5		0.134656
536		0.135241
535.5		0.135701
535		0.136519
534.5		0.137117
534		0.138023
533.5		0.138167
533		0.139127
532.5		0.139726
532		0.140259
531.5		0.14117
531		0.141389
530.5		0.142422
530		0.143184
529.5		0.143632
529		0.144477
528.5		0.144733
528		0.145589
527.5		0.146409
527		0.147056
526.5		0.148162
526		0.148339
525.5		0.149001
525		0.150005
524.5		0.150442
524		0.151437
523.5		0.152197
523		0.152813
522.5		0.153517
522		0.153949
521.5		0.154887
521		0.155899
520.5		0.156107
520		0.156913
519.5		0.157504
519		0.158431
518.5		0.159344
518		0.159703
517.5		0.160621
517		0.161081
516.5		0.161435
516		0.162693
515.5		0.162999
515		0.163888
514.5		0.164504
514		0.164937
513.5		0.166078
513		0.16646
512.5		0.167494
512		0.168148
511.5		0.168556
511		0.169485
510.5		0.169736
510		0.17029
509.5		0.170979
509		0.171556
508.5		0.172503
508		0.172539
507.5		0.173126
507		0.174108
506.5		0.174091
506		0.174573
505.5		0.175349
505		0.175601
504.5		0.176521
504		0.176393
503.5		0.177036
503		0.17774
502.5		0.177145
502		0.177867
501.5		0.178107
501		0.178358
500.5		0.179307
500		0.178518
499.5		0.179368
499		0.179566
498.5		0.179268
498		0.180288
497.5		0.180097
497		0.180671
496.5		0.18042
496		0.181229
495.5		0.181129
495		0.180727
494.5		0.180511
494		0.181014
493.5		0.18083
493		0.181266
492.5		0.181057
492		0.181074
491.5		0.180925
491		0.180743
490.5		0.181125
490		0.181167
489.5		0.180393
489		0.179943
488.5		0.180286
488		0.179729
487.5		0.180483
487		0.179447
486.5		0.179421
486		0.179121
485.5		0.17848
485		0.178738
484.5		0.178134
484		0.178046
483.5		0.177415
483		0.177066
482.5		0.177571
482		0.176208
481.5		0.175849
481		0.1754
480.5		0.175134
480		0.175052
479.5		0.174641
479		0.1737
478.5		0.173368
478		0.172964
477.5		0.172202
477		0.172223
476.5		0.171516
476		0.171098
475.5		0.170032
475		0.170031
474.5		0.169462
474		0.168871
473.5		0.168555
473		0.168224
472.5		0.167683
472		0.16713
471.5		0.166218
471		0.165431
470.5		0.165327
470		0.164304
469.5		0.164718
469		0.163712
468.5		0.162667
468		0.16289
467.5		0.161896
467		0.161873
466.5		0.160894
466		0.160604
465.5		0.160113
465		0.159567
464.5		0.159451
464		0.158431
463.5		0.158093
463		0.157029
462.5		0.156832
462		0.156632
461.5		0.155821
461		0.155623
460.5		0.154769
460		0.154729
459.5		0.154193
459		0.153459
458.5		0.152462
458		0.151935
457.5		0.151646
457		0.151324
456.5		0.151098
456		0.150859
455.5		0.149875
455		0.149209
454.5		0.148802
454		0.148433
453.5		0.14785
453		0.147667
452.5		0.147261
452		0.146693
451.5		0.146074
451		0.145746
450.5		0.145601
450		0.144852
449.5		0.144044
449		0.143806
448.5		0.143045
448		0.142506
447.5		0.142079
447		0.142379
446.5		0.141563
446		0.141055
445.5		0.140362
445		0.139718
444.5		0.139936
444		0.139031
443.5		0.138486
443		0.13831
442.5		0.138007
442		0.137659
441.5		0.1375
441		0.136485
440.5		0.136614
440		0.136073
439.5		0.135534
439		0.135147
438.5		0.134744
438		0.134352
437.5		0.133962
437		0.133826
436.5		0.133096
436		0.132609
435.5		0.132502
435		0.131745
434.5		0.131753
434		0.131495
433.5		0.130829
433		0.130508
432.5		0.130423
432		0.129666
431.5		0.129592
431		0.129187
430.5		0.128957
430		0.128399
429.5		0.127977
429		0.127879
428.5		0.127174
428		0.127323
427.5		0.126443
427		0.126432
426.5		0.125942
426		0.125676
425.5		0.124701
425		0.12459
424.5		0.124624
424		0.124193
423.5		0.123982
423		0.123661
422.5		0.123251
422		0.122541
421.5		0.122877
421		0.122188
420.5		0.122244
420		0.121346
419.5		0.121319
419		0.12074
418.5		0.120782
418		0.12026
417.5		0.119898
417		0.119137
416.5		0.119476
416		0.119089
415.5		0.118617
415		0.1184
414.5		0.117925
414		0.117951
413.5		0.11742
413		0.117034
412.5		0.116734
412		0.116037
411.5		0.116405
411		0.115846
410.5		0.115059
410		0.115678
409.5		0.114881
409		0.114201
408.5		0.114296
408		0.11373
407.5		0.114158
407		0.113132
406.5		0.113165
406		0.11299
405.5		0.112453
405		0.112487
404.5		0.111865
404		0.111807
403.5		0.111015
403		0.110725
402.5		0.11058
402		0.110329
401.5		0.11002
401		0.109665
400.5		0.109445
400		0.109238
399.5		0.109276
399		0.108635
398.5		0.108382
398		0.108234
397.5		0.107647
397		0.107579
396.5		0.107338
396		0.10731
395.5		0.107022
395		0.107069
394.5		0.106376
394		0.105908
393.5		0.106038
393		0.10569
392.5		0.10525
392		0.105531
391.5		0.105177
391		0.105082
390.5		0.104616
390		0.103957
389.5		0.103634
389		0.104161
388.5		0.103862
388		0.103071
387.5		0.103107
387		0.102509
386.5		0.102337
386		0.102418
385.5		0.101949
385		0.101741
384.5		0.101455
384		0.101442
383.5		0.101262
383		0.100769
382.5		0.100219
382		0.101125
381.5		0.100422
381		0.100472
380.5		0.100353
380		0.10011
379.5		0.0984608
379		0.0992437
378.5		0.0994211
378		0.0989701
377.5		0.0986269
377		0.0989039
376.5		0.0982813
376		0.0983374
375.5		0.0979786
375		0.097982
374.5		0.0975589
374		0.0976566
373.5		0.097206
373		0.0969758
372.5		0.0970267
372		0.0967204
371.5		0.0960916
371		0.0962674
370.5		0.0959814
370		0.0964766
369.5		0.0961971
369		0.0956248
368.5		0.0958019
368		0.0948669
367.5		0.0951439
367		0.0945064
366.5		0.0950372
366		0.0943848
365.5		0.0946169
365		0.0948382
364.5		0.0935258
364		0.0939819
363.5		0.0946892
363		0.093678
362.5		0.0932566
362		0.0929087
361.5		0.0927033
361		0.0933016
360.5		0.0930347
360		0.0927852
359.5		0.0926002
359		0.0921085
358.5		0.0913079
358		0.0925031
357.5		0.0921321
357		0.0917843
356.5		0.0914808
356		0.090761
355.5		0.0912937
355		0.0914276
354.5		0.0911228
354		0.0906288
353.5		0.0904437
353		0.0901354
352.5		0.0904665
352		0.0897208
351.5		0.0905109
351		0.090047
350.5		0.0892554
350		0.0890777
349.5		0.0887598
349		0.0886739
348.5		0.0879659
348		0.0869391
347.5		0.0884578
347		0.0884606
346.5		0.0877207
346		0.0869739
345.5		0.0863057
345		0.0861351
344.5		0.0866079
344		0.0865915
343.5		0.085867
343		0.0853922
342.5		0.0847674
342		0.0859194
341.5		0.0852255
341		0.0844388
340.5		0.0846422
340		0.0842305
339.5		0.0831702
339		0.0828699
338.5		0.0836223
338		0.0826498
337.5		0.0833333
337		0.082803
336.5		0.081655
336		0.0827965
335.5		0.08125
335		0.0809969
334.5		0.0812495
334		0.0798447
333.5		0.0803724
333		0.0805661
332.5		0.0797389
332		0.0800495
331.5		0.080192
331		0.0797422
330.5		0.0797163
330		0.0796995
329.5		0.078012
329		0.0795717
328.5		0.0780903
328		0.0785802
327.5		0.0782762
327		0.0780484
326.5		0.0779529
326		0.0787925
325.5		0.0782469
325		0.0795541
324.5		0.0785862
324		0.0799176
323.5		0.0777558
323		0.0801287
322.5		0.0800824
322		0.0802225
321.5		0.078464
321		0.0794627
320.5		0.0802155
320		0.0796287
319.5		0.0800151
319		0.0820501
318.5		0.0822187
318		0.082981
317.5		0.0829813
317		0.0851159
316.5		0.0847318
316		0.0860368
315.5		0.0872368
315		0.0870893
314.5		0.0893176
314		0.0904971
313.5		0.0932323
313		0.0938248
312.5		0.0961624
312		0.0947881
311.5		0.101671
311		0.105201
310.5		0.10826
310		0.110403
309.5		0.109032
309		0.115648
308.5		0.117591
308		0.122739
307.5		0.126123
307		0.139579
306.5		0.138245
306		0.141918
305.5		0.15086
305		0.161078
304.5		0.16188
304		0.166959
303.5		0.176583
303		0.194097
302.5		0.205196
302		0.217909
301.5		0.22287
301		0.252879
300.5		0.275709
300		0.275256
299.5		0.314354
299		0.344893
298.5		0.382066
298		0.382737
297.5		0.492332
297		0.514581
296.5		0.470118
296		0.433938
295.5		0.75347
295		0.652872
294.5		0.719609
294		1.02483
293.5		0.495304
293		-0.109179
292.5		0.524106
292		-0.0969424
291.5		0.624894
291		0.944721
290.5		-0.020992
290		0.173397
289.5		0.520423
289		0.397284
288.5		-2.73427
288		-0.109534
287.5		-1.335
287		0.0539616
286.5		0.998261
286		-0.783672
285.5		-0.799541
285		-1.11535
284.5		0.23686
284		0.0636858
283.5		-0.266745
283		-0.213629
282.5		0.502198
282		-0.396386
281.5		0.304336
281		-0.617078
280.5		-0.609942
280		0.275904
279.5		0.87878
279		0.698452
278.5		0.178249
278		0.0227963
277.5		1.53542
277		0.258508
276.5		-0.389274
276		0.554716
275.5		0.302892
275		-0.390547
274.5		0.463699
274		12.5404
273.5		0.82909
273		0.235515
272.5		1.0441
272		0.0832896
271.5		0.156737
271		0.435305
270.5		3.11219
270		-0.471713
269.5		-0.305606
269		0.412779
268.5		-0.0766353
268		-0.0956959
267.5		-1.02404
267		0.281716
266.5		0.253007
266		0.350477
265.5		0.0537019
265		0.188127
264.5		-0.447658
264		0.481066
263.5		6.55308
263		0.140677
262.5		-0.0429452
262		0.11118
261.5		0.100513
261		-0.962296
260.5		0.543148
260		0.755327
259.5		-1.25206
259		-0.293402
258.5		7.56123
258		1.18408
257.5		0.0826562
257		0.688974
256.5		0.1812
256		0.160496
255.5		0.290111
255		0.25753
254.5		0.761688
254		-2.3428
253.5		0.45475
253		0.827472
252.5		-0.238625
252		-0.0914313
251.5		0.554393
251		0.27224
250.5		0.993846
250		0.505786
249.5		0.455823
249		0.375381
248.5		0.155324
248		-0.400541
247.5		0.0834555
247		-1.06374
246.5		-1.0621
246		0.616465
245.5		-3.71902
245		0.059144
244.5		-0.0122916
244		0.42678
243.5		1.37123
243		-0.662424
242.5		0.43535
242		0.0723845
241.5		0.184261
241		-2.63884
240.5		0.33085
240		0.0588298
239.5		-0.884434
239		-0.062033
238.5		0.131874
238		-1.11081
237.5		0.440663
237		-0.434491
236.5		-0.0371262
236		-0.898045
235.5		2.16326
235		0.376671
234.5		-0.112737
234		0.0829005
233.5		0.632128
233		0.562226
232.5		-0.582247
232		0.205002
231.5		0.0720453
231		0.395456
230.5		-0.0930312
230		0.441485
229.5		2.40545
229		-34.2204
228.5		3.04738
228		-0.297239
227.5		0.0348931
227		0.527464
226.5		-0.0451516
226		1.08264
225.5		0.239764
225		-0.13929
224.5		0.114244
224		0.800389
223.5		0.297285
223		-1.18073
222.5		-0.391116
222		0.0706735
221.5		-0.168322
221		-0.0687801
220.5		-0.998949
220		0.219076
219.5		0.0844098
219		0.0933108
218.5		0.543043
218		2.6445
217.5		0.33274
217		0.207715
216.5		0.267987
216		-0.259021
215.5		0.554441
215		5.22417
214.5		0.456746
214		0.0561895
213.5		0.417387
213		-0.684527
212.5		0.441745
212		0.173954
211.5		-0.0183065
211		-0.124107
210.5		0.478979
210		-1.63485
209.5		-0.269231
209		-0.16661
208.5		0.0469068
208		0.146095
207.5		-0.10753
207		0.0416525
206.5		1.15837
206		0.168775
205.5		0.0362823
205		-0.190274
204.5		0.873857
204		0.102904
203.5		0.823141
203		0.189881
202.5		-0.376974
202		-3.94413
201.5		0.218913
201		-0.445714
200.5		0.0165333
200		0.147612
Data1 - Data2
lambda		value

Calibration:
lambda:	2.46007e+260
Abs:	6.93728e-310

Data:
#
900		0.0158
899.5		0.0115
899		0.0103
898.5		0.0045
898		0.0091
897.5		-0.0008
897		0.0072
896.5		0.0027
896		0.0045
895.5		0.0052
895		0.0062
894.5		0.0057
894		0.0084
893.5		0.0019
893		-0.0038
892.5		-0.0003
892		0.0083
891.5		0.0024
891		0.0031
890.5		0.0099
890		0.0057
889.5		-0.0074
889		0.0076
888.5		0.0092
888		-0.0011
887.5		-0.0021
887		0.0045
886.5		0.0053
886		-0.0041
885.5		0.0027
885		0.0044
884.5		0.0026
884		0.0056
883.5		0.0116
883		-0.0035
882.5		-0.0003
882		0.0036
881.5		0.0012
881		-0.0026
880.5		0.0033
880		0.0044
879.5		0.0026
879		0.0025
878.5		0.0035
878		-0.0007
877.5		0.0059
877		0.0066
876.5		-0.0023
876		0.0029
875.5		0.0085
875		0.0026
874.5		0.0031
874		0.0023
873.5		0.0021
873		0.003
872.5		0.0018
872		-0.0002
871.5		0.006
871		0.0025
870.5		0.0015
870		0.0012
869.5		0.0011
869		0.0018
868.5		0.0034
868		0.0016
867.5		-0.0008
867		0.0019
866.5		0.0019
866		0.0032
865.5		0.0064
865		0.005
864.5		0.0024
864		0.0016
863.5		0.0061
863		0.0024
862.5		0.0011
862		0.0032
861.5		0.004
861		0.0037
860.5		-0.0005
860		0.0046
859.5		0.0036
859		0.0024
858.5		0.0046
858		0.0033
857.5		0.0003
857		0.002
856.5		0.0034
856		0.0007
855.5		0.005
855		0.0045
854.5		0.0021
854		0.0024
853.5		0.0028
853		0.0012
852.5		0.0021
852		0.0031
851.5		0.0032
851		0.0039
850.5		0.003
850		0.0022
849.5		0.0028
849		0.0032
848.5		0.003
848		0.0038
847.5		0.0025
847		0.0034
846.5		0.0041
846		0.0045
845.5		0.0027
845		0.0031
844.5		0.0035
844		0.0034
843.5		0.0029
843		0.003
842.5		0.0037
842		0.0032
841.5		0.0034
841		0.0044
840.5		0.0038
840		0.0038
839.5		0.0037
839		0.0039
838.5		0.0031
838		0.0039
837.5		0.004
837		0.0038
836.5		0.0039
836		0.0042
835.5		0.0039
835		0.0038
834.5		0.0041
834		0.0033
833.5		0.0043
833		0.0041
832.5		0.0038
832		0.0038
831.5		0.0046
831		0.0045
830.5		0.0046
830		0.0044
829.5		0.0041
829		0.0042
828.5		0.0041
828		0.0042
827.5		0.0044
827		0.0043
826.5		0.0048
826		0.0045
825.5		0.004
825		0.004
824.5		0.0045
824		0.0048
823.5		0.0045
823		0.0043
822.5		0.0046
822		0.0049
821.5		0.0044
821		0.0048
820.5		0.0044
820		0.0046
819.5		0.0048
819		0.0047
818.5		0.0052
818		0.0044
817.5		0.004
817		0.0045
816.5		0.0047
816		0.0043
815.5		0.0047
815		0.0052
814.5		0.0042
814		0.0049
813.5		0.005
813		0.0045
812.5		0.0048
812		0.0045
811.5		0.0045
811		0.0049
810.5		0.005
810		0.0048
809.5		0.0044
809		0.0042
808.5		0.0046
808		0.0045
807.5		0.0047
807		0.0048
806.5		0.0047
806		0.0049
805.5		0.0052
805		0.0049
804.5		0.0045
804		0.0049
803.5		0.0046
803		0.0049
802.5		0.0046
802		0.0047
801.5		0.0043
801		0.0048
800.5		0.0046
800		0.0054
799.5		0.005
799		0.0049
798.5		0.005
798		0.0048
797.5		0.005
797		0.0045
796.5		0.0051
796		0.0051
795.5		0.0052
795		0.0051
794.5		0.0045
794		0.0048
793.5		0.0048
793		0.005
792.5		0.005
792		0.0049
791.5		0.0049
791		0.0053
790.5		0.0048
790		0.0052
789.5		0.0052
789		0.005
788.5		0.0052
788		0.005
787.5		0.0051
787		0.0056
786.5		0.0054
786		0.0052
785.5		0.0055
785		0.0053
784.5		0.0051
784		0.005
783.5		0.0054
783		0.0052
782.5		0.0055
782		0.0051
781.5		0.0052
781		0.0058
780.5		0.0055
780		0.0057
779.5		0.0053
779		0.0053
778.5		0.0052
778		0.0053
777.5		0.0059
777		0.0055
776.5		0.0051
776		0.0051
775.5		0.0054
775		0.0055
774.5		0.0053
774		0.0055
773.5		0.0057
773		0.0057
772.5		0.0056
772		0.0055
771.5		0.0061
771		0.0056
770.5		0.0058
770		0.0054
769.5		0.006
769		0.0057
768.5		0.0056
768		0.0055
767.5		0.006
767		0.0054
766.5		0.0059
766		0.0058
765.5		0.0054
765		0.006
764.5		0.0057
764		0.0056
763.5		0.0052
763		0.006
762.5		0.0058
762		0.0057
761.5		0.0057
761		0.0059
760.5		0.0055
760		0.0062
759.5		0.0058
759		0.0057
758.5		0.0058
758		0.0057
757.5		0.0061
757		0.0059
756.5		0.0056
756		0.0059
755.5		0.0057
755		0.0052
754.5		0.0058
754		0.0055
753.5		0.0061
753		0.0057
752.5		0.0058
752		0.0061
751.5		0.0059
751		0.0058
750.5		0.0059
750		0.0056
749.5		0.0059
749		0.0058
748.5		0.0058
748		0.0062
747.5		0.0058
747		0.0059
746.5		0.0058
746		0.0057
745.5		0.006
745		0.0057
744.5		0.0063
744		0.0058
743.5		0.0063
743		0.0062
742.5		0.0061
742		0.0065
741.5		0.0058
741		0.0059
740.5		0.0058
740		0.0059
739.5		0.0061
739		0.006
738.5		0.0064
738		0.0059
737.5		0.006
737		0.0061
736.5		0.0061
736		0.0059
735.5		0.0063
735		0.0063
734.5		0.0062
734		0.0063
733.5		0.0063
733		0.0062
732.5		0.006
732		0.0063
731.5		0.0062
731		0.0063
730.5		0.0064
730		0.006
729.5		0.0066
729		0.0059
728.5		0.0065
728		0.006
727.5		0.0064
727		0.0061
726.5		0.0062
726		0.0069
725.5		0.0067
725		0.0065
724.5		0.0063
724		0.0064
723.5		0.0067
723		0.0065
722.5		0.0063
722		0.0064
721.5		0.0069
721		0.0065
720.5		0.0068
720		0.0066
719.5		0.0065
719		0.0064
718.5		0.0067
718		0.0056
717.5		0.0067
717		0.0075
716.5		0.006
716		0.0069
715.5		0.0061
715		0.0058
714.5		0.007
714		0.0063
713.5		0.0067
713		0.0066
712.5		0.0064
712		0.0063
711.5		0.0061
711		0.0061
710.5		0.0064
710		0.0062
709.5		0.0063
709		0.0061
708.5		0.0064
708		0.0063
707.5		0.006
707		0.0063
706.5		0.0064
706		0.0063
705.5		0.0065
705		0.006
704.5		0.0064
704		0.0062
703.5		0.006
703		0.0064
702.5		0.0061
702		0.0063
701.5		0.0062
701		0.0062
700.5		0.0063
700		0.0062
699.5		0.0063
699		0.0064
698.5		0.0064
698		0.0062
697.5		0.0062
697		0.0062
696.5		0.0066
696		0.0064
695.5		0.0065
695		0.0059
694.5		0.0062
694		0.0064
693.5		0.0066
693		0.0062
692.5		0.0063
692		0.0064
691.5		0.0064
691		0.0062
690.5		0.0064
690		0.0063
689.5		0.0062
689		0.0063
688.5		0.0063
688		0.0064
687.5		0.0062
687		0.0063
686.5		0.0066
686		0.0065
685.5		0.0068
685		0.0067
684.5		0.0062
684		0.0062
683.5		0.0062
683		0.0061
682.5		0.0064
682		0.0065
681.5		0.006
681		0.0063
680.5		0.0062
680		0.0064
679.5		0.0063
679		0.0061
678.5		0.0064
678		0.0062
677.5		0.0062
677		0.0064
676.5		0.0065
676		0.0063
675.5		0.0063
675		0.0065
674.5		0.0064
674		0.0062
673.5		0.0065
673		0.0069
672.5		0.0063
672		0.0063
671.5		0.0065
671		0.0066
670.5		0.0066
670		0.0061
669.5		0.0063
669		0.0062
668.5		0.0063
668		0.0066
667.5		0.0064
667		0.0064
666.5		0.0063
666		0.0065
665.5		0.0063
665		0.0064
664.5		0.0063
664		0.0063
663.5		0.0064
663		0.0063
662.5		0.0062
662		0.0064
661.5		0.0064
661		0.0065
660.5		0.0063
660		0.0063
659.5		0.0064
659		0.0063
658.5		0.0065
658		0.0064
657.5		0.0065
657		0.0063
656.5		0.0065
656		0.0065
655.5		0.0064
655		0.0067
654.5		0.0066
654		0.0066
653.5		0.0065
653		0.0065
652.5		0.0064
652		0.0066
651.5		0.0064
651		0.0066
650.5		0.0064
650		0.0067
649.5		0.0064
649		0.0066
648.5		0.0066
648		0.0063
647.5		0.0064
647		0.0064
646.5		0.0062
646		0.0065
645.5		0.0066
645		0.0062
644.5		0.0065
644		0.0067
643.5		0.0063
643		0.0067
642.5		0.0065
642		0.0065
641.5		0.0065
641		0.0064
640.5		0.0064
640		0.0065
639.5		0.0064
639		0.0063
638.5		0.0064
638		0.0064
637.5		0.0063
637		0.0064
636.5		0.0062
636		0.0066
635.5		0.0062
635		0.0064
634.5		0.0061
634		0.0065
633.5		0.0063
633		0.0064
632.5		0.0061
632		0.0064
631.5		0.0061
631		0.0065
630.5		0.0061
630		0.0064
629.5		0.0064
629		0.0061
628.5		0.0063
628		0.0063
627.5		0.0064
627		0.0067
626.5		0.0063
626		0.0064
625.5		0.0066
625		0.0066
624.5		0.0066
624		0.0068
623.5		0.0066
623		0.0068
622.5		0.0065
622		0.0065
621.5		0.0068
621		0.007
620.5		0.0071
620		0.0068
619.5		0.0069
619		0.0069
618.5		0.007
618		0.0068
617.5		0.0068
617		0.0069
616.5		0.0071
616		0.0068
615.5		0.0073
615		0.0069
614.5		0.007
614		0.0069
613.5		0.0069
613		0.0069
612.5		0.0069
612		0.0069
611.5		0.0069
611		0.0071
610.5		0.0069
610		0.0071
609.5		0.0069
609		0.0069
608.5		0.007
608		0.0069
607.5		0.0072
607		0.0071
606.5		0.007
606		0.0068
605.5		0.0072
605		0.0068
604.5		0.0068
604		0.0077
603.5		0.0072
603		0.0072
602.5		0.007
602		0.007
601.5		0.0073
601		0.007
600.5		0.0072
600		0.0071
599.5		0.0073
599		0.0069
598.5		0.007
598		0.0069
597.5		0.007
597		0.0072
596.5		0.0072
596		0.0071
595.5		0.0072
595		0.0071
594.5		0.0072
594		0.0075
593.5		0.0075
593		0.0075
592.5		0.0078
592		0.0071
591.5		0.0072
591		0.0072
590.5		0.0071
590		0.0075
589.5		0.0076
589		0.0071
588.5		0.0073
588		0.0075
587.5		0.0076
587		0.0076
586.5		0.0074
586		0.0073
585.5		0.0073
585		0.0075
584.5		0.0075
584		0.0076
583.5		0.0077
583		0.0075
582.5		0.0079
582		0.0079
581.5		0.0077
581		0.0078
580.5		0.0078
580		0.0078
579.5		0.0078
579		0.0077
578.5		0.0077
578		0.0076
577.5		0.0079
577		0.0074
576.5		0.0076
576		0.0077
575.5		0.0078
575		0.0076
574.5		0.008
574		0.0077
573.5		0.0074
573		0.0079
572.5		0.0076
572		0.0078
571.5		0.0078
571		0.008
570.5		0.0076
570		0.0081
569.5		0.0079
569		0.0078
568.5		0.0078
568		0.0078
567.5		0.0078
567		0.0081
566.5		0.0077
566		0.0078
565.5		0.0085
565		0.0079
564.5		0.0078
564		0.0083
563.5		0.0081
563		0.0079
562.5		0.0083
562		0.0078
561.5		0.0081
561		0.0082
560.5		0.0078
560		0.008
559.5		0.0081
559		0.008
558.5		0.0078
558		0.008
557.5		0.0078
557		0.008
556.5		0.0079
556		0.0079
555.5		0.008
555		0.0079
554.5		0.0079
554		0.008
553.5		0.0081
553		0.0081
552.5		0.008
552		0.0081
551.5		0.008
551		0.008
550.5		0.008
550		0.0081
549.5		0.008
549		0.0081
548.5		0.008
548		0.0077
547.5		0.0085
547		0.008
546.5		0.0084
546		0.0082
545.5		0.0081
545		0.0081
544.5		0.0084
544		0.0085
543.5		0.0082
543		0.0077
542.5		0.0083
542		0.0079
541.5		0.0083
541		0.008
540.5		0.0083
540		0.0084
539.5		0.0083
539		0.0084
538.5		0.008
538		0.0081
537.5		0.0082
537		0.0083
536.5		0.0084
536		0.0083
535.5		0.0084
535		0.0079
534.5		0.0084
534		0.008
533.5		0.0083
533		0.0083
532.5		0.0081
532		0.0085
531.5		0.0081
531		0.0086
530.5		0.0085
530		0.0083
529.5		0.0082
529		0.0084
528.5		0.0085
528		0.0085
527.5		0.0086
527		0.0083
526.5		0.008
526		0.0089
525.5		0.0086
525		0.0087
524.5		0.0083
524		0.0083
523.5		0.0084
523		0.0081
522.5		0.0083
522		0.0083
521.5		0.0084
521		0.0081
520.5		0.0083
520		0.0082
519.5		0.0086
519		0.0082
518.5		0.008
518		0.0084
517.5		0.0077
517		0.0081
516.5		0.0084
516		0.0081
515.5		0.0085
515		0.0082
514.5		0.0081
514		0.0081
513.5		0.0082
513		0.0079
512.5		0.0077
512		0.0081
511.5		0.0075
511		0.0079
510.5		0.0079
510		0.0079
509.5		0.0077
509		0.0077
508.5		0.0073
508		0.0079
507.5		0.0081
507		0.0075
506.5		0.0082
506		0.0073
505.5		0.0079
505		0.008
504.5		0.0074
504		0.0078
503.5		0.0074
503		0.0078
502.5		0.0081
502		0.0081
501.5		0.0078
501		0.0081
500.5		0.008
500		0.0089
499.5		0.0083
499		0.0082
498.5		0.009
498		0.0079
497.5		0.0084
497		0.0078
496.5		0.0086
496		0.0081
495.5		0.0081
495		0.0082
494.5		0.0086
494		0.0082
493.5		0.0082
493		0.0082
492.5		0.0079
492		0.0083
491.5		0.0081
491		0.0078
490.5		0.0077
490		0.0078
489.5		0.0083
489		0.0083
488.5		0.0079
488		0.008
487.5		0.0076
487		0.0082
486.5		0.0076
486		0.0084
485.5		0.0078
485		0.0078
484.5		0.0081
484		0.0083
483.5		0.0075
483		0.0076
482.5		0.0072
482		0.0079
481.5		0.0081
481		0.0075
480.5		0.0074
480		0.0071
479.5		0.0074
479		0.0076
478.5		0.0078
478		0.0075
477.5		0.0075
477		0.0079
476.5		0.0071
476		0.0075
475.5		0.0077
475		0.0074
474.5		0.0078
474		0.0075
473.5		0.0079
473		0.0071
472.5		0.0078
472		0.0078
471.5		0.0079
471		0.0079
470.5		0.0077
470		0.0079
469.5		0.0075
469		0.0079
468.5		0.008
468		0.008
467.5		0.0073
467		0.0069
466.5		0.0075
466		0.0073
465.5		0.0073
465		0.0078
464.5		0.0073
464		0.007
463.5		0.0078
463		0.008
462.5		0.0076
462		0.007
461.5		0.0078
461		0.008
460.5		0.0071
460		0.0072
459.5		0.0073
459		0.0071
458.5		0.0075
458		0.0072
457.5		0.0075
457		0.007
456.5		0.0073
456		0.006
455.5		0.0072
455		0.007
454.5		0.0071
454		0.0067
453.5		0.0071
453		0.0062
452.5		0.0062
452		0.0067
451.5		0.0063
451		0.0066
450.5		0.0059
450		0.0058
449.5		0.0067
449		0.0053
448.5		0.0068
448		0.0062
447.5		0.0058
447		0.0052
446.5		0.0052
446		0.006
445.5		0.0064
445		0.0062
444.5		0.0052
444		0.0057
443.5		0.0062
443		0.0061
442.5		0.0061
442		0.0055
441.5		0.0052
441		0.0056
440.5		0.0058
440		0.0058
439.5		0.0063
439		0.0059
438.5		0.006
438		0.0057
437.5		0.0055
437		0.0056
436.5		0.0056
436		0.0062
435.5		0.0055
435		0.0058
434.5		0.006
434		0.0055
433.5		0.006
433		0.0057
432.5		0.0058
432		0.0059
431.5		0.0057
431		0.0055
430.5		0.0057
430		0.0062
429.5		0.006
429		0.0061
428.5		0.0059
428		0.0054
427.5		0.0063
427		0.0055
426.5		0.0058
426		0.0056
425.5		0.0065
425		0.0059
424.5		0.006
424		0.0062
423.5		0.0062
423		0.0057
422.5		0.006
422		0.0064
421.5		0.0058
421		0.0058
420.5		0.0055
420		0.0069
419.5		0.0059
419		0.0062
418.5		0.0057
418		0.0061
417.5		0.0059
417		0.0062
416.5		0.0052
416		0.0058
415.5		0.0059
415		0.0056
414.5		0.0056
414		0.0052
413.5		0.0055
413		0.0058
412.5		0.0063
412		0.0063
411.5		0.0059
411		0.0057
410.5		0.0064
410		0.006
409.5		0.0052
409		0.0061
408.5		0.0054
408		0.006
407.5		0.0053
407		0.0058
406.5		0.0058
406		0.0055
405.5		0.0059
405		0.0058
404.5		0.0057
404		0.0054
403.5		0.0059
403		0.0062
402.5		0.0056
402		0.0058
401.5		0.006
401		0.0065
400.5		0.0059
400		0.0061
399.5		0.0057
399		0.006
398.5		0.0058
398		0.0055
397.5		0.0061
397		0.0056
396.5		0.0058
396		0.006
395.5		0.0057
395		0.0056
394.5		0.0061
394		0.0059
393.5		0.0057
393		0.0052
392.5		0.0057
392		0.0057
391.5		0.0059
391		0.005
390.5		0.0058
390		0.0063
389.5		0.0062
389		0.0052
388.5		0.0057
388		0.0063
387.5		0.0055
387		0.0056
386.5		0.0065
386		0.0058
385.5		0.0058
385		0.0059
384.5		0.0058
384		0.0059
383.5		0.0056
383		0.0054
382.5		0.006
382		0.0053
381.5		0.006
381		0.0047
380.5		0.0048
380		0.0054
379.5		0.0061
379		0.0064
378.5		0.0055
378		0.0055
377.5		0.0059
377		0.0058
376.5		0.0056
376		0.006
375.5		0.0066
375		0.005
374.5		0.0064
374		0.0059
373.5		0.007
373		0.0065
372.5		0.0057
372		0.0062
371.5		0.0066
371		0.0063
370.5		0.0058
370		0.0054
369.5		0.0065
369		0.0065
368.5		0.0067
368		0.0069
367.5		0.006
367		0.0065
366.5		0.0056
366		0.0056
365.5		0.0061
365		0.0049
364.5		0.0074
364		0.0068
363.5		0.0046
363		0.007
362.5		0.0073
362		0.0066
361.5		0.007
361		0.0051
360.5		0.0067
360		0.0062
359.5		0.006
359		0.0062
358.5		0.0063
358		0.0067
357.5		0.0056
357		0.0062
356.5		0.0066
356		0.0065
355.5		0.0065
355		0.0056
354.5		0.0059
354		0.0063
353.5		0.0066
353		0.0062
352.5		0.0059
352		0.006
351.5		0.0051
351		0.0059
350.5		0.0065
350		0.007
349.5		0.0063
349		0.006
348.5		0.0059
348		0.0067
347.5		0.0064
347		0.0057
346.5		0.0065
346		0.0057
345.5		0.0071
345		0.007
344.5		0.0057
344		0.0057
343.5		0.007
343		0.0065
342.5		0.0064
342		0.0044
341.5		0.0054
341		0.0063
340.5		0.0055
340		0.0052
339.5		0.003
339		0.0039
338.5		0.005
338		0.005
337.5		0.0033
337		0.004
336.5		0.0046
336		0.0035
335.5		0.004
335		0.0042
334.5		0.0032
334		0.0051
333.5		0.0041
333		0.004
332.5		0.0057
332		0.0027
331.5		0.0036
331		0.0037
330.5		0.0023
330		0.0035
329.5		0.005
329		0.0029
328.5		0.0051
328		0.0038
327.5		0.0045
327		0.0061
326.5		0.0046
326		0.0045
325.5		0.0043
325		0.002
324.5		0.0031
324		0.003
323.5		0.0054
323		0.0016
322.5		0.0025
322		0.0024
321.5		0.0052
321		0.0036
320.5		0.0034
320		0.0069
319.5		0.004
319		0.0027
318.5		0.0054
318		0.0026
317.5		0.0053
317		0.0032
316.5		0.0036
316		0.0033
315.5		0.0059
315		0.0053
314.5		0.004
314		0.0041
313.5		0.003
313		0.0037
312.5		0.0022
312		0.0083
311.5		0.0049
311		-0.0038
310.5		-0.0016
310		0.0059
309.5		0.0082
309		0.0015
308.5		0.0038
308		0.0072
307.5		0.0083
307		-0.0056
306.5		0.0114
306		-0.0005
305.5		0.0034
305		-0.0031
304.5		0.0048
304		0.0144
303.5		0.029
303		0.0052
302.5		0.0063
302		0.0238
301.5		0.0085
301		0.0154
300.5		-0.0314
300		0.0387
299.5		-0.0174
299		-0.0105
298.5		-0.0227
298		-0.0062
297.5		-0.0932
297		-0.1158
296.5		0.0794
296		0.2703
295.5		-0.2462
295		0.1194
294.5		-0.2651
294		-0.9813
293.5		0.1676
293		0.7214
292.5		0.4774
292		0.7042
291.5		-0.2098
291		-1.4847
290.5		2.2171
290		-0.0967
289.5		-0.6018
289		0.534
288.5		5.697
288		0.4741
287.5		2.2166
287		-0.323
286.5		-1.6872
286		1.0862
285.5		1.8422
285		1.2454
284.5		-0.089
284		-0.29
283.5		-1.0573
283		1.5354
282.5		0.7394
282		-5.1455
281.5		1.0566
281		-3.8589
280.5		1.2259
280		-0.2848
279.5		-0.6293
279		-0.4742
278.5		-0.2686
278		0.7623
277.5		-1.3495
277		0.1608
276.5		0.7198
276		-0.0295
275.5		5.3426
275		-0.5532
274.5		-0.1294
274		-18.5532
273.5		-0.4303
273		-0.5104
272.5		0.8853
272		0.6662
271.5		-0.4959
271		-0.5305
270.5		-4.6721
270		1.4279
269.5		0.1752
269		-4.8157
268.5		0.1052
268		0.3751
267.5		2.0612
267		0.4508
266.5		-0.0666
266		-0.0013
265.5		0.6971
265		-3.1624
264.5		0.4898
264		-0.4137
263.5		-10.1411
263		-0.4413
262.5		-0.6523
262		-1.6629
261.5		-0.6688
261		4.1036
260.5		-0.1049
260		-0.7426
259.5		3.0455
259		0.44
258.5		-12.1583
258		-1.069
257.5		0.7387
257		-0.7001
256.5		-0.3284
256		0.7788
255.5		0.3014
255		8.8412
254.5		0.3982
254		2.036
253.5		1.4227
253		-2.1248
252.5		0.1008
252		0.6826
251.5		-1.4163
251		0.1878
250.5		-0.9634
250		-1.1599
249.5		-0.2047
249		-0.3496
248.5		-2.2284
248		0.3366
247.5		-0.0331
247		2.7274
246.5		-13.1734
246		-0.7346
245.5		3.1049
245		1.2233
244.5		0.3362
244		-0.7513
243.5		-2.4106
243		1.6736
242.5		-0.9723
242		0.4903
241.5		-0.0851
241		5.7243
240.5		-0.1633
240		-2.9115
239.5		1.556
239		0.3621
238.5		0.8149
238		2.4184
237.5		-0.2821
237		-0.4791
236.5		-0.4065
236		-0.3682
235.5		-3.9269
235		-0.2621
234.5		2.9543
234		-0.2318
233.5		-0.77
233		-1.4343
232.5		3.9354
232		0.0292
231.5		-0.2578
231		2.3678
230.5		0.4573
230		4.2727
229.5		-4.9183
229		63.7731
228.5		-5.2214
228		0.5627
227.5		-0.7872
227		-0.1741
226.5		-0.9241
226		-52.4475
225.5		-0.0493
225		0.9111
224.5		-0.1867
224		-1.71
223.5		-0.7365
223		3.2544
222.5		-1.0686
222		0.4647
221.5		0.3423
221		-0.3065
220.5		10.5149
220		-0.5944
219.5		0.0625
219		0.5599
218.5		1.0535
218		-5.276
217.5		-0.1712
217		-0.3659
216.5		0.0744
216		-0.2662
215.5		-1.2011
215		-11.0848
214.5		-0.236
214		-0.625
213.5		-1.4339
213		2.2439
212.5		-1.4969
212		-0.999
211.5		1.1342
211		0.6293
210.5		-0.6696
210		4.3955
209.5		1.5215
209		1.0828
208.5		-1.1162
208		-0.9338
207.5		-1.146
207		-0.3489
206.5		-3.8467
206		0.4843
205.5		21.0403
205		-1.4756
204.5		1.2478
204		1.7198
203.5		-0.6133
203		-2.3364
202.5		-1.6611
202		15.1519
201.5		-0.2268
201		2.1201
200.5		8.4701
200		1.2462
