lambda		value

Calibration:
lambda:	800
Abs:	0.0001

Data:
#
900		0.278711
899.5		0.290703
899		0.267232
898.5		0.281175
898		0.289289
897.5		0.278474
897		0.308816
896.5		0.289999
896		0.278603
895.5		0.279792
895		0.279352
894.5		0.288183
894		0.286347
893.5		0.293453
893		0.298618
892.5		0.28317
892		0.282406
891.5		0.282038
891		0.291338
890.5		0.289305
890		0.283002
889.5		0.281737
889		0.288267
888.5		0.303115
888		0.279948
887.5		0.289625
887		0.283895
886.5		0.294165
886		0.294586
885.5		0.286623
885		0.289269
884.5		0.297193
884		0.306531
883.5		0.293565
883		0.294414
882.5		0.294171
882		0.287727
881.5		0.287141
881		0.295008
880.5		0.293798
880		0.29192
879.5		0.296022
879		0.296785
878.5		0.293586
878		0.297159
877.5		0.298891
877		0.295964
876.5		0.303305
876		0.299667
875.5		0.295401
875		0.302467
874.5		0.301398
874		0.296614
873.5		0.298427
873		0.299101
872.5		0.298909
872		0.294932
871.5		0.294843
871		0.295963
870.5		0.294077
870		0.296737
869.5		0.296208
869		0.297359
868.5		0.298277
868		0.298333
867.5		0.297111
867		0.297103
866.5		0.298297
866		0.300329
865.5		0.298181
865		0.302536
864.5		0.297169
864		0.300279
863.5		0.30014
863		0.296867
862.5		0.300669
862		0.300476
861.5		0.298854
861		0.304151
860.5		0.303711
860		0.299415
859.5		0.301783
859		0.301527
858.5		0.303596
858		0.301141
857.5		0.302915
857		0.303406
856.5		0.304033
856		0.302706
855.5		0.301881
855		0.302934
854.5		0.302088
854		0.303391
853.5		0.304563
853		0.303649
852.5		0.302355
852		0.302914
851.5		0.304598
851		0.303437
850.5		0.304473
850		0.304516
849.5		0.303644
849		0.30421
848.5		0.302422
848		0.303288
847.5		0.30558
847		0.304245
846.5		0.303953
846		0.305048
845.5		0.307433
845		0.305792
844.5		0.30789
844		0.306165
843.5		0.304613
843		0.305679
842.5		0.306338
842		0.307131
841.5		0.306573
841		0.306211
840.5		0.308408
840		0.30659
839.5		0.307404
839		0.307175
838.5		0.307776
838		0.307746
837.5		0.308004
837		0.30821
836.5		0.309387
836		0.308035
835.5		0.309338
835		0.309814
834.5		0.311153
834		0.309999
833.5		0.308692
833		0.310198
832.5		0.310369
832		0.310623
831.5		0.310071
831		0.310852
830.5		0.310407
830		0.311113
829.5		0.31075
829		0.310848
828.5		0.312238
828		0.310757
827.5		0.312562
827		0.311871
826.5		0.311753
826		0.312244
825.5		0.312338
825		0.312706
824.5		0.313105
824		0.313162
823.5		0.313812
823		0.312937
822.5		0.314351
822		0.313448
821.5		0.313823
821		0.313393
820.5		0.313827
820		0.313299
819.5		0.3142
819		0.315126
818.5		0.313399
818		0.315184
817.5		0.315853
817		0.315037
816.5		0.314648
816		0.315569
815.5		0.314519
815		0.316011
814.5		0.3148
814		0.315226
813.5		0.315921
813		0.316032
812.5		0.31621
812		0.316568
811.5		0.317085
811		0.316737
810.5		0.31663
810		0.317137
809.5		0.315511
809		0.317622
808.5		0.316258
808		0.317995
807.5		0.317286
807		0.3178
806.5		0.317718
806		0.31825
805.5		0.31731
805		0.318114
804.5		0.317573
804		0.317646
803.5		0.318687
803		0.31815
802.5		0.318832
802		0.317964
801.5		0.318872
801		0.319639
800.5		0.317946
800		0.319132
799.5		0.319032
799		0.318663
798.5		0.319208
798		0.319808
797.5		0.320477
797		0.319876
796.5		0.319349
796		0.319194
795.5		0.319553
795		0.320368
794.5		0.320172
794		0.319485
793.5		0.319828
793		0.320632
792.5		0.32074
792		0.321185
791.5		0.320032
791		0.319797
790.5		0.320583
790		0.319482
789.5		0.321072
789		0.321254
788.5		0.321668
788		0.321357
787.5		0.320623
787		0.321607
786.5		0.321429
786		0.321052
785.5		0.321743
785		0.320757
784.5		0.32119
784		0.322223
783.5		0.3215
783		0.322835
782.5		0.322024
782		0.322137
781.5		0.323019
781		0.322198
780.5		0.32233
780		0.321535
779.5		0.322156
779		0.321724
778.5		0.323037
778		0.322948
777.5		0.321749
777		0.322671
776.5		0.322764
776		0.321848
775.5		0.321855
775		0.322945
774.5		0.321628
774		0.322677
773.5		0.322764
773		0.322844
772.5		0.323125
772		0.321794
771.5		0.322986
771		0.323043
770.5		0.322683
770		0.32333
769.5		0.32277
769		0.323403
768.5		0.321852
768		0.322882
767.5		0.323272
767		0.32216
766.5		0.322407
766		0.323559
765.5		0.323137
765		0.32185
764.5		0.322864
764		0.32331
763.5		0.323591
763		0.322132
762.5		0.323371
762		0.32268
761.5		0.321844
761		0.323474
760.5		0.323342
760		0.323699
759.5		0.322651
759		0.322994
758.5		0.323085
758		0.32303
757.5		0.322824
757		0.322096
756.5		0.322401
756		0.323114
755.5		0.322821
755		0.322924
754.5		0.322587
754		0.321662
753.5		0.322112
753		0.322947
752.5		0.322308
752		0.32243
751.5		0.321804
751		0.322465
750.5		0.322273
750		0.322074
749.5		0.322228
749		0.321468
748.5		0.322007
748		0.322568
747.5		0.321751
747		0.322093
746.5		0.321963
746		0.322004
745.5		0.321191
745		0.321921
744.5		0.321829
744		0.32082
743.5		0.321698
743		0.321297
742.5		0.32163
742		0.321174
741.5		0.320757
741		0.320658
740.5		0.321213
740		0.320499
739.5		0.321135
739		0.320277
738.5		0.320107
738		0.320103
737.5		0.320245
737		0.319925
736.5		0.320091
736		0.31979
735.5		0.320296
735		0.319368
734.5		0.318361
734		0.319586
733.5		0.319886
733		0.319065
732.5		0.318799
732		0.318566
731.5		0.3182
731		0.31795
730.5		0.319044
730		0.317513
729.5		0.317616
729		0.317061
728.5		0.316616
728		0.31776
727.5		0.315549
727		0.316467
726.5		0.316831
726		0.315932
725.5		0.31583
725		0.3153
724.5		0.314509
724		0.314522
723.5		0.314731
723		0.31436
722.5		0.313632
722		0.313596
721.5		0.312815
721		0.312151
720.5		0.311189
720		0.31214
719.5		0.311226
719		0.311594
718.5		0.310784
718		0.311709
717.5		0.311797
717		0.311446
716.5		0.311744
716		0.30996
715.5		0.310377
715		0.312754
714.5		0.31266
714		0.312006
713.5		0.311963
713		0.311464
712.5		0.311545
712		0.312108
711.5		0.311823
711		0.311876
710.5		0.311692
710		0.312274
709.5		0.31217
709		0.311588
708.5		0.31239
708		0.311273
707.5		0.311275
707		0.311521
706.5		0.311293
706		0.311945
705.5		0.310702
705		0.311286
704.5		0.310579
704		0.310614
703.5		0.310253
703		0.309594
702.5		0.309831
702		0.310416
701.5		0.309913
701		0.310355
700.5		0.309817
700		0.308844
699.5		0.309173
699		0.308745
698.5		0.308716
698		0.308095
697.5		0.308049
697		0.307814
696.5		0.308376
696		0.307139
695.5		0.307086
695		0.30651
694.5		0.306933
694		0.306964
693.5		0.306561
693		0.305931
692.5		0.306388
692		0.306332
691.5		0.305641
691		0.305356
690.5		0.305663
690		0.305262
689.5		0.304919
689		0.305586
688.5		0.304464
688		0.304899
687.5		0.303949
687		0.304
686.5		0.304069
686		0.303935
685.5		0.302944
685		0.303635
684.5		0.302716
684		0.302964
683.5		0.302946
683		0.302174
682.5		0.302401
682		0.301648
681.5		0.301611
681		0.301391
680.5		0.300979
680		0.301482
679.5		0.300484
679		0.301347
678.5		0.300603
678		0.300099
677.5		0.300663
677		0.300741
676.5		0.300773
676		0.300238
675.5		0.300218
675		0.300059
674.5		0.299476
674		0.29901
673.5		0.298654
673		0.299327
672.5		0.298348
672		0.298407
671.5		0.29807
671		0.2981
670.5		0.29803
670		0.298068
669.5		0.297527
669		0.297228
668.5		0.297059
668		0.297241
667.5		0.296567
667		0.297297
666.5		0.296142
666		0.296638
665.5		0.295875
665		0.295959
664.5		0.296311
664		0.295432
663.5		0.295709
663		0.295522
662.5		0.295218
662		0.295097
661.5		0.29484
661		0.294514
660.5		0.294572
660		0.295085
659.5		0.294438
659		0.294392
658.5		0.294794
658		0.294544
657.5		0.294223
657		0.293774
656.5		0.293954
656		0.293873
655.5		0.294001
655		0.293278
654.5		0.293488
654		0.29361
653.5		0.293849
653		0.293335
652.5		0.293026
652		0.292618
651.5		0.293311
651		0.292212
650.5		0.292436
650		0.292494
649.5		0.292714
649		0.292288
648.5		0.292312
648		0.292292
647.5		0.292276
647		0.292928
646.5		0.292392
646		0.292375
645.5		0.292445
645		0.293011
644.5		0.292256
644		0.292394
643.5		0.292389
643		0.292593
642.5		0.292644
642		0.292199
641.5		0.292532
641		0.292257
640.5		0.292398
640		0.292705
639.5		0.292759
639		0.2927
638.5		0.29304
638		0.293198
637.5		0.293444
637		0.293586
636.5		0.293846
636		0.294088
635.5		0.294041
635		0.294402
634.5		0.294663
634		0.294811
633.5		0.295127
633		0.295709
632.5		0.295152
632		0.295723
631.5		0.29581
631		0.295787
630.5		0.296281
630		0.295863
629.5		0.295934
629		0.296416
628.5		0.296337
628		0.296374
627.5		0.295714
627		0.296864
626.5		0.295978
626		0.295577
625.5		0.295597
625		0.294676
624.5		0.295805
624		0.295011
623.5		0.294871
623		0.295164
622.5		0.294584
622		0.29541
621.5		0.29543
621		0.295295
620.5		0.295127
620		0.295194
619.5		0.29513
619		0.295295
618.5		0.295545
618		0.295578
617.5		0.295413
617		0.296872
616.5		0.29679
616		0.297013
615.5		0.297161
615		0.297789
614.5		0.297405
614		0.297818
613.5		0.298336
613		0.298802
612.5		0.299211
612		0.299115
611.5		0.299756
611		0.300126
610.5		0.299942
610		0.300389
609.5		0.300029
609		0.300846
608.5		0.301303
608		0.301235
607.5		0.301556
607		0.302901
606.5		0.302362
606		0.303874
605.5		0.30313
605		0.3039
604.5		0.304648
604		0.304669
603.5		0.305329
603		0.305556
602.5		0.305472
602		0.306347
601.5		0.306729
601		0.30764
600.5		0.30755
600		0.307662
599.5		0.308462
599		0.307603
598.5		0.309552
598		0.309191
597.5		0.310727
597		0.311437
596.5		0.311318
596		0.312367
595.5		0.311664
595		0.311985
594.5		0.313033
594		0.313729
593.5		0.314349
593		0.314984
592.5		0.314861
592		0.315856
591.5		0.316039
591		0.316589
590.5		0.317253
590		0.317588
589.5		0.318521
589		0.318947
588.5		0.319532
588		0.320132
587.5		0.321546
587		0.321049
586.5		0.321287
586		0.32216
585.5		0.323495
585		0.323038
584.5		0.323865
584		0.325312
583.5		0.325227
583		0.325914
582.5		0.326988
582		0.326958
581.5		0.327989
581		0.328157
580.5		0.329244
580		0.329794
579.5		0.330469
579		0.3315
578.5		0.331213
578		0.332464
577.5		0.33314
577		0.333784
576.5		0.334941
576		0.334908
575.5		0.336136
575		0.336162
574.5		0.336868
574		0.338055
573.5		0.33776
573		0.339606
572.5		0.340276
572		0.340171
571.5		0.341005
571		0.341712
570.5		0.342321
570		0.343611
569.5		0.344532
569		0.344748
568.5		0.345192
568		0.345496
567.5		0.347135
567		0.347667
566.5		0.348428
566		0.348904
565.5		0.349045
565		0.351164
564.5		0.352082
564		0.352743
563.5		0.353088
563		0.353466
562.5		0.354457
562		0.355415
561.5		0.355801
561		0.357417
560.5		0.357848
560		0.359654
559.5		0.361895
559		0.361044
558.5		0.362379
558		0.363287
557.5		0.363645
557		0.365172
556.5		0.365259
556		0.365589
555.5		0.366951
555		0.367417
554.5		0.368775
554		0.369284
553.5		0.369955
553		0.370924
552.5		0.371899
552		0.372329
551.5		0.37343
551		0.374317
550.5		0.375599
550		0.375406
549.5		0.377013
549		0.377391
548.5		0.378376
548		0.378898
547.5		0.379597
547		0.381272
546.5		0.3819
546		0.382201
545.5		0.384136
545		0.383615
544.5		0.385646
544		0.385012
543.5		0.386262
543		0.387507
542.5		0.387383
542		0.389255
541.5		0.389578
541		0.390342
540.5		0.391163
540		0.390932
539.5		0.393157
539		0.393607
538.5		0.393685
538		0.395267
537.5		0.395254
537		0.397288
536.5		0.397387
536		0.397997
535.5		0.398438
535		0.399276
534.5		0.400019
534		0.400915
533.5		0.401846
533		0.402706
532.5		0.404117
532		0.403828
531.5		0.404458
531		0.405899
530.5		0.406402
530		0.407369
529.5		0.407686
529		0.409225
528.5		0.409268
528		0.409934
527.5		0.411507
527		0.411681
526.5		0.412493
526		0.413882
525.5		0.413892
525		0.415325
524.5		0.415168
524		0.416238
523.5		0.417707
523		0.417785
522.5		0.418293
522		0.418554
521.5		0.419794
521		0.421384
520.5		0.420947
520		0.421734
519.5		0.421914
519		0.423022
518.5		0.424664
518		0.424289
517.5		0.424926
517		0.425647
516.5		0.425704
516		0.427046
515.5		0.427646
515		0.428109
514.5		0.429294
514		0.428816
513.5		0.430276
513		0.430451
512.5		0.431666
512		0.431929
511.5		0.431825
511		0.43298
510.5		0.433451
510		0.433257
509.5		0.434272
509		0.433797
508.5		0.434978
508		0.434965
507.5		0.435387
507		0.435792
506.5		0.435749
506		0.435389
505.5		0.436569
505		0.43531
504.5		0.436572
504		0.435411
503.5		0.435897
503		0.43634
502.5		0.435579
502		0.435799
501.5		0.435528
501		0.435185
500.5		0.435955
500		0.435144
499.5		0.435314
499		0.434945
498.5		0.43433
498		0.435146
497.5		0.434553
497		0.43452
496.5		0.433917
496		0.433913
495.5		0.43395
495		0.432804
494.5		0.431456
494		0.431982
493.5		0.431452
493		0.431243
492.5		0.430621
492		0.430109
491.5		0.429135
491		0.428794
490.5		0.428348
490		0.428847
489.5		0.427641
489		0.427354
488.5		0.425522
488		0.425472
487.5		0.426053
487		0.424597
486.5		0.423471
486		0.423168
485.5		0.422086
485		0.421939
484.5		0.421317
484		0.419797
483.5		0.418772
483		0.418628
482.5		0.417465
482		0.416955
481.5		0.415991
481		0.414392
480.5		0.414069
480		0.414339
479.5		0.413043
479		0.412016
478.5		0.411546
478		0.409532
477.5		0.409646
477		0.40877
476.5		0.407555
476		0.407397
475.5		0.405157
475		0.405298
474.5		0.404401
474		0.402699
473.5		0.402411
473		0.40124
472.5		0.400592
472		0.399659
471.5		0.399767
471		0.396963
470.5		0.39657
470		0.395649
469.5		0.395467
469		0.393961
468.5		0.392978
468		0.39314
467.5		0.391759
467		0.389946
466.5		0.389556
466		0.388575
465.5		0.387674
465		0.38664
464.5		0.386484
464		0.386027
463.5		0.385183
463		0.383606
462.5		0.383075
462		0.381937
461.5		0.381518
461		0.380994
460.5		0.380054
460		0.379694
459.5		0.378364
459		0.377493
458.5		0.377087
458		0.375985
457.5		0.375097
457		0.374601
456.5		0.374676
456		0.373004
455.5		0.374038
455		0.372978
454.5		0.372697
454		0.370261
453.5		0.37062
453		0.369428
452.5		0.369888
452		0.368906
451.5		0.368664
451		0.367416
450.5		0.367755
450		0.365707
449.5		0.365664
449		0.364057
448.5		0.363892
448		0.362975
447.5		0.362798
447		0.36185
446.5		0.361517
446		0.360621
445.5		0.360035
445		0.359135
444.5		0.359002
444		0.358406
443.5		0.356827
443		0.356592
442.5		0.35632
442		0.355907
441.5		0.355142
441		0.353672
440.5		0.353526
440		0.353433
439.5		0.35303
439		0.352094
438.5		0.351258
438		0.350809
437.5		0.349582
437		0.35037
436.5		0.349199
436		0.348879
435.5		0.348531
435		0.346964
434.5		0.34819
434		0.346263
433.5		0.345235
433		0.3455
432.5		0.345479
432		0.344472
431.5		0.343769
431		0.343225
430.5		0.343708
430		0.341834
429.5		0.341717
429		0.341396
428.5		0.339989
428		0.34098
427.5		0.338927
427		0.339519
426.5		0.337765
426		0.338119
425.5		0.337588
425		0.33658
424.5		0.33667
424		0.335338
423.5		0.335929
423		0.335664
422.5		0.335665
422		0.333127
421.5		0.334306
421		0.33251
420.5		0.332422
420		0.332951
419.5		0.332305
419		0.331132
418.5		0.33072
418		0.330078
417.5		0.329961
417		0.32822
416.5		0.328824
416		0.328968
415.5		0.327514
415		0.327311
414.5		0.326354
414		0.326581
413.5		0.326323
413		0.32493
412.5		0.325908
412		0.324064
411.5		0.323903
411		0.324
410.5		0.322828
410		0.323723
409.5		0.322139
409		0.321681
408.5		0.320934
408		0.322161
407.5		0.321513
407		0.320251
406.5		0.319529
406		0.320227
405.5		0.318936
405		0.319062
404.5		0.318198
404		0.318107
403.5		0.316874
403		0.316717
402.5		0.316366
402		0.316914
401.5		0.316155
401		0.316155
400.5		0.314385
400		0.315982
399.5		0.315657
399		0.314548
398.5		0.313554
398		0.313187
397.5		0.313155
397		0.313123
396.5		0.311877
396		0.313095
395.5		0.311802
395		0.311528
394.5		0.31211
394		0.310134
393.5		0.311358
393		0.309828
392.5		0.308864
392		0.310208
391.5		0.309415
391		0.309475
390.5		0.308519
390		0.30861
389.5		0.307818
389		0.307765
388.5		0.307475
388		0.307074
387.5		0.306333
387		0.305565
386.5		0.30556
386		0.306317
385.5		0.304995
385		0.304713
384.5		0.303859
384		0.304071
383.5		0.304039
383		0.302815
382.5		0.302341
382		0.302782
381.5		0.302024
381		0.302594
380.5		0.301142
380		0.302016
379.5		0.299565
379		0.302017
378.5		0.30078
378		0.300176
377.5		0.299983
377		0.300477
376.5		0.299099
376		0.299858
375.5		0.299783
375		0.298449
374.5		0.299532
374		0.298641
373.5		0.299649
373		0.298009
372.5		0.298076
372		0.297755
371.5		0.296241
371		0.297697
370.5		0.298323
370		0.298072
369.5		0.296996
369		0.296072
368.5		0.295852
368		0.295962
367.5		0.294171
367		0.29558
366.5		0.294541
366		0.294385
365.5		0.294171
365		0.292665
364.5		0.293443
364		0.292415
363.5		0.293372
363		0.293299
362.5		0.292928
362		0.292186
361.5		0.292196
361		0.292285
360.5		0.293461
360		0.290558
359.5		0.29124
359		0.292387
358.5		0.288871
358		0.291766
357.5		0.288708
357		0.290446
356.5		0.290207
356		0.290125
355.5		0.289748
355		0.289358
354.5		0.288934
354		0.287951
353.5		0.288721
353		0.287266
352.5		0.28714
352		0.286187
351.5		0.287672
351		0.287324
350.5		0.286361
350		0.286408
349.5		0.285322
349		0.284966
348.5		0.284544
348		0.283253
347.5		0.28461
347		0.286751
346.5		0.284109
346		0.282765
345.5		0.280732
345		0.282741
344.5		0.283801
344		0.281442
343.5		0.280345
343		0.280963
342.5		0.279716
342		0.280574
341.5		0.279501
341		0.278497
340.5		0.281057
340		0.278578
339.5		0.276059
339		0.277904
338.5		0.279398
338		0.278943
337.5		0.27919
337		0.277948
336.5		0.277908
336		0.278555
335.5		0.276016
335		0.277025
334.5		0.277012
334		0.273476
333.5		0.276493
333		0.279026
332.5		0.27691
332		0.276612
331.5		0.277963
331		0.279137
330.5		0.276
330		0.278057
329.5		0.275427
329		0.277769
328.5		0.277876
328		0.279362
327.5		0.278768
327		0.278952
326.5		0.281518
326		0.28162
325.5		0.280939
325		0.281188
324.5		0.285134
324		0.287154
323.5		0.287239
323		0.291328
322.5		0.293992
322		0.292397
321.5		0.294504
321		0.297587
320.5		0.301207
320		0.301532
319.5		0.30641
319		0.307065
318.5		0.311343
318		0.315841
317.5		0.321892
317		0.320494
316.5		0.327764
316		0.334205
315.5		0.339054
315		0.340758
314.5		0.349374
314		0.35545
313.5		0.368026
313		0.376271
312.5		0.38346
312		0.390521
311.5		0.406313
311		0.418514
310.5		0.429564
310		0.437162
309.5		0.462072
309		0.468269
308.5		0.499779
308		0.520076
307.5		0.532773
307		0.567909
306.5		0.58019
306		0.609909
305.5		0.64933
305		0.700688
304.5		0.703501
304		0.765965
303.5		0.820483
303		0.862301
302.5		0.939968
302		0.98839
301.5		1.10618
301		1.07584
300.5		1.22353
300		1.32028
299.5		1.39434
299		1.4506
298.5		1.68749
298		1.83097
297.5		1.85981
297		2.29962
296.5		2.26573
296		2.53565
295.5		2.66339
295		4.11525
294.5		2.51885
294		2.41263
293.5		4.16331
293		2.64599
292.5		28.6748
292		1.72732
291.5		2.70691
291		0.920034
290.5		1.11158
290		0.953576
289.5		0.814423
289		0.924511
288.5		7.24375
288		41.1091
287.5		0.868136
287		-1.80963
286.5		-0.00403478
286		-2.267
285.5		0.161965
285		-0.770675
284.5		0.280659
284		1.05755
283.5		0.599229
283		6.12081
282.5		1.41475
282		-0.0697193
281.5		-0.717275
281		0.124291
280.5		2.04052
280		0.215461
279.5		-6.9237
279		-0.020342
278.5		-0.166157
278		0.207864
277.5		0.623434
277		0.610129
276.5		-0.635923
276		0.549502
275.5		3.59762
275		2.80662
274.5		0.0966261
274		0.188429
273.5		1.97335
273		0.510118
272.5		1.23864
272		1.24527
271.5		0.359565
271		2.04635
270.5		1.85013
270		-2.80377
269.5		-0.323142
269		0.0142783
268.5		0.684686
268		0.758986
267.5		3.23613
267		3.05342
266.5		-0.867835
266		0.231922
265.5		-0.802351
265		0.366854
264.5		-0.510165
264		0.484549
263.5		0.100714
263		0.317633
262.5		0.342814
262		0.441101
261.5		-1.04425
261		1.79906
260.5		0.472982
260		-0.739779
259.5		0.746957
259		0.674945
258.5		0.643511
258		-0.129491
257.5		0.451183
257		0.81581
256.5		0.253583
256		-22.2847
255.5		0.214105
255		-1.01841
254.5		0.39138
254		-0.4548
253.5		0.752353
253		7.0698
252.5		0.734416
252		0.852831
251.5		-4.03776
251		0.0916982
250.5		3.91582
250		0.232424
249.5		0.782526
249		0.573037
248.5		-0.392882
248		0.307321
247.5		0.639506
247		0.606893
246.5		-3.44107
246		0.72438
245.5		0.301535
245		-0.163615
244.5		-0.0629174
244		0.815216
243.5		0.141887
243		0.560762
242.5		0.661625
242		0.00195048
241.5		-0.374925
241		0.426941
240.5		0.665881
240		0.347655
239.5		-0.0660073
239		0.699095
238.5		0.247726
238		-0.092021
237.5		-0.0865169
237		0.00562178
236.5		-0.623566
236		1.30152
235.5		0.0724314
235		-0.00425273
234.5		0.130316
234		-0.458222
233.5		0.734634
233		-1.24905
232.5		0.708727
232		-1.13519
231.5		-2.70631
231		0.553707
230.5		0.230112
230		0.0992403
229.5		-0.451789
229		0.358774
228.5		0.653023
228		-0.00888355
227.5		-4.51055
227		0.188236
226.5		-0.119262
226		5.55313
225.5		0.484436
225		0.343979
224.5		0.49325
224		1.09793
223.5		-2.44668
223		-1.09282
222.5		0.0802816
222		5.84599
221.5		0.545179
221		0.0293397
220.5		0.871595
220		1.05166
219.5		0.418809
219		0.248627
218.5		-0.293798
218		1.00261
217.5		0.479349
217		-0.0501782
216.5		11.334
216		2.46826
215.5		-0.0354375
215		-3.48864
214.5		0.22482
214		0.453149
213.5		0.00243443
213		0.363079
212.5		4.913
212		1.02461
211.5		2.42113
211		0.28594
210.5		-0.0924386
210		0.0996296
209.5		0.339475
209		-0.0141633
208.5		-0.0556514
208		6.91685
207.5		-0.211903
207		0.380241
206.5		-0.660036
206		-0.780979
205.5		1.06194
205		-0.0991266
204.5		-0.823136
204		0.359832
203.5		0.0889892
203		0.224761
202.5		0.223039
202		0.604709
201.5		-0.947963
201		-0.295351
200.5		0.275632
200		-0.825022
