lambda		value

Calibration:
lambda:	800
Abs:	0.0005

Data:
#
900		0.151542
899.5		0.149933
899		0.17715
898.5		0.154876
898		0.142044
897.5		0.151325
897		0.168185
896.5		0.172513
896		0.160625
895.5		0.150004
895		0.150573
894.5		0.164506
894		0.150291
893.5		0.159343
893		0.175982
892.5		0.149856
892		0.155116
891.5		0.157873
891		0.166334
890.5		0.156162
890		0.159104
889.5		0.162583
889		0.160615
888.5		0.166072
888		0.159936
887.5		0.161051
887		0.142571
886.5		0.163744
886		0.158379
885.5		0.162213
885		0.153553
884.5		0.163484
884		0.167598
883.5		0.168366
883		0.168397
882.5		0.153915
882		0.159636
881.5		0.15529
881		0.158949
880.5		0.162836
880		0.166008
879.5		0.166559
879		0.168038
878.5		0.155875
878		0.154425
877.5		0.160004
877		0.168196
876.5		0.160864
876		0.16879
875.5		0.162742
875		0.166212
874.5		0.164858
874		0.158285
873.5		0.167865
873		0.163486
872.5		0.164535
872		0.151516
871.5		0.16418
871		0.164456
870.5		0.157073
870		0.160284
869.5		0.15919
869		0.161094
868.5		0.160541
868		0.158923
867.5		0.157632
867		0.164402
866.5		0.160167
866		0.163652
865.5		0.1616
865		0.163516
864.5		0.157498
864		0.161653
863.5		0.161542
863		0.159568
862.5		0.162073
862		0.157257
861.5		0.161795
861		0.163393
860.5		0.16341
860		0.160454
859.5		0.162327
859		0.160979
858.5		0.161788
858		0.159428
857.5		0.163208
857		0.158533
856.5		0.159906
856		0.160559
855.5		0.160994
855		0.160591
854.5		0.162762
854		0.160655
853.5		0.16252
853		0.16121
852.5		0.158825
852		0.159516
851.5		0.162481
851		0.160231
850.5		0.160117
850		0.16096
849.5		0.160722
849		0.160715
848.5		0.160421
848		0.160951
847.5		0.160297
847		0.159749
846.5		0.160409
846		0.160556
845.5		0.163056
845		0.161595
844.5		0.162381
844		0.16176
843.5		0.161009
843		0.162738
842.5		0.162341
842		0.160926
841.5		0.162696
841		0.161991
840.5		0.162438
840		0.162182
839.5		0.163064
839		0.162795
838.5		0.162574
838		0.164068
837.5		0.162143
837		0.163054
836.5		0.163865
836		0.162567
835.5		0.163479
835		0.164589
834.5		0.163369
834		0.163798
833.5		0.163471
833		0.163502
832.5		0.164783
832		0.164848
831.5		0.164683
831		0.164386
830.5		0.165074
830		0.16445
829.5		0.16491
829		0.163862
828.5		0.164611
828		0.165109
827.5		0.165239
827		0.164246
826.5		0.164712
826		0.16444
825.5		0.164213
825		0.165902
824.5		0.164506
824		0.16507
823.5		0.165234
823		0.165337
822.5		0.165597
822		0.16484
821.5		0.165136
821		0.165302
820.5		0.164212
820		0.164405
819.5		0.165232
819		0.165064
818.5		0.164804
818		0.165129
817.5		0.165525
817		0.165466
816.5		0.164768
816		0.164274
815.5		0.163913
815		0.165261
814.5		0.165032
814		0.164564
813.5		0.164862
813		0.164864
812.5		0.164934
812		0.164198
811.5		0.16543
811		0.164166
810.5		0.163442
810		0.163766
809.5		0.163214
809		0.164462
808.5		0.163995
808		0.16463
807.5		0.164728
807		0.164432
806.5		0.165062
806		0.164092
805.5		0.163934
805		0.16486
804.5		0.1631
804		0.16367
803.5		0.164126
803		0.163471
802.5		0.164364
802		0.163476
801.5		0.1638
801		0.164689
800.5		0.162255
800		0.163564
799.5		0.163464
799		0.162978
798.5		0.163234
798		0.162734
797.5		0.16382
797		0.162702
796.5		0.162872
796		0.162712
795.5		0.162674
795		0.163298
794.5		0.1627
794		0.162108
793.5		0.162148
793		0.162562
792.5		0.162368
792		0.163122
791.5		0.161852
791		0.161309
790.5		0.162308
790		0.1611
789.5		0.1623
789		0.162278
788.5		0.162298
788		0.160984
787.5		0.161548
787		0.161936
786.5		0.161354
786		0.160676
785.5		0.16147
785		0.160184
784.5		0.161116
784		0.161251
783.5		0.160628
783		0.161164
782.5		0.160753
782		0.16007
781.5		0.16055
781		0.160429
780.5		0.160063
780		0.160067
779.5		0.160386
779		0.160055
778.5		0.15918
778		0.16028
777.5		0.159287
777		0.159808
776.5		0.159003
776		0.158692
775.5		0.158601
775		0.159576
774.5		0.158376
774		0.15871
773.5		0.158805
773		0.158294
772.5		0.159163
772		0.15785
771.5		0.159222
771		0.157997
770.5		0.157641
770		0.157977
769.5		0.15782
769		0.157658
768.5		0.157208
768		0.156947
767.5		0.15713
767		0.15653
766.5		0.157062
766		0.157606
765.5		0.156596
765		0.155743
764.5		0.156615
764		0.156576
763.5		0.156841
763		0.155912
762.5		0.156136
762		0.155752
761.5		0.15504
761		0.156044
760.5		0.155416
760		0.155565
759.5		0.155331
759		0.154694
758.5		0.154773
758		0.154335
757.5		0.15452
757		0.154292
756.5		0.154009
756		0.154599
755.5		0.154414
755		0.154124
754.5		0.154079
754		0.152709
753.5		0.154088
753		0.153241
752.5		0.153035
752		0.153339
751.5		0.151287
751		0.152982
750.5		0.152503
750		0.152503
749.5		0.152738
749		0.151732
748.5		0.152138
748		0.152297
747.5		0.151699
747		0.152106
746.5		0.15124
746		0.151735
745.5		0.151343
745		0.151184
744.5		0.150217
744		0.150517
743.5		0.150581
743		0.150277
742.5		0.150513
742		0.149773
741.5		0.149477
741		0.149673
740.5		0.149723
740		0.149035
739.5		0.149725
739		0.148632
738.5		0.149044
738		0.149035
737.5		0.148799
737		0.148202
736.5		0.148075
736		0.148358
735.5		0.148094
735		0.147948
734.5		0.147016
734		0.147217
733.5		0.147325
733		0.147101
732.5		0.1463
732		0.146111
731.5		0.146033
731		0.145804
730.5		0.146177
730		0.145211
729.5		0.145414
729		0.145105
728.5		0.143674
728		0.14418
727.5		0.143533
727		0.144116
726.5		0.143813
726		0.142654
725.5		0.14302
725		0.142002
724.5		0.142037
724		0.141168
723.5		0.141015
723		0.140616
722.5		0.140234
722		0.139381
721.5		0.138863
721		0.138051
720.5		0.13772
720		0.137998
719.5		0.13627
719		0.137113
718.5		0.136435
718		0.13606
717.5		0.136313
717		0.135655
716.5		0.135921
716		0.135625
715.5		0.135883
715		0.136922
714.5		0.136853
714		0.137713
713.5		0.13741
713		0.13761
712.5		0.137878
712		0.138239
711.5		0.13836
711		0.139019
710.5		0.138966
710		0.139222
709.5		0.139209
709		0.139617
708.5		0.13938
708		0.139628
707.5		0.140038
707		0.139774
706.5		0.139747
706		0.140048
705.5		0.139843
705		0.139634
704.5		0.139636
704		0.139827
703.5		0.139221
703		0.138859
702.5		0.139161
702		0.138951
701.5		0.138969
701		0.138604
700.5		0.139424
700		0.138319
699.5		0.138961
699		0.138223
698.5		0.138355
698		0.138488
697.5		0.138465
697		0.13774
696.5		0.138262
696		0.137966
695.5		0.137538
695		0.137473
694.5		0.138012
694		0.137588
693.5		0.137377
693		0.137334
692.5		0.136745
692		0.136922
691.5		0.137215
691		0.136685
690.5		0.137128
690		0.136662
689.5		0.1367
689		0.136747
688.5		0.13645
688		0.13692
687.5		0.13605
687		0.13638
686.5		0.13606
686		0.136481
685.5		0.135918
685		0.135821
684.5		0.135892
684		0.135928
683.5		0.135894
683		0.135635
682.5		0.135662
682		0.135048
681.5		0.135466
681		0.1348
680.5		0.135422
680		0.135342
679.5		0.135057
679		0.13554
678.5		0.134844
678		0.135121
677.5		0.135191
677		0.134987
676.5		0.135157
676		0.134943
675.5		0.134836
675		0.134852
674.5		0.135093
674		0.134898
673.5		0.134648
673		0.13464
672.5		0.134363
672		0.134417
671.5		0.134372
671		0.134301
670.5		0.134327
670		0.134442
669.5		0.133847
669		0.134211
668.5		0.134434
668		0.13416
667.5		0.133874
667		0.134282
666.5		0.133847
666		0.134467
665.5		0.133678
665		0.134023
664.5		0.134342
664		0.133644
663.5		0.134058
663		0.134273
662.5		0.133792
662		0.133951
661.5		0.134094
661		0.133774
660.5		0.133925
660		0.133932
659.5		0.134163
659		0.133736
658.5		0.134217
658		0.134153
657.5		0.133664
657		0.134289
656.5		0.133986
656		0.133699
655.5		0.134177
655		0.133797
654.5		0.133717
654		0.134108
653.5		0.134153
653		0.1345
652.5		0.134028
652		0.134009
651.5		0.134562
651		0.133736
650.5		0.134412
650		0.134169
649.5		0.134759
649		0.134337
648.5		0.134276
648		0.134722
647.5		0.134616
647		0.135126
646.5		0.134722
646		0.134813
645.5		0.134588
645		0.135018
644.5		0.135063
644		0.135467
643.5		0.135179
643		0.135269
642.5		0.135792
642		0.135557
641.5		0.135674
641		0.135611
640.5		0.135557
640		0.1364
639.5		0.135964
639		0.136208
638.5		0.136518
638		0.136573
637.5		0.137278
637		0.137122
636.5		0.13748
636		0.137794
635.5		0.137554
635		0.138284
634.5		0.138543
634		0.138479
633.5		0.13887
633		0.139244
632.5		0.139077
632		0.13974
631.5		0.139448
631		0.139923
630.5		0.140008
630		0.139816
629.5		0.140196
629		0.140111
628.5		0.140042
628		0.139609
627.5		0.139301
627		0.139943
626.5		0.139226
626		0.139252
625.5		0.138912
625		0.138167
624.5		0.138505
624		0.137868
623.5		0.137946
623		0.137776
622.5		0.137259
622		0.138145
621.5		0.13781
621		0.137425
620.5		0.137186
620		0.137275
619.5		0.13694
619		0.137197
618.5		0.13708
618		0.136652
617.5		0.13715
617		0.13732
616.5		0.137979
616		0.138289
615.5		0.138439
615		0.138654
614.5		0.138683
614		0.139535
613.5		0.139102
613		0.139738
612.5		0.139847
612		0.139576
611.5		0.140187
611		0.140278
610.5		0.140744
610		0.140819
609.5		0.140478
609		0.141171
608.5		0.141333
608		0.141549
607.5		0.141766
607		0.142501
606.5		0.14218
606		0.142501
605.5		0.142547
605		0.143198
604.5		0.14317
604		0.14404
603.5		0.143738
603		0.143781
602.5		0.14426
602		0.144638
601.5		0.14464
601		0.145601
600.5		0.145065
600		0.145546
599.5		0.145848
599		0.145508
598.5		0.146159
598		0.146289
597.5		0.147388
597		0.1477
596.5		0.147505
596		0.148139
595.5		0.147941
595		0.148064
594.5		0.148229
594		0.149004
593.5		0.14988
593		0.149466
592.5		0.149914
592		0.150406
591.5		0.150591
591		0.150655
590.5		0.151388
590		0.151528
589.5		0.151868
589		0.15219
588.5		0.152289
588		0.153053
587.5		0.153765
587		0.153757
586.5		0.153524
586		0.153808
585.5		0.154814
585		0.154473
584.5		0.155082
584		0.155733
583.5		0.155656
583		0.157157
582.5		0.156981
582		0.157047
581.5		0.157857
581		0.15774
580.5		0.158695
580		0.158669
579.5		0.15932
579		0.15957
578.5		0.159574
578		0.160595
577.5		0.160596
577		0.161123
576.5		0.161775
576		0.161837
575.5		0.163212
575		0.16286
574.5		0.163542
574		0.16357
573.5		0.163839
573		0.165256
572.5		0.165341
572		0.165794
571.5		0.165855
571		0.166908
570.5		0.167215
570		0.16772
569.5		0.168139
569		0.168529
568.5		0.168584
568		0.168869
567.5		0.169814
567		0.170413
566.5		0.171049
566		0.171505
565.5		0.171446
565		0.172762
564.5		0.173177
564		0.173624
563.5		0.173952
563		0.174021
562.5		0.175742
562		0.175814
561.5		0.175711
561		0.177101
560.5		0.176757
560		0.177957
559.5		0.179859
559		0.179286
558.5		0.180208
558		0.180901
557.5		0.180668
557		0.181591
556.5		0.182316
556		0.182347
555.5		0.183295
555		0.183446
554.5		0.184585
554		0.184691
553.5		0.185703
553		0.186545
552.5		0.18654
552		0.18751
551.5		0.18793
551		0.188961
550.5		0.189456
550		0.18903
549.5		0.190908
549		0.190674
548.5		0.192103
548		0.192211
547.5		0.1923
547		0.193865
546.5		0.194446
546		0.195108
545.5		0.196438
545		0.196161
544.5		0.197032
544		0.197495
543.5		0.197854
543		0.199263
542.5		0.198989
542		0.200368
541.5		0.200264
541		0.200903
540.5		0.201776
540		0.2015
539.5		0.203817
539		0.204016
538.5		0.204445
538		0.205148
537.5		0.205549
537		0.207105
536.5		0.207241
536		0.20819
535.5		0.20801
535		0.208617
534.5		0.209422
534		0.210589
533.5		0.210593
533		0.212013
532.5		0.212731
532		0.213323
531.5		0.214303
531		0.214267
530.5		0.215798
530		0.216145
529.5		0.216409
529		0.217871
528.5		0.218477
528		0.21893
527.5		0.220206
527		0.220122
526.5		0.22149
526		0.222355
525.5		0.222965
525		0.224142
524.5		0.224095
524		0.22522
523.5		0.226325
523		0.226801
522.5		0.227081
522		0.227948
521.5		0.229378
521		0.230007
520.5		0.230035
520		0.230801
519.5		0.231215
519		0.232335
518.5		0.233869
518		0.233608
517.5		0.234602
517		0.235374
516.5		0.235469
516		0.237366
515.5		0.237414
515		0.237959
514.5		0.239643
514		0.239229
513.5		0.240783
513		0.240414
512.5		0.242014
512		0.243344
511.5		0.242683
511		0.244075
510.5		0.243971
510		0.244736
509.5		0.245983
509		0.245088
508.5		0.246794
508		0.246261
507.5		0.246853
507		0.247754
506.5		0.247257
506		0.247191
505.5		0.248139
505		0.247785
504.5		0.247981
504		0.247271
503.5		0.247499
503		0.24807
502.5		0.247292
502		0.247217
501.5		0.246763
501		0.246601
500.5		0.247857
500		0.24663
499.5		0.247096
499		0.246533
498.5		0.245638
498		0.246574
497.5		0.246141
497		0.245856
496.5		0.245689
496		0.245799
495.5		0.245612
495		0.244865
494.5		0.244278
494		0.244569
493.5		0.244073
493		0.244168
492.5		0.243191
492		0.243489
491.5		0.242765
491		0.242444
490.5		0.242641
490		0.242913
489.5		0.242067
489		0.241845
488.5		0.240948
488		0.240095
487.5		0.24146
487		0.23958
486.5		0.239253
486		0.239596
485.5		0.238037
485		0.239048
484.5		0.238236
484		0.237506
483.5		0.236053
483		0.235681
482.5		0.235726
482		0.235088
481.5		0.234036
481		0.233402
480.5		0.232522
480		0.232781
479.5		0.23224
479		0.230775
478.5		0.230529
478		0.229201
477.5		0.228539
477		0.228584
476.5		0.226775
476		0.227267
475.5		0.225388
475		0.224575
474.5		0.224818
474		0.223321
473.5		0.222473
473		0.222315
472.5		0.220792
472		0.220511
471.5		0.220073
471		0.218064
470.5		0.218105
470		0.216573
469.5		0.21688
469		0.21579
468.5		0.214513
468		0.214478
467.5		0.212791
467		0.212028
466.5		0.210771
466		0.210707
465.5		0.209101
465		0.20821
464.5		0.208447
464		0.20677
463.5		0.206344
463		0.204478
462.5		0.204192
462		0.20352
461.5		0.204141
461		0.202405
460.5		0.201239
460		0.200605
459.5		0.199665
459		0.19881
458.5		0.197495
458		0.197476
457.5		0.196575
457		0.195221
456.5		0.195453
456		0.194311
455.5		0.195494
455		0.194064
454.5		0.193907
454		0.193474
453.5		0.192109
453		0.191934
452.5		0.192382
452		0.192036
451.5		0.191858
451		0.191841
450.5		0.19131
450		0.190339
449.5		0.190287
449		0.189047
448.5		0.19067
448		0.189322
447.5		0.189205
447		0.189542
446.5		0.188853
446		0.189076
445.5		0.188096
445		0.187639
444.5		0.18792
444		0.186763
443.5		0.186805
443		0.186902
442.5		0.186173
442		0.186196
441.5		0.185453
441		0.185034
440.5		0.185231
440		0.185139
439.5		0.184895
439		0.184407
438.5		0.183406
438		0.183072
437.5		0.182671
437		0.182553
436.5		0.182023
436		0.181994
435.5		0.181634
435		0.180783
434.5		0.180829
434		0.18036
433.5		0.178962
433		0.179792
432.5		0.179333
432		0.178394
431.5		0.178285
431		0.17751
430.5		0.178682
430		0.176908
429.5		0.176735
429		0.176322
428.5		0.175681
428		0.175863
427.5		0.174922
427		0.174417
426.5		0.173642
426		0.173092
425.5		0.173327
425		0.172628
424.5		0.172328
424		0.171557
423.5		0.171317
423		0.1718
422.5		0.171264
422		0.170026
421.5		0.169942
421		0.169482
420.5		0.168847
420		0.169139
419.5		0.168028
419		0.1671
418.5		0.16745
418		0.16698
417.5		0.166408
417		0.165194
416.5		0.165583
416		0.165574
415.5		0.164454
415		0.164339
414.5		0.163609
414		0.163463
413.5		0.162975
413		0.162403
412.5		0.162877
412		0.161297
411.5		0.162295
411		0.161418
410.5		0.160381
410		0.161389
409.5		0.159901
409		0.158869
408.5		0.158647
408		0.158876
407.5		0.158945
407		0.157861
406.5		0.157603
406		0.157452
405.5		0.156591
405		0.157506
404.5		0.156739
404		0.156443
403.5		0.155414
403		0.155242
402.5		0.155021
402		0.154896
401.5		0.1544
401		0.153665
400.5		0.153217
400		0.15387
399.5		0.153751
399		0.152624
398.5		0.151388
398		0.152078
397.5		0.15138
397		0.151358
396.5		0.151335
396		0.151631
395.5		0.151103
395		0.150203
394.5		0.149657
394		0.148491
393.5		0.150734
393		0.148363
392.5		0.147927
392		0.148496
391.5		0.147391
391		0.148034
390.5		0.146487
390		0.146085
389.5		0.145733
389		0.146598
388.5		0.145482
388		0.144964
387.5		0.144345
387		0.144637
386.5		0.144172
386		0.143971
385.5		0.143052
385		0.142469
384.5		0.141649
384		0.142466
383.5		0.141817
383		0.141314
382.5		0.140103
382		0.140646
381.5		0.140504
381		0.13989
380.5		0.138669
380		0.140007
379.5		0.137673
379		0.139067
378.5		0.13813
378		0.137786
377.5		0.137482
377		0.136971
376.5		0.13659
376		0.136629
375.5		0.136141
375		0.13541
374.5		0.13658
374		0.13585
373.5		0.136692
373		0.135509
372.5		0.13521
372		0.135822
371.5		0.134431
371		0.13437
370.5		0.13369
370		0.134328
369.5		0.134292
369		0.133297
368.5		0.132343
368		0.133083
367.5		0.13087
367		0.13221
366.5		0.132059
366		0.131418
365.5		0.131443
365		0.130889
364.5		0.131161
364		0.131461
363.5		0.130797
363		0.130597
362.5		0.130068
362		0.129557
361.5		0.129655
361		0.129347
360.5		0.129585
360		0.128581
359.5		0.12801
359		0.128414
358.5		0.126719
358		0.128506
357.5		0.126919
357		0.127884
356.5		0.127576
356		0.126998
355.5		0.126271
355		0.127638
354.5		0.125153
354		0.125224
353.5		0.12581
353		0.125047
352.5		0.124829
352		0.124355
351.5		0.124925
351		0.124961
350.5		0.123747
350		0.124124
349.5		0.123919
349		0.122249
348.5		0.122374
348		0.120783
347.5		0.122394
347		0.122458
346.5		0.122139
346		0.119667
345.5		0.119122
345		0.119782
344.5		0.120076
344		0.119111
343.5		0.118783
343		0.117832
342.5		0.116734
342		0.118133
341.5		0.118069
341		0.11649
340.5		0.117121
340		0.114946
339.5		0.112308
339		0.11265
338.5		0.112442
338		0.112957
337.5		0.111516
337		0.112398
336.5		0.110858
336		0.111392
335.5		0.110054
335		0.108884
334.5		0.109846
334		0.108715
333.5		0.107799
333		0.10838
332.5		0.107218
332		0.10663
331.5		0.107196
331		0.10726
330.5		0.105802
330		0.106008
329.5		0.105127
329		0.103783
328.5		0.103719
328		0.103093
327.5		0.1038
327		0.102903
326.5		0.102124
326		0.102038
325.5		0.1018
325		0.102594
324.5		0.102637
324		0.100623
323.5		0.0995486
323		0.100997
322.5		0.0996037
322		0.0996594
321.5		0.0981701
321		0.100633
320.5		0.0982548
320		0.0988426
319.5		0.0973129
319		0.0978315
318.5		0.0977678
318		0.0974343
317.5		0.0972012
317		0.0959419
316.5		0.0956407
316		0.0948205
315.5		0.0956563
315		0.0939638
314.5		0.0938942
314		0.0944006
313.5		0.094041
313		0.0945132
312.5		0.0955245
312		0.0940637
311.5		0.0937642
311		0.0955136
310.5		0.0937828
310		0.0971446
309.5		0.0935651
309		0.0944798
308.5		0.0952398
308		0.0962682
307.5		0.0912009
307		0.0966622
306.5		0.0920338
306		0.0940994
305.5		0.096152
305		0.0975692
304.5		0.0979611
304		0.0997347
303.5		0.0942408
303		0.100862
302.5		0.0952797
302		0.11733
301.5		0.119899
301		0.10049
300.5		0.110334
300		0.109498
299.5		0.0947578
299		0.0883195
298.5		0.0703358
298		0.0666959
297.5		0.0683797
297		0.190176
296.5		-0.00613645
296		-0.194238
295.5		0.266404
295		0.586004
294.5		-0.387878
294		-0.048699
293.5		3.80869
293		2.8599
292.5		-0.204629
292		-0.174741
291.5		21.7078
291		0.109998
290.5		0.236201
290		0.279509
289.5		0.689346
289		0.107367
288.5		1.24623
288		1.48634
287.5		0.164956
287		0.296697
286.5		1.4268
286		0.725156
285.5		0.198585
285		0.187624
284.5		-0.30805
284		-1.58452
283.5		0.249291
283		0.683247
282.5		-2.32666
282		0.384178
281.5		0.0389565
281		0.299581
280.5		-19.2946
280		0.778462
279.5		0.743616
279		0.409719
278.5		-0.319913
278		-0.33274
277.5		0.0124317
277		1.04491
276.5		0.0926451
276		0.976249
275.5		1.41731
275		0.552501
274.5		-0.522796
274		-0.170891
273.5		-0.495588
273		0.990183
272.5		-0.146623
272		0.187748
271.5		0.672377
271		-5.22101
270.5		0.367028
270		0.303119
269.5		-0.377647
269		0.818851
268.5		-0.00832682
268		-0.999361
267.5		0.331628
267		-0.446518
266.5		-0.0960552
266		-1.85609
265.5		0.214091
265		0.128739
264.5		2.21147
264		-0.0362672
263.5		-0.425473
263		0.360962
262.5		-1.32583
262		-0.683447
261.5		0.372734
261		0.321059
260.5		0.14109
260		0.336853
259.5		-0.0997909
259		0.21787
258.5		-0.13986
258		0.60782
257.5		0.0592741
257		0.278192
256.5		0.402304
256		0.723008
255.5		1.76934
255		0.0554988
254.5		-0.156279
254		-0.222213
253.5		0.195089
253		0.361195
252.5		0.227252
252		-0.278649
251.5		1.00359
251		0.0321901
250.5		-15.5863
250		0.616239
249.5		0.297547
249		0.0493177
248.5		0.415332
248		0.508506
247.5		0.380655
247		0.676736
246.5		-0.608316
246		0.235468
245.5		0.0558152
245		-0.356174
244.5		-1.42441
244		0.51446
243.5		0.0249134
243		-0.048573
242.5		-0.669519
242		-0.676595
241.5		0.963889
241		-0.273988
240.5		0.0941455
240		-0.219509
239.5		0.039432
239		-0.681518
238.5		-0.720647
238		-0.0387278
237.5		0.217426
237		0.628963
236.5		0.287523
236		-0.193296
235.5		-0.21749
235		0.211573
234.5		3.8815
234		0.305055
233.5		0.465399
233		0.528403
232.5		0.468362
232		0.303263
231.5		0.133121
231		-0.147899
230.5		2.78935
230		-0.324498
229.5		1.60035
229		0.0976773
228.5		0.0287348
228		0.286819
227.5		0.353338
227		-0.876833
226.5		-0.248691
226		-0.112006
225.5		0.189241
225		-0.0496289
224.5		-0.408178
224		-0.0119432
223.5		0.404821
223		0.110684
222.5		0.193629
222		-0.320201
221.5		-4.66642
221		-0.535791
220.5		0.0253066
220		0.0109503
219.5		-0.0354881
219		0.298594
218.5		0.330105
218		0.15473
217.5		-1.19573
217		2.3727
216.5		-0.0797127
216		-0.0683971
215.5		0.0379606
215		0.161297
214.5		0.048188
214		0.136941
213.5		0.0442464
213		0.0875623
212.5		0.0516342
212		-0.17801
211.5		-0.0507567
211		0.572946
210.5		0.0719465
210		0.0878155
209.5		0.112159
209		0.192521
208.5		0.30455
208		0.124897
207.5		-0.216901
207		-0.905341
206.5		0.120913
206		0.161643
205.5		0.234929
205		0.127704
204.5		-0.0438331
204		0.0784372
203.5		0.256066
203		-0.0249926
202.5		0.0815785
202		0.0983898
201.5		0.167443
201		0.137744
200.5		0.137642
200		0.0736985
900		0.171771
899.5		0.161945
899		0.173579
898.5		0.167765
898		0.161821
897.5		0.157946
897		0.170304
896.5		0.171254
896		0.160429
895.5		0.16121
895		0.169891
894.5		0.168749
894		0.155332
893.5		0.175519
893		0.180146
892.5		0.157238
892		0.170157
891.5		0.157978
891		0.173403
890.5		0.170511
890		0.156203
889.5		0.172692
889		0.171097
888.5		0.174375
888		0.164983
887.5		0.166322
887		0.16404
886.5		0.164975
886		0.16629
885.5		0.165376
885		0.167106
884.5		0.169957
884		0.17646
883.5		0.162373
883		0.176548
882.5		0.16505
882		0.167233
881.5		0.162146
881		0.165307
880.5		0.168517
880		0.166319
879.5		0.169445
879		0.166392
878.5		0.16606
878		0.165724
877.5		0.165501
877		0.1736
876.5		0.171227
876		0.170619
875.5		0.16893
875		0.177866
874.5		0.168246
874		0.167841
873.5		0.172809
873		0.168894
872.5		0.168928
872		0.164912
871.5		0.164585
871		0.170808
870.5		0.165969
870		0.167101
869.5		0.162582
869		0.1673
868.5		0.168372
868		0.166102
867.5		0.168433
867		0.169594
866.5		0.168005
866		0.167326
865.5		0.1664
865		0.170408
864.5		0.166323
864		0.16723
863.5		0.167431
863		0.166299
862.5		0.166368
862		0.163838
861.5		0.166864
861		0.169356
860.5		0.17126
860		0.167148
859.5		0.168683
859		0.167476
858.5		0.167614
858		0.166427
857.5		0.16969
857		0.167416
856.5		0.167668
856		0.166654
855.5		0.167369
855		0.166294
854.5		0.166193
854		0.167737
853.5		0.167345
853		0.168491
852.5		0.164852
852		0.166934
851.5		0.168205
851		0.166381
850.5		0.167661
850		0.16724
849.5		0.167161
849		0.167459
848.5		0.165076
848		0.167192
847.5		0.166642
847		0.166282
846.5		0.166828
846		0.167391
845.5		0.168054
845		0.167752
844.5		0.166284
844		0.167717
843.5		0.166235
843		0.168495
842.5		0.167526
842		0.166279
841.5		0.167794
841		0.167551
840.5		0.168213
840		0.16775
839.5		0.16677
839		0.167596
838.5		0.167164
838		0.168778
837.5		0.167235
837		0.168058
836.5		0.169086
836		0.167367
835.5		0.167305
835		0.169021
834.5		0.168895
834		0.168335
833.5		0.167609
833		0.168631
832.5		0.169033
832		0.169895
831.5		0.168539
831		0.169236
830.5		0.169845
830		0.169006
829.5		0.169576
829		0.168008
828.5		0.169877
828		0.16888
827.5		0.169615
827		0.169116
826.5		0.16898
826		0.16982
825.5		0.168487
825		0.170087
824.5		0.16909
824		0.169858
823.5		0.169231
823		0.169124
822.5		0.170507
822		0.168922
821.5		0.169526
821		0.169294
820.5		0.168587
820		0.16969
819.5		0.169834
819		0.17017
818.5		0.169192
818		0.17024
817.5		0.170252
817		0.168966
816.5		0.168863
816		0.168658
815.5		0.168787
815		0.169073
814.5		0.169034
814		0.168969
813.5		0.170072
813		0.169068
812.5		0.169131
812		0.1689
811.5		0.169138
811		0.168667
810.5		0.168128
810		0.168966
809.5		0.167992
809		0.16877
808.5		0.168703
808		0.168435
807.5		0.169539
807		0.168733
806.5		0.168771
806		0.169206
805.5		0.168331
805		0.169174
804.5		0.167799
804		0.167765
803.5		0.168137
803		0.167665
802.5		0.168267
802		0.167165
801.5		0.167899
801		0.168105
800.5		0.166433
800		0.167867
799.5		0.167667
799		0.166068
798.5		0.167732
798		0.167532
797.5		0.168239
797		0.167399
796.5		0.166666
796		0.166799
795.5		0.165968
795		0.1674
794.5		0.1665
794		0.1663
793.5		0.165736
793		0.166466
792.5		0.166666
792		0.166934
791.5		0.165338
791		0.16478
790.5		0.165503
790		0.165572
789.5		0.165501
789		0.165171
788.5		0.1659
788		0.165172
787.5		0.165238
787		0.165335
786.5		0.16504
786		0.163655
785.5		0.165069
785		0.163855
784.5		0.164906
784		0.165039
783.5		0.164411
783		0.165567
782.5		0.164043
782		0.16395
781.5		0.164141
781		0.163615
780.5		0.163549
780		0.16355
779.5		0.163179
779		0.163545
778.5		0.162858
778		0.163674
777.5		0.16306
777		0.16289
776.5		0.161892
776		0.162068
775.5		0.162073
775		0.163274
774.5		0.161647
774		0.163006
773.5		0.162191
773		0.161473
772.5		0.162252
772		0.161516
771.5		0.161618
771		0.160878
770.5		0.16052
770		0.161362
769.5		0.160805
769		0.160641
768.5		0.160683
768		0.160223
767.5		0.160709
767		0.159604
766.5		0.160244
766		0.160397
765.5		0.159978
765		0.158904
764.5		0.160003
764		0.159557
763.5		0.159832
763		0.158587
762.5		0.159418
762		0.15893
761.5		0.158106
761		0.158628
760.5		0.158894
760		0.158751
759.5		0.158507
759		0.157666
758.5		0.158047
758		0.157603
757.5		0.157395
757		0.156869
756.5		0.156584
756		0.15748
755.5		0.156994
755		0.156604
754.5		0.156661
754		0.155766
753.5		0.156378
753		0.156519
752.5		0.156101
752		0.155917
751.5		0.15493
751		0.155757
750.5		0.155472
750		0.155374
749.5		0.155318
749		0.154395
748.5		0.154911
748		0.155367
747.5		0.154172
747		0.154687
746.5		0.153313
746		0.154509
745.5		0.154209
745		0.154247
744.5		0.153178
744		0.152587
743.5		0.153049
743		0.152943
742.5		0.15298
742		0.152535
741.5		0.152134
741		0.151545
740.5		0.152285
740		0.151983
739.5		0.152095
739		0.151186
738.5		0.151404
738		0.151298
737.5		0.150863
737		0.150557
736.5		0.150624
736		0.15042
735.5		0.150251
735		0.150204
734.5		0.148967
734		0.149565
733.5		0.149184
733		0.149252
732.5		0.148829
732		0.148149
731.5		0.147878
731		0.148129
730.5		0.148604
730		0.147722
729.5		0.147155
729		0.146455
728.5		0.146065
728		0.14658
727.5		0.145535
727		0.145647
726.5		0.145724
726		0.144359
725.5		0.144727
725		0.143887
724.5		0.143911
724		0.14257
723.5		0.142971
723		0.142194
722.5		0.142081
722		0.140847
721.5		0.140231
721		0.139498
720.5		0.138802
720		0.13917
719.5		0.138136
719		0.138719
718.5		0.137675
718		0.138093
717.5		0.137995
717		0.137686
716.5		0.137514
716		0.137575
715.5		0.1374
715		0.139176
714.5		0.139211
714		0.138995
713.5		0.139614
713		0.139733
712.5		0.139832
712		0.140208
711.5		0.140714
711		0.140723
710.5		0.141152
710		0.14124
709.5		0.141513
709		0.141646
708.5		0.142094
708		0.141282
707.5		0.142381
707		0.142412
706.5		0.141898
706		0.142403
705.5		0.141412
705		0.141398
704.5		0.141786
704		0.141497
703.5		0.140787
703		0.140815
702.5		0.141413
702		0.140913
701.5		0.140635
701		0.140954
700.5		0.140802
700		0.140081
699.5		0.141023
699		0.140177
698.5		0.140412
698		0.140453
697.5		0.140134
697		0.140189
696.5		0.140229
696		0.139245
695.5		0.139497
695		0.139041
694.5		0.139588
694		0.139258
693.5		0.139243
693		0.139298
692.5		0.139094
692		0.139378
691.5		0.139086
691		0.138939
690.5		0.139098
690		0.13892
689.5		0.138766
689		0.139502
688.5		0.138515
688		0.139092
687.5		0.138212
687		0.138152
686.5		0.13793
686		0.138355
685.5		0.13779
685		0.137595
684.5		0.137665
684		0.137898
683.5		0.137866
683		0.137606
682.5		0.137242
682		0.137112
681.5		0.137242
681		0.136473
680.5		0.136905
680		0.137215
679.5		0.136538
679		0.137421
678.5		0.137111
678		0.136997
677.5		0.137068
677		0.136471
676.5		0.13704
676		0.137214
675.5		0.136714
675		0.137127
674.5		0.136481
674		0.136974
673.5		0.136822
673		0.136421
672.5		0.136535
672		0.136197
671.5		0.136251
671		0.136278
670.5		0.136404
670		0.136522
669.5		0.135627
669		0.136289
668.5		0.136119
668		0.136036
667.5		0.136046
667		0.135869
666.5		0.135627
666		0.136257
665.5		0.135459
665		0.136396
664.5		0.136327
664		0.135324
663.5		0.136139
663		0.135763
662.5		0.135771
662		0.135932
661.5		0.13578
661		0.135852
660.5		0.135317
660		0.135915
659.5		0.135755
659		0.135621
658.5		0.136005
658		0.136042
657.5		0.135746
657		0.13588
656.5		0.135576
656		0.135979
655.5		0.136466
655		0.136077
654.5		0.135603
654		0.135801
653.5		0.13614
653		0.136295
652.5		0.135818
652		0.135801
651.5		0.136359
651		0.135621
650.5		0.1365
650		0.136061
649.5		0.136359
649		0.136233
648.5		0.136268
648		0.136422
647.5		0.136611
647		0.13683
646.5		0.136522
646		0.136611
645.5		0.136583
645		0.13692
644.5		0.136865
644		0.137574
643.5		0.137183
643		0.137474
642.5		0.137903
642		0.137567
641.5		0.137587
641		0.137821
640.5		0.137765
640		0.138621
639.5		0.138483
639		0.138227
638.5		0.138643
638		0.1391
637.5		0.139614
637		0.139357
636.5		0.139614
636		0.140036
635.5		0.139996
635		0.140431
634.5		0.140589
634		0.140833
633.5		0.141128
633		0.141504
632.5		0.141749
632		0.141905
631.5		0.14181
631		0.142084
630.5		0.142579
630		0.142175
629.5		0.142351
629		0.142054
628.5		0.142085
628		0.142048
627.5		0.141525
627		0.142168
626.5		0.141235
626		0.141352
625.5		0.140904
625		0.140044
624.5		0.140478
624		0.139829
623.5		0.139707
623		0.139724
622.5		0.139097
622		0.139603
621.5		0.13955
621		0.139155
620.5		0.139006
620		0.138614
619.5		0.138939
619		0.138912
618.5		0.138602
618		0.13883
617.5		0.138575
617		0.139223
616.5		0.139885
616		0.140386
615.5		0.14025
615		0.140375
614.5		0.140302
614		0.141067
613.5		0.141198
613		0.141458
612.5		0.141663
612		0.141577
611.5		0.142288
611		0.142185
610.5		0.142561
610		0.14263
609.5		0.142758
609		0.142886
608.5		0.143048
608		0.143265
607.5		0.143576
607		0.144028
606.5		0.143703
606		0.144692
605.5		0.144544
605		0.144722
604.5		0.144979
604		0.145375
603.5		0.14564
603		0.145584
602.5		0.145971
602		0.146349
601.5		0.146442
601		0.147506
600.5		0.146959
600		0.147442
599.5		0.14784
599		0.147394
598.5		0.148336
598		0.148367
597.5		0.149096
597		0.149503
596.5		0.149205
596		0.150032
595.5		0.149639
595		0.150044
594.5		0.150682
594		0.150795
593.5		0.151581
593		0.15154
592.5		0.151892
592		0.152104
591.5		0.152283
591		0.152535
590.5		0.152989
590		0.153315
589.5		0.153749
589		0.153787
588.5		0.154541
588		0.15484
587.5		0.155647
587		0.155353
586.5		0.155396
586		0.155773
585.5		0.156784
585		0.156248
584.5		0.157234
584		0.157605
583.5		0.157708
583		0.159126
582.5		0.158852
582		0.159195
581.5		0.159725
581		0.159325
580.5		0.160284
580		0.16072
579.5		0.161279
579		0.161806
578.5		0.161433
578		0.162833
577.5		0.162735
577		0.163357
576.5		0.163821
576		0.164254
575.5		0.165265
575		0.165184
574.5		0.165585
574		0.16589
573.5		0.165783
573		0.167583
572.5		0.167384
572		0.167647
571.5		0.16845
571		0.16876
570.5		0.169252
570		0.170409
569.5		0.170359
569		0.171022
568.5		0.170614
568		0.170985
567.5		0.172776
567		0.172999
566.5		0.173539
566		0.173716
565.5		0.174112
565		0.175346
564.5		0.17548
564		0.176202
563.5		0.176436
563		0.176219
562.5		0.178416
562		0.178202
561.5		0.178368
561		0.179769
560.5		0.179506
560		0.180899
559.5		0.182351
559		0.18204
558.5		0.18278
558		0.183476
557.5		0.183693
557		0.18462
556.5		0.185158
556		0.185554
555.5		0.186228
555		0.18674
554.5		0.18807
554		0.188078
553.5		0.188905
553		0.189565
552.5		0.189736
552		0.190616
551.5		0.191037
551		0.192067
550.5		0.192747
550		0.192209
549.5		0.194291
549		0.193949
548.5		0.195112
548		0.195579
547.5		0.19584
547		0.197421
546.5		0.197813
546		0.198568
545.5		0.199905
545		0.199796
544.5		0.200492
544		0.200855
543.5		0.201393
543		0.202718
542.5		0.202701
542		0.204
541.5		0.203977
541		0.204797
540.5		0.205577
540		0.205469
539.5		0.207537
539		0.20745
538.5		0.208333
538		0.208947
537.5		0.209248
537		0.211183
536.5		0.210943
536		0.211984
535.5		0.212154
535		0.212668
534.5		0.213564
534		0.214921
533.5		0.214639
533		0.216252
532.5		0.216789
532		0.217464
531.5		0.218174
531		0.218672
530.5		0.219759
530		0.220645
529.5		0.221082
529		0.222561
528.5		0.222699
528		0.223423
527.5		0.224709
527		0.224882
526.5		0.225989
526		0.227124
525.5		0.226912
525		0.229011
524.5		0.229129
524		0.229713
523.5		0.231373
523		0.231386
522.5		0.232296
522		0.232707
521.5		0.233784
521		0.235052
520.5		0.234882
520		0.235831
519.5		0.236422
519		0.237642
518.5		0.238731
518		0.238729
517.5		0.239546
517		0.240407
516.5		0.240765
516		0.242416
515.5		0.242634
515		0.243725
514.5		0.245061
514		0.244807
513.5		0.246204
513		0.246368
512.5		0.247614
512		0.248774
511.5		0.248265
511		0.250143
510.5		0.24984
510		0.250234
509.5		0.251676
509		0.251209
508.5		0.252389
508		0.252197
507.5		0.253061
507		0.253775
506.5		0.2528
506		0.252632
505.5		0.253851
505		0.253745
504.5		0.253927
504		0.253017
503.5		0.253492
503		0.253526
502.5		0.252717
502		0.253423
501.5		0.2525
501		0.252586
500.5		0.253418
500		0.252327
499.5		0.252788
499		0.251948
498.5		0.251283
498		0.252662
497.5		0.251779
497		0.251914
496.5		0.251301
496		0.251318
495.5		0.251382
495		0.25044
494.5		0.249499
494		0.249616
493.5		0.249704
493		0.249718
492.5		0.2494
492		0.248938
491.5		0.24794
491		0.247861
490.5		0.247902
490		0.248689
489.5		0.247065
489		0.247175
488.5		0.246354
488		0.246252
487.5		0.247143
487		0.244976
486.5		0.244904
486		0.245
485.5		0.243164
485		0.244452
484.5		0.244133
484		0.243141
483.5		0.24175
483		0.241295
482.5		0.241177
482		0.24086
481.5		0.239548
481		0.238903
480.5		0.23793
480		0.238533
479.5		0.237492
479		0.236169
478.5		0.235925
478		0.23466
477.5		0.233902
477		0.233714
476.5		0.232697
476		0.232542
475.5		0.230631
475		0.230138
474.5		0.230147
474		0.228787
473.5		0.228502
473		0.227526
472.5		0.226309
472		0.225945
471.5		0.225501
471		0.223135
470.5		0.223254
470		0.221624
469.5		0.222418
469		0.220753
468.5		0.219931
468		0.219102
467.5		0.217783
467		0.216617
466.5		0.215812
466		0.214961
465.5		0.214667
465		0.213756
464.5		0.213062
464		0.211438
463.5		0.211399
463		0.209882
462.5		0.209436
462		0.20844
461.5		0.20846
461		0.207316
460.5		0.205974
460		0.206093
459.5		0.204612
459		0.20397
458.5		0.203158
458		0.202695
457.5		0.201701
457		0.200405
456.5		0.201486
456		0.199724
455.5		0.200105
455		0.200324
454.5		0.199045
454		0.199068
453.5		0.198746
453		0.197754
452.5		0.198163
452		0.19813
451.5		0.197429
451		0.197897
450.5		0.197688
450		0.19656
449.5		0.196689
449		0.195438
448.5		0.196739
448		0.195915
447.5		0.195747
447		0.195575
446.5		0.19456
446		0.194891
445.5		0.194225
445		0.193695
444.5		0.194794
444		0.193696
443.5		0.193119
443		0.193328
442.5		0.19236
442		0.192558
441.5		0.191878
441		0.19115
440.5		0.191051
440		0.191448
439.5		0.191291
439		0.190397
438.5		0.189314
438		0.189212
437.5		0.189142
437		0.189037
436.5		0.18818
436		0.18776
435.5		0.187802
435		0.186773
434.5		0.187091
434		0.18628
433.5		0.185021
433		0.18572
432.5		0.18527
432		0.184461
431.5		0.184044
431		0.183415
430.5		0.184553
430		0.182895
429.5		0.182565
429		0.182397
428.5		0.181653
428		0.181858
427.5		0.180822
427		0.180711
426.5		0.179756
426		0.179128
425.5		0.179128
425		0.178104
424.5		0.178121
424		0.177492
423.5		0.177414
423		0.177195
422.5		0.17674
422		0.175698
421.5		0.176036
421		0.174919
420.5		0.174359
420		0.174588
419.5		0.173848
419		0.173062
418.5		0.173184
418		0.172774
417.5		0.171893
417		0.17095
416.5		0.171131
416		0.171436
415.5		0.170373
415		0.169484
414.5		0.169051
414		0.169224
413.5		0.168419
413		0.167989
412.5		0.16833
412		0.167101
411.5		0.167044
411		0.167612
410.5		0.165709
410		0.167296
409.5		0.165297
409		0.164563
408.5		0.163954
408		0.164508
407.5		0.164204
407		0.163384
406.5		0.163451
406		0.163147
405.5		0.161873
405		0.163051
404.5		0.161577
404		0.161737
403.5		0.160851
403		0.160215
402.5		0.160374
402		0.160553
401.5		0.159606
401		0.159532
400.5		0.15847
400		0.159078
399.5		0.158886
399		0.157958
398.5		0.156772
398		0.157098
397.5		0.157077
397		0.157282
396.5		0.157186
396		0.156354
395.5		0.156423
395		0.155055
394.5		0.156184
394		0.154589
393.5		0.15576
393		0.153638
392.5		0.153184
392		0.153632
391.5		0.153548
391		0.153077
390.5		0.152103
390		0.152053
389.5		0.15117
389		0.151529
388.5		0.15076
388		0.150231
387.5		0.149226
387		0.149736
386.5		0.149117
386		0.148538
385.5		0.148629
385		0.14759
384.5		0.146375
384		0.147287
383.5		0.146907
383		0.146389
382.5		0.144855
382		0.146152
381.5		0.144984
381		0.144643
380.5		0.143606
380		0.144844
379.5		0.142293
379		0.143588
378.5		0.1432
378		0.142275
377.5		0.142111
377		0.141734
376.5		0.141395
376		0.141448
375.5		0.141446
375		0.140279
374.5		0.141264
374		0.14079
373.5		0.141523
373		0.140508
372.5		0.140415
372		0.140143
371.5		0.138771
371		0.138934
370.5		0.139002
370		0.139095
369.5		0.138796
369		0.13742
368.5		0.137626
368		0.137487
367.5		0.13604
367		0.13658
366.5		0.136578
366		0.136195
365.5		0.136627
365		0.135502
364.5		0.135995
364		0.135474
363.5		0.135072
363		0.13487
362.5		0.134807
362		0.133805
361.5		0.133347
361		0.134057
360.5		0.134233
360		0.133214
359.5		0.133119
359		0.133254
358.5		0.131079
358		0.133747
357.5		0.132375
357		0.13115
356.5		0.132451
356		0.131783
355.5		0.131573
355		0.130697
354.5		0.130285
354		0.130234
353.5		0.129976
353		0.128732
352.5		0.129838
352		0.128983
351.5		0.129405
351		0.128908
350.5		0.128524
350		0.128057
349.5		0.127767
349		0.126804
348.5		0.126252
348		0.124771
347.5		0.126611
347		0.126366
346.5		0.125108
346		0.124988
345.5		0.12363
345		0.124275
344.5		0.124585
344		0.121995
343.5		0.123057
343		0.123658
342.5		0.122582
342		0.121132
341.5		0.122295
341		0.121294
340.5		0.120527
340		0.120156
339.5		0.116732
339		0.117076
338.5		0.119098
338		0.118315
337.5		0.117807
337		0.116418
336.5		0.115621
336		0.116647
335.5		0.116229
335		0.11405
334.5		0.115074
334		0.114336
333.5		0.113889
333		0.112806
332.5		0.113813
332		0.112454
331.5		0.110442
331		0.112214
330.5		0.110925
330		0.111479
329.5		0.109992
329		0.108483
328.5		0.108546
328		0.108571
327.5		0.107765
327		0.107901
326.5		0.107638
326		0.106314
325.5		0.107721
325		0.105578
324.5		0.106882
324		0.105355
323.5		0.10485
323		0.105352
322.5		0.104688
322		0.104431
321.5		0.10304
321		0.103871
320.5		0.102646
320		0.101533
319.5		0.100966
319		0.103657
318.5		0.103149
318		0.101781
317.5		0.100914
317		0.100991
316.5		0.0999198
316		0.101037
315.5		0.100837
315		0.101304
314.5		0.0992914
314		0.0992724
313.5		0.100016
313		0.10185
312.5		0.100958
312		0.0984375
311.5		0.0985217
311		0.0973818
310.5		0.10096
310		0.10205
309.5		0.0979035
309		0.103132
308.5		0.100877
308		0.0997411
307.5		0.0995454
307		0.102389
306.5		0.0978875
306		0.0987047
305.5		0.0979139
305		0.100904
304.5		0.104649
304		0.106845
303.5		0.107818
303		0.105968
302.5		0.106012
302		0.100849
301.5		0.100004
301		0.0985566
300.5		0.104283
300		0.111862
299.5		0.119361
299		0.0874319
298.5		0.104043
298		0.113656
297.5		0.130106
297		0.144654
296.5		0.142793
296		0.0990599
295.5		-0.00538431
295		-0.103026
294.5		0.0975594
294		0.157134
293.5		0.188232
293		0.209698
292.5		0.0719505
292		0.483983
291.5		0.577159
291		0.12124
290.5		0.266182
290		4.44991
289.5		0.176626
289		0.414387
288.5		0.200491
288		0.255098
287.5		-0.0901356
287		0.443227
286.5		-0.270314
286		-0.30675
285.5		0.321534
285		0.608535
284.5		-0.12457
284		-0.329453
283.5		0
283		0.162046
282.5		0.4023
282		0.599001
281.5		0.188828
281		-0.793052
280.5		0.56224
280		1.17131
279.5		-0.183106
279		-1.97733
278.5		0.741653
278		0.524134
277.5		0.159914
277		0.365235
276.5		0.671448
276		0.104674
275.5		7.33894
275		-1.07557
274.5		0.125741
274		-0.272525
273.5		0.361367
273		0.0831707
272.5		-0.346028
272		-0.233041
271.5		0.472253
271		-0.2324
270.5		0.688817
270		0.44795
269.5		0.0657075
269		-0.130794
268.5		0.58107
268		0.334116
267.5		-0.0109894
267		-0.273271
266.5		0.0548852
266		4.69228
265.5		0.743462
265		0.285086
264.5		0.302459
264		0.292755
263.5		-0.334165
263		0.082253
262.5		0.16047
262		0.200759
261.5		0.398489
261		0.0723529
260.5		0.324917
260		0.192789
259.5		0.00680402
259		-2.08411
258.5		15.2604
258		0.20892
257.5		-28.8314
257		-0.445391
256.5		0.424359
256		-0.0887668
255.5		-0.895054
255		-0.0640166
254.5		0.803946
254		-0.687725
253.5		-3.01611
253		0.917476
252.5		0.331125
252		1.0547
251.5		0.17426
251		-0.636653
250.5		0.187955
250		0.314641
249.5		1.32397
249		-0.209181
248.5		1.17157
248		7.00201
247.5		-0.833909
247		0.425646
246.5		-0.55159
246		-0.0621333
245.5		0.0523759
245		0.885511
244.5		0.269242
244		0.154656
243.5		0.307428
243		0.224181
242.5		0.525992
242		0.517844
241.5		0.0831947
241		-0.00462451
240.5		-0.193086
240		0.0700751
239.5		0.695059
239		0.187879
238.5		0.246682
238		-0.00631261
237.5		0.863864
237		-0.0852247
236.5		2.27449
236		0.0139154
235.5		0.0176005
235		-0.471697
234.5		3.24546
234		-0.0528189
233.5		0.888108
233		0.430084
232.5		0.0761596
232		0.0579343
231.5		0.0326239
231		0.91449
230.5		0.0368739
230		0.590733
229.5		0.00211056
229		-0.0279393
228.5		12.9383
228		0.317591
227.5		0.16595
227		0.400544
226.5		-0.215971
226		1.85354
225.5		0.0514697
225		-0.254423
224.5		-0.130568
224		-0.0642256
223.5		-0.0557991
223		0.24436
222.5		-0.0548454
222		0.0503159
221.5		0.27149
221		0.147842
220.5		0.154159
220		-0.327149
219.5		-0.537091
219		-0.201192
218.5		0.264518
218		0.152017
217.5		-0.0286968
217		0.171377
216.5		0.259786
216		0.101798
215.5		0.00697517
215		-2.32541
214.5		0.183028
214		-0.0175736
213.5		0.0232667
213		-0.527049
212.5		0.202528
212		0.362935
211.5		0.0593813
211		-0.0385176
210.5		-0.276798
210		0.260601
209.5		2.04377
209		0.24023
208.5		-0.447505
208		-0.342696
207.5		0.177576
207		0.0389242
206.5		0.0971112
206		-0.0943031
205.5		0.147504
205		-0.519684
204.5		-0.407057
204		-0.00473454
203.5		0.00277621
203		-0.0157902
202.5		-0.0962159
202		-0.0106058
201.5		0.0799019
201		0.554978
200.5		0.00620491
200		0.121429
900		-0.0203163
899.5		-0.0123019
899		0.00343261
898.5		-0.0129948
898		-0.0200851
897.5		-0.00680675
897		-0.00216116
896.5		0.00112647
896		9.97904e-05
895.5		-0.0114988
895		-0.0196582
894.5		-0.00432248
894		-0.00521551
893.5		-0.0158355
893		-0.00408377
892.5		-0.00763508
892		-0.0149707
891.5		-0.000199541
891		-0.00708645
890.5		-0.014426
890		0.00285377
889.5		-0.0101559
889		-0.0105432
888.5		-0.00815105
888		-0.00512305
887.5		-0.00533575
887		-0.0218315
886.5		-0.00131512
886		-0.00785474
885.5		-0.00328097
885		-0.0138739
884.5		-0.00648758
884		-0.00873228
883.5		0.00589764
883		-0.00802717
882.5		-0.0111167
882		-0.00769846
881.5		-0.00702553
881		-0.00647862
880.5		-0.00574134
880		-0.000406174
879.5		-0.00294416
879		0.00152207
878.5		-0.010242
878		-0.0113488
877.5		-0.00559832
877		-0.00540375
876.5		-0.0103831
876		-0.0019159
875.5		-0.00619478
875		-0.0115795
874.5		-0.00344478
874		-0.00957854
873.5		-0.00497411
873		-0.0054551
872.5		-0.00444804
872		-0.0135472
871.5		-0.000501807
871		-0.00637716
870.5		-0.00904752
870		-0.00690829
869.5		-0.00349441
869		-0.00630378
868.5		-0.00791583
868		-0.00728907
867.5		-0.0109011
867		-0.00529682
866.5		-0.00791901
866		-0.00378675
865.5		-0.0049
865		-0.00694724
864.5		-0.00901169
864		-0.00568862
863.5		-0.0059952
863		-0.00686499
862.5		-0.00439692
862		-0.00673935
861.5		-0.00518393
861		-0.00603318
860.5		-0.00792695
860		-0.00684592
859.5		-0.00647862
859		-0.00664814
858.5		-0.00596303
858		-0.00714924
857.5		-0.00659209
857		-0.00904123
856.5		-0.007931
856		-0.0062469
855.5		-0.00653724
855		-0.00585085
854.5		-0.00356471
854		-0.00724063
853.5		-0.00496229
853		-0.00744048
852.5		-0.00621118
852		-0.00760794
851.5		-0.0058619
851		-0.00632411
850.5		-0.00772124
850		-0.00643947
849.5		-0.00661859
849		-0.0069211
848.5		-0.00482568
848		-0.00641975
847.5		-0.00652109
847		-0.00671539
846.5		-0.00660815
846		-0.0070165
845.5		-0.00514902
845		-0.00632786
844.5		-0.00405018
844		-0.00612769
843.5		-0.00541179
843		-0.00592827
842.5		-0.00534177
842		-0.00552541
841.5		-0.00524856
841		-0.00572953
840.5		-0.00593707
840		-0.00573292
839.5		-0.00385147
839		-0.00495
838.5		-0.00474449
838		-0.00485533
837.5		-0.00524597
837		-0.00515209
836.5		-0.00536033
836		-0.00494951
835.5		-0.00396236
835		-0.00456666
834.5		-0.00566319
834		-0.00466872
833.5		-0.00426841
833		-0.00526473
832.5		-0.00437593
832		-0.00517413
831.5		-0.00397812
831		-0.00497562
830.5		-0.00488632
830		-0.00467801
829.5		-0.00478421
829		-0.0042735
828.5		-0.00538385
828		-0.00388601
827.5		-0.00448833
827		-0.00498554
826.5		-0.00438422
826		-0.00549067
825.5		-0.00438684
825		-0.00429356
824.5		-0.00469296
824		-0.0048951
823.5		-0.00409918
823		-0.00389455
822.5		-0.00500601
822		-0.00419162
821.5		-0.0044964
821		-0.00409631
820.5		-0.00448788
820		-0.00539353
819.5		-0.00470188
819		-0.00520416
818.5		-0.00449461
818		-0.00520677
817.5		-0.00481493
817		-0.00360072
816.5		-0.00419832
816		-0.00449281
815.5		-0.00498803
815		-0.00390664
814.5		-0.00410164
814		-0.0045036
813.5		-0.00530584
813		-0.00430215
812.5		-0.00429914
812		-0.00480144
811.5		-0.00380495
811		-0.00460092
810.5		-0.00479329
810		-0.00530106
809.5		-0.00488973
809		-0.00440485
808.5		-0.00480432
808		-0.00390273
807.5		-0.00490638
807		-0.00440176
806.5		-0.00380533
806		-0.00520781
805.5		-0.0044991
805		-0.00440749
804.5		-0.0048
804		-0.00419832
803.5		-0.00410534
803		-0.00429699
802.5		-0.004002
802		-0.00379393
801.5		-0.0042
801		-0.00350842
800.5		-0.00428885
800		-0.0044022
799.5		-0.00430215
799		-0.00319489
798.5		-0.00459908
798		-0.00489902
797.5		-0.00450992
797		-0.00479856
796.5		-0.00389727
796		-0.00419371
795.5		-0.0033966
795		-0.00420126
794.5		-0.0039
794		-0.00429613
793.5		-0.00369372
793		-0.004002
792.5		-0.00439956
792		-0.00390625
791.5		-0.00359281
791		-0.00358459
790.5		-0.00329703
790		-0.00458578
789.5		-0.0033
789		-0.00299611
788.5		-0.00370111
788		-0.00429313
787.5		-0.00379469
787		-0.0034993
786.5		-0.00379242
786		-0.00308826
785.5		-0.00369852
785		-0.00378448
784.5		-0.00389416
784		-0.00389338
783.5		-0.00389066
783		-0.0045009
782.5		-0.00339423
782		-0.00398843
781.5		-0.00369483
781		-0.0032921
780.5		-0.00359174
780		-0.00359066
779.5		-0.00289537
779		-0.00359389
778.5		-0.00378788
778		-0.0034965
777.5		-0.00388524
777		-0.00319011
776.5		-0.00299252
776		-0.00348675
775.5		-0.00358423
775		-0.00379734
774.5		-0.00338376
774		-0.00439736
773.5		-0.00349127
773		-0.00328751
772.5		-0.00319361
772		-0.00378147
771.5		-0.00249626
771		-0.00298864
770.5		-0.00298716
770		-0.00349092
769.5		-0.00309042
769		-0.0030898
768.5		-0.0035853
768		-0.00338544
767.5		-0.00368746
767		-0.00318408
766.5		-0.00328915
766		-0.00289363
765.5		-0.00348884
765		-0.00327739
764.5		-0.00349127
764		-0.00308796
763.5		-0.0030935
763		-0.00278496
762.5		-0.00338848
762		-0.00328685
761.5		-0.00317997
761		-0.00269005
760.5		-0.00358637
760		-0.00329013
759.5		-0.00328554
759		-0.00308304
758.5		-0.00338443
758		-0.00338073
757.5		-0.00298478
757		-0.00268603
756.5		-0.00268443
756		-0.00298745
755.5		-0.0026871
755		-0.00258681
754.5		-0.00268764
754		-0.00317523
753.5		-0.00239139
753		-0.00338612
752.5		-0.00317965
752		-0.0026855
751.5		-0.0037676
751		-0.00288385
750.5		-0.0030809
750		-0.00298151
749.5		-0.0026863
749		-0.0027775
748.5		-0.00288242
748		-0.00318123
747.5		-0.00258218
747		-0.00268683
746.5		-0.00218232
746		-0.00288328
745.5		-0.00297885
745		-0.00317681
744.5		-0.0030757
744		-0.00217994
743.5		-0.00257937
743		-0.0027786
742.5		-0.00257962
742		-0.00287584
741.5		-0.00277393
741		-0.00198138
740.5		-0.00267618
740		-0.00306961
739.5		-0.0024804
739		-0.00267168
738.5		-0.00247476
738		-0.00237647
737.5		-0.00217671
737		-0.00247182
736.5		-0.0026693
736		-0.00217563
735.5		-0.0022725
735		-0.00237248
734.5		-0.00206937
734		-0.00246767
733.5		-0.00197355
733		-0.00226936
732.5		-0.00265853
732		-0.00216195
731.5		-0.00196618
731		-0.0024558
730.5		-0.00255729
730		-0.00264862
729.5		-0.00186329
729		-0.001468
728.5		-0.00253782
728		-0.00254229
727.5		-0.00214279
727		-0.00165805
726.5		-0.00204738
726		-0.0018443
725.5		-0.00184484
725		-0.00203311
724.5		-0.00202801
724		-0.00154143
723.5		-0.00211762
723		-0.00172844
722.5		-0.00201246
722		-0.00162152
721.5		-0.00152279
721		-0.00161061
720.5		-0.00122897
720		-0.00132313
719.5		-0.00206747
719		-0.00178874
718.5		-0.00140594
718		-0.00225077
717.5		-0.00187617
717		-0.00224888
716.5		-0.00178153
716		-0.00215983
715.5		-0.00169412
715		-0.00246282
714.5		-0.00256532
714		-0.00142871
713.5		-0.0023896
713		-0.00229951
712.5		-0.00211559
712		-0.00212335
711.5		-0.00251645
711		-0.00184269
710.5		-0.0023335
710		-0.00214907
709.5		-0.00244284
709		-0.00215581
708.5		-0.00284816
708		-0.00176817
707.5		-0.00246281
707		-0.00276052
706.5		-0.00226735
706		-0.00246889
705.5		-0.00167587
705		-0.00187358
704.5		-0.00226646
704		-0.0017762
703.5		-0.00167504
703		-0.00206937
702.5		-0.00236756
702		-0.00207223
701.5		-0.00177445
701		-0.00246646
700.5		-0.0014806
700		-0.00187192
699.5		-0.00217327
699		-0.00206897
698.5		-0.00217005
698		-0.00207387
697.5		-0.0017762
697		-0.00256613
696.5		-0.0020751
696		-0.00138094
695.5		-0.00207039
695		-0.00167504
694.5		-0.00167951
694		-0.0017762
693.5		-0.00197414
693		-0.00207326
692.5		-0.00246548
692		-0.00256942
691.5		-0.00197648
691		-0.00236803
690.5		-0.00207612
690		-0.00237037
689.5		-0.00217391
689		-0.00286816
688.5		-0.00217348
688		-0.002277
687.5		-0.00227138
687		-0.00187728
686.5		-0.00197589
686		-0.00197824
685.5		-0.00197628
685		-0.00187747
684.5		-0.00187728
684		-0.00207592
683.5		-0.00207715
683		-0.00207592
682.5		-0.00168067
682		-0.00217241
681.5		-0.0018784
681		-0.00177708
680.5		-0.00158212
680		-0.00197707
679.5		-0.00158056
679		-0.00198138
678.5		-0.00237412
678		-0.00197902
677.5		-0.00197883
677		-0.00158243
676.5		-0.00198216
676		-0.00237671
675.5		-0.00197981
675		-0.00237765
674.5		-0.00148412
674		-0.00217908
673.5		-0.00227768
673		-0.00188082
672.5		-0.0022761
672		-0.00188063
671.5		-0.00198
671		-0.00207921
670.5		-0.00217843
670		-0.00218016
669.5		-0.00188007
669		-0.00217908
668.5		-0.00178306
668		-0.00197844
667.5		-0.0022761
667		-0.00168367
666.5		-0.00188007
666		-0.00188511
665.5		-0.00188026
665		-0.00247721
664.5		-0.00208333
664		-0.00178042
663.5		-0.00218103
663		-0.00158573
662.5		-0.00207983
662		-0.00208106
661.5		-0.00178341
661		-0.00217951
660.5		-0.00148633
660		-0.00208168
659.5		-0.00168601
659		-0.00198255
658.5		-0.00188473
658		-0.00198491
657.5		-0.00218103
657		-0.00168617
656.5		-0.0016855
656		-0.00238048
655.5		-0.00238474
655		-0.00238048
654.5		-0.00198314
654		-0.00178678
653.5		-0.00208416
653		-0.0018881
652.5		-0.00188548
652		-0.00188604
651.5		-0.00188923
651		-0.00198255
650.5		-0.00218471
650		-0.00198649
649.5		-0.00169036
649		-0.00198847
648.5		-0.00208665
648		-0.00179087
647.5		-0.00208851
647		-0.00179354
646.5		-0.00189036
646		-0.00188961
645.5		-0.00208831
645		-0.00199203
644.5		-0.00189205
644		-0.00219408
643.5		-0.00209288
643		-0.00229381
642.5		-0.0021967
642		-0.00209581
641.5		-0.0019976
641		-0.00229587
640.5		-0.00229541
640		-0.00230253
639.5		-0.00260156
639		-0.00210084
638.5		-0.00220419
638		-0.00260547
637.5		-0.00241036
637		-0.00230947
636.5		-0.0022095
636		-0.00231342
635.5		-0.00251332
635		-0.00221595
634.5		-0.00211566
634		-0.00241911
633.5		-0.00232159
633		-0.002323
632.5		-0.00272838
632		-0.00222514
631.5		-0.002424
631		-0.00222335
630.5		-0.00262839
630		-0.00242277
629.5		-0.00222065
629		-0.0020145
628.5		-0.00211395
628		-0.00251181
627.5		-0.00230415
627		-0.0023053
626.5		-0.00209644
626		-0.00219255
625.5		-0.0020881
625		-0.00197981
624.5		-0.00207838
624		-0.00207141
623.5		-0.00187137
623		-0.0020649
622.5		-0.00195944
622		-0.00156986
621.5		-0.00186001
621		-0.00185547
620.5		-0.00195008
620		-0.00146
619.5		-0.00213945
619		-0.00184753
618.5		-0.00165065
618		-0.00232829
617.5		-0.00155234
617		-0.00204082
616.5		-0.0020436
616		-0.00223844
615.5		-0.00194553
615		-0.00185095
614.5		-0.00175012
614		-0.00165627
613.5		-0.00223888
613		-0.00185059
612.5		-0.00194875
612		-0.00214154
611.5		-0.0022415
611		-0.0020438
610.5		-0.0019497
610		-0.00194628
609.5		-0.00243072
609		-0.00184879
608.5		-0.00184861
608		-0.00184879
607.5		-0.00194628
607		-0.00165531
606.5		-0.00165289
606		-0.0023369
605.5		-0.00213966
605		-0.00165386
604.5		-0.00194553
604		-0.00145971
603.5		-0.0020428
603		-0.00194326
602.5		-0.00184735
602		-0.00184735
601.5		-0.00194269
601		-0.00204459
600.5		-0.00203883
600		-0.00204022
599.5		-0.00213821
599		-0.00203469
598.5		-0.00233055
598		-0.00223084
597.5		-0.00184681
597		-0.0019442
596.5		-0.00184341
596		-0.00203923
595.5		-0.00184144
595		-0.0021324
594.5		-0.00261932
594		-0.00193855
593.5		-0.00184412
593		-0.00222998
592.5		-0.0021322
592		-0.00184216
591.5		-0.00183984
591		-0.00203331
590.5		-0.00174436
590		-0.00193667
589.5		-0.0020339
589		-0.0017425
588.5		-0.00241943
588		-0.00193742
587.5		-0.00203528
587		-0.00174182
586.5		-0.00202997
586		-0.00212601
585.5		-0.00212972
585		-0.00193106
584.5		-0.00231974
584		-0.00203036
583.5		-0.00222051
583		-0.00212972
582.5		-0.00202997
582		-0.00231906
581.5		-0.00202899
581		-0.00173695
580.5		-0.00173963
580		-0.00222072
579.5		-0.00212478
579		-0.00241359
578.5		-0.00202449
578		-0.00241499
577.5		-0.00231504
577		-0.00241266
576.5		-0.00221901
576		-0.00260467
575.5		-0.00222373
575		-0.0025082
574.5		-0.00221836
574		-0.00250651
573.5		-0.00211783
573		-0.00251014
572.5		-0.00221858
572		-0.00202332
571.5		-0.00279383
571		-0.00202332
570.5		-0.00221559
570		-0.00289184
569.5		-0.00240755
569		-0.00269438
568.5		-0.00221239
568		-0.00230548
567.5		-0.00317888
567		-0.00279088
566.5		-0.00269308
566		-0.00240385
565.5		-0.00288101
565		-0.00279115
564.5		-0.00250072
564		-0.00278766
563.5		-0.0026905
563		-0.00239762
562.5		-0.002886
562		-0.00259316
561.5		-0.00287742
561		-0.00288351
560.5		-0.00297362
560		-0.00317125
559.5		-0.00269672
559		-0.00297705
558.5		-0.00278712
558		-0.00278819
557.5		-0.00326264
557		-0.00326515
556.5		-0.0030722
556		-0.0034539
555.5		-0.0031679
555		-0.00354712
554.5		-0.00374388
554		-0.00364438
553.5		-0.00345258
553		-0.0032617
552.5		-0.00344927
552		-0.00335474
551.5		-0.00335603
551		-0.00335538
550.5		-0.00354746
550		-0.00344102
549.5		-0.00364404
549		-0.00353999
548.5		-0.00325733
548		-0.00363636
547.5		-0.00382226
547		-0.00383142
546.5		-0.00363671
546		-0.00373349
545.5		-0.00373742
545		-0.00392082
544.5		-0.00373349
544		-0.00363358
543.5		-0.003823
543		-0.00373206
542.5		-0.00400993
542		-0.00392082
541.5		-0.00400993
541		-0.00420088
540.5		-0.00410501
540		-0.00428816
539.5		-0.0040153
539		-0.00372279
538.5		-0.00419887
538		-0.00410501
537.5		-0.00400458
537		-0.00439476
536.5		-0.00400687
536		-0.00410266
535.5		-0.00447747
535		-0.00438095
534.5		-0.00447704
534		-0.00467245
533.5		-0.00437887
533		-0.00457579
532.5		-0.00438596
532		-0.00447704
531.5		-0.00419287
531		-0.00475919
530.5		-0.00428857
530		-0.00485714
529.5		-0.0050433
529		-0.00505291
528.5		-0.00456925
528		-0.00485483
527.5		-0.00485992
527		-0.00513845
526.5		-0.00485807
526		-0.00514335
525.5		-0.00428327
525		-0.00524359
524.5		-0.00542599
524		-0.00485622
523.5		-0.00543426
523		-0.00495285
522.5		-0.00561744
522		-0.00513992
521.5		-0.00476463
521		-0.00543375
520.5		-0.00523411
520		-0.00542599
519.5		-0.0056137
519		-0.00571483
518.5		-0.00524359
518		-0.00552223
517.5		-0.00533384
517		-0.00542857
516.5		-0.00570994
516		-0.00543789
515.5		-0.0056228
515		-0.00619579
514.5		-0.00582283
514		-0.00600171
513.5		-0.0058245
513		-0.00639008
512.5		-0.00601489
512		-0.00583007
511.5		-0.00600515
511		-0.00649909
510.5		-0.00629951
510		-0.00591377
509.5		-0.00611212
509		-0.00657519
508.5		-0.00601317
508		-0.00638217
507.5		-0.00666857
507		-0.00647557
506.5		-0.00598575
506		-0.00588459
505.5		-0.00616991
505		-0.00644305
504.5		-0.00643513
504		-0.00623465
503.5		-0.00650698
503		-0.00593947
502.5		-0.00592272
502		-0.00676056
501.5		-0.00627635
501		-0.0065494
500.5		-0.00608842
500		-0.00625467
499.5		-0.00625175
499		-0.00596292
498.5		-0.00622561
498		-0.00669705
497.5		-0.00622214
497		-0.00668027
496.5		-0.00620773
496		-0.00611111
495.5		-0.00638534
495		-0.00618652
494.5		-0.0058102
494		-0.00562419
493.5		-0.00626324
493		-0.00617341
492.5		-0.00689909
492		-0.00607176
491.5		-0.00578512
491		-0.00605449
490.5		-0.00587749
490		-0.00643323
489.5		-0.00559633
489		-0.00596057
488.5		-0.00604839
488		-0.00686939
487.5		-0.00633667
487		-0.00604174
486.5		-0.00631868
486		-0.00604617
485.5		-0.00575658
485		-0.00604562
484.5		-0.00658979
484		-0.00630886
483.5		-0.00638744
483		-0.00629677
482.5		-0.00611593
482		-0.00647456
481.5		-0.00619477
481		-0.00618857
480.5		-0.00609146
480		-0.00646218
479.5		-0.00591447
479		-0.00608261
478.5		-0.00608372
478		-0.00616333
477.5		-0.006065
477		-0.00580025
476.5		-0.00668957
476		-0.00597069
475.5		-0.00595238
475		-0.00630972
474.5		-0.00604475
474		-0.00621006
473.5		-0.00683822
473		-0.00593312
472.5		-0.00628253
472		-0.00619223
471.5		-0.00618834
471		-0.00580824
470.5		-0.00589707
470		-0.00579684
469.5		-0.00633759
469		-0.00570258
468.5		-0.00622444
468		-0.00533381
467.5		-0.0057619
467		-0.00531208
466.5		-0.00583348
466		-0.00494612
465.5		-0.00643853
465		-0.00642719
464.5		-0.00536972
464		-0.00544385
463.5		-0.00588339
463		-0.00630087
462.5		-0.00612156
462		-0.00576117
461.5		-0.00506772
461		-0.00575615
460.5		-0.00556667
460		-0.00643478
459.5		-0.005819
459		-0.00607112
458.5		-0.00666494
458		-0.00614878
457.5		-0.00605065
457		-0.00612756
456.5		-0.00709465
456		-0.00638867
455.5		-0.0054503
455		-0.00735485
454.5		-0.00605798
454		-0.00658009
453.5		-0.00778884
453		-0.00684042
452.5		-0.00677495
452		-0.00712858
451.5		-0.00652344
451		-0.00706313
450.5		-0.00742228
450		-0.00724511
449.5		-0.00743657
449		-0.00742877
448.5		-0.00702741
448		-0.00763225
447.5		-0.00755911
447		-0.00696281
446.5		-0.00660095
446		-0.00670667
445.5		-0.00706028
445		-0.0069751
444.5		-0.00788029
444		-0.00795756
443.5		-0.00725407
443		-0.00736142
442.5		-0.00709346
442		-0.00728048
441.5		-0.00736077
441		-0.00700852
440.5		-0.0066643
440		-0.00720641
439.5		-0.00729992
439		-0.00684871
438.5		-0.00675736
438		-0.00702222
437.5		-0.00738566
437		-0.00739289
436.5		-0.00703097
436		-0.00658832
435.5		-0.00703723
435		-0.00684749
434.5		-0.00713394
434		-0.00676397
433.5		-0.00693025
433		-0.00676819
432.5		-0.00677301
432		-0.00693457
431.5		-0.00658422
431		-0.00675496
430.5		-0.00669105
430		-0.00684444
429.5		-0.00666785
429		-0.00693888
428.5		-0.00683594
428		-0.00684871
427.5		-0.00675076
427		-0.00719424
426.5		-0.00700417
426		-0.00691551
425.5		-0.00664953
425		-0.00628931
424.5		-0.0066454
424		-0.00681356
423.5		-0.00699363
423		-0.00619853
422.5		-0.00628875
422		-0.00653076
421.5		-0.00699115
421		-0.006266
420.5		-0.00635257
420		-0.00627264
419.5		-0.00670312
419		-0.00687164
418.5		-0.00660968
418		-0.00668837
417.5		-0.0063358
417		-0.00666491
416.5		-0.00641533
416		-0.00676983
415.5		-0.00684571
415		-0.00596596
414.5		-0.00631025
414		-0.00666725
413.5		-0.00631136
413		-0.00647986
412.5		-0.0063169
412		-0.00673548
411.5		-0.00552002
411		-0.00717724
410.5		-0.00620033
410		-0.00683791
409.5		-0.00628272
409		-0.00662771
408.5		-0.00618736
408		-0.0065485
407.5		-0.00611621
407		-0.00644206
406.5		-0.00680272
406		-0.00662829
405.5		-0.0061723
405		-0.00645499
404.5		-0.00565611
404		-0.00617982
403.5		-0.00634838
403		-0.00582052
402.5		-0.00625652
402		-0.00660468
401.5		-0.00608537
401		-0.00685645
400.5		-0.00615465
400		-0.00608537
399.5		-0.00600052
399		-0.00624458
398.5		-0.00631652
398		-0.00589
397.5		-0.00667071
397		-0.00693181
396.5		-0.00684635
396		-0.00554497
395.5		-0.00623647
395		-0.00570539
394.5		-0.00762565
394		-0.00716073
393.5		-0.00589306
393		-0.00620904
392.5		-0.00619835
392		-0.0060423
391.5		-0.00723826
391		-0.0059452
390.5		-0.00662138
390		-0.00704165
389.5		-0.00643114
389		-0.00583641
388.5		-0.00625268
388		-0.00624626
387.5		-0.00580601
387		-0.00606216
386.5		-0.00588637
386		-0.00545052
385.5		-0.00663999
385		-0.00611673
384.5		-0.00567124
384		-0.00576956
383.5		-0.00609808
383		-0.00608879
382.5		-0.00572873
382		-0.00659731
381.5		-0.00539811
381		-0.00572873
380.5		-0.00596438
380		-0.00582131
379.5		-0.00560669
379		-0.00546402
378.5		-0.00612673
378		-0.00544434
377.5		-0.00561139
377		-0.00577551
376.5		-0.0058421
376		-0.0058504
375.5		-0.00643382
375		-0.00592259
374.5		-0.00568657
374		-0.00600651
373.5		-0.00585774
373		-0.00608384
372.5		-0.00633175
372		-0.0052592
371.5		-0.00531253
371		-0.00557173
370.5		-0.00647841
370		-0.00581879
369.5		-0.00549405
369		-0.00505637
368.5		-0.0064607
368		-0.00539195
367.5		-0.00635052
367		-0.00537146
366.5		-0.0055436
366		-0.00586486
365.5		-0.00635943
365		-0.00568229
364.5		-0.0059401
364		-0.00494805
363.5		-0.00527139
363		-0.00527009
362.5		-0.00584074
362		-0.00525452
361.5		-0.00458753
361		-0.00582301
360.5		-0.00574477
360		-0.00573441
359.5		-0.00631199
359		-0.0059841
358.5		-0.0054445
358		-0.00647488
357.5		-0.00676943
357		-0.00408063
356.5		-0.00604625
356		-0.00594947
355.5		-0.00659287
355		-0.00383111
354.5		-0.00640662
354		-0.00624949
353.5		-0.00520241
353		-0.00462175
352.5		-0.00624949
352		-0.00581114
351.5		-0.00559792
351		-0.00494568
350.5		-0.00598463
350		-0.00493687
349.5		-0.00484301
349		-0.00572534
348.5		-0.00490196
348		-0.0050497
347.5		-0.00531401
347		-0.00492055
346.5		-0.00377328
346		-0.00672323
345.5		-0.00573431
345		-0.00568546
344.5		-0.00569549
344		-0.00367912
343.5		-0.00542827
343		-0.00735823
342.5		-0.00741154
342		-0.0038305
341.5		-0.00535829
341		-0.00611839
340.5		-0.00436439
340		-0.00665188
339.5		-0.00571876
339		-0.00571966
338.5		-0.00851466
338		-0.00686336
337.5		-0.00808477
337		-0.00518664
336.5		-0.00616898
336		-0.00675782
335.5		-0.00797124
335		-0.00669991
334.5		-0.0067794
334		-0.00730324
333.5		-0.00791557
333		-0.00575651
332.5		-0.00855166
332		-0.00758925
331.5		-0.00425861
331		-0.0064466
330.5		-0.00670934
330		-0.00712792
329.5		-0.00638756
329		-0.00616428
328.5		-0.00636259
328		-0.00720859
327.5		-0.00522514
327		-0.00658903
326.5		-0.00726967
326		-0.00565706
325.5		-0.00780413
325		-0.00397128
324.5		-0.00559859
324		-0.00626098
323.5		-0.0070154
323		-0.00574713
322.5		-0.00672012
322		-0.00632526
321.5		-0.00650284
321		-0.00432736
320.5		-0.00584529
320		-0.00362401
319.5		-0.00490344
319		-0.00777711
318.5		-0.00718119
318		-0.00581571
317.5		-0.00498038
317		-0.00680832
316.5		-0.00577038
316		-0.00837446
315.5		-0.00697204
315		-0.00991132
314.5		-0.00730253
314		-0.00661464
313.5		-0.00809987
313		-0.00987137
312.5		-0.00736498
312		-0.00598139
311.5		-0.00646312
311		-0.00258646
310.5		-0.00976404
310		-0.00667507
309.5		-0.00599415
309		-0.0117968
308.5		-0.007724
308		-0.00478152
307.5		-0.0114758
307		-0.0078223
306.5		-0.00801765
306		-0.00635965
305.5		-0.00247741
305		-0.00461403
304.5		-0.0092112
304		-0.00979389
303.5		-0.0185661
303		-0.00703348
302.5		-0.0146821
302		0.0226464
301.5		0.0272104
301		0.00260851
300.5		0.00823795
300		-0.00329525
299.5		-0.0338958
299		0.00116601
298.5		-0.0466227
298		-0.0652252
297.5		-0.0853835
297		0.0629603
296.5		-0.206606
296		-0.405954
295.5		0.375832
295		0.952164
294.5		-0.675932
294		-0.288488
293.5		5.04862
293		3.703
292.5		-0.386591
292		-0.922109
291.5		29.8531
291		-0.0158696
290.5		-0.0422806
290		-5.86709
289.5		0.722727
289		-0.436524
288.5		1.48347
288		1.75177
287.5		0.363253
287		-0.210111
286.5		2.43908
286		1.47612
285.5		-0.177092
285		-0.60993
284.5		-0.263769
284		-1.79856
283.5		0.362046
283		0.75382
282.5		-3.97197
282		-0.311789
281.5		-0.217816
281		1.59824
280.5		-29.1522
280		-0.578346
279.5		1.36971
279		3.53235
278.5		-1.56275
278		-1.27046
277.5		-0.219049
277		1.01414
276.5		-0.85929
276		1.30338
275.5		-8.84657
275		2.4491
274.5		-0.974373
274		0.153305
273.5		-1.29251
273		1.37562
272.5		0.302605
272		0.641085
271.5		0.305305
271		-7.59702
270.5		-0.495614
270		-0.223699
269.5		-0.679969
269		1.46956
268.5		-0.913795
268		-2.06616
267.5		0.532948
267		-0.271521
266.5		-0.235923
266		-10.2242
265.5		-0.833196
265		-0.247933
264.5		3.02255
264		-0.519635
263.5		-0.144185
263		0.445411
262.5		-2.38754
262		-1.41617
261.5		-0.0413797
261		0.400249
260.5		-0.296432
260		0.232404
259.5		-0.173349
259		3.78203
258.5		-25.2532
258		0.653712
257.5		47.6464
257		1.18716
256.5		-0.0365646
256		1.34817
255.5		4.42343
255		0.199964
254.5		-1.60416
254		0.782428
253.5		5.42585
253		-0.939891
252.5		-0.176626
252		-2.27506
251.5		1.40304
251		1.14818
250.5		-27.1649
250		0.51835
249.5		-1.77548
249		0.450043
248.5		-1.30719
248		-11.2932
247.5		2.15392
247		0.440431
246.5		-0.0991274
246		0.525541
245.5		0.00610713
245		-2.21073
244.5		-3.01707
244		0.648166
243.5		-0.51179
243		-0.497174
242.5		-2.1893
242		-2.20441
241.5		1.62228
241		-0.497809
240.5		0.535917
240		-0.543852
239.5		-1.23975
239		-1.65214
238.5		-1.82917
238		-0.0622625
237.5		-1.24058
237		1.37179
236.5		-3.88071
236		-0.400507
235.5		-0.463726
235		1.34961
234.5		1.24971
234		0.709588
233.5		-0.838721
233		0.197363
232.5		0.788046
232		0.498178
231.5		0.202481
231		-2.18397
230.5		5.63513
230		-1.90348
229.5		3.37245
229		0.261827
228.5		-27.2225
228		-0.064262
227.5		0.396694
227		-2.72297
226.5		-0.0695709
226		-4.22685
225.5		0.29469
225		0.443798
224.5		-0.604391
224		0.115552
223.5		1.04509
223		-0.300236
222.5		0.55766
222		-0.848143
221.5		-11.2339
221		-1.56328
220.5		-0.294262
220		0.774951
219.5		1.17674
219		1.15578
218.5		0.151885
218		0.00605124
217.5		-2.81661
217		5.31169
216.5		-0.805991
216		-0.419796
215.5		0.0747419
215		6.17141
214.5		-0.345463
214		0.391256
213.5		0.0534087
213		1.59449
212.5		-0.381474
212		-1.38693
211.5		-0.280954
211		1.58329
210.5		0.901706
210		-0.461927
209.5		-5.03267
209		-0.125433
208.5		1.9608
208		1.29563
207.5		-1.08693
207		-2.779
206.5		0.0656255
206		0.72226
205.5		0.249991
205		1.80129
204.5		1.07645
204		0.212457
203.5		0.701509
203		-0.0279796
202.5		0.539255
202		0.35227
201.5		0.265883
201		-1.30406
200.5		0.399025
200		-0.121794
