16/04/2024 16.23.29
16/04/2024 16.32.28

800.0000	 10.0500

800.0000	 10.0500

900.0000	  9.4700



  1.0000
900.0000
  3.0000
340.0000
  1.0000
1401.0000
  5.0000
  6.0000
  1.0000
  1.0000
  0.0000
  0.0000
100.0000
  0.0000
  1.0000
  0.0000
500.0000
900.0000
200.0000
  4.0000
  1.0000
 18.0000
  2.0000
  1.0000
255.0000
  0.8330
  1.0000
 30.0000
  4.0000
500.0000
  0.0000
  0.0000
  4.0000
900.0000
200.0000
  0.0000
100.0000
  0.0000
  1.0000
  0.0000
500.0000
  1.0000
  1.0000
  1.0000
  1.0000
  4.0000
  0.0000
  1.0000
  1.0000
  1.0000
  1.0000
  1.0000
  2.0000
  1.0000
  1.0000
  1.0000
  3.0000
  1.0000
  1.0000
  1.0000
  4.0000
  5.0000
539.517
0.000

Lambda:	800
Abs:		0.0002
ID:			14
Run:		2
#

900.0000	  0.1089
899.5000	  0.1085
899.0000	  0.1137
898.5000	  0.1010
898.0000	  0.1055
897.5000	  0.1088
897.0000	  0.1038
896.5000	  0.1048
896.0000	  0.1046
895.5000	  0.0994
895.0000	  0.1060
894.5000	  0.0917
894.0000	  0.1032
893.5000	  0.1046
893.0000	  0.1023
892.5000	  0.1039
892.0000	  0.1016
891.5000	  0.1051
891.0000	  0.1085
890.5000	  0.0994
890.0000	  0.1066
889.5000	  0.1055
889.0000	  0.1060
888.5000	  0.1036
888.0000	  0.1024
887.5000	  0.1027
887.0000	  0.1067
886.5000	  0.1043
886.0000	  0.1079
885.5000	  0.1058
885.0000	  0.1051
884.5000	  0.1016
884.0000	  0.1001
883.5000	  0.1081
883.0000	  0.1041
882.5000	  0.1030
882.0000	  0.1079
881.5000	  0.1032
881.0000	  0.1037
880.5000	  0.1045
880.0000	  0.1062
879.5000	  0.1049
879.0000	  0.1046
878.5000	  0.1065
878.0000	  0.1045
877.5000	  0.1065
877.0000	  0.1078
876.5000	  0.1070
876.0000	  0.1057
875.5000	  0.1052
875.0000	  0.1062
874.5000	  0.1043
874.0000	  0.1063
873.5000	  0.1033
873.0000	  0.1068
872.5000	  0.1047
872.0000	  0.1046
871.5000	  0.1051
871.0000	  0.1045
870.5000	  0.1058
870.0000	  0.1039
869.5000	  0.1069
869.0000	  0.1063
868.5000	  0.1058
868.0000	  0.1076
867.5000	  0.1054
867.0000	  0.1062
866.5000	  0.1059
866.0000	  0.1067
865.5000	  0.1066
865.0000	  0.1042
864.5000	  0.1054
864.0000	  0.1082
863.5000	  0.1047
863.0000	  0.1062
862.5000	  0.1071
862.0000	  0.1061
861.5000	  0.1071
861.0000	  0.1062
860.5000	  0.1065
860.0000	  0.1072
859.5000	  0.1062
859.0000	  0.1058
858.5000	  0.1063
858.0000	  0.1057
857.5000	  0.1069
857.0000	  0.1079
856.5000	  0.1067
856.0000	  0.1063
855.5000	  0.1073
855.0000	  0.1063
854.5000	  0.1071
854.0000	  0.1064
853.5000	  0.1061
853.0000	  0.1065
852.5000	  0.1071
852.0000	  0.1070
851.5000	  0.1072
851.0000	  0.1071
850.5000	  0.1070
850.0000	  0.1073
849.5000	  0.1068
849.0000	  0.1074
848.5000	  0.1068
848.0000	  0.1077
847.5000	  0.1072
847.0000	  0.1069
846.5000	  0.1072
846.0000	  0.1073
845.5000	  0.1071
845.0000	  0.1072
844.5000	  0.1063
844.0000	  0.1067
843.5000	  0.1068
843.0000	  0.1072
842.5000	  0.1064
842.0000	  0.1067
841.5000	  0.1066
841.0000	  0.1067
840.5000	  0.1066
840.0000	  0.1071
839.5000	  0.1066
839.0000	  0.1066
838.5000	  0.1067
838.0000	  0.1061
837.5000	  0.1062
837.0000	  0.1064
836.5000	  0.1061
836.0000	  0.1061
835.5000	  0.1062
835.0000	  0.1061
834.5000	  0.1060
834.0000	  0.1058
833.5000	  0.1057
833.0000	  0.1060
832.5000	  0.1056
832.0000	  0.1056
831.5000	  0.1054
831.0000	  0.1053
830.5000	  0.1055
830.0000	  0.1055
829.5000	  0.1049
829.0000	  0.1055
828.5000	  0.1048
828.0000	  0.1052
827.5000	  0.1047
827.0000	  0.1045
826.5000	  0.1045
826.0000	  0.1042
825.5000	  0.1048
825.0000	  0.1042
824.5000	  0.1043
824.0000	  0.1045
823.5000	  0.1043
823.0000	  0.1046
822.5000	  0.1039
822.0000	  0.1040
821.5000	  0.1040
821.0000	  0.1042
820.5000	  0.1036
820.0000	  0.1038
819.5000	  0.1036
819.0000	  0.1036
818.5000	  0.1034
818.0000	  0.1032
817.5000	  0.1036
817.0000	  0.1030
816.5000	  0.1030
816.0000	  0.1031
815.5000	  0.1029
815.0000	  0.1032
814.5000	  0.1031
814.0000	  0.1029
813.5000	  0.1025
813.0000	  0.1031
812.5000	  0.1024
812.0000	  0.1025
811.5000	  0.1024
811.0000	  0.1024
810.5000	  0.1020
810.0000	  0.1021
809.5000	  0.1025
809.0000	  0.1018
808.5000	  0.1023
808.0000	  0.1016
807.5000	  0.1019
807.0000	  0.1018
806.5000	  0.1016
806.0000	  0.1015
805.5000	  0.1016
805.0000	  0.1011
804.5000	  0.1015
804.0000	  0.1011
803.5000	  0.1011
803.0000	  0.1013
802.5000	  0.1009
802.0000	  0.1010
801.5000	  0.1006
801.0000	  0.1006
800.5000	  0.1006
800.0000	  0.1006
799.5000	  0.1006
799.0000	  0.1006
798.5000	  0.1001
798.0000	  0.1001
797.5000	  0.1005
797.0000	  0.1003
796.5000	  0.1000
796.0000	  0.0999
795.5000	  0.0999
795.0000	  0.0999
794.5000	  0.0994
794.0000	  0.0997
793.5000	  0.0993
793.0000	  0.0993
792.5000	  0.0994
792.0000	  0.0991
791.5000	  0.0992
791.0000	  0.0989
790.5000	  0.0987
790.0000	  0.0989
789.5000	  0.0986
789.0000	  0.0983
788.5000	  0.0988
788.0000	  0.0983
787.5000	  0.0985
787.0000	  0.0983
786.5000	  0.0983
786.0000	  0.0979
785.5000	  0.0981
785.0000	  0.0978
784.5000	  0.0977
784.0000	  0.0974
783.5000	  0.0971
783.0000	  0.0975
782.5000	  0.0977
782.0000	  0.0976
781.5000	  0.0973
781.0000	  0.0973
780.5000	  0.0970
780.0000	  0.0971
779.5000	  0.0969
779.0000	  0.0968
778.5000	  0.0967
778.0000	  0.0964
777.5000	  0.0963
777.0000	  0.0965
776.5000	  0.0960
776.0000	  0.0960
775.5000	  0.0962
775.0000	  0.0963
774.5000	  0.0960
774.0000	  0.0957
773.5000	  0.0953
773.0000	  0.0954
772.5000	  0.0955
772.0000	  0.0952
771.5000	  0.0952
771.0000	  0.0948
770.5000	  0.0952
770.0000	  0.0947
769.5000	  0.0950
769.0000	  0.0945
768.5000	  0.0943
768.0000	  0.0941
767.5000	  0.0943
767.0000	  0.0942
766.5000	  0.0940
766.0000	  0.0936
765.5000	  0.0939
765.0000	  0.0932
764.5000	  0.0936
764.0000	  0.0932
763.5000	  0.0935
763.0000	  0.0931
762.5000	  0.0929
762.0000	  0.0931
761.5000	  0.0926
761.0000	  0.0925
760.5000	  0.0929
760.0000	  0.0924
759.5000	  0.0923
759.0000	  0.0923
758.5000	  0.0923
758.0000	  0.0922
757.5000	  0.0919
757.0000	  0.0916
756.5000	  0.0913
756.0000	  0.0917
755.5000	  0.0916
755.0000	  0.0915
754.5000	  0.0916
754.0000	  0.0912
753.5000	  0.0912
753.0000	  0.0906
752.5000	  0.0911
752.0000	  0.0906
751.5000	  0.0908
751.0000	  0.0905
750.5000	  0.0903
750.0000	  0.0902
749.5000	  0.0902
749.0000	  0.0900
748.5000	  0.0900
748.0000	  0.0901
747.5000	  0.0897
747.0000	  0.0899
746.5000	  0.0896
746.0000	  0.0892
745.5000	  0.0896
745.0000	  0.0891
744.5000	  0.0890
744.0000	  0.0889
743.5000	  0.0889
743.0000	  0.0888
742.5000	  0.0887
742.0000	  0.0887
741.5000	  0.0887
741.0000	  0.0884
740.5000	  0.0884
740.0000	  0.0885
739.5000	  0.0881
739.0000	  0.0881
738.5000	  0.0879
738.0000	  0.0878
737.5000	  0.0880
737.0000	  0.0878
736.5000	  0.0879
736.0000	  0.0875
735.5000	  0.0873
735.0000	  0.0877
734.5000	  0.0873
734.0000	  0.0875
733.5000	  0.0872
733.0000	  0.0871
732.5000	  0.0871
732.0000	  0.0873
731.5000	  0.0870
731.0000	  0.0867
730.5000	  0.0870
730.0000	  0.0865
729.5000	  0.0870
729.0000	  0.0868
728.5000	  0.0871
728.0000	  0.0867
727.5000	  0.0865
727.0000	  0.0867
726.5000	  0.0865
726.0000	  0.0869
725.5000	  0.0868
725.0000	  0.0864
724.5000	  0.0869
724.0000	  0.0868
723.5000	  0.0869
723.0000	  0.0871
722.5000	  0.0872
722.0000	  0.0872
721.5000	  0.0874
721.0000	  0.0876
720.5000	  0.0877
720.0000	  0.0877
719.5000	  0.0883
719.0000	  0.0879
718.5000	  0.0882
718.0000	  0.0881
717.5000	  0.0879
717.0000	  0.0879
716.5000	  0.0879
716.0000	  0.0875
715.5000	  0.0872
715.0000	  0.0868
714.5000	  0.0864
714.0000	  0.0859
713.5000	  0.0854
713.0000	  0.0852
712.5000	  0.0848
712.0000	  0.0844
711.5000	  0.0843
711.0000	  0.0840
710.5000	  0.0835
710.0000	  0.0832
709.5000	  0.0830
709.0000	  0.0829
708.5000	  0.0824
708.0000	  0.0822
707.5000	  0.0818
707.0000	  0.0818
706.5000	  0.0816
706.0000	  0.0814
705.5000	  0.0816
705.0000	  0.0815
704.5000	  0.0814
704.0000	  0.0810
703.5000	  0.0809
703.0000	  0.0809
702.5000	  0.0810
702.0000	  0.0806
701.5000	  0.0808
701.0000	  0.0808
700.5000	  0.0805
700.0000	  0.0805
699.5000	  0.0803
699.0000	  0.0805
698.5000	  0.0805
698.0000	  0.0803
697.5000	  0.0800
697.0000	  0.0800
696.5000	  0.0797
696.0000	  0.0798
695.5000	  0.0799
695.0000	  0.0798
694.5000	  0.0795
694.0000	  0.0798
693.5000	  0.0794
693.0000	  0.0793
692.5000	  0.0793
692.0000	  0.0790
691.5000	  0.0791
691.0000	  0.0789
690.5000	  0.0789
690.0000	  0.0791
689.5000	  0.0787
689.0000	  0.0788
688.5000	  0.0786
688.0000	  0.0786
687.5000	  0.0785
687.0000	  0.0783
686.5000	  0.0784
686.0000	  0.0783
685.5000	  0.0783
685.0000	  0.0782
684.5000	  0.0780
684.0000	  0.0782
683.5000	  0.0778
683.0000	  0.0780
682.5000	  0.0779
682.0000	  0.0778
681.5000	  0.0777
681.0000	  0.0776
680.5000	  0.0777
680.0000	  0.0775
679.5000	  0.0775
679.0000	  0.0775
678.5000	  0.0773
678.0000	  0.0774
677.5000	  0.0773
677.0000	  0.0772
676.5000	  0.0774
676.0000	  0.0770
675.5000	  0.0771
675.0000	  0.0772
674.5000	  0.0769
674.0000	  0.0769
673.5000	  0.0769
673.0000	  0.0770
672.5000	  0.0766
672.0000	  0.0767
671.5000	  0.0769
671.0000	  0.0767
670.5000	  0.0768
670.0000	  0.0766
669.5000	  0.0767
669.0000	  0.0765
668.5000	  0.0765
668.0000	  0.0765
667.5000	  0.0764
667.0000	  0.0764
666.5000	  0.0765
666.0000	  0.0763
665.5000	  0.0764
665.0000	  0.0763
664.5000	  0.0763
664.0000	  0.0764
663.5000	  0.0763
663.0000	  0.0761
662.5000	  0.0763
662.0000	  0.0763
661.5000	  0.0762
661.0000	  0.0762
660.5000	  0.0763
660.0000	  0.0763
659.5000	  0.0762
659.0000	  0.0761
658.5000	  0.0760
658.0000	  0.0761
657.5000	  0.0762
657.0000	  0.0762
656.5000	  0.0760
656.0000	  0.0758
655.5000	  0.0760
655.0000	  0.0760
654.5000	  0.0760
654.0000	  0.0762
653.5000	  0.0761
653.0000	  0.0762
652.5000	  0.0759
652.0000	  0.0760
651.5000	  0.0761
651.0000	  0.0760
650.5000	  0.0762
650.0000	  0.0761
649.5000	  0.0760
649.0000	  0.0761
648.5000	  0.0760
648.0000	  0.0761
647.5000	  0.0761
647.0000	  0.0760
646.5000	  0.0761
646.0000	  0.0762
645.5000	  0.0760
645.0000	  0.0761
644.5000	  0.0761
644.0000	  0.0762
643.5000	  0.0759
643.0000	  0.0762
642.5000	  0.0761
642.0000	  0.0760
641.5000	  0.0763
641.0000	  0.0763
640.5000	  0.0764
640.0000	  0.0761
639.5000	  0.0763
639.0000	  0.0764
638.5000	  0.0764
638.0000	  0.0764
637.5000	  0.0763
637.0000	  0.0764
636.5000	  0.0764
636.0000	  0.0764
635.5000	  0.0765
635.0000	  0.0765
634.5000	  0.0764
634.0000	  0.0766
633.5000	  0.0765
633.0000	  0.0767
632.5000	  0.0767
632.0000	  0.0768
631.5000	  0.0770
631.0000	  0.0771
630.5000	  0.0770
630.0000	  0.0772
629.5000	  0.0773
629.0000	  0.0775
628.5000	  0.0776
628.0000	  0.0778
627.5000	  0.0782
627.0000	  0.0782
626.5000	  0.0785
626.0000	  0.0788
625.5000	  0.0792
625.0000	  0.0792
624.5000	  0.0794
624.0000	  0.0799
623.5000	  0.0798
623.0000	  0.0801
622.5000	  0.0805
622.0000	  0.0807
621.5000	  0.0811
621.0000	  0.0812
620.5000	  0.0815
620.0000	  0.0815
619.5000	  0.0817
619.0000	  0.0820
618.5000	  0.0820
618.0000	  0.0821
617.5000	  0.0822
617.0000	  0.0824
616.5000	  0.0827
616.0000	  0.0825
615.5000	  0.0826
615.0000	  0.0828
614.5000	  0.0831
614.0000	  0.0831
613.5000	  0.0831
613.0000	  0.0834
612.5000	  0.0835
612.0000	  0.0837
611.5000	  0.0837
611.0000	  0.0839
610.5000	  0.0841
610.0000	  0.0843
609.5000	  0.0844
609.0000	  0.0846
608.5000	  0.0850
608.0000	  0.0851
607.5000	  0.0854
607.0000	  0.0852
606.5000	  0.0857
606.0000	  0.0858
605.5000	  0.0859
605.0000	  0.0860
604.5000	  0.0863
604.0000	  0.0866
603.5000	  0.0867
603.0000	  0.0869
602.5000	  0.0872
602.0000	  0.0875
601.5000	  0.0876
601.0000	  0.0878
600.5000	  0.0880
600.0000	  0.0883
599.5000	  0.0888
599.0000	  0.0888
598.5000	  0.0892
598.0000	  0.0894
597.5000	  0.0894
597.0000	  0.0898
596.5000	  0.0900
596.0000	  0.0902
595.5000	  0.0905
595.0000	  0.0908
594.5000	  0.0911
594.0000	  0.0913
593.5000	  0.0915
593.0000	  0.0919
592.5000	  0.0923
592.0000	  0.0923
591.5000	  0.0928
591.0000	  0.0929
590.5000	  0.0931
590.0000	  0.0936
589.5000	  0.0939
589.0000	  0.0940
588.5000	  0.0945
588.0000	  0.0948
587.5000	  0.0949
587.0000	  0.0952
586.5000	  0.0956
586.0000	  0.0959
585.5000	  0.0961
585.0000	  0.0964
584.5000	  0.0968
584.0000	  0.0972
583.5000	  0.0973
583.0000	  0.0978
582.5000	  0.0982
582.0000	  0.0985
581.5000	  0.0989
581.0000	  0.0993
580.5000	  0.0995
580.0000	  0.0998
579.5000	  0.1002
579.0000	  0.1005
578.5000	  0.1009
578.0000	  0.1012
577.5000	  0.1018
577.0000	  0.1019
576.5000	  0.1026
576.0000	  0.1028
575.5000	  0.1031
575.0000	  0.1035
574.5000	  0.1036
574.0000	  0.1045
573.5000	  0.1048
573.0000	  0.1052
572.5000	  0.1054
572.0000	  0.1057
571.5000	  0.1063
571.0000	  0.1070
570.5000	  0.1069
570.0000	  0.1074
569.5000	  0.1079
569.0000	  0.1083
568.5000	  0.1092
568.0000	  0.1092
567.5000	  0.1097
567.0000	  0.1103
566.5000	  0.1106
566.0000	  0.1112
565.5000	  0.1115
565.0000	  0.1118
564.5000	  0.1126
564.0000	  0.1132
563.5000	  0.1138
563.0000	  0.1139
562.5000	  0.1146
562.0000	  0.1152
561.5000	  0.1153
561.0000	  0.1161
560.5000	  0.1162
560.0000	  0.1174
559.5000	  0.1177
559.0000	  0.1182
558.5000	  0.1189
558.0000	  0.1192
557.5000	  0.1196
557.0000	  0.1204
556.5000	  0.1210
556.0000	  0.1217
555.5000	  0.1220
555.0000	  0.1224
554.5000	  0.1231
554.0000	  0.1236
553.5000	  0.1243
553.0000	  0.1246
552.5000	  0.1254
552.0000	  0.1260
551.5000	  0.1265
551.0000	  0.1272
550.5000	  0.1277
550.0000	  0.1284
549.5000	  0.1290
549.0000	  0.1297
548.5000	  0.1303
548.0000	  0.1308
547.5000	  0.1312
547.0000	  0.1318
546.5000	  0.1325
546.0000	  0.1331
545.5000	  0.1337
545.0000	  0.1343
544.5000	  0.1350
544.0000	  0.1355
543.5000	  0.1363
543.0000	  0.1368
542.5000	  0.1374
542.0000	  0.1383
541.5000	  0.1386
541.0000	  0.1395
540.5000	  0.1401
540.0000	  0.1405
539.5000	  0.1415
539.0000	  0.1420
538.5000	  0.1429
538.0000	  0.1431
537.5000	  0.1438
537.0000	  0.1448
536.5000	  0.1455
536.0000	  0.1461
535.5000	  0.1468
535.0000	  0.1472
534.5000	  0.1483
534.0000	  0.1489
533.5000	  0.1496
533.0000	  0.1504
532.5000	  0.1512
532.0000	  0.1517
531.5000	  0.1525
531.0000	  0.1534
530.5000	  0.1542
530.0000	  0.1547
529.5000	  0.1555
529.0000	  0.1562
528.5000	  0.1569
528.0000	  0.1576
527.5000	  0.1583
527.0000	  0.1594
526.5000	  0.1600
526.0000	  0.1606
525.5000	  0.1616
525.0000	  0.1620
524.5000	  0.1632
524.0000	  0.1637
523.5000	  0.1645
523.0000	  0.1653
522.5000	  0.1659
522.0000	  0.1668
521.5000	  0.1674
521.0000	  0.1684
520.5000	  0.1690
520.0000	  0.1698
519.5000	  0.1708
519.0000	  0.1714
518.5000	  0.1721
518.0000	  0.1727
517.5000	  0.1737
517.0000	  0.1744
516.5000	  0.1751
516.0000	  0.1756
515.5000	  0.1767
515.0000	  0.1772
514.5000	  0.1782
514.0000	  0.1786
513.5000	  0.1794
513.0000	  0.1801
512.5000	  0.1808
512.0000	  0.1814
511.5000	  0.1821
511.0000	  0.1829
510.5000	  0.1836
510.0000	  0.1842
509.5000	  0.1850
509.0000	  0.1856
508.5000	  0.1864
508.0000	  0.1870
507.5000	  0.1878
507.0000	  0.1890
506.5000	  0.1892
506.0000	  0.1901
505.5000	  0.1905
505.0000	  0.1913
504.5000	  0.1923
504.0000	  0.1929
503.5000	  0.1936
503.0000	  0.1938
502.5000	  0.1950
502.0000	  0.1954
501.5000	  0.1962
501.0000	  0.1969
500.5000	  0.1974
500.0000	  0.1980
499.5000	  0.1986
499.0000	  0.1991
498.5000	  0.1996
498.0000	  0.2001
497.5000	  0.2002
497.0000	  0.2009
496.5000	  0.2013
496.0000	  0.2017
495.5000	  0.2023
495.0000	  0.2022
494.5000	  0.2025
494.0000	  0.2029
493.5000	  0.2029
493.0000	  0.2031
492.5000	  0.2033
492.0000	  0.2031
491.5000	  0.2038
491.0000	  0.2036
490.5000	  0.2035
490.0000	  0.2036
489.5000	  0.2032
489.0000	  0.2035
488.5000	  0.2030
488.0000	  0.2030
487.5000	  0.2027
487.0000	  0.2027
486.5000	  0.2025
486.0000	  0.2026
485.5000	  0.2021
485.0000	  0.2017
484.5000	  0.2018
484.0000	  0.2017
483.5000	  0.2011
483.0000	  0.2015
482.5000	  0.2005
482.0000	  0.2005
481.5000	  0.1999
481.0000	  0.1998
480.5000	  0.1994
480.0000	  0.1992
479.5000	  0.1990
479.0000	  0.1985
478.5000	  0.1980
478.0000	  0.1977
477.5000	  0.1973
477.0000	  0.1971
476.5000	  0.1965
476.0000	  0.1959
475.5000	  0.1962
475.0000	  0.1954
474.5000	  0.1950
474.0000	  0.1944
473.5000	  0.1946
473.0000	  0.1942
472.5000	  0.1936
472.0000	  0.1930
471.5000	  0.1926
471.0000	  0.1925
470.5000	  0.1922
470.0000	  0.1921
469.5000	  0.1908
469.0000	  0.1909
468.5000	  0.1907
468.0000	  0.1904
467.5000	  0.1897
467.0000	  0.1898
466.5000	  0.1891
466.0000	  0.1889
465.5000	  0.1884
465.0000	  0.1880
464.5000	  0.1881
464.0000	  0.1878
463.5000	  0.1875
463.0000	  0.1867
462.5000	  0.1868
462.0000	  0.1865
461.5000	  0.1861
461.0000	  0.1858
460.5000	  0.1852
460.0000	  0.1852
459.5000	  0.1843
459.0000	  0.1843
458.5000	  0.1843
458.0000	  0.1834
457.5000	  0.1833
457.0000	  0.1828
456.5000	  0.1821
456.0000	  0.1817
455.5000	  0.1807
455.0000	  0.1811
454.5000	  0.1803
454.0000	  0.1791
453.5000	  0.1785
453.0000	  0.1781
452.5000	  0.1772
452.0000	  0.1766
451.5000	  0.1761
451.0000	  0.1755
450.5000	  0.1747
450.0000	  0.1738
449.5000	  0.1734
449.0000	  0.1727
448.5000	  0.1710
448.0000	  0.1708
447.5000	  0.1699
447.0000	  0.1691
446.5000	  0.1686
446.0000	  0.1681
445.5000	  0.1675
445.0000	  0.1664
444.5000	  0.1658
444.0000	  0.1654
443.5000	  0.1646
443.0000	  0.1642
442.5000	  0.1635
442.0000	  0.1630
441.5000	  0.1626
441.0000	  0.1621
440.5000	  0.1617
440.0000	  0.1608
439.5000	  0.1606
439.0000	  0.1599
438.5000	  0.1596
438.0000	  0.1586
437.5000	  0.1582
437.0000	  0.1579
436.5000	  0.1573
436.0000	  0.1566
435.5000	  0.1564
435.0000	  0.1559
434.5000	  0.1552
434.0000	  0.1552
433.5000	  0.1547
433.0000	  0.1540
432.5000	  0.1539
432.0000	  0.1534
431.5000	  0.1533
431.0000	  0.1529
430.5000	  0.1522
430.0000	  0.1519
429.5000	  0.1518
429.0000	  0.1510
428.5000	  0.1509
428.0000	  0.1508
427.5000	  0.1502
427.0000	  0.1497
426.5000	  0.1494
426.0000	  0.1489
425.5000	  0.1487
425.0000	  0.1485
424.5000	  0.1481
424.0000	  0.1479
423.5000	  0.1474
423.0000	  0.1473
422.5000	  0.1464
422.0000	  0.1464
421.5000	  0.1460
421.0000	  0.1462
420.5000	  0.1459
420.0000	  0.1455
419.5000	  0.1453
419.0000	  0.1444
418.5000	  0.1444
418.0000	  0.1439
417.5000	  0.1442
417.0000	  0.1437
416.5000	  0.1435
416.0000	  0.1433
415.5000	  0.1427
415.0000	  0.1423
414.5000	  0.1421
414.0000	  0.1420
413.5000	  0.1415
413.0000	  0.1407
412.5000	  0.1407
412.0000	  0.1402
411.5000	  0.1404
411.0000	  0.1399
410.5000	  0.1397
410.0000	  0.1394
409.5000	  0.1389
409.0000	  0.1389
408.5000	  0.1383
408.0000	  0.1378
407.5000	  0.1376
407.0000	  0.1375
406.5000	  0.1375
406.0000	  0.1369
405.5000	  0.1368
405.0000	  0.1369
404.5000	  0.1361
404.0000	  0.1361
403.5000	  0.1355
403.0000	  0.1350
402.5000	  0.1352
402.0000	  0.1343
401.5000	  0.1343
401.0000	  0.1340
400.5000	  0.1339
400.0000	  0.1335
399.5000	  0.1329
399.0000	  0.1331
398.5000	  0.1323
398.0000	  0.1324
397.5000	  0.1320
397.0000	  0.1321
396.5000	  0.1314
396.0000	  0.1311
395.5000	  0.1312
395.0000	  0.1307
394.5000	  0.1308
394.0000	  0.1305
393.5000	  0.1299
393.0000	  0.1300
392.5000	  0.1300
392.0000	  0.1291
391.5000	  0.1294
391.0000	  0.1290
390.5000	  0.1287
390.0000	  0.1287
389.5000	  0.1280
389.0000	  0.1284
388.5000	  0.1282
388.0000	  0.1282
387.5000	  0.1279
387.0000	  0.1277
386.5000	  0.1279
386.0000	  0.1271
385.5000	  0.1267
385.0000	  0.1273
384.5000	  0.1274
384.0000	  0.1269
383.5000	  0.1264
383.0000	  0.1263
382.5000	  0.1264
382.0000	  0.1265
381.5000	  0.1263
381.0000	  0.1259
380.5000	  0.1261
380.0000	  0.1257
379.5000	  0.1254
379.0000	  0.1249
378.5000	  0.1249
378.0000	  0.1256
377.5000	  0.1253
377.0000	  0.1251
376.5000	  0.1248
376.0000	  0.1251
375.5000	  0.1248
375.0000	  0.1242
374.5000	  0.1247
374.0000	  0.1244
373.5000	  0.1239
373.0000	  0.1236
372.5000	  0.1241
372.0000	  0.1238
371.5000	  0.1228
371.0000	  0.1226
370.5000	  0.1222
370.0000	  0.1226
369.5000	  0.1234
369.0000	  0.1231
368.5000	  0.1226
368.0000	  0.1219
367.5000	  0.1220
367.0000	  0.1219
366.5000	  0.1221
366.0000	  0.1214
365.5000	  0.1220
365.0000	  0.1221
364.5000	  0.1220
364.0000	  0.1213
363.5000	  0.1210
363.0000	  0.1212
362.5000	  0.1215
362.0000	  0.1216
361.5000	  0.1217
361.0000	  0.1207
360.5000	  0.1206
360.0000	  0.1203
359.5000	  0.1202
359.0000	  0.1199
358.5000	  0.1196
358.0000	  0.1201
357.5000	  0.1199
357.0000	  0.1198
356.5000	  0.1192
356.0000	  0.1189
355.5000	  0.1195
355.0000	  0.1198
354.5000	  0.1188
354.0000	  0.1195
353.5000	  0.1190
353.0000	  0.1193
352.5000	  0.1179
352.0000	  0.1184
351.5000	  0.1178
351.0000	  0.1179
350.5000	  0.1178
350.0000	  0.1179
349.5000	  0.1168
349.0000	  0.1167
348.5000	  0.1175
348.0000	  0.1163
347.5000	  0.1167
347.0000	  0.1165
346.5000	  0.1155
346.0000	  0.1153
345.5000	  0.1155
345.0000	  0.1141
344.5000	  0.1148
344.0000	  0.1145
343.5000	  0.1146
343.0000	  0.1143
342.5000	  0.1140
342.0000	  0.1146
341.5000	  0.1133
341.0000	  0.1125
340.5000	  0.1127
340.0000	  0.1120
339.5000	  0.1145
339.0000	  0.1140
338.5000	  0.1144
338.0000	  0.1128
337.5000	  0.1135
337.0000	  0.1133
336.5000	  0.1124
336.0000	  0.1126
335.5000	  0.1119
335.0000	  0.1120
334.5000	  0.1126
334.0000	  0.1113
333.5000	  0.1092
333.0000	  0.1112
332.5000	  0.1112
332.0000	  0.1106
331.5000	  0.1103
331.0000	  0.1100
330.5000	  0.1091
330.0000	  0.1108
329.5000	  0.1110
329.0000	  0.1096
328.5000	  0.1093
328.0000	  0.1084
327.5000	  0.1099
327.0000	  0.1103
326.5000	  0.1093
326.0000	  0.1090
325.5000	  0.1107
325.0000	  0.1096
324.5000	  0.1101
324.0000	  0.1096
323.5000	  0.1093
323.0000	  0.1111
322.5000	  0.1107
322.0000	  0.1130
321.5000	  0.1106
321.0000	  0.1127
320.5000	  0.1128
320.0000	  0.1130
319.5000	  0.1137
319.0000	  0.1137
318.5000	  0.1148
318.0000	  0.1174
317.5000	  0.1175
317.0000	  0.1189
316.5000	  0.1197
316.0000	  0.1223
315.5000	  0.1204
315.0000	  0.1231
314.5000	  0.1258
314.0000	  0.1268
313.5000	  0.1326
313.0000	  0.1314
312.5000	  0.1350
312.0000	  0.1378
311.5000	  0.1434
311.0000	  0.1413
310.5000	  0.1503
310.0000	  0.1505
309.5000	  0.1551
309.0000	  0.1605
308.5000	  0.1715
308.0000	  0.1685
307.5000	  0.1755
307.0000	  0.1820
306.5000	  0.1868
306.0000	  0.2062
305.5000	  0.2056
305.0000	  0.2126
304.5000	  0.2265
304.0000	  0.2469
303.5000	  0.2397
303.0000	  0.2551
302.5000	  0.2677
302.0000	  0.3138
301.5000	  0.3329
301.0000	  0.3069
300.5000	  0.3369
300.0000	  0.3835
299.5000	  0.4469
299.0000	  0.4673
298.5000	  0.5175
298.0000	  0.6089
297.5000	  0.4901
297.0000	  0.6703
296.5000	  0.5105
296.0000	  0.6608
295.5000	  0.9556
295.0000	  1.0439
294.5000	  0.7930
294.0000	  1.1655
293.5000	  0.7538
293.0000	  0.7469
292.5000	  0.5525
292.0000	  0.4844
291.5000	  2.9025
291.0000	  0.3182
290.5000	  0.7788
290.0000	  1.2091
289.5000	  4.5571
289.0000	 -0.0945
288.5000	 -0.2403
288.0000	 -0.0437
287.5000	 -0.8593
287.0000	 -0.2553
286.5000	  0.7012
286.0000	 -4.2546
285.5000	 -0.0192
285.0000	 -0.2428
284.5000	  1.5379
284.0000	 -1.0350
283.5000	  0.6923
283.0000	 -0.0232
282.5000	 -1.5330
282.0000	 -5.1201
281.5000	 -1.7733
281.0000	 -0.1135
280.5000	  0.8955
280.0000	  1.8463
279.5000	  3.9894
279.0000	 -2.0512
278.5000	  0.2022
278.0000	  0.6056
277.5000	-13.7193
277.0000	 -2.2502
276.5000	  1.2444
276.0000	  0.0880
275.5000	  0.5867
275.0000	 -0.5699
274.5000	 -0.4731
274.0000	  0.1544
273.5000	  0.8673
273.0000	-38.8937
272.5000	 12.0564
272.0000	  0.4930
271.5000	 -0.0742
271.0000	  1.4922
270.5000	  6.6217
270.0000	  0.3343
269.5000	  0.6518
269.0000	  0.5708
268.5000	  0.1609
268.0000	  0.1076
267.5000	  0.5747
267.0000	 -0.2972
266.5000	 -0.6204
266.0000	 -1.1297
265.5000	  8.1911
265.0000	  0.6860
264.5000	  0.0981
264.0000	 -0.5380
263.5000	  2.5226
263.0000	  4.4743
262.5000	 -0.4367
262.0000	  0.1914
261.5000	  0.0576
261.0000	  0.6190
260.5000	 12.2224
260.0000	  0.8115
259.5000	  0.1656
259.0000	  0.2579
258.5000	  0.9472
258.0000	  0.9060
257.5000	  0.1433
257.0000	  4.4682
256.5000	 -0.4647
256.0000	 -0.0392
255.5000	  0.0645
255.0000	  1.3493
254.5000	 -0.2403
254.0000	  0.2595
253.5000	 -0.5962
253.0000	  0.3668
252.5000	 -0.5020
252.0000	 -0.4858
251.5000	  0.3397
251.0000	 -1.9105
250.5000	  0.8345
250.0000	  0.5197
249.5000	 -0.0045
249.0000	 -6.2690
248.5000	 -1.9175
248.0000	 -0.2540
247.5000	 -1.5527
247.0000	  0.0480
246.5000	 -0.2132
246.0000	 -0.0086
245.5000	 -2.8486
245.0000	  0.3062
244.5000	  0.9029
244.0000	 -4.6862
243.5000	  1.0068
243.0000	 -1.1368
242.5000	  0.9762
242.0000	  0.0038
241.5000	-14.4052
241.0000	 -5.0843
240.5000	  6.5477
240.0000	  0.1215
239.5000	  0.4299
239.0000	  0.1290
238.5000	  0.5922
238.0000	  0.0139
237.5000	 -3.4220
237.0000	  0.7359
236.5000	  0.3001
236.0000	 -0.6327
235.5000	  0.2801
235.0000	  0.3364
234.5000	 -0.5591
234.0000	 -0.9730
233.5000	  1.2487
233.0000	 -0.5833
232.5000	  1.9507
232.0000	 -0.1117
231.5000	-20.8438
231.0000	 -5.1920
230.5000	  0.9534
230.0000	 -0.1104
229.5000	  1.2975
229.0000	  1.6717
228.5000	 11.9292
228.0000	 18.4864
227.5000	  0.3697
227.0000	 -0.2913
226.5000	  1.1081
226.0000	 -0.6004
225.5000	  4.3809
225.0000	  0.4815
224.5000	  0.4757
224.0000	  1.1931
223.5000	  0.3134
223.0000	 -0.4169
222.5000	  1.0071
222.0000	 -1.2619
221.5000	  0.2642
221.0000	 -0.5206
220.5000	 -6.2177
220.0000	  2.6634
219.5000	  0.3806
219.0000	  9.7689
218.5000	  0.0538
218.0000	 36.2526
217.5000	  0.4659
217.0000	  1.2780
216.5000	 -0.6793
216.0000	 -2.2525
215.5000	  0.4083
215.0000	  0.0340
214.5000	-14.5767
214.0000	 -2.6889
213.5000	 -0.1364
213.0000	  1.4092
212.5000	  1.5597
212.0000	 -2.6261
211.5000	  0.6790
211.0000	  0.0957
210.5000	  0.1665
210.0000	  0.7032
209.5000	 -0.4758
209.0000	 -9.0834
208.5000	 -1.5086
208.0000	  3.0452
207.5000	  0.4433
207.0000	 -0.6486
206.5000	  0.9141
206.0000	 -0.0611
205.5000	  0.2595
205.0000	 11.3846
204.5000	  0.2865
204.0000	  0.7722
203.5000	  0.8148
203.0000	 -0.2027
202.5000	  0.0820
202.0000	  1.3896
201.5000	  1.0446
201.0000	 -0.7122
200.5000	  1.5675
200.0000	  3.5381

