17/04/2024 15.17.59
17/04/2024 15.25.15

800.0000	  9.0500

800.0000	  9.0500

900.0000	  9.8100



  1.0000
900.0000
  3.0000
340.0000
  1.0000
1101.0000
  5.0000
  6.0000
  1.0000
  1.0000
  0.0000
  0.0000
100.0000
  0.0000
  1.0000
  0.0000
500.0000
900.0000
350.0000
  4.0000
  1.0000
 18.0000
  2.0000
  1.0000
255.0000
  0.8140
  1.0000
 30.0000
  4.0000
500.0000
  0.0000
  0.0000
  4.0000
900.0000
350.0000
  0.0000
100.0000
  0.0000
  1.0000
  0.0000
500.0000
  1.0000
  1.0000
  1.0000
  1.0000
  4.0000
  0.0000
  1.0000
  1.0000
  1.0000
  1.0000
  1.0000
  2.0000
  1.0000
  1.0000
  1.0000
  3.0000
  1.0000
  1.0000
  1.0000
  4.0000
  5.0000
435.806
0.000

Lambda:	800
Abs:		-0.0002
ID:			13
Run:		2
#

900.0000	  0.0847
899.5000	  0.0881
899.0000	  0.0831
898.5000	  0.0855
898.0000	  0.0879
897.5000	  0.0843
897.0000	  0.0865
896.5000	  0.0742
896.0000	  0.0823
895.5000	  0.0838
895.0000	  0.0827
894.5000	  0.0784
894.0000	  0.0918
893.5000	  0.0808
893.0000	  0.0887
892.5000	  0.0840
892.0000	  0.0876
891.5000	  0.0809
891.0000	  0.0857
890.5000	  0.0858
890.0000	  0.0790
889.5000	  0.0853
889.0000	  0.0849
888.5000	  0.0882
888.0000	  0.0885
887.5000	  0.0854
887.0000	  0.0879
886.5000	  0.0877
886.0000	  0.0869
885.5000	  0.0860
885.0000	  0.0894
884.5000	  0.0850
884.0000	  0.0841
883.5000	  0.0861
883.0000	  0.0854
882.5000	  0.0889
882.0000	  0.0846
881.5000	  0.0884
881.0000	  0.0850
880.5000	  0.0881
880.0000	  0.0846
879.5000	  0.0867
879.0000	  0.0863
878.5000	  0.0840
878.0000	  0.0858
877.5000	  0.0885
877.0000	  0.0843
876.5000	  0.0861
876.0000	  0.0862
875.5000	  0.0863
875.0000	  0.0863
874.5000	  0.0859
874.0000	  0.0874
873.5000	  0.0845
873.0000	  0.0872
872.5000	  0.0893
872.0000	  0.0872
871.5000	  0.0854
871.0000	  0.0864
870.5000	  0.0885
870.0000	  0.0878
869.5000	  0.0871
869.0000	  0.0858
868.5000	  0.0888
868.0000	  0.0869
867.5000	  0.0868
867.0000	  0.0896
866.5000	  0.0877
866.0000	  0.0904
865.5000	  0.0905
865.0000	  0.0886
864.5000	  0.0896
864.0000	  0.0885
863.5000	  0.0896
863.0000	  0.0883
862.5000	  0.0884
862.0000	  0.0898
861.5000	  0.0907
861.0000	  0.0896
860.5000	  0.0888
860.0000	  0.0893
859.5000	  0.0891
859.0000	  0.0893
858.5000	  0.0904
858.0000	  0.0886
857.5000	  0.0892
857.0000	  0.0891
856.5000	  0.0905
856.0000	  0.0905
855.5000	  0.0898
855.0000	  0.0910
854.5000	  0.0897
854.0000	  0.0908
853.5000	  0.0910
853.0000	  0.0899
852.5000	  0.0905
852.0000	  0.0903
851.5000	  0.0908
851.0000	  0.0906
850.5000	  0.0901
850.0000	  0.0905
849.5000	  0.0904
849.0000	  0.0896
848.5000	  0.0916
848.0000	  0.0906
847.5000	  0.0907
847.0000	  0.0904
846.5000	  0.0910
846.0000	  0.0916
845.5000	  0.0916
845.0000	  0.0911
844.5000	  0.0904
844.0000	  0.0918
843.5000	  0.0911
843.0000	  0.0914
842.5000	  0.0911
842.0000	  0.0908
841.5000	  0.0909
841.0000	  0.0908
840.5000	  0.0912
840.0000	  0.0916
839.5000	  0.0906
839.0000	  0.0911
838.5000	  0.0915
838.0000	  0.0918
837.5000	  0.0918
837.0000	  0.0913
836.5000	  0.0917
836.0000	  0.0910
835.5000	  0.0907
835.0000	  0.0913
834.5000	  0.0913
834.0000	  0.0911
833.5000	  0.0911
833.0000	  0.0913
832.5000	  0.0917
832.0000	  0.0908
831.5000	  0.0911
831.0000	  0.0914
830.5000	  0.0914
830.0000	  0.0913
829.5000	  0.0910
829.0000	  0.0908
828.5000	  0.0911
828.0000	  0.0912
827.5000	  0.0906
827.0000	  0.0912
826.5000	  0.0913
826.0000	  0.0910
825.5000	  0.0916
825.0000	  0.0914
824.5000	  0.0912
824.0000	  0.0907
823.5000	  0.0912
823.0000	  0.0910
822.5000	  0.0907
822.0000	  0.0911
821.5000	  0.0910
821.0000	  0.0909
820.5000	  0.0910
820.0000	  0.0912
819.5000	  0.0911
819.0000	  0.0908
818.5000	  0.0909
818.0000	  0.0911
817.5000	  0.0909
817.0000	  0.0911
816.5000	  0.0909
816.0000	  0.0910
815.5000	  0.0912
815.0000	  0.0909
814.5000	  0.0907
814.0000	  0.0904
813.5000	  0.0910
813.0000	  0.0907
812.5000	  0.0908
812.0000	  0.0908
811.5000	  0.0909
811.0000	  0.0910
810.5000	  0.0910
810.0000	  0.0909
809.5000	  0.0906
809.0000	  0.0908
808.5000	  0.0910
808.0000	  0.0907
807.5000	  0.0909
807.0000	  0.0907
806.5000	  0.0909
806.0000	  0.0903
805.5000	  0.0905
805.0000	  0.0905
804.5000	  0.0907
804.0000	  0.0906
803.5000	  0.0907
803.0000	  0.0910
802.5000	  0.0904
802.0000	  0.0909
801.5000	  0.0903
801.0000	  0.0903
800.5000	  0.0903
800.0000	  0.0904
799.5000	  0.0905
799.0000	  0.0901
798.5000	  0.0906
798.0000	  0.0904
797.5000	  0.0904
797.0000	  0.0902
796.5000	  0.0905
796.0000	  0.0901
795.5000	  0.0904
795.0000	  0.0906
794.5000	  0.0904
794.0000	  0.0902
793.5000	  0.0903
793.0000	  0.0902
792.5000	  0.0900
792.0000	  0.0901
791.5000	  0.0900
791.0000	  0.0899
790.5000	  0.0900
790.0000	  0.0903
789.5000	  0.0900
789.0000	  0.0900
788.5000	  0.0902
788.0000	  0.0901
787.5000	  0.0902
787.0000	  0.0897
786.5000	  0.0897
786.0000	  0.0896
785.5000	  0.0896
785.0000	  0.0897
784.5000	  0.0897
784.0000	  0.0895
783.5000	  0.0895
783.0000	  0.0893
782.5000	  0.0895
782.0000	  0.0895
781.5000	  0.0893
781.0000	  0.0891
780.5000	  0.0894
780.0000	  0.0892
779.5000	  0.0894
779.0000	  0.0890
778.5000	  0.0890
778.0000	  0.0890
777.5000	  0.0893
777.0000	  0.0889
776.5000	  0.0890
776.0000	  0.0891
775.5000	  0.0891
775.0000	  0.0888
774.5000	  0.0890
774.0000	  0.0885
773.5000	  0.0890
773.0000	  0.0885
772.5000	  0.0888
772.0000	  0.0885
771.5000	  0.0885
771.0000	  0.0883
770.5000	  0.0886
770.0000	  0.0884
769.5000	  0.0884
769.0000	  0.0882
768.5000	  0.0880
768.0000	  0.0882
767.5000	  0.0882
767.0000	  0.0878
766.5000	  0.0878
766.0000	  0.0876
765.5000	  0.0879
765.0000	  0.0876
764.5000	  0.0879
764.0000	  0.0877
763.5000	  0.0876
763.0000	  0.0874
762.5000	  0.0876
762.0000	  0.0874
761.5000	  0.0870
761.0000	  0.0872
760.5000	  0.0872
760.0000	  0.0872
759.5000	  0.0874
759.0000	  0.0873
758.5000	  0.0869
758.0000	  0.0867
757.5000	  0.0870
757.0000	  0.0869
756.5000	  0.0867
756.0000	  0.0863
755.5000	  0.0869
755.0000	  0.0867
754.5000	  0.0862
754.0000	  0.0864
753.5000	  0.0861
753.0000	  0.0863
752.5000	  0.0860
752.0000	  0.0863
751.5000	  0.0859
751.0000	  0.0860
750.5000	  0.0859
750.0000	  0.0856
749.5000	  0.0859
749.0000	  0.0858
748.5000	  0.0856
748.0000	  0.0858
747.5000	  0.0857
747.0000	  0.0856
746.5000	  0.0853
746.0000	  0.0856
745.5000	  0.0853
745.0000	  0.0855
744.5000	  0.0854
744.0000	  0.0852
743.5000	  0.0851
743.0000	  0.0851
742.5000	  0.0851
742.0000	  0.0845
741.5000	  0.0849
741.0000	  0.0851
740.5000	  0.0848
740.0000	  0.0849
739.5000	  0.0845
739.0000	  0.0848
738.5000	  0.0845
738.0000	  0.0846
737.5000	  0.0844
737.0000	  0.0843
736.5000	  0.0844
736.0000	  0.0840
735.5000	  0.0841
735.0000	  0.0840
734.5000	  0.0842
734.0000	  0.0842
733.5000	  0.0843
733.0000	  0.0839
732.5000	  0.0841
732.0000	  0.0841
731.5000	  0.0838
731.0000	  0.0839
730.5000	  0.0839
730.0000	  0.0840
729.5000	  0.0839
729.0000	  0.0844
728.5000	  0.0840
728.0000	  0.0842
727.5000	  0.0840
727.0000	  0.0839
726.5000	  0.0841
726.0000	  0.0845
725.5000	  0.0844
725.0000	  0.0845
724.5000	  0.0847
724.0000	  0.0847
723.5000	  0.0849
723.0000	  0.0846
722.5000	  0.0852
722.0000	  0.0852
721.5000	  0.0850
721.0000	  0.0856
720.5000	  0.0858
720.0000	  0.0859
719.5000	  0.0860
719.0000	  0.0864
718.5000	  0.0863
718.0000	  0.0863
717.5000	  0.0861
717.0000	  0.0859
716.5000	  0.0860
716.0000	  0.0855
715.5000	  0.0853
715.0000	  0.0847
714.5000	  0.0845
714.0000	  0.0840
713.5000	  0.0839
713.0000	  0.0836
712.5000	  0.0832
712.0000	  0.0827
711.5000	  0.0825
711.0000	  0.0822
710.5000	  0.0815
710.0000	  0.0815
709.5000	  0.0809
709.0000	  0.0810
708.5000	  0.0807
708.0000	  0.0805
707.5000	  0.0807
707.0000	  0.0804
706.5000	  0.0801
706.0000	  0.0800
705.5000	  0.0800
705.0000	  0.0800
704.5000	  0.0798
704.0000	  0.0798
703.5000	  0.0799
703.0000	  0.0798
702.5000	  0.0797
702.0000	  0.0796
701.5000	  0.0794
701.0000	  0.0796
700.5000	  0.0793
700.0000	  0.0793
699.5000	  0.0793
699.0000	  0.0793
698.5000	  0.0793
698.0000	  0.0792
697.5000	  0.0792
697.0000	  0.0791
696.5000	  0.0790
696.0000	  0.0789
695.5000	  0.0788
695.0000	  0.0790
694.5000	  0.0788
694.0000	  0.0786
693.5000	  0.0789
693.0000	  0.0786
692.5000	  0.0785
692.0000	  0.0785
691.5000	  0.0785
691.0000	  0.0782
690.5000	  0.0786
690.0000	  0.0783
689.5000	  0.0782
689.0000	  0.0782
688.5000	  0.0783
688.0000	  0.0780
687.5000	  0.0781
687.0000	  0.0781
686.5000	  0.0779
686.0000	  0.0780
685.5000	  0.0779
685.0000	  0.0778
684.5000	  0.0778
684.0000	  0.0777
683.5000	  0.0777
683.0000	  0.0778
682.5000	  0.0776
682.0000	  0.0775
681.5000	  0.0776
681.0000	  0.0775
680.5000	  0.0776
680.0000	  0.0775
679.5000	  0.0777
679.0000	  0.0773
678.5000	  0.0775
678.0000	  0.0776
677.5000	  0.0772
677.0000	  0.0774
676.5000	  0.0771
676.0000	  0.0773
675.5000	  0.0771
675.0000	  0.0771
674.5000	  0.0771
674.0000	  0.0773
673.5000	  0.0772
673.0000	  0.0772
672.5000	  0.0773
672.0000	  0.0769
671.5000	  0.0770
671.0000	  0.0771
670.5000	  0.0770
670.0000	  0.0772
669.5000	  0.0772
669.0000	  0.0772
668.5000	  0.0771
668.0000	  0.0771
667.5000	  0.0768
667.0000	  0.0772
666.5000	  0.0771
666.0000	  0.0771
665.5000	  0.0771
665.0000	  0.0771
664.5000	  0.0769
664.0000	  0.0770
663.5000	  0.0769
663.0000	  0.0769
662.5000	  0.0767
662.0000	  0.0772
661.5000	  0.0770
661.0000	  0.0771
660.5000	  0.0769
660.0000	  0.0770
659.5000	  0.0768
659.0000	  0.0771
658.5000	  0.0769
658.0000	  0.0770
657.5000	  0.0770
657.0000	  0.0771
656.5000	  0.0773
656.0000	  0.0769
655.5000	  0.0773
655.0000	  0.0772
654.5000	  0.0773
654.0000	  0.0773
653.5000	  0.0772
653.0000	  0.0771
652.5000	  0.0771
652.0000	  0.0774
651.5000	  0.0772
651.0000	  0.0771
650.5000	  0.0773
650.0000	  0.0773
649.5000	  0.0774
649.0000	  0.0773
648.5000	  0.0772
648.0000	  0.0774
647.5000	  0.0776
647.0000	  0.0774
646.5000	  0.0776
646.0000	  0.0775
645.5000	  0.0775
645.0000	  0.0776
644.5000	  0.0775
644.0000	  0.0778
643.5000	  0.0778
643.0000	  0.0779
642.5000	  0.0778
642.0000	  0.0779
641.5000	  0.0779
641.0000	  0.0780
640.5000	  0.0779
640.0000	  0.0779
639.5000	  0.0781
639.0000	  0.0781
638.5000	  0.0782
638.0000	  0.0782
637.5000	  0.0783
637.0000	  0.0782
636.5000	  0.0782
636.0000	  0.0782
635.5000	  0.0783
635.0000	  0.0784
634.5000	  0.0783
634.0000	  0.0787
633.5000	  0.0783
633.0000	  0.0784
632.5000	  0.0786
632.0000	  0.0787
631.5000	  0.0787
631.0000	  0.0788
630.5000	  0.0791
630.0000	  0.0793
629.5000	  0.0795
629.0000	  0.0795
628.5000	  0.0798
628.0000	  0.0800
627.5000	  0.0803
627.0000	  0.0805
626.5000	  0.0809
626.0000	  0.0811
625.5000	  0.0814
625.0000	  0.0817
624.5000	  0.0818
624.0000	  0.0822
623.5000	  0.0824
623.0000	  0.0831
622.5000	  0.0830
622.0000	  0.0830
621.5000	  0.0834
621.0000	  0.0838
620.5000	  0.0841
620.0000	  0.0841
619.5000	  0.0846
619.0000	  0.0847
618.5000	  0.0850
618.0000	  0.0848
617.5000	  0.0854
617.0000	  0.0854
616.5000	  0.0853
616.0000	  0.0854
615.5000	  0.0855
615.0000	  0.0856
614.5000	  0.0858
614.0000	  0.0861
613.5000	  0.0864
613.0000	  0.0863
612.5000	  0.0862
612.0000	  0.0866
611.5000	  0.0869
611.0000	  0.0872
610.5000	  0.0871
610.0000	  0.0873
609.5000	  0.0876
609.0000	  0.0879
608.5000	  0.0878
608.0000	  0.0881
607.5000	  0.0884
607.0000	  0.0887
606.5000	  0.0887
606.0000	  0.0891
605.5000	  0.0892
605.0000	  0.0893
604.5000	  0.0896
604.0000	  0.0898
603.5000	  0.0902
603.0000	  0.0902
602.5000	  0.0907
602.0000	  0.0907
601.5000	  0.0912
601.0000	  0.0913
600.5000	  0.0914
600.0000	  0.0919
599.5000	  0.0922
599.0000	  0.0923
598.5000	  0.0928
598.0000	  0.0927
597.5000	  0.0929
597.0000	  0.0934
596.5000	  0.0935
596.0000	  0.0939
595.5000	  0.0942
595.0000	  0.0943
594.5000	  0.0949
594.0000	  0.0949
593.5000	  0.0953
593.0000	  0.0955
592.5000	  0.0958
592.0000	  0.0962
591.5000	  0.0965
591.0000	  0.0968
590.5000	  0.0971
590.0000	  0.0973
589.5000	  0.0975
589.0000	  0.0981
588.5000	  0.0982
588.0000	  0.0986
587.5000	  0.0990
587.0000	  0.0990
586.5000	  0.0995
586.0000	  0.0999
585.5000	  0.1000
585.0000	  0.1005
584.5000	  0.1007
584.0000	  0.1012
583.5000	  0.1014
583.0000	  0.1017
582.5000	  0.1022
582.0000	  0.1025
581.5000	  0.1029
581.0000	  0.1030
580.5000	  0.1035
580.0000	  0.1038
579.5000	  0.1040
579.0000	  0.1043
578.5000	  0.1049
578.0000	  0.1051
577.5000	  0.1058
577.0000	  0.1058
576.5000	  0.1065
576.0000	  0.1065
575.5000	  0.1068
575.0000	  0.1075
574.5000	  0.1075
574.0000	  0.1080
573.5000	  0.1085
573.0000	  0.1092
572.5000	  0.1094
572.0000	  0.1100
571.5000	  0.1104
571.0000	  0.1107
570.5000	  0.1113
570.0000	  0.1114
569.5000	  0.1118
569.0000	  0.1124
568.5000	  0.1131
568.0000	  0.1132
567.5000	  0.1137
567.0000	  0.1142
566.5000	  0.1147
566.0000	  0.1151
565.5000	  0.1154
565.0000	  0.1161
564.5000	  0.1166
564.0000	  0.1169
563.5000	  0.1174
563.0000	  0.1180
562.5000	  0.1184
562.0000	  0.1189
561.5000	  0.1192
561.0000	  0.1198
560.5000	  0.1205
560.0000	  0.1209
559.5000	  0.1213
559.0000	  0.1216
558.5000	  0.1223
558.0000	  0.1229
557.5000	  0.1232
557.0000	  0.1240
556.5000	  0.1242
556.0000	  0.1250
555.5000	  0.1255
555.0000	  0.1260
554.5000	  0.1265
554.0000	  0.1271
553.5000	  0.1275
553.0000	  0.1280
552.5000	  0.1289
552.0000	  0.1290
551.5000	  0.1299
551.0000	  0.1306
550.5000	  0.1308
550.0000	  0.1317
549.5000	  0.1321
549.0000	  0.1327
548.5000	  0.1333
548.0000	  0.1340
547.5000	  0.1344
547.0000	  0.1350
546.5000	  0.1357
546.0000	  0.1363
545.5000	  0.1369
545.0000	  0.1372
544.5000	  0.1381
544.0000	  0.1385
543.5000	  0.1394
543.0000	  0.1396
542.5000	  0.1405
542.0000	  0.1411
541.5000	  0.1418
541.0000	  0.1425
540.5000	  0.1427
540.0000	  0.1436
539.5000	  0.1441
539.0000	  0.1448
538.5000	  0.1456
538.0000	  0.1459
537.5000	  0.1469
537.0000	  0.1472
536.5000	  0.1481
536.0000	  0.1485
535.5000	  0.1494
535.0000	  0.1500
534.5000	  0.1506
534.0000	  0.1517
533.5000	  0.1519
533.0000	  0.1530
532.5000	  0.1536
532.0000	  0.1544
531.5000	  0.1549
531.0000	  0.1555
530.5000	  0.1562
530.0000	  0.1567
529.5000	  0.1579
529.0000	  0.1583
528.5000	  0.1592
528.0000	  0.1599
527.5000	  0.1607
527.0000	  0.1614
526.5000	  0.1619
526.0000	  0.1627
525.5000	  0.1631
525.0000	  0.1641
524.5000	  0.1647
524.0000	  0.1658
523.5000	  0.1663
523.0000	  0.1672
522.5000	  0.1679
522.0000	  0.1683
521.5000	  0.1691
521.0000	  0.1697
520.5000	  0.1708
520.0000	  0.1713
519.5000	  0.1722
519.0000	  0.1730
518.5000	  0.1733
518.0000	  0.1746
517.5000	  0.1748
517.0000	  0.1756
516.5000	  0.1763
516.0000	  0.1770
515.5000	  0.1778
515.0000	  0.1782
514.5000	  0.1789
514.0000	  0.1795
513.5000	  0.1803
513.0000	  0.1805
512.5000	  0.1817
512.0000	  0.1821
511.5000	  0.1827
511.0000	  0.1834
510.5000	  0.1838
510.0000	  0.1848
509.5000	  0.1853
509.0000	  0.1860
508.5000	  0.1868
508.0000	  0.1871
507.5000	  0.1877
507.0000	  0.1884
506.5000	  0.1893
506.0000	  0.1896
505.5000	  0.1903
505.0000	  0.1910
504.5000	  0.1919
504.0000	  0.1924
503.5000	  0.1932
503.0000	  0.1939
502.5000	  0.1944
502.0000	  0.1954
501.5000	  0.1955
501.0000	  0.1966
500.5000	  0.1972
500.0000	  0.1977
499.5000	  0.1981
499.0000	  0.1986
498.5000	  0.1992
498.0000	  0.1993
497.5000	  0.2002
497.0000	  0.1999
496.5000	  0.2005
496.0000	  0.2010
495.5000	  0.2010
495.0000	  0.2016
494.5000	  0.2015
494.0000	  0.2018
493.5000	  0.2018
493.0000	  0.2024
492.5000	  0.2020
492.0000	  0.2025
491.5000	  0.2023
491.0000	  0.2023
490.5000	  0.2021
490.0000	  0.2022
489.5000	  0.2021
489.0000	  0.2015
488.5000	  0.2018
488.0000	  0.2011
487.5000	  0.2011
487.0000	  0.2006
486.5000	  0.2005
486.0000	  0.2000
485.5000	  0.2000
485.0000	  0.1999
484.5000	  0.1995
484.0000	  0.1996
483.5000	  0.1989
483.0000	  0.1988
482.5000	  0.1983
482.0000	  0.1982
481.5000	  0.1975
481.0000	  0.1969
480.5000	  0.1969
480.0000	  0.1964
479.5000	  0.1964
479.0000	  0.1956
478.5000	  0.1953
478.0000	  0.1948
477.5000	  0.1946
477.0000	  0.1943
476.5000	  0.1933
476.0000	  0.1928
475.5000	  0.1928
475.0000	  0.1926
474.5000	  0.1916
474.0000	  0.1918
473.5000	  0.1912
473.0000	  0.1906
472.5000	  0.1904
472.0000	  0.1896
471.5000	  0.1895
471.0000	  0.1891
470.5000	  0.1888
470.0000	  0.1879
469.5000	  0.1879
469.0000	  0.1875
468.5000	  0.1872
468.0000	  0.1870
467.5000	  0.1860
467.0000	  0.1860
466.5000	  0.1855
466.0000	  0.1856
465.5000	  0.1845
465.0000	  0.1850
464.5000	  0.1843
464.0000	  0.1836
463.5000	  0.1834
463.0000	  0.1829
462.5000	  0.1826
462.0000	  0.1830
461.5000	  0.1824
461.0000	  0.1820
460.5000	  0.1814
460.0000	  0.1810
459.5000	  0.1804
459.0000	  0.1798
458.5000	  0.1790
458.0000	  0.1792
457.5000	  0.1788
457.0000	  0.1786
456.5000	  0.1778
456.0000	  0.1769
455.5000	  0.1759
455.0000	  0.1753
454.5000	  0.1752
454.0000	  0.1745
453.5000	  0.1735
453.0000	  0.1727
452.5000	  0.1715
452.0000	  0.1714
451.5000	  0.1706
451.0000	  0.1699
450.5000	  0.1686
450.0000	  0.1680
449.5000	  0.1674
449.0000	  0.1662
448.5000	  0.1655
448.0000	  0.1655
447.5000	  0.1641
447.0000	  0.1641
446.5000	  0.1631
446.0000	  0.1623
445.5000	  0.1617
445.0000	  0.1606
444.5000	  0.1601
444.0000	  0.1593
443.5000	  0.1593
443.0000	  0.1581
442.5000	  0.1576
442.0000	  0.1574
441.5000	  0.1569
441.0000	  0.1563
440.5000	  0.1560
440.0000	  0.1552
439.5000	  0.1547
439.0000	  0.1544
438.5000	  0.1537
438.0000	  0.1535
437.5000	  0.1525
437.0000	  0.1515
436.5000	  0.1513
436.0000	  0.1516
435.5000	  0.1508
435.0000	  0.1503
434.5000	  0.1504
434.0000	  0.1495
433.5000	  0.1492
433.0000	  0.1487
432.5000	  0.1484
432.0000	  0.1480
431.5000	  0.1476
431.0000	  0.1474
430.5000	  0.1467
430.0000	  0.1467
429.5000	  0.1458
429.0000	  0.1454
428.5000	  0.1453
428.0000	  0.1451
427.5000	  0.1444
427.0000	  0.1441
426.5000	  0.1438
426.0000	  0.1438
425.5000	  0.1435
425.0000	  0.1430
424.5000	  0.1425
424.0000	  0.1423
423.5000	  0.1420
423.0000	  0.1417
422.5000	  0.1412
422.0000	  0.1410
421.5000	  0.1407
421.0000	  0.1404
420.5000	  0.1396
420.0000	  0.1399
419.5000	  0.1393
419.0000	  0.1393
418.5000	  0.1390
418.0000	  0.1385
417.5000	  0.1388
417.0000	  0.1379
416.5000	  0.1379
416.0000	  0.1372
415.5000	  0.1368
415.0000	  0.1367
414.5000	  0.1362
414.0000	  0.1359
413.5000	  0.1359
413.0000	  0.1357
412.5000	  0.1349
412.0000	  0.1347
411.5000	  0.1347
411.0000	  0.1345
410.5000	  0.1336
410.0000	  0.1337
409.5000	  0.1333
409.0000	  0.1329
408.5000	  0.1333
408.0000	  0.1322
407.5000	  0.1322
407.0000	  0.1319
406.5000	  0.1318
406.0000	  0.1314
405.5000	  0.1309
405.0000	  0.1307
404.5000	  0.1304
404.0000	  0.1301
403.5000	  0.1301
403.0000	  0.1294
402.5000	  0.1291
402.0000	  0.1287
401.5000	  0.1284
401.0000	  0.1286
400.5000	  0.1280
400.0000	  0.1278
399.5000	  0.1277
399.0000	  0.1275
398.5000	  0.1274
398.0000	  0.1270
397.5000	  0.1259
397.0000	  0.1259
396.5000	  0.1261
396.0000	  0.1257
395.5000	  0.1254
395.0000	  0.1251
394.5000	  0.1249
394.0000	  0.1244
393.5000	  0.1238
393.0000	  0.1243
392.5000	  0.1236
392.0000	  0.1237
391.5000	  0.1234
391.0000	  0.1235
390.5000	  0.1236
390.0000	  0.1230
389.5000	  0.1227
389.0000	  0.1231
388.5000	  0.1226
388.0000	  0.1227
387.5000	  0.1225
387.0000	  0.1220
386.5000	  0.1219
386.0000	  0.1220
385.5000	  0.1223
385.0000	  0.1221
384.5000	  0.1216
384.0000	  0.1219
383.5000	  0.1215
383.0000	  0.1213
382.5000	  0.1210
382.0000	  0.1211
381.5000	  0.1208
381.0000	  0.1212
380.5000	  0.1205
380.0000	  0.1208
379.5000	  0.1203
379.0000	  0.1205
378.5000	  0.1201
378.0000	  0.1195
377.5000	  0.1191
377.0000	  0.1195
376.5000	  0.1198
376.0000	  0.1195
375.5000	  0.1191
375.0000	  0.1196
374.5000	  0.1193
374.0000	  0.1188
373.5000	  0.1187
373.0000	  0.1188
372.5000	  0.1186
372.0000	  0.1192
371.5000	  0.1182
371.0000	  0.1178
370.5000	  0.1176
370.0000	  0.1176
369.5000	  0.1168
369.0000	  0.1175
368.5000	  0.1183
368.0000	  0.1173
367.5000	  0.1171
367.0000	  0.1169
366.5000	  0.1169
366.0000	  0.1164
365.5000	  0.1158
365.0000	  0.1164
364.5000	  0.1161
364.0000	  0.1153
363.5000	  0.1152
363.0000	  0.1160
362.5000	  0.1159
362.0000	  0.1156
361.5000	  0.1156
361.0000	  0.1152
360.5000	  0.1162
360.0000	  0.1148
359.5000	  0.1146
359.0000	  0.1154
358.5000	  0.1148
358.0000	  0.1149
357.5000	  0.1141
357.0000	  0.1143
356.5000	  0.1146
356.0000	  0.1142
355.5000	  0.1137
355.0000	  0.1143
354.5000	  0.1134
354.0000	  0.1132
353.5000	  0.1136
353.0000	  0.1133
352.5000	  0.1137
352.0000	  0.1124
351.5000	  0.1132
351.0000	  0.1119
350.5000	  0.1130
350.0000	  0.1127

