23/04/2024 17.00.32
23/04/2024 17.09.31

800.0000	 32.3600

800.0000	 32.3600

900.0000	 27.1100



  1.0000
900.0000
  3.0000
340.0000
  1.0000
1401.0000
  5.0000
  6.0000
  1.0000
  1.0000
  0.0000
  0.0000
100.0000
  0.0000
  1.0000
  0.0000
500.0000
900.0000
200.0000
  4.0000
  1.0000
 18.0000
  2.0000
  1.0000
255.0000
  0.8136
  1.0000
 30.0000
  4.0000
500.0000
  0.0000
  0.0000
  4.0000
900.0000
200.0000
  0.0000
100.0000
  0.0000
  1.0000
  0.0000
500.0000
  1.0000
  1.0000
  1.0000
  1.0000
  4.0000
  0.0000
  1.0000
  1.0000
  1.0000
  1.0000
  1.0000
  2.0000
  1.0000
  1.0000
  1.0000
  3.0000
  1.0000
  1.0000
  1.0000
  4.0000
  5.0000
538.721
0.000

lambda: 800
Abs:    -0-0007
ID:     C

#
900.0000	  0.2498
899.5000	  0.2665
899.0000	  0.2598
898.5000	  0.2426
898.0000	  0.2520
897.5000	  0.2569
897.0000	  0.2649
896.5000	  0.2474
896.0000	  0.2580
895.5000	  0.2654
895.0000	  0.2565
894.5000	  0.2527
894.0000	  0.2597
893.5000	  0.2595
893.0000	  0.2559
892.5000	  0.2662
892.0000	  0.2588
891.5000	  0.2585
891.0000	  0.2674
890.5000	  0.2638
890.0000	  0.2662
889.5000	  0.2540
889.0000	  0.2580
888.5000	  0.2646
888.0000	  0.2608
887.5000	  0.2590
887.0000	  0.2597
886.5000	  0.2675
886.0000	  0.2679
885.5000	  0.2572
885.0000	  0.2589
884.5000	  0.2658
884.0000	  0.2676
883.5000	  0.2573
883.0000	  0.2790
882.5000	  0.2668
882.0000	  0.2678
881.5000	  0.2580
881.0000	  0.2719
880.5000	  0.2743
880.0000	  0.2649
879.5000	  0.2712
879.0000	  0.2698
878.5000	  0.2700
878.0000	  0.2653
877.5000	  0.2661
877.0000	  0.2757
876.5000	  0.2730
876.0000	  0.2728
875.5000	  0.2728
875.0000	  0.2663
874.5000	  0.2727
874.0000	  0.2699
873.5000	  0.2694
873.0000	  0.2766
872.5000	  0.2705
872.0000	  0.2769
871.5000	  0.2748
871.0000	  0.2747
870.5000	  0.2759
870.0000	  0.2771
869.5000	  0.2735
869.0000	  0.2736
868.5000	  0.2704
868.0000	  0.2755
867.5000	  0.2774
867.0000	  0.2781
866.5000	  0.2744
866.0000	  0.2762
865.5000	  0.2744
865.0000	  0.2778
864.5000	  0.2792
864.0000	  0.2811
863.5000	  0.2846
863.0000	  0.2803
862.5000	  0.2806
862.0000	  0.2800
861.5000	  0.2825
861.0000	  0.2809
860.5000	  0.2812
860.0000	  0.2843
859.5000	  0.2834
859.0000	  0.2811
858.5000	  0.2864
858.0000	  0.2886
857.5000	  0.2837
857.0000	  0.2847
856.5000	  0.2855
856.0000	  0.2853
855.5000	  0.2871
855.0000	  0.2871
854.5000	  0.2879
854.0000	  0.2863
853.5000	  0.2867
853.0000	  0.2887
852.5000	  0.2872
852.0000	  0.2897
851.5000	  0.2903
851.0000	  0.2896
850.5000	  0.2900
850.0000	  0.2900
849.5000	  0.2904
849.0000	  0.2927
848.5000	  0.2939
848.0000	  0.2925
847.5000	  0.2927
847.0000	  0.2956
846.5000	  0.2942
846.0000	  0.2954
845.5000	  0.2932
845.0000	  0.2959
844.5000	  0.2962
844.0000	  0.2951
843.5000	  0.2970
843.0000	  0.2974
842.5000	  0.2977
842.0000	  0.2989
841.5000	  0.2979
841.0000	  0.2972
840.5000	  0.2993
840.0000	  0.2991
839.5000	  0.2990
839.0000	  0.2990
838.5000	  0.3007
838.0000	  0.3006
837.5000	  0.3000
837.0000	  0.3013
836.5000	  0.3028
836.0000	  0.3010
835.5000	  0.3016
835.0000	  0.3018
834.5000	  0.3017
834.0000	  0.3033
833.5000	  0.3024
833.0000	  0.3034
832.5000	  0.3029
832.0000	  0.3028
831.5000	  0.3053
831.0000	  0.3041
830.5000	  0.3040
830.0000	  0.3051
829.5000	  0.3053
829.0000	  0.3052
828.5000	  0.3049
828.0000	  0.3053
827.5000	  0.3056
827.0000	  0.3061
826.5000	  0.3069
826.0000	  0.3059
825.5000	  0.3076
825.0000	  0.3068
824.5000	  0.3075
824.0000	  0.3073
823.5000	  0.3078
823.0000	  0.3086
822.5000	  0.3080
822.0000	  0.3094
821.5000	  0.3094
821.0000	  0.3104
820.5000	  0.3094
820.0000	  0.3106
819.5000	  0.3109
819.0000	  0.3111
818.5000	  0.3113
818.0000	  0.3116
817.5000	  0.3120
817.0000	  0.3126
816.5000	  0.3130
816.0000	  0.3119
815.5000	  0.3131
815.0000	  0.3136
814.5000	  0.3138
814.0000	  0.3138
813.5000	  0.3142
813.0000	  0.3145
812.5000	  0.3159
812.0000	  0.3159
811.5000	  0.3167
811.0000	  0.3162
810.5000	  0.3164
810.0000	  0.3172
809.5000	  0.3174
809.0000	  0.3176
808.5000	  0.3180
808.0000	  0.3186
807.5000	  0.3186
807.0000	  0.3192
806.5000	  0.3190
806.0000	  0.3205
805.5000	  0.3205
805.0000	  0.3195
804.5000	  0.3203
804.0000	  0.3210
803.5000	  0.3222
803.0000	  0.3227
802.5000	  0.3232
802.0000	  0.3229
801.5000	  0.3234
801.0000	  0.3242
800.5000	  0.3240
800.0000	  0.3249
799.5000	  0.3249
799.0000	  0.3252
798.5000	  0.3255
798.0000	  0.3272
797.5000	  0.3259
797.0000	  0.3271
796.5000	  0.3275
796.0000	  0.3279
795.5000	  0.3277
795.0000	  0.3286
794.5000	  0.3285
794.0000	  0.3294
793.5000	  0.3293
793.0000	  0.3305
792.5000	  0.3306
792.0000	  0.3306
791.5000	  0.3310
791.0000	  0.3315
790.5000	  0.3316
790.0000	  0.3322
789.5000	  0.3325
789.0000	  0.3326
788.5000	  0.3336
788.0000	  0.3328
787.5000	  0.3341
787.0000	  0.3341
786.5000	  0.3348
786.0000	  0.3349
785.5000	  0.3357
785.0000	  0.3365
784.5000	  0.3370
784.0000	  0.3370
783.5000	  0.3371
783.0000	  0.3374
782.5000	  0.3383
782.0000	  0.3395
781.5000	  0.3389
781.0000	  0.3395
780.5000	  0.3399
780.0000	  0.3400
779.5000	  0.3404
779.0000	  0.3410
778.5000	  0.3404
778.0000	  0.3410
777.5000	  0.3424
777.0000	  0.3430
776.5000	  0.3433
776.0000	  0.3431
775.5000	  0.3435
775.0000	  0.3443
774.5000	  0.3438
774.0000	  0.3448
773.5000	  0.3444
773.0000	  0.3455
772.5000	  0.3461
772.0000	  0.3466
771.5000	  0.3463
771.0000	  0.3471
770.5000	  0.3470
770.0000	  0.3475
769.5000	  0.3484
769.0000	  0.3482
768.5000	  0.3488
768.0000	  0.3488
767.5000	  0.3500
767.0000	  0.3507
766.5000	  0.3505
766.0000	  0.3511
765.5000	  0.3523
765.0000	  0.3523
764.5000	  0.3527
764.0000	  0.3521
763.5000	  0.3532
763.0000	  0.3531
762.5000	  0.3550
762.0000	  0.3545
761.5000	  0.3546
761.0000	  0.3556
760.5000	  0.3557
760.0000	  0.3563
759.5000	  0.3555
759.0000	  0.3565
758.5000	  0.3573
758.0000	  0.3571
757.5000	  0.3589
757.0000	  0.3585
756.5000	  0.3589
756.0000	  0.3598
755.5000	  0.3598
755.0000	  0.3598
754.5000	  0.3603
754.0000	  0.3607
753.5000	  0.3609
753.0000	  0.3616
752.5000	  0.3616
752.0000	  0.3625
751.5000	  0.3627
751.0000	  0.3631
750.5000	  0.3640
750.0000	  0.3643
749.5000	  0.3641
749.0000	  0.3652
748.5000	  0.3655
748.0000	  0.3665
747.5000	  0.3662
747.0000	  0.3662
746.5000	  0.3671
746.0000	  0.3672
745.5000	  0.3677
745.0000	  0.3682
744.5000	  0.3683
744.0000	  0.3686
743.5000	  0.3698
743.0000	  0.3700
742.5000	  0.3702
742.0000	  0.3709
741.5000	  0.3710
741.0000	  0.3721
740.5000	  0.3713
740.0000	  0.3724
739.5000	  0.3731
739.0000	  0.3730
738.5000	  0.3741
738.0000	  0.3743
737.5000	  0.3743
737.0000	  0.3756
736.5000	  0.3754
736.0000	  0.3761
735.5000	  0.3762
735.0000	  0.3781
734.5000	  0.3782
734.0000	  0.3787
733.5000	  0.3789
733.0000	  0.3796
732.5000	  0.3802
732.0000	  0.3801
731.5000	  0.3809
731.0000	  0.3819
730.5000	  0.3826
730.0000	  0.3832
729.5000	  0.3842
729.0000	  0.3845
728.5000	  0.3857
728.0000	  0.3863
727.5000	  0.3870
727.0000	  0.3878
726.5000	  0.3885
726.0000	  0.3902
725.5000	  0.3909
725.0000	  0.3924
724.5000	  0.3937
724.0000	  0.3943
723.5000	  0.3950
723.0000	  0.3962
722.5000	  0.3977
722.0000	  0.3998
721.5000	  0.4007
721.0000	  0.4026
720.5000	  0.4033
720.0000	  0.4057
719.5000	  0.4058
719.0000	  0.4081
718.5000	  0.4092
718.0000	  0.4100
717.5000	  0.4100
717.0000	  0.4105
716.5000	  0.4110
716.0000	  0.4096
715.5000	  0.4091
715.0000	  0.4081
714.5000	  0.4069
714.0000	  0.4064
713.5000	  0.4054
713.0000	  0.4042
712.5000	  0.4035
712.0000	  0.4009
711.5000	  0.4006
711.0000	  0.3997
710.5000	  0.3991
710.0000	  0.3984
709.5000	  0.3986
709.0000	  0.3975
708.5000	  0.3971
708.0000	  0.3973
707.5000	  0.3962
707.0000	  0.3960
706.5000	  0.3967
706.0000	  0.3970
705.5000	  0.3978
705.0000	  0.3964
704.5000	  0.3985
704.0000	  0.3988
703.5000	  0.3980
703.0000	  0.3991
702.5000	  0.3987
702.0000	  0.3991
701.5000	  0.3998
701.0000	  0.4001
700.5000	  0.4009
700.0000	  0.3994
699.5000	  0.4006
699.0000	  0.4008
698.5000	  0.4014
698.0000	  0.4013
697.5000	  0.4011
697.0000	  0.4018
696.5000	  0.4018
696.0000	  0.4026
695.5000	  0.4023
695.0000	  0.4037
694.5000	  0.4028
694.0000	  0.4028
693.5000	  0.4038
693.0000	  0.4035
692.5000	  0.4037
692.0000	  0.4039
691.5000	  0.4043
691.0000	  0.4051
690.5000	  0.4042
690.0000	  0.4051
689.5000	  0.4047
689.0000	  0.4055
688.5000	  0.4054
688.0000	  0.4056
687.5000	  0.4057
687.0000	  0.4067
686.5000	  0.4063
686.0000	  0.4068
685.5000	  0.4059
685.0000	  0.4073
684.5000	  0.4067
684.0000	  0.4073
683.5000	  0.4073
683.0000	  0.4075
682.5000	  0.4082
682.0000	  0.4084
681.5000	  0.4088
681.0000	  0.4078
680.5000	  0.4084
680.0000	  0.4087
679.5000	  0.4095
679.0000	  0.4090
678.5000	  0.4095
678.0000	  0.4093
677.5000	  0.4097
677.0000	  0.4102
676.5000	  0.4094
676.0000	  0.4104
675.5000	  0.4109
675.0000	  0.4105
674.5000	  0.4114
674.0000	  0.4111
673.5000	  0.4112
673.0000	  0.4109
672.5000	  0.4115
672.0000	  0.4124
671.5000	  0.4112
671.0000	  0.4122
670.5000	  0.4126
670.0000	  0.4125
669.5000	  0.4122
669.0000	  0.4125
668.5000	  0.4133
668.0000	  0.4128
667.5000	  0.4137
667.0000	  0.4130
666.5000	  0.4138
666.0000	  0.4136
665.5000	  0.4137
665.0000	  0.4138
664.5000	  0.4136
664.0000	  0.4139
663.5000	  0.4142
663.0000	  0.4146
662.5000	  0.4144
662.0000	  0.4146
661.5000	  0.4146
661.0000	  0.4151
660.5000	  0.4153
660.0000	  0.4143
659.5000	  0.4150
659.0000	  0.4151
658.5000	  0.4158
658.0000	  0.4151
657.5000	  0.4156
657.0000	  0.4152
656.5000	  0.4154
656.0000	  0.4157
655.5000	  0.4155
655.0000	  0.4157
654.5000	  0.4164
654.0000	  0.4154
653.5000	  0.4168
653.0000	  0.4162
652.5000	  0.4162
652.0000	  0.4165
651.5000	  0.4167
651.0000	  0.4168
650.5000	  0.4160
650.0000	  0.4165
649.5000	  0.4166
649.0000	  0.4168
648.5000	  0.4163
648.0000	  0.4169
647.5000	  0.4173
647.0000	  0.4169
646.5000	  0.4173
646.0000	  0.4165
645.5000	  0.4169
645.0000	  0.4169
644.5000	  0.4175
644.0000	  0.4166
643.5000	  0.4164
643.0000	  0.4167
642.5000	  0.4169
642.0000	  0.4172
641.5000	  0.4161
641.0000	  0.4165
640.5000	  0.4167
640.0000	  0.4167
639.5000	  0.4165
639.0000	  0.4155
638.5000	  0.4163
638.0000	  0.4162
637.5000	  0.4161
637.0000	  0.4157
636.5000	  0.4153
636.0000	  0.4156
635.5000	  0.4152
635.0000	  0.4154
634.5000	  0.4147
634.0000	  0.4150
633.5000	  0.4152
633.0000	  0.4151
632.5000	  0.4155
632.0000	  0.4149
631.5000	  0.4151
631.0000	  0.4155
630.5000	  0.4159
630.0000	  0.4166
629.5000	  0.4164
629.0000	  0.4171
628.5000	  0.4176
628.0000	  0.4190
627.5000	  0.4192
627.0000	  0.4202
626.5000	  0.4210
626.0000	  0.4219
625.5000	  0.4230
625.0000	  0.4242
624.5000	  0.4257
624.0000	  0.4257
623.5000	  0.4271
623.0000	  0.4276
622.5000	  0.4279
622.0000	  0.4291
621.5000	  0.4300
621.0000	  0.4311
620.5000	  0.4315
620.0000	  0.4317
619.5000	  0.4322
619.0000	  0.4325
618.5000	  0.4340
618.0000	  0.4334
617.5000	  0.4333
617.0000	  0.4328
616.5000	  0.4338
616.0000	  0.4333
615.5000	  0.4334
615.0000	  0.4337
614.5000	  0.4334
614.0000	  0.4337
613.5000	  0.4340
613.0000	  0.4339
612.5000	  0.4338
612.0000	  0.4338
611.5000	  0.4345
611.0000	  0.4346
610.5000	  0.4351
610.0000	  0.4353
609.5000	  0.4353
609.0000	  0.4355
608.5000	  0.4353
608.0000	  0.4362
607.5000	  0.4360
607.0000	  0.4363
606.5000	  0.4367
606.0000	  0.4365
605.5000	  0.4366
605.0000	  0.4369
604.5000	  0.4384
604.0000	  0.4383
603.5000	  0.4381
603.0000	  0.4381
602.5000	  0.4384
602.0000	  0.4392
601.5000	  0.4392
601.0000	  0.4394
600.5000	  0.4397
600.0000	  0.4401
599.5000	  0.4402
599.0000	  0.4405
598.5000	  0.4408
598.0000	  0.4410
597.5000	  0.4417
597.0000	  0.4415
596.5000	  0.4421
596.0000	  0.4430
595.5000	  0.4423
595.0000	  0.4430
594.5000	  0.4438
594.0000	  0.4435
593.5000	  0.4443
593.0000	  0.4444
592.5000	  0.4450
592.0000	  0.4454
591.5000	  0.4447
591.0000	  0.4459
590.5000	  0.4461
590.0000	  0.4466
589.5000	  0.4468
589.0000	  0.4475
588.5000	  0.4478
588.0000	  0.4480
587.5000	  0.4482
587.0000	  0.4479
586.5000	  0.4486
586.0000	  0.4491
585.5000	  0.4500
585.0000	  0.4505
584.5000	  0.4502
584.0000	  0.4513
583.5000	  0.4523
583.0000	  0.4514
582.5000	  0.4523
582.0000	  0.4523
581.5000	  0.4531
581.0000	  0.4528
580.5000	  0.4536
580.0000	  0.4537
579.5000	  0.4544
579.0000	  0.4547
578.5000	  0.4552
578.0000	  0.4562
577.5000	  0.4563
577.0000	  0.4569
576.5000	  0.4568
576.0000	  0.4574
575.5000	  0.4583
575.0000	  0.4583
574.5000	  0.4589
574.0000	  0.4597
573.5000	  0.4600
573.0000	  0.4609
572.5000	  0.4606
572.0000	  0.4614
571.5000	  0.4618
571.0000	  0.4617
570.5000	  0.4632
570.0000	  0.4630
569.5000	  0.4636
569.0000	  0.4642
568.5000	  0.4644
568.0000	  0.4646
567.5000	  0.4659
567.0000	  0.4663
566.5000	  0.4663
566.0000	  0.4675
565.5000	  0.4669
565.0000	  0.4679
564.5000	  0.4682
564.0000	  0.4692
563.5000	  0.4698
563.0000	  0.4698
562.5000	  0.4704
562.0000	  0.4711
561.5000	  0.4709
561.0000	  0.4718
560.5000	  0.4725
560.0000	  0.4727
559.5000	  0.4737
559.0000	  0.4737
558.5000	  0.4749
558.0000	  0.4747
557.5000	  0.4756
557.0000	  0.4761
556.5000	  0.4768
556.0000	  0.4774
555.5000	  0.4777
555.0000	  0.4782
554.5000	  0.4786
554.0000	  0.4797
553.5000	  0.4798
553.0000	  0.4804
552.5000	  0.4810
552.0000	  0.4814
551.5000	  0.4825
551.0000	  0.4822
550.5000	  0.4830
550.0000	  0.4834
549.5000	  0.4839
549.0000	  0.4845
548.5000	  0.4850
548.0000	  0.4858
547.5000	  0.4864
547.0000	  0.4869
546.5000	  0.4877
546.0000	  0.4878
545.5000	  0.4882
545.0000	  0.4892
544.5000	  0.4892
544.0000	  0.4896
543.5000	  0.4909
543.0000	  0.4911
542.5000	  0.4909
542.0000	  0.4926
541.5000	  0.4919
541.0000	  0.4935
540.5000	  0.4937
540.0000	  0.4939
539.5000	  0.4949
539.0000	  0.4946
538.5000	  0.4953
538.0000	  0.4963
537.5000	  0.4974
537.0000	  0.4971
536.5000	  0.4971
536.0000	  0.4974
535.5000	  0.4981
535.0000	  0.4987
534.5000	  0.4990
534.0000	  0.4999
533.5000	  0.5000
533.0000	  0.5004
532.5000	  0.5016
532.0000	  0.5012
531.5000	  0.5023
531.0000	  0.5030
530.5000	  0.5026
530.0000	  0.5035
529.5000	  0.5030
529.0000	  0.5040
528.5000	  0.5047
528.0000	  0.5049
527.5000	  0.5051
527.0000	  0.5054
526.5000	  0.5063
526.0000	  0.5065
525.5000	  0.5073
525.0000	  0.5069
524.5000	  0.5077
524.0000	  0.5079
523.5000	  0.5083
523.0000	  0.5088
522.5000	  0.5091
522.0000	  0.5094
521.5000	  0.5097
521.0000	  0.5100
520.5000	  0.5100
520.0000	  0.5098
519.5000	  0.5109
519.0000	  0.5102
518.5000	  0.5114
518.0000	  0.5105
517.5000	  0.5106
517.0000	  0.5109
516.5000	  0.5108
516.0000	  0.5117
515.5000	  0.5107
515.0000	  0.5112
514.5000	  0.5113
514.0000	  0.5113
513.5000	  0.5113
513.0000	  0.5116
512.5000	  0.5115
512.0000	  0.5112
511.5000	  0.5111
511.0000	  0.5105
510.5000	  0.5112
510.0000	  0.5115
509.5000	  0.5111
509.0000	  0.5123
508.5000	  0.5112
508.0000	  0.5116
507.5000	  0.5121
507.0000	  0.5124
506.5000	  0.5125
506.0000	  0.5122
505.5000	  0.5129
505.0000	  0.5134
504.5000	  0.5138
504.0000	  0.5139
503.5000	  0.5143
503.0000	  0.5145
502.5000	  0.5147
502.0000	  0.5160
501.5000	  0.5160
501.0000	  0.5161
500.5000	  0.5155
500.0000	  0.5162
499.5000	  0.5167
499.0000	  0.5165
498.5000	  0.5161
498.0000	  0.5168
497.5000	  0.5164
497.0000	  0.5158
496.5000	  0.5156
496.0000	  0.5156
495.5000	  0.5146
495.0000	  0.5148
494.5000	  0.5134
494.0000	  0.5143
493.5000	  0.5144
493.0000	  0.5131
492.5000	  0.5129
492.0000	  0.5117
491.5000	  0.5116
491.0000	  0.5102
490.5000	  0.5110
490.0000	  0.5082
489.5000	  0.5080
489.0000	  0.5068
488.5000	  0.5064
488.0000	  0.5061
487.5000	  0.5034
487.0000	  0.5031
486.5000	  0.5020
486.0000	  0.5012
485.5000	  0.5004
485.0000	  0.4989
484.5000	  0.4989
484.0000	  0.4968
483.5000	  0.4966
483.0000	  0.4947
482.5000	  0.4941
482.0000	  0.4939
481.5000	  0.4921
481.0000	  0.4917
480.5000	  0.4902
480.0000	  0.4898
479.5000	  0.4893
479.0000	  0.4873
478.5000	  0.4876
478.0000	  0.4855
477.5000	  0.4848
477.0000	  0.4845
476.5000	  0.4834
476.0000	  0.4819
475.5000	  0.4821
475.0000	  0.4811
474.5000	  0.4800
474.0000	  0.4789
473.5000	  0.4782
473.0000	  0.4776
472.5000	  0.4769
472.0000	  0.4754
471.5000	  0.4762
471.0000	  0.4743
470.5000	  0.4739
470.0000	  0.4734
469.5000	  0.4729
469.0000	  0.4721
468.5000	  0.4715
468.0000	  0.4708
467.5000	  0.4700
467.0000	  0.4704
466.5000	  0.4691
466.0000	  0.4681
465.5000	  0.4684
465.0000	  0.4679
464.5000	  0.4689
464.0000	  0.4670
463.5000	  0.4651
463.0000	  0.4661
462.5000	  0.4659
462.0000	  0.4652
461.5000	  0.4639
461.0000	  0.4637
460.5000	  0.4633
460.0000	  0.4629
459.5000	  0.4615
459.0000	  0.4613
458.5000	  0.4614
458.0000	  0.4600
457.5000	  0.4599
457.0000	  0.4576
456.5000	  0.4576
456.0000	  0.4559
455.5000	  0.4554
455.0000	  0.4547
454.5000	  0.4524
454.0000	  0.4508
453.5000	  0.4496
453.0000	  0.4486
452.5000	  0.4473
452.0000	  0.4461
451.5000	  0.4448
451.0000	  0.4419
450.5000	  0.4408
450.0000	  0.4385
449.5000	  0.4375
449.0000	  0.4357
448.5000	  0.4347
448.0000	  0.4330
447.5000	  0.4314
447.0000	  0.4298
446.5000	  0.4296
446.0000	  0.4272
445.5000	  0.4261
445.0000	  0.4255
444.5000	  0.4233
444.0000	  0.4221
443.5000	  0.4223
443.0000	  0.4203
442.5000	  0.4191
442.0000	  0.4189
441.5000	  0.4179
441.0000	  0.4163
440.5000	  0.4155
440.0000	  0.4146
439.5000	  0.4137
439.0000	  0.4134
438.5000	  0.4114
438.0000	  0.4107
437.5000	  0.4096
437.0000	  0.4100
436.5000	  0.4097
436.0000	  0.4077
435.5000	  0.4079
435.0000	  0.4070
434.5000	  0.4065
434.0000	  0.4056
433.5000	  0.4053
433.0000	  0.4050
432.5000	  0.4038
432.0000	  0.4033
431.5000	  0.4016
431.0000	  0.4012
430.5000	  0.4013
430.0000	  0.4004
429.5000	  0.4009
429.0000	  0.3991
428.5000	  0.3993
428.0000	  0.3987
427.5000	  0.3981
427.0000	  0.3976
426.5000	  0.3971
426.0000	  0.3966
425.5000	  0.3952
425.0000	  0.3958
424.5000	  0.3949
424.0000	  0.3943
423.5000	  0.3943
423.0000	  0.3939
422.5000	  0.3938
422.0000	  0.3925
421.5000	  0.3934
421.0000	  0.3929
420.5000	  0.3930
420.0000	  0.3917
419.5000	  0.3915
419.0000	  0.3901
418.5000	  0.3905
418.0000	  0.3897
417.5000	  0.3889
417.0000	  0.3892
416.5000	  0.3886
416.0000	  0.3888
415.5000	  0.3879
415.0000	  0.3874
414.5000	  0.3875
414.0000	  0.3867
413.5000	  0.3873
413.0000	  0.3861
412.5000	  0.3855
412.0000	  0.3859
411.5000	  0.3849
411.0000	  0.3836
410.5000	  0.3832
410.0000	  0.3831
409.5000	  0.3831
409.0000	  0.3838
408.5000	  0.3821
408.0000	  0.3827
407.5000	  0.3814
407.0000	  0.3811
406.5000	  0.3823
406.0000	  0.3808
405.5000	  0.3798
405.0000	  0.3797
404.5000	  0.3799
404.0000	  0.3791
403.5000	  0.3790
403.0000	  0.3783
402.5000	  0.3784
402.0000	  0.3784
401.5000	  0.3767
401.0000	  0.3776
400.5000	  0.3768
400.0000	  0.3762
399.5000	  0.3760
399.0000	  0.3753
398.5000	  0.3761
398.0000	  0.3744
397.5000	  0.3751
397.0000	  0.3749
396.5000	  0.3743
396.0000	  0.3735
395.5000	  0.3729
395.0000	  0.3753
394.5000	  0.3727
394.0000	  0.3730
393.5000	  0.3725
393.0000	  0.3727
392.5000	  0.3722
392.0000	  0.3711
391.5000	  0.3720
391.0000	  0.3729
390.5000	  0.3729
390.0000	  0.3717
389.5000	  0.3722
389.0000	  0.3710
388.5000	  0.3722
388.0000	  0.3725
387.5000	  0.3710
387.0000	  0.3714
386.5000	  0.3717
386.0000	  0.3729
385.5000	  0.3728
385.0000	  0.3720
384.5000	  0.3721
384.0000	  0.3725
383.5000	  0.3740
383.0000	  0.3721
382.5000	  0.3715
382.0000	  0.3725
381.5000	  0.3721
381.0000	  0.3720
380.5000	  0.3712
380.0000	  0.3725
379.5000	  0.3724
379.0000	  0.3722
378.5000	  0.3721
378.0000	  0.3729
377.5000	  0.3727
377.0000	  0.3718
376.5000	  0.3712
376.0000	  0.3716
375.5000	  0.3725
375.0000	  0.3704
374.5000	  0.3729
374.0000	  0.3720
373.5000	  0.3717
373.0000	  0.3721
372.5000	  0.3726
372.0000	  0.3731
371.5000	  0.3709
371.0000	  0.3714
370.5000	  0.3728
370.0000	  0.3727
369.5000	  0.3710
369.0000	  0.3705
368.5000	  0.3696
368.0000	  0.3702
367.5000	  0.3718
367.0000	  0.3685
366.5000	  0.3707
366.0000	  0.3710
365.5000	  0.3704
365.0000	  0.3710
364.5000	  0.3702
364.0000	  0.3712
363.5000	  0.3705
363.0000	  0.3708
362.5000	  0.3697
362.0000	  0.3689
361.5000	  0.3710
361.0000	  0.3692
360.5000	  0.3703
360.0000	  0.3682
359.5000	  0.3706
359.0000	  0.3706
358.5000	  0.3701
358.0000	  0.3696
357.5000	  0.3687
357.0000	  0.3693
356.5000	  0.3704
356.0000	  0.3701
355.5000	  0.3689
355.0000	  0.3683
354.5000	  0.3688
354.0000	  0.3674
353.5000	  0.3674
353.0000	  0.3710
352.5000	  0.3689
352.0000	  0.3672
351.5000	  0.3666
351.0000	  0.3678
350.5000	  0.3659
350.0000	  0.3664
349.5000	  0.3666
349.0000	  0.3679
348.5000	  0.3662
348.0000	  0.3650
347.5000	  0.3641
347.0000	  0.3656
346.5000	  0.3633
346.0000	  0.3645
345.5000	  0.3651
345.0000	  0.3666
344.5000	  0.3649
344.0000	  0.3617
343.5000	  0.3623
343.0000	  0.3651
342.5000	  0.3621
342.0000	  0.3627
341.5000	  0.3610
341.0000	  0.3609
340.5000	  0.3586
340.0000	  0.3578
339.5000	  0.3636
339.0000	  0.3592
338.5000	  0.3595
338.0000	  0.3582
337.5000	  0.3596
337.0000	  0.3586
336.5000	  0.3589
336.0000	  0.3588
335.5000	  0.3568
335.0000	  0.3568
334.5000	  0.3562
334.0000	  0.3554
333.5000	  0.3587
333.0000	  0.3556
332.5000	  0.3548
332.0000	  0.3556
331.5000	  0.3535
331.0000	  0.3524
330.5000	  0.3512
330.0000	  0.3583
329.5000	  0.3521
329.0000	  0.3552
328.5000	  0.3509
328.0000	  0.3504
327.5000	  0.3508
327.0000	  0.3500
326.5000	  0.3509
326.0000	  0.3492
325.5000	  0.3496
325.0000	  0.3519
324.5000	  0.3490
324.0000	  0.3488
323.5000	  0.3501
323.0000	  0.3474
322.5000	  0.3487
322.0000	  0.3469
321.5000	  0.3454
321.0000	  0.3453
320.5000	  0.3424
320.0000	  0.3514
319.5000	  0.3458
319.0000	  0.3447
318.5000	  0.3476
318.0000	  0.3439
317.5000	  0.3417
317.0000	  0.3441
316.5000	  0.3421
316.0000	  0.3475
315.5000	  0.3444
315.0000	  0.3461
314.5000	  0.3422
314.0000	  0.3422
313.5000	  0.3467
313.0000	  0.3451
312.5000	  0.3419
312.0000	  0.3512
311.5000	  0.3492
311.0000	  0.3466
310.5000	  0.3497
310.0000	  0.3406
309.5000	  0.3444
309.0000	  0.3481
308.5000	  0.3490
308.0000	  0.3440
307.5000	  0.3412
307.0000	  0.3405
306.5000	  0.3506
306.0000	  0.3440
305.5000	  0.3488
305.0000	  0.3520
304.5000	  0.3512
304.0000	  0.3500
303.5000	  0.3871
303.0000	  0.3274
302.5000	  0.3236
302.0000	  0.3250
301.5000	  0.3525
301.0000	  0.3385
300.5000	  0.3220
300.0000	  0.3071
299.5000	  0.3372
299.0000	  0.3143
298.5000	  0.3532
298.0000	  0.4609
297.5000	  0.3642
297.0000	  0.2344
296.5000	  0.3137
296.0000	  0.4591
295.5000	  0.2490
295.0000	  0.2229
294.5000	  0.3001
294.0000	  0.1437
293.5000	  0.0758
293.0000	  0.3275
292.5000	  0.0424
292.0000	  0.0345
291.5000	  0.6704
291.0000	  1.5116
290.5000	 -0.9750
290.0000	  0.7102
289.5000	  1.6760
289.0000	  0.8785
288.5000	  0.5796
288.0000	  0.5820
287.5000	  3.3164
287.0000	  0.4857
286.5000	  0.8493
286.0000	  1.0040
285.5000	 -3.3564
285.0000	-27.2146
284.5000	  0.0866
284.0000	  0.2544
283.5000	  0.9067
283.0000	  1.3138
282.5000	 -0.1988
282.0000	 -0.0736
281.5000	  0.6706
281.0000	  0.4944
280.5000	  0.2495
280.0000	  0.1503
279.5000	  0.4263
279.0000	  1.0333
278.5000	  0.5876
278.0000	  0.4199
277.5000	  1.1579
277.0000	  1.0754
276.5000	  0.0408
276.0000	  0.3551
275.5000	  1.5090
275.0000	  0.5723
274.5000	  5.0351
274.0000	  0.4236
273.5000	  0.4975
273.0000	  0.6418
272.5000	  0.8743
272.0000	  0.6934
271.5000	-28.2680
271.0000	  0.2685
270.5000	  0.0300
270.0000	  1.0900
269.5000	 -1.8996
269.0000	  1.7217
268.5000	  0.6026
268.0000	  0.0815
267.5000	  0.2159
267.0000	  1.5341
266.5000	  0.3806
266.0000	  1.7404
265.5000	 -1.3223
265.0000	  1.4601
264.5000	  0.3217
264.0000	  1.2290
263.5000	 -0.0161
263.0000	  0.3696
262.5000	  0.1076
262.0000	  0.4683
261.5000	 -0.1943
261.0000	 -1.9417
260.5000	  0.4666
260.0000	 -2.2907
259.5000	  0.8461
259.0000	  0.5977
258.5000	  0.9201
258.0000	  0.2120
257.5000	  0.6438
257.0000	  0.5880
256.5000	  0.5736
256.0000	 -1.0065
255.5000	  2.8981
255.0000	  1.0681
254.5000	  0.4738
254.0000	  0.5774
253.5000	  1.2187
253.0000	  0.7221
252.5000	  0.2352
252.0000	  1.6859
251.5000	  0.4770
251.0000	  0.5636
250.5000	  0.0870
250.0000	  0.4598
249.5000	  1.5875
249.0000	 -1.8996
248.5000	  0.5026
248.0000	 -0.3886
247.5000	 -4.4862
247.0000	  0.6369
246.5000	 -1.0818
246.0000	 -0.3188
245.5000	  0.8655
245.0000	  2.7555
244.5000	 -0.8502
244.0000	  0.0952
243.5000	  0.4277
243.0000	  9.0585
242.5000	  0.6569
242.0000	  1.8216
241.5000	  1.1004
241.0000	  7.6376
240.5000	  0.2878
240.0000	  0.8682
239.5000	  1.3491
239.0000	  0.4603
238.5000	 -1.5638
238.0000	  2.0237
237.5000	  0.5198
237.0000	  1.4875
236.5000	  1.1040
236.0000	  1.2924
235.5000	  1.0372
235.0000	  0.8643
234.5000	  1.3991
234.0000	  0.2286
233.5000	  0.2364
233.0000	 -0.4918
232.5000	  0.4270
232.0000	  0.4958
231.5000	 -0.1231
231.0000	  2.1923
230.5000	  4.2138
230.0000	  3.6592
229.5000	  1.6297
229.0000	 -0.6219
228.5000	 -0.9026
228.0000	  0.3850
227.5000	  0.3505
227.0000	 -2.0597
226.5000	  0.3897
226.0000	  0.2665
225.5000	  0.7139
225.0000	 -0.3308
224.5000	  0.9440
224.0000	  0.6171
223.5000	  1.3881
223.0000	  0.6628
222.5000	  0.3970
222.0000	  0.1839
221.5000	  0.0216
221.0000	  0.4289
220.5000	  0.4258
220.0000	  3.0849
219.5000	  0.8761
219.0000	-18.4357
218.5000	  6.5549
218.0000	  0.0124
217.5000	 -0.4010
217.0000	  0.0958
216.5000	  1.1324
216.0000	  0.3501
215.5000	  1.4748
215.0000	  0.5545
214.5000	  1.5815
214.0000	  0.7531
213.5000	 -0.0285
213.0000	 -2.6221
212.5000	  2.6592
212.0000	 -0.2858
211.5000	  1.3494
211.0000	  0.9697
210.5000	  3.1731
210.0000	  4.4245
209.5000	-94.6360
209.0000	  0.5576
208.5000	  2.5400
208.0000	  0.0582
207.5000	  0.8715
207.0000	  2.0484
206.5000	 -0.7565
206.0000	  0.0983
205.5000	  1.4207
205.0000	  0.6412
204.5000	  3.1604
204.0000	 -3.0289
203.5000	  8.5264
203.0000	  3.2586
202.5000	  0.5348
202.0000	 -6.8828
201.5000	  1.4007
201.0000	  1.8199
200.5000	  0.2405
200.0000	  0.0162
