30/04/2024 15.47.42
30/04/2024 15.56.41

800.0000	 18.6700

800.0000	 18.6700

900.0000	 18.1100



  1.0000
900.0000
  3.0000
340.0000
  1.0000
1401.0000
  5.0000
  6.0000
  1.0000
  1.0000
  0.0000
  0.0000
100.0000
  0.0000
  1.0000
  0.0000
500.0000
900.0000
200.0000
  4.0000
  1.0000
 18.0000
  2.0000
  1.0000
255.0000
  0.8125
  1.0000
 30.0000
  4.0000
500.0000
  0.0000
  0.0000
  4.0000
900.0000
200.0000
  0.0000
100.0000
  0.0000
  1.0000
  0.0000
500.0000
  1.0000
  1.0000
  1.0000
  1.0000
  4.0000
  0.0000
  1.0000
  1.0000
  1.0000
  1.0000
  1.0000
  2.0000
  1.0000
  1.0000
  1.0000
  3.0000
  1.0000
  1.0000
  1.0000
  4.0000
  5.0000
539.041
0.000

lambda: 800
Abs:    0.0003
ID:     7

#
900.0000	  0.1884
899.5000	  0.1770
899.0000	  0.1645
898.5000	  0.1837
898.0000	  0.1872
897.5000	  0.1857
897.0000	  0.1974
896.5000	  0.1808
896.0000	  0.1848
895.5000	  0.1838
895.0000	  0.1908
894.5000	  0.1942
894.0000	  0.1838
893.5000	  0.1797
893.0000	  0.1843
892.5000	  0.1995
892.0000	  0.2027
891.5000	  0.1793
891.0000	  0.1799
890.5000	  0.1741
890.0000	  0.1924
889.5000	  0.1827
889.0000	  0.1777
888.5000	  0.1799
888.0000	  0.1910
887.5000	  0.1815
887.0000	  0.1841
886.5000	  0.1832
886.0000	  0.1810
885.5000	  0.1831
885.0000	  0.1848
884.5000	  0.1848
884.0000	  0.1879
883.5000	  0.1869
883.0000	  0.1844
882.5000	  0.1788
882.0000	  0.1812
881.5000	  0.1829
881.0000	  0.1836
880.5000	  0.1893
880.0000	  0.1918
879.5000	  0.1853
879.0000	  0.1855
878.5000	  0.1905
878.0000	  0.1813
877.5000	  0.1858
877.0000	  0.1874
876.5000	  0.1812
876.0000	  0.1844
875.5000	  0.1870
875.0000	  0.1879
874.5000	  0.1875
874.0000	  0.1896
873.5000	  0.1902
873.0000	  0.1864
872.5000	  0.1863
872.0000	  0.1862
871.5000	  0.1899
871.0000	  0.1879
870.5000	  0.1869
870.0000	  0.1929
869.5000	  0.1865
869.0000	  0.1880
868.5000	  0.1858
868.0000	  0.1909
867.5000	  0.1877
867.0000	  0.1909
866.5000	  0.1904
866.0000	  0.1881
865.5000	  0.1895
865.0000	  0.1900
864.5000	  0.1894
864.0000	  0.1885
863.5000	  0.1879
863.0000	  0.1898
862.5000	  0.1918
862.0000	  0.1920
861.5000	  0.1894
861.0000	  0.1886
860.5000	  0.1904
860.0000	  0.1914
859.5000	  0.1916
859.0000	  0.1901
858.5000	  0.1917
858.0000	  0.1913
857.5000	  0.1900
857.0000	  0.1919
856.5000	  0.1893
856.0000	  0.1904
855.5000	  0.1910
855.0000	  0.1899
854.5000	  0.1918
854.0000	  0.1909
853.5000	  0.1918
853.0000	  0.1900
852.5000	  0.1920
852.0000	  0.1914
851.5000	  0.1904
851.0000	  0.1902
850.5000	  0.1914
850.0000	  0.1909
849.5000	  0.1927
849.0000	  0.1914
848.5000	  0.1911
848.0000	  0.1920
847.5000	  0.1905
847.0000	  0.1925
846.5000	  0.1924
846.0000	  0.1917
845.5000	  0.1920
845.0000	  0.1918
844.5000	  0.1926
844.0000	  0.1922
843.5000	  0.1922
843.0000	  0.1921
842.5000	  0.1918
842.0000	  0.1922
841.5000	  0.1918
841.0000	  0.1928
840.5000	  0.1921
840.0000	  0.1928
839.5000	  0.1927
839.0000	  0.1931
838.5000	  0.1920
838.0000	  0.1916
837.5000	  0.1919
837.0000	  0.1923
836.5000	  0.1923
836.0000	  0.1919
835.5000	  0.1921
835.0000	  0.1915
834.5000	  0.1915
834.0000	  0.1911
833.5000	  0.1917
833.0000	  0.1916
832.5000	  0.1916
832.0000	  0.1914
831.5000	  0.1916
831.0000	  0.1913
830.5000	  0.1916
830.0000	  0.1906
829.5000	  0.1915
829.0000	  0.1918
828.5000	  0.1905
828.0000	  0.1909
827.5000	  0.1912
827.0000	  0.1910
826.5000	  0.1908
826.0000	  0.1915
825.5000	  0.1904
825.0000	  0.1906
824.5000	  0.1914
824.0000	  0.1902
823.5000	  0.1905
823.0000	  0.1902
822.5000	  0.1898
822.0000	  0.1907
821.5000	  0.1901
821.0000	  0.1899
820.5000	  0.1897
820.0000	  0.1902
819.5000	  0.1900
819.0000	  0.1894
818.5000	  0.1896
818.0000	  0.1891
817.5000	  0.1896
817.0000	  0.1895
816.5000	  0.1894
816.0000	  0.1894
815.5000	  0.1895
815.0000	  0.1888
814.5000	  0.1893
814.0000	  0.1894
813.5000	  0.1888
813.0000	  0.1891
812.5000	  0.1891
812.0000	  0.1895
811.5000	  0.1889
811.0000	  0.1885
810.5000	  0.1893
810.0000	  0.1886
809.5000	  0.1883
809.0000	  0.1882
808.5000	  0.1881
808.0000	  0.1882
807.5000	  0.1880
807.0000	  0.1881
806.5000	  0.1882
806.0000	  0.1880
805.5000	  0.1878
805.0000	  0.1877
804.5000	  0.1875
804.0000	  0.1877
803.5000	  0.1875
803.0000	  0.1875
802.5000	  0.1873
802.0000	  0.1879
801.5000	  0.1873
801.0000	  0.1873
800.5000	  0.1869
800.0000	  0.1864
799.5000	  0.1868
799.0000	  0.1864
798.5000	  0.1866
798.0000	  0.1861
797.5000	  0.1868
797.0000	  0.1869
796.5000	  0.1862
796.0000	  0.1862
795.5000	  0.1857
795.0000	  0.1860
794.5000	  0.1861
794.0000	  0.1855
793.5000	  0.1847
793.0000	  0.1858
792.5000	  0.1860
792.0000	  0.1853
791.5000	  0.1854
791.0000	  0.1854
790.5000	  0.1850
790.0000	  0.1850
789.5000	  0.1852
789.0000	  0.1845
788.5000	  0.1847
788.0000	  0.1845
787.5000	  0.1849
787.0000	  0.1845
786.5000	  0.1845
786.0000	  0.1844
785.5000	  0.1840
785.0000	  0.1841
784.5000	  0.1837
784.0000	  0.1837
783.5000	  0.1834
783.0000	  0.1836
782.5000	  0.1830
782.0000	  0.1829
781.5000	  0.1830
781.0000	  0.1830
780.5000	  0.1826
780.0000	  0.1829
779.5000	  0.1825
779.0000	  0.1823
778.5000	  0.1820
778.0000	  0.1822
777.5000	  0.1823
777.0000	  0.1817
776.5000	  0.1817
776.0000	  0.1814
775.5000	  0.1814
775.0000	  0.1814
774.5000	  0.1813
774.0000	  0.1816
773.5000	  0.1813
773.0000	  0.1807
772.5000	  0.1812
772.0000	  0.1801
771.5000	  0.1809
771.0000	  0.1804
770.5000	  0.1804
770.0000	  0.1802
769.5000	  0.1798
769.0000	  0.1799
768.5000	  0.1800
768.0000	  0.1795
767.5000	  0.1794
767.0000	  0.1793
766.5000	  0.1791
766.0000	  0.1791
765.5000	  0.1786
765.0000	  0.1790
764.5000	  0.1786
764.0000	  0.1787
763.5000	  0.1782
763.0000	  0.1774
762.5000	  0.1780
762.0000	  0.1776
761.5000	  0.1778
761.0000	  0.1773
760.5000	  0.1775
760.0000	  0.1773
759.5000	  0.1765
759.0000	  0.1764
758.5000	  0.1768
758.0000	  0.1759
757.5000	  0.1765
757.0000	  0.1763
756.5000	  0.1766
756.0000	  0.1759
755.5000	  0.1757
755.0000	  0.1753
754.5000	  0.1755
754.0000	  0.1751
753.5000	  0.1755
753.0000	  0.1750
752.5000	  0.1747
752.0000	  0.1745
751.5000	  0.1746
751.0000	  0.1742
750.5000	  0.1741
750.0000	  0.1742
749.5000	  0.1740
749.0000	  0.1742
748.5000	  0.1729
748.0000	  0.1735
747.5000	  0.1731
747.0000	  0.1727
746.5000	  0.1734
746.0000	  0.1728
745.5000	  0.1726
745.0000	  0.1730
744.5000	  0.1720
744.0000	  0.1723
743.5000	  0.1722
743.0000	  0.1719
742.5000	  0.1717
742.0000	  0.1716
741.5000	  0.1718
741.0000	  0.1718
740.5000	  0.1714
740.0000	  0.1710
739.5000	  0.1710
739.0000	  0.1711
738.5000	  0.1707
738.0000	  0.1709
737.5000	  0.1704
737.0000	  0.1704
736.5000	  0.1704
736.0000	  0.1702
735.5000	  0.1698
735.0000	  0.1697
734.5000	  0.1699
734.0000	  0.1697
733.5000	  0.1700
733.0000	  0.1699
732.5000	  0.1692
732.0000	  0.1692
731.5000	  0.1692
731.0000	  0.1695
730.5000	  0.1691
730.0000	  0.1692
729.5000	  0.1693
729.0000	  0.1691
728.5000	  0.1694
728.0000	  0.1692
727.5000	  0.1691
727.0000	  0.1690
726.5000	  0.1692
726.0000	  0.1697
725.5000	  0.1692
725.0000	  0.1698
724.5000	  0.1701
724.0000	  0.1699
723.5000	  0.1702
723.0000	  0.1701
722.5000	  0.1708
722.0000	  0.1706
721.5000	  0.1712
721.0000	  0.1712
720.5000	  0.1716
720.0000	  0.1721
719.5000	  0.1726
719.0000	  0.1728
718.5000	  0.1729
718.0000	  0.1726
717.5000	  0.1725
717.0000	  0.1723
716.5000	  0.1723
716.0000	  0.1715
715.5000	  0.1705
715.0000	  0.1702
714.5000	  0.1696
714.0000	  0.1688
713.5000	  0.1683
713.0000	  0.1673
712.5000	  0.1664
712.0000	  0.1659
711.5000	  0.1650
711.0000	  0.1639
710.5000	  0.1640
710.0000	  0.1632
709.5000	  0.1627
709.0000	  0.1623
708.5000	  0.1616
708.0000	  0.1612
707.5000	  0.1608
707.0000	  0.1609
706.5000	  0.1606
706.0000	  0.1604
705.5000	  0.1604
705.0000	  0.1601
704.5000	  0.1598
704.0000	  0.1599
703.5000	  0.1595
703.0000	  0.1595
702.5000	  0.1590
702.0000	  0.1598
701.5000	  0.1593
701.0000	  0.1588
700.5000	  0.1588
700.0000	  0.1588
699.5000	  0.1586
699.0000	  0.1579
698.5000	  0.1582
698.0000	  0.1578
697.5000	  0.1580
697.0000	  0.1575
696.5000	  0.1574
696.0000	  0.1574
695.5000	  0.1570
695.0000	  0.1572
694.5000	  0.1568
694.0000	  0.1569
693.5000	  0.1567
693.0000	  0.1566
692.5000	  0.1567
692.0000	  0.1557
691.5000	  0.1562
691.0000	  0.1559
690.5000	  0.1560
690.0000	  0.1557
689.5000	  0.1553
689.0000	  0.1551
688.5000	  0.1552
688.0000	  0.1549
687.5000	  0.1549
687.0000	  0.1547
686.5000	  0.1547
686.0000	  0.1543
685.5000	  0.1544
685.0000	  0.1541
684.5000	  0.1539
684.0000	  0.1542
683.5000	  0.1537
683.0000	  0.1537
682.5000	  0.1536
682.0000	  0.1533
681.5000	  0.1535
681.0000	  0.1534
680.5000	  0.1532
680.0000	  0.1528
679.5000	  0.1530
679.0000	  0.1528
678.5000	  0.1527
678.0000	  0.1525
677.5000	  0.1524
677.0000	  0.1522
676.5000	  0.1525
676.0000	  0.1522
675.5000	  0.1523
675.0000	  0.1520
674.5000	  0.1519
674.0000	  0.1516
673.5000	  0.1516
673.0000	  0.1517
672.5000	  0.1513
672.0000	  0.1512
671.5000	  0.1513
671.0000	  0.1514
670.5000	  0.1512
670.0000	  0.1506
669.5000	  0.1507
669.0000	  0.1512
668.5000	  0.1507
668.0000	  0.1507
667.5000	  0.1505
667.0000	  0.1505
666.5000	  0.1506
666.0000	  0.1506
665.5000	  0.1503
665.0000	  0.1504
664.5000	  0.1503
664.0000	  0.1502
663.5000	  0.1500
663.0000	  0.1501
662.5000	  0.1496
662.0000	  0.1499
661.5000	  0.1497
661.0000	  0.1496
660.5000	  0.1498
660.0000	  0.1497
659.5000	  0.1498
659.0000	  0.1496
658.5000	  0.1497
658.0000	  0.1498
657.5000	  0.1492
657.0000	  0.1493
656.5000	  0.1491
656.0000	  0.1491
655.5000	  0.1491
655.0000	  0.1490
654.5000	  0.1491
654.0000	  0.1490
653.5000	  0.1490
653.0000	  0.1489
652.5000	  0.1491
652.0000	  0.1487
651.5000	  0.1491
651.0000	  0.1490
650.5000	  0.1489
650.0000	  0.1489
649.5000	  0.1487
649.0000	  0.1486
648.5000	  0.1488
648.0000	  0.1487
647.5000	  0.1484
647.0000	  0.1486
646.5000	  0.1486
646.0000	  0.1487
645.5000	  0.1487
645.0000	  0.1484
644.5000	  0.1484
644.0000	  0.1485
643.5000	  0.1485
643.0000	  0.1486
642.5000	  0.1484
642.0000	  0.1483
641.5000	  0.1480
641.0000	  0.1484
640.5000	  0.1482
640.0000	  0.1485
639.5000	  0.1485
639.0000	  0.1481
638.5000	  0.1483
638.0000	  0.1483
637.5000	  0.1481
637.0000	  0.1482
636.5000	  0.1482
636.0000	  0.1483
635.5000	  0.1482
635.0000	  0.1478
634.5000	  0.1483
634.0000	  0.1480
633.5000	  0.1482
633.0000	  0.1483
632.5000	  0.1481
632.0000	  0.1481
631.5000	  0.1485
631.0000	  0.1488
630.5000	  0.1487
630.0000	  0.1488
629.5000	  0.1493
629.0000	  0.1494
628.5000	  0.1499
628.0000	  0.1500
627.5000	  0.1503
627.0000	  0.1509
626.5000	  0.1512
626.0000	  0.1517
625.5000	  0.1521
625.0000	  0.1524
624.5000	  0.1529
624.0000	  0.1532
623.5000	  0.1538
623.0000	  0.1539
622.5000	  0.1542
622.0000	  0.1545
621.5000	  0.1548
621.0000	  0.1551
620.5000	  0.1556
620.0000	  0.1558
619.5000	  0.1565
619.0000	  0.1564
618.5000	  0.1566
618.0000	  0.1566
617.5000	  0.1570
617.0000	  0.1570
616.5000	  0.1573
616.0000	  0.1571
615.5000	  0.1574
615.0000	  0.1572
614.5000	  0.1579
614.0000	  0.1578
613.5000	  0.1581
613.0000	  0.1578
612.5000	  0.1583
612.0000	  0.1586
611.5000	  0.1588
611.0000	  0.1594
610.5000	  0.1591
610.0000	  0.1594
609.5000	  0.1596
609.0000	  0.1599
608.5000	  0.1605
608.0000	  0.1605
607.5000	  0.1608
607.0000	  0.1612
606.5000	  0.1615
606.0000	  0.1615
605.5000	  0.1617
605.0000	  0.1622
604.5000	  0.1619
604.0000	  0.1626
603.5000	  0.1631
603.0000	  0.1633
602.5000	  0.1637
602.0000	  0.1639
601.5000	  0.1640
601.0000	  0.1644
600.5000	  0.1648
600.0000	  0.1652
599.5000	  0.1656
599.0000	  0.1658
598.5000	  0.1658
598.0000	  0.1666
597.5000	  0.1670
597.0000	  0.1674
596.5000	  0.1681
596.0000	  0.1679
595.5000	  0.1680
595.0000	  0.1684
594.5000	  0.1690
594.0000	  0.1695
593.5000	  0.1697
593.0000	  0.1703
592.5000	  0.1703
592.0000	  0.1706
591.5000	  0.1714
591.0000	  0.1714
590.5000	  0.1720
590.0000	  0.1727
589.5000	  0.1728
589.0000	  0.1731
588.5000	  0.1739
588.0000	  0.1741
587.5000	  0.1744
587.0000	  0.1749
586.5000	  0.1758
586.0000	  0.1758
585.5000	  0.1765
585.0000	  0.1772
584.5000	  0.1773
584.0000	  0.1775
583.5000	  0.1780
583.0000	  0.1785
582.5000	  0.1789
582.0000	  0.1797
581.5000	  0.1797
581.0000	  0.1806
580.5000	  0.1809
580.0000	  0.1818
579.5000	  0.1824
579.0000	  0.1823
578.5000	  0.1832
578.0000	  0.1836
577.5000	  0.1839
577.0000	  0.1850
576.5000	  0.1849
576.0000	  0.1858
575.5000	  0.1859
575.0000	  0.1867
574.5000	  0.1873
574.0000	  0.1876
573.5000	  0.1884
573.0000	  0.1891
572.5000	  0.1897
572.0000	  0.1898
571.5000	  0.1910
571.0000	  0.1910
570.5000	  0.1919
570.0000	  0.1929
569.5000	  0.1928
569.0000	  0.1937
568.5000	  0.1944
568.0000	  0.1951
567.5000	  0.1956
567.0000	  0.1957
566.5000	  0.1966
566.0000	  0.1975
565.5000	  0.1981
565.0000	  0.1988
564.5000	  0.1991
564.0000	  0.2000
563.5000	  0.2007
563.0000	  0.2013
562.5000	  0.2021
562.0000	  0.2027
561.5000	  0.2034
561.0000	  0.2042
560.5000	  0.2050
560.0000	  0.2056
559.5000	  0.2062
559.0000	  0.2071
558.5000	  0.2077
558.0000	  0.2085
557.5000	  0.2091
557.0000	  0.2098
556.5000	  0.2105
556.0000	  0.2112
555.5000	  0.2121
555.0000	  0.2126
554.5000	  0.2134
554.0000	  0.2142
553.5000	  0.2149
553.0000	  0.2159
552.5000	  0.2163
552.0000	  0.2173
551.5000	  0.2179
551.0000	  0.2190
550.5000	  0.2197
550.0000	  0.2202
549.5000	  0.2208
549.0000	  0.2217
548.5000	  0.2228
548.0000	  0.2234
547.5000	  0.2243
547.0000	  0.2251
546.5000	  0.2260
546.0000	  0.2268
545.5000	  0.2273
545.0000	  0.2284
544.5000	  0.2292
544.0000	  0.2298
543.5000	  0.2310
543.0000	  0.2314
542.5000	  0.2328
542.0000	  0.2334
541.5000	  0.2341
541.0000	  0.2351
540.5000	  0.2356
540.0000	  0.2366
539.5000	  0.2372
539.0000	  0.2384
538.5000	  0.2388
538.0000	  0.2401
537.5000	  0.2407
537.0000	  0.2416
536.5000	  0.2428
536.0000	  0.2431
535.5000	  0.2442
535.0000	  0.2450
534.5000	  0.2461
534.0000	  0.2470
533.5000	  0.2474
533.0000	  0.2487
532.5000	  0.2495
532.0000	  0.2506
531.5000	  0.2517
531.0000	  0.2520
530.5000	  0.2528
530.0000	  0.2541
529.5000	  0.2549
529.0000	  0.2554
528.5000	  0.2566
528.0000	  0.2575
527.5000	  0.2585
527.0000	  0.2591
526.5000	  0.2600
526.0000	  0.2611
525.5000	  0.2619
525.0000	  0.2627
524.5000	  0.2643
524.0000	  0.2640
523.5000	  0.2652
523.0000	  0.2664
522.5000	  0.2670
522.0000	  0.2686
521.5000	  0.2687
521.0000	  0.2701
520.5000	  0.2709
520.0000	  0.2716
519.5000	  0.2726
519.0000	  0.2730
518.5000	  0.2738
518.0000	  0.2749
517.5000	  0.2758
517.0000	  0.2768
516.5000	  0.2770
516.0000	  0.2778
515.5000	  0.2785
515.0000	  0.2796
514.5000	  0.2804
514.0000	  0.2808
513.5000	  0.2817
513.0000	  0.2822
512.5000	  0.2830
512.0000	  0.2837
511.5000	  0.2846
511.0000	  0.2856
510.5000	  0.2858
510.0000	  0.2871
509.5000	  0.2871
509.0000	  0.2884
508.5000	  0.2891
508.0000	  0.2898
507.5000	  0.2909
507.0000	  0.2914
506.5000	  0.2920
506.0000	  0.2931
505.5000	  0.2937
505.0000	  0.2948
504.5000	  0.2946
504.0000	  0.2962
503.5000	  0.2965
503.0000	  0.2973
502.5000	  0.2986
502.0000	  0.2991
501.5000	  0.2998
501.0000	  0.3006
500.5000	  0.3011
500.0000	  0.3020
499.5000	  0.3024
499.0000	  0.3033
498.5000	  0.3036
498.0000	  0.3040
497.5000	  0.3050
497.0000	  0.3049
496.5000	  0.3055
496.0000	  0.3061
495.5000	  0.3060
495.0000	  0.3068
494.5000	  0.3065
494.0000	  0.3069
493.5000	  0.3071
493.0000	  0.3069
492.5000	  0.3076
492.0000	  0.3074
491.5000	  0.3074
491.0000	  0.3072
490.5000	  0.3075
490.0000	  0.3070
489.5000	  0.3063
489.0000	  0.3069
488.5000	  0.3063
488.0000	  0.3061
487.5000	  0.3058
487.0000	  0.3054
486.5000	  0.3055
486.0000	  0.3050
485.5000	  0.3049
485.0000	  0.3045
484.5000	  0.3039
484.0000	  0.3039
483.5000	  0.3034
483.0000	  0.3032
482.5000	  0.3018
482.0000	  0.3019
481.5000	  0.3021
481.0000	  0.3010
480.5000	  0.3018
480.0000	  0.3006
479.5000	  0.3000
479.0000	  0.3001
478.5000	  0.2995
478.0000	  0.2993
477.5000	  0.2985
477.0000	  0.2978
476.5000	  0.2981
476.0000	  0.2970
475.5000	  0.2970
475.0000	  0.2962
474.5000	  0.2964
474.0000	  0.2955
473.5000	  0.2950
473.0000	  0.2954
472.5000	  0.2940
472.0000	  0.2939
471.5000	  0.2935
471.0000	  0.2937
470.5000	  0.2928
470.0000	  0.2917
469.5000	  0.2921
469.0000	  0.2918
468.5000	  0.2908
468.0000	  0.2905
467.5000	  0.2905
467.0000	  0.2901
466.5000	  0.2897
466.0000	  0.2891
465.5000	  0.2887
465.0000	  0.2882
464.5000	  0.2887
464.0000	  0.2881
463.5000	  0.2876
463.0000	  0.2877
462.5000	  0.2874
462.0000	  0.2870
461.5000	  0.2869
461.0000	  0.2865
460.5000	  0.2867
460.0000	  0.2848
459.5000	  0.2852
459.0000	  0.2846
458.5000	  0.2845
458.0000	  0.2847
457.5000	  0.2831
457.0000	  0.2825
456.5000	  0.2820
456.0000	  0.2808
455.5000	  0.2802
455.0000	  0.2793
454.5000	  0.2796
454.0000	  0.2787
453.5000	  0.2776
453.0000	  0.2765
452.5000	  0.2758
452.0000	  0.2751
451.5000	  0.2734
451.0000	  0.2730
450.5000	  0.2717
450.0000	  0.2706
449.5000	  0.2700
449.0000	  0.2682
448.5000	  0.2678
448.0000	  0.2669
447.5000	  0.2658
447.0000	  0.2648
446.5000	  0.2641
446.0000	  0.2636
445.5000	  0.2625
445.0000	  0.2610
444.5000	  0.2605
444.0000	  0.2597
443.5000	  0.2589
443.0000	  0.2583
442.5000	  0.2573
442.0000	  0.2575
441.5000	  0.2563
441.0000	  0.2556
440.5000	  0.2548
440.0000	  0.2543
439.5000	  0.2539
439.0000	  0.2533
438.5000	  0.2533
438.0000	  0.2517
437.5000	  0.2518
437.0000	  0.2510
436.5000	  0.2498
436.0000	  0.2499
435.5000	  0.2489
435.0000	  0.2488
434.5000	  0.2482
434.0000	  0.2476
433.5000	  0.2472
433.0000	  0.2464
432.5000	  0.2463
432.0000	  0.2461
431.5000	  0.2455
431.0000	  0.2456
430.5000	  0.2441
430.0000	  0.2440
429.5000	  0.2438
429.0000	  0.2433
428.5000	  0.2425
428.0000	  0.2420
427.5000	  0.2421
427.0000	  0.2417
426.5000	  0.2415
426.0000	  0.2410
425.5000	  0.2401
425.0000	  0.2405
424.5000	  0.2398
424.0000	  0.2393
423.5000	  0.2388
423.0000	  0.2383
422.5000	  0.2388
422.0000	  0.2380
421.5000	  0.2376
421.0000	  0.2377
420.5000	  0.2367
420.0000	  0.2367
419.5000	  0.2363
419.0000	  0.2364
418.5000	  0.2351
418.0000	  0.2351
417.5000	  0.2349
417.0000	  0.2348
416.5000	  0.2341
416.0000	  0.2342
415.5000	  0.2331
415.0000	  0.2332
414.5000	  0.2333
414.0000	  0.2326
413.5000	  0.2319
413.0000	  0.2322
412.5000	  0.2322
412.0000	  0.2315
411.5000	  0.2309
411.0000	  0.2307
410.5000	  0.2302
410.0000	  0.2301
409.5000	  0.2296
409.0000	  0.2291
408.5000	  0.2292
408.0000	  0.2285
407.5000	  0.2283
407.0000	  0.2284
406.5000	  0.2280
406.0000	  0.2277
405.5000	  0.2267
405.0000	  0.2269
404.5000	  0.2265
404.0000	  0.2259
403.5000	  0.2253
403.0000	  0.2252
402.5000	  0.2246
402.0000	  0.2253
401.5000	  0.2242
401.0000	  0.2241
400.5000	  0.2234
400.0000	  0.2237
399.5000	  0.2235
399.0000	  0.2224
398.5000	  0.2231
398.0000	  0.2224
397.5000	  0.2218
397.0000	  0.2217
396.5000	  0.2210
396.0000	  0.2208
395.5000	  0.2209
395.0000	  0.2197
394.5000	  0.2202
394.0000	  0.2192
393.5000	  0.2203
393.0000	  0.2191
392.5000	  0.2203
392.0000	  0.2194
391.5000	  0.2194
391.0000	  0.2191
390.5000	  0.2185
390.0000	  0.2182
389.5000	  0.2187
389.0000	  0.2189
388.5000	  0.2183
388.0000	  0.2178
387.5000	  0.2187
387.0000	  0.2172
386.5000	  0.2178
386.0000	  0.2183
385.5000	  0.2178
385.0000	  0.2181
384.5000	  0.2177
384.0000	  0.2178
383.5000	  0.2171
383.0000	  0.2163
382.5000	  0.2175
382.0000	  0.2172
381.5000	  0.2168
381.0000	  0.2173
380.5000	  0.2171
380.0000	  0.2170
379.5000	  0.2160
379.0000	  0.2164
378.5000	  0.2167
378.0000	  0.2174
377.5000	  0.2157
377.0000	  0.2164
376.5000	  0.2158
376.0000	  0.2159
375.5000	  0.2163
375.0000	  0.2162
374.5000	  0.2154
374.0000	  0.2158
373.5000	  0.2153
373.0000	  0.2157
372.5000	  0.2151
372.0000	  0.2158
371.5000	  0.2152
371.0000	  0.2150
370.5000	  0.2144
370.0000	  0.2139
369.5000	  0.2138
369.0000	  0.2145
368.5000	  0.2142
368.0000	  0.2130
367.5000	  0.2131
367.0000	  0.2142
366.5000	  0.2142
366.0000	  0.2132
365.5000	  0.2143
365.0000	  0.2140
364.5000	  0.2131
364.0000	  0.2133
363.5000	  0.2130
363.0000	  0.2129
362.5000	  0.2120
362.0000	  0.2119
361.5000	  0.2125
361.0000	  0.2116
360.5000	  0.2119
360.0000	  0.2128
359.5000	  0.2117
359.0000	  0.2114
358.5000	  0.2131
358.0000	  0.2115
357.5000	  0.2123
357.0000	  0.2109
356.5000	  0.2122
356.0000	  0.2120
355.5000	  0.2112
355.0000	  0.2123
354.5000	  0.2107
354.0000	  0.2118
353.5000	  0.2120
353.0000	  0.2109
352.5000	  0.2101
352.0000	  0.2096
351.5000	  0.2100
351.0000	  0.2110
350.5000	  0.2088
350.0000	  0.2085
349.5000	  0.2088
349.0000	  0.2088
348.5000	  0.2081
348.0000	  0.2089
347.5000	  0.2079
347.0000	  0.2089
346.5000	  0.2088
346.0000	  0.2066
345.5000	  0.2080
345.0000	  0.2062
344.5000	  0.2071
344.0000	  0.2070
343.5000	  0.2061
343.0000	  0.2070
342.5000	  0.2052
342.0000	  0.2056
341.5000	  0.2058
341.0000	  0.2037
340.5000	  0.2052
340.0000	  0.2019
339.5000	  0.2051
339.0000	  0.2034
338.5000	  0.2022
338.0000	  0.2021
337.5000	  0.2017
337.0000	  0.2012
336.5000	  0.2017
336.0000	  0.2020
335.5000	  0.2016
335.0000	  0.2005
334.5000	  0.1994
334.0000	  0.1993
333.5000	  0.2001
333.0000	  0.1980
332.5000	  0.1977
332.0000	  0.1956
331.5000	  0.1979
331.0000	  0.1970
330.5000	  0.1969
330.0000	  0.1963
329.5000	  0.1960
329.0000	  0.1950
328.5000	  0.1949
328.0000	  0.1946
327.5000	  0.1941
327.0000	  0.1938
326.5000	  0.1937
326.0000	  0.1904
325.5000	  0.1929
325.0000	  0.1924
324.5000	  0.1913
324.0000	  0.1926
323.5000	  0.1898
323.0000	  0.1919
322.5000	  0.1897
322.0000	  0.1900
321.5000	  0.1878
321.0000	  0.1872
320.5000	  0.1885
320.0000	  0.1872
319.5000	  0.1911
319.0000	  0.1879
318.5000	  0.1876
318.0000	  0.1850
317.5000	  0.1841
317.0000	  0.1833
316.5000	  0.1847
316.0000	  0.1848
315.5000	  0.1837
315.0000	  0.1846
314.5000	  0.1843
314.0000	  0.1831
313.5000	  0.1801
313.0000	  0.1800
312.5000	  0.1837
312.0000	  0.1794
311.5000	  0.1829
311.0000	  0.1771
310.5000	  0.1810
310.0000	  0.1774
309.5000	  0.1778
309.0000	  0.1757
308.5000	  0.1785
308.0000	  0.1777
307.5000	  0.1834
307.0000	  0.1736
306.5000	  0.1797
306.0000	  0.1730
305.5000	  0.1761
305.0000	  0.1827
304.5000	  0.1710
304.0000	  0.1723
303.5000	  0.1703
303.0000	  0.1526
302.5000	  0.1783
302.0000	  0.1712
301.5000	  0.1756
301.0000	  0.2005
300.5000	  0.2073
300.0000	  0.1362
299.5000	  0.1962
299.0000	  0.1979
298.5000	  0.2280
298.0000	  0.2498
297.5000	  0.2167
297.0000	  0.4213
296.5000	  0.1536
296.0000	 -0.1514
295.5000	  0.6197
295.0000	 -0.1314
294.5000	 19.2074
294.0000	 -0.0488
293.5000	  7.8815
293.0000	  3.0122
292.5000	  0.5576
292.0000	  0.1358
291.5000	 -0.1410
291.0000	  1.3767
290.5000	 -0.6520
290.0000	  1.5777
289.5000	  1.3486
289.0000	 -0.8108
288.5000	  0.5882
288.0000	  1.0473
287.5000	  0.2533
287.0000	  4.0453
286.5000	  1.0189
286.0000	  0.0325
285.5000	  0.1434
285.0000	  0.8933
284.5000	  0.3699
284.0000	 -3.6444
283.5000	  1.2068
283.0000	  0.8262
282.5000	 -0.6763
282.0000	 -0.4225
281.5000	  0.6626
281.0000	 -0.1092
280.5000	  1.1847
280.0000	 -0.5621
279.5000	  4.1658
279.0000	 -1.2825
278.5000	  0.4029
278.0000	  0.9704
277.5000	  1.9146
277.0000	  0.3082
276.5000	  4.7258
276.0000	 -1.6228
275.5000	 -0.1281
275.0000	  0.4852
274.5000	  0.9044
274.0000	  3.0302
273.5000	  1.0522
273.0000	 -5.3578
272.5000	  3.9600
272.0000	  0.8151
271.5000	  0.6501
271.0000	 -2.7165
270.5000	  0.4890
270.0000	  0.8688
269.5000	  0.7290
269.0000	  1.5244
268.5000	  0.7902
268.0000	 -0.5533
267.5000	 -0.8991
267.0000	 -0.9877
266.5000	  0.0330
266.0000	  0.1802
265.5000	  1.3507
265.0000	  3.7066
264.5000	  3.1768
264.0000	 -0.6549
263.5000	  0.8602
263.0000	  7.9355
262.5000	 -1.6831
262.0000	  0.4141
261.5000	  1.8661
261.0000	  0.7926
260.5000	 -0.2688
260.0000	  2.1602
259.5000	 -0.3598
259.0000	  0.0501
258.5000	  2.8503
258.0000	  1.1008
257.5000	  2.1937
257.0000	  1.6451
256.5000	 -1.3438
256.0000	 -1.5359
255.5000	  4.8722
255.0000	 -0.5917
254.5000	  0.8351
254.0000	  4.4429
253.5000	  1.1877
253.0000	 -1.3196
252.5000	 -0.1852
252.0000	  5.0952
251.5000	  1.5335
251.0000	 -0.2117
250.5000	  0.6497
250.0000	 -0.7017
249.5000	 -1.0471
249.0000	  0.6297
248.5000	  1.4238
248.0000	 -0.5818
247.5000	 -2.4123
247.0000	  0.8889
246.5000	 65.5574
246.0000	  1.9111
245.5000	  0.3287
245.0000	  2.3567
244.5000	 -1.0153
244.0000	  0.5121
243.5000	  0.9853
243.0000	 -0.1980
242.5000	 -0.3369
242.0000	  0.4031
241.5000	 28.9780
241.0000	  1.3026
240.5000	  0.5144
240.0000	 -1.6413
239.5000	 -1.1727
239.0000	  0.5290
238.5000	 16.9527
238.0000	 57.4005
237.5000	  1.4687
237.0000	  0.2008
236.5000	-32.5160
236.0000	 -2.7936
235.5000	  2.4616
235.0000	 -0.3733
234.5000	  1.0189
234.0000	  1.1216
233.5000	  1.0609
233.0000	 -0.1491
232.5000	  1.2388
232.0000	  0.6689
231.5000	  0.9390
231.0000	  2.1146
230.5000	  1.3293
230.0000	 -2.2575
229.5000	 33.5766
229.0000	 -0.1561
228.5000	  0.3734
228.0000	  0.5168
227.5000	  2.2895
227.0000	  1.2273
226.5000	 -0.0425
226.0000	  1.0222
225.5000	 62.8562
225.0000	 -0.7372
224.5000	  1.5449
224.0000	  1.8832
223.5000	  4.1003
223.0000	 -0.3799
222.5000	-10.9890
222.0000	 -1.4372
221.5000	 -3.9915
221.0000	  0.6591
220.5000	 -1.5339
220.0000	 -1.5873
219.5000	-14.0701
219.0000	  1.4867
218.5000	  0.4070
218.0000	 -0.5342
217.5000	  0.6712
217.0000	  3.7827
216.5000	 22.4281
216.0000	  0.2243
215.5000	  0.5750
215.0000	 -1.1639
214.5000	  1.4951
214.0000	  2.5219
213.5000	  1.2919
213.0000	 -1.8892
212.5000	  1.2749
212.0000	  2.5499
211.5000	  2.8957
211.0000	 -0.2099
210.5000	 -0.0475
210.0000	  0.3044
209.5000	 -1.2206
209.0000	  1.4641
208.5000	  0.0649
208.0000	 -0.0516
207.5000	  2.9099
207.0000	  2.2352
206.5000	  1.2470
206.0000	  0.7850
205.5000	  0.2971
205.0000	  0.6873
204.5000	  1.3275
204.0000	 -8.9749
203.5000	  0.5054
203.0000	  2.6555
202.5000	  0.2414
202.0000	  0.2308
201.5000	  0.9487
201.0000	  2.2533
200.5000	  0.0143
200.0000	 -0.1115
