Data1:
lambda		value

Calibration:
lambda:	800
Abs:	-0.0003

Data:
#
900		0.1018
899.5		0.0931262
899		0.109049
898.5		0.10008
898		0.0920415
897.5		0.104189
897		0.0983033
896.5		0.108053
896		0.104497
895.5		0.0960424
895		0.100188
894.5		0.102853
894		0.0979351
893.5		0.108086
893		0.109019
892.5		0.101037
892		0.103497
891.5		0.100189
891		0.112078
890.5		0.100801
890		0.100295
889.5		0.0980609
889		0.0985251
888.5		0.109278
888		0.102278
887.5		0.100493
887		0.0982134
886.5		0.0980491
886		0.0972378
885.5		0.102225
885		0.0988103
884.5		0.105946
884		0.102648
883.5		0.103676
883		0.0992288
882.5		0.101686
882		0.0995005
881.5		0.100653
881		0.0983966
880.5		0.100242
880		0.105215
879.5		0.103368
879		0.101896
878.5		0.0998294
878		0.100853
877.5		0.101289
877		0.100856
876.5		0.104452
876		0.10136
875.5		0.0994419
875		0.10342
874.5		0.103159
874		0.104171
873.5		0.10285
873		0.105178
872.5		0.101616
872		0.100129
871.5		0.105395
871		0.105492
870.5		0.102424
870		0.102741
869.5		0.102454
869		0.10108
868.5		0.103624
868		0.101167
867.5		0.102129
867		0.100359
866.5		0.102464
866		0.102061
865.5		0.101019
865		0.102616
864.5		0.100534
864		0.101416
863.5		0.103934
863		0.100905
862.5		0.102047
862		0.101604
861.5		0.102201
861		0.101376
860.5		0.102867
860		0.102409
859.5		0.100986
859		0.101824
858.5		0.103476
858		0.101895
857.5		0.101597
857		0.101459
856.5		0.101139
856		0.102744
855.5		0.100059
855		0.101665
854.5		0.102009
854		0.102874
853.5		0.101944
853		0.101507
852.5		0.100975
852		0.101589
851.5		0.102849
851		0.10081
850.5		0.101484
850		0.102158
849.5		0.101866
849		0.101265
848.5		0.10126
848		0.101352
847.5		0.101688
847		0.102724
846.5		0.102001
846		0.10161
845.5		0.101811
845		0.100869
844.5		0.101372
844		0.102113
843.5		0.10117
843		0.101589
842.5		0.101908
842		0.101942
841.5		0.101524
841		0.101471
840.5		0.10174
840		0.101531
839.5		0.101243
839		0.102186
838.5		0.101926
838		0.102079
837.5		0.100781
837		0.101277
836.5		0.101865
836		0.101583
835.5		0.101653
835		0.101776
834.5		0.101956
834		0.101241
833.5		0.101468
833		0.101935
832.5		0.101858
832		0.10181
831.5		0.101262
831		0.10172
830.5		0.102033
830		0.101243
829.5		0.101285
829		0.101092
828.5		0.101813
828		0.101254
827.5		0.101455
827		0.101325
826.5		0.101055
826		0.101047
825.5		0.100917
825		0.100868
824.5		0.101267
824		0.100519
823.5		0.100699
823		0.100579
822.5		0.10104
822		0.10012
821.5		0.100439
821		0.100329
820.5		0.100149
820		0.1002
819.5		0.10096
819		0.0999
818.5		0.0997006
818		0.10025
817.5		0.10003
817		0.09994
816.5		0.0997803
816		0.0996608
815.5		0.099382
815		0.10039
814.5		0.0995602
814		0.0994
813.5		0.0996299
813		0.0991702
812.5		0.0996004
812		0.0993503
811.5		0.0991496
811		0.0989406
810.5		0.0988825
810		0.0984409
809.5		0.0990129
809		0.0987296
808.5		0.0988099
808		0.0990901
807.5		0.0989495
807		0.0986605
806.5		0.0988593
806		0.0984689
805.5		0.0978022
805		0.0985887
804.5		0.0981215
804		0.0981822
803.5		0.0984492
803		0.0978532
802.5		0.0979706
802		0.0976656
801.5		0.0974221
801		0.0977564
800.5		0.0968706
800		0.0973708
799.5		0.0973708
799		0.0971668
798.5		0.0972028
798		0.0971029
797.5		0.0974364
797		0.0969933
796.5		0.0969546
796		0.0966776
795.5		0.0966261
795		0.0966517
794.5		0.0965228
794		0.0962364
793.5		0.0962594
793		0.0962711
792.5		0.0960136
792		0.0960769
791.5		0.095732
791		0.0956124
790.5		0.0956374
790		0.0954278
789.5		0.0955236
789		0.0950005
788.5		0.0955522
788		0.0953711
787.5		0.0951906
787		0.0953047
786.5		0.0952333
786		0.094565
785.5		0.0948861
785		0.0944373
784.5		0.0948818
784		0.0942643
783.5		0.0941986
783		0.0946432
782.5		0.0941646
782		0.094052
781.5		0.0939932
781		0.0938995
780.5		0.0937095
780		0.0936815
779.5		0.0937749
779		0.0936658
778.5		0.0931275
778		0.0935316
777.5		0.0930719
777		0.0929375
776.5		0.0926941
776		0.0928728
775.5		0.0927179
775		0.092661
774.5		0.0923827
774		0.0927701
773.5		0.0923951
773		0.0918774
772.5		0.0922417
772		0.0921746
771.5		0.0919884
771		0.0915787
770.5		0.0917322
770		0.0915886
769.5		0.0917422
769		0.0913256
768.5		0.0915514
768		0.0909362
767.5		0.0911173
767		0.0907735
766.5		0.0908276
766		0.0911266
765.5		0.0905378
765		0.0900069
764.5		0.0905013
764		0.0903752
763.5		0.090338
763		0.0900417
762.5		0.0899223
762		0.0895701
761.5		0.089862
761		0.0898955
760.5		0.0894884
760		0.0895597
759.5		0.0894349
759		0.0891384
758.5		0.0890193
758		0.0891207
757.5		0.088975
757		0.0888668
756.5		0.0886151
756		0.0885572
755.5		0.088206
755		0.0885774
754.5		0.0883231
754		0.0879437
753.5		0.0880127
753		0.0877699
752.5		0.0878674
752		0.0875571
751.5		0.0871805
751		0.0875397
750.5		0.0873883
750		0.0871897
749.5		0.087285
749		0.0872237
748.5		0.087099
748		0.0869177
747.5		0.0868314
747		0.0868052
746.5		0.0861334
746		0.0864296
745.5		0.0865165
745		0.0864002
744.5		0.0859522
744		0.0860396
743.5		0.0856463
743		0.0854735
742.5		0.0857539
742		0.0855133
741.5		0.0855276
741		0.0854286
740.5		0.0852729
740		0.0851885
739.5		0.0849608
739		0.0848329
738.5		0.0847676
738		0.0846938
737.5		0.0846268
737		0.0845683
736.5		0.0843623
736		0.0842885
735.5		0.0841149
735		0.0842552
734.5		0.0838913
734		0.0837361
733.5		0.0837113
733		0.083703
732.5		0.0833333
732		0.0831697
731.5		0.0830059
731		0.0833333
730.5		0.0832432
730		0.083219
729.5		0.0827046
729		0.0827303
728.5		0.0821223
728		0.0827553
727.5		0.0823358
727		0.0823506
726.5		0.0825134
726		0.0825412
725.5		0.0824682
725		0.0821321
724.5		0.0818296
724		0.0815364
723.5		0.0818505
723		0.0818461
722.5		0.08149
722		0.0809188
721.5		0.080932
721		0.0809429
720.5		0.0812394
720		0.0811219
719.5		0.0801953
719		0.080715
718.5		0.080547
718		0.0805923
717.5		0.0807087
717		0.0802434
716.5		0.0799213
716		0.0801351
715.5		0.0797517
715		0.0798864
714.5		0.0797494
714		0.0796612
713.5		0.0795606
713		0.0791766
712.5		0.0789853
712		0.0795641
711.5		0.0794971
711		0.0789805
710.5		0.0790829
710		0.0791606
709.5		0.0788908
709		0.0788211
708.5		0.0789009
708		0.0787201
707.5		0.078551
707		0.0786129
706.5		0.0782112
706		0.0786461
705.5		0.0783097
705		0.0782343
704.5		0.077885
704		0.0779925
703.5		0.0778773
703		0.077885
702.5		0.0779694
702		0.0777953
701.5		0.0778172
701		0.0774842
700.5		0.0776211
700		0.0774759
699.5		0.0772875
699		0.0773774
698.5		0.0772718
698		0.0772647
697.5		0.0774995
697		0.0770217
696.5		0.0772117
696		0.0769761
695.5		0.0768397
695		0.0765974
694.5		0.0768016
694		0.0763163
693.5		0.0767334
693		0.0765512
692.5		0.0765668
692		0.0764293
691.5		0.0761331
691		0.0762102
690.5		0.076262
690		0.076088
689.5		0.0758294
689		0.0760945
688.5		0.0758144
688		0.075873
687.5		0.0758832
687		0.0758219
686.5		0.0759131
686		0.0757067
685.5		0.0756319
685		0.0754344
684.5		0.0755257
684		0.0753655
683.5		0.075509
683		0.0753655
682.5		0.0751753
682		0.0752837
681.5		0.0753729
681		0.0748742
680.5		0.0748938
680		0.0750691
679.5		0.0749186
679		0.0749357
678.5		0.0749234
678		0.0748467
677.5		0.0748393
677		0.0747109
676.5		0.0749653
676		0.074807
675.5		0.0748764
675		0.0747377
674.5		0.0745428
674		0.0748219
673.5		0.0747081
673		0.0745796
672.5		0.0746564
672		0.0746712
671.5		0.074587
671		0.0744954
670.5		0.0744039
670		0.0747599
669.5		0.0741546
669		0.0741291
668.5		0.0743344
668		0.0741326
667.5		0.0742609
667		0.0743196
666.5		0.0740558
666		0.0741549
665.5		0.074162
665		0.0742574
664.5		0.0741475
664		0.0740265
663.5		0.0744923
663		0.0740741
662.5		0.0741217
662		0.0741658
661.5		0.0741511
661		0.0739458
660.5		0.0740594
660		0.0739897
659.5		0.0741255
659		0.0741878
658.5		0.0741402
658		0.0740777
657.5		0.073997
657		0.0740337
656.5		0.0741034
656		0.0741328
655.5		0.0742653
655		0.0740337
654.5		0.0740117
654		0.0740924
653.5		0.0740777
653		0.0742727
652.5		0.0738721
652		0.0740924
651.5		0.0743169
651		0.0741878
650.5		0.0741218
650		0.0742358
649.5		0.0743169
649		0.0743096
648.5		0.0742653
648		0.0743613
647.5		0.0742323
647		0.0744723
646.5		0.0744607
646		0.0743317
645.5		0.0744237
645		0.0746417
644.5		0.0745274
644		0.0746388
643.5		0.0744872
643		0.0746388
642.5		0.0746284
642		0.0748903
641.5		0.0747505
641		0.0747058
640.5		0.0747906
640		0.0749225
639.5		0.075085
639		0.07497
638.5		0.0752828
638		0.0751978
637.5		0.0751631
637		0.0752483
636.5		0.0752634
636		0.0754774
635.5		0.0754395
635		0.0756844
634.5		0.075599
634		0.075637
633.5		0.0758447
633		0.0758906
632.5		0.0758279
632		0.076099
631.5		0.0759915
631		0.0761385
630.5		0.0764646
630		0.0764575
629.5		0.0764498
629		0.0766908
628.5		0.076544
628		0.0767995
627.5		0.0767768
627		0.0770155
626.5		0.0769077
626		0.0771759
625.5		0.0772976
625		0.0771513
624.5		0.0775316
624		0.0773704
623.5		0.0773546
623		0.0775201
622.5		0.077533
622		0.0780392
621.5		0.0778636
621		0.0781616
620.5		0.078332
620		0.0782922
619.5		0.0783209
619		0.0786047
618.5		0.0784903
618		0.0787127
617.5		0.0786234
617		0.0788503
616.5		0.0791521
616		0.0791598
615.5		0.0792185
615		0.0793342
614.5		0.0793743
614		0.0797313
613.5		0.0797588
613		0.0799027
612.5		0.0804206
612		0.0802451
611.5		0.0804363
611		0.0805212
610.5		0.0809468
610		0.0809024
609.5		0.0810259
609		0.0811862
608.5		0.0813727
608		0.0817696
607.5		0.0817775
607		0.0819226
606.5		0.0819975
606		0.082409
605.5		0.0824101
605		0.0826286
604.5		0.0828149
604		0.0829444
603.5		0.0833981
603		0.0833981
602.5		0.0835519
602		0.0839405
601.5		0.0839561
601		0.0843467
600.5		0.0844005
600		0.0849432
599.5		0.084782
599		0.0850034
598.5		0.0852901
598		0.0854817
597.5		0.0859557
597		0.0859641
596.5		0.0862821
596		0.0865515
595.5		0.086287
595		0.0869734
594.5		0.0873401
594		0.0874576
593.5		0.0877703
593		0.0878706
592.5		0.0881271
592		0.0884519
591.5		0.0886309
591		0.0889125
590.5		0.0891837
590		0.0894049
589.5		0.0896158
589		0.0899594
588.5		0.0904168
588		0.0905043
587.5		0.0909355
587		0.0910849
586.5		0.0910847
586		0.0914446
585.5		0.0921842
585		0.0920405
584.5		0.092428
584		0.0927447
583.5		0.0931893
583		0.0936351
582.5		0.0935961
582		0.0938496
581.5		0.0941301
581		0.0943978
580.5		0.09493
580		0.0950314
579.5		0.0956379
579		0.0956975
578.5		0.0960408
578		0.0966216
577.5		0.0967711
577		0.0970106
576.5		0.0973682
576		0.0978408
575.5		0.098348
575		0.0986119
574.5		0.0986893
574		0.0993161
573.5		0.0994613
573		0.100424
572.5		0.10053
572		0.100414
571.5		0.101078
571		0.101473
570.5		0.101935
570		0.102196
569.5		0.102579
569		0.103077
568.5		0.103614
568		0.103475
567.5		0.10463
567		0.104625
566.5		0.105334
566		0.105592
565.5		0.105748
565		0.106463
564.5		0.106968
564		0.107386
563.5		0.107537
563		0.107714
562.5		0.108623
562		0.109117
561.5		0.109354
561		0.110065
560.5		0.110419
560		0.110908
559.5		0.111731
559		0.111889
558.5		0.112456
558		0.112883
557.5		0.113242
557		0.113713
556.5		0.114256
556		0.114562
555.5		0.115108
555		0.115624
554.5		0.116355
554		0.116723
553.5		0.117298
553		0.117715
552.5		0.118334
552		0.118667
551.5		0.119383
551		0.120031
550.5		0.120425
550		0.12063
549.5		0.121502
549		0.122084
548.5		0.122439
548		0.123064
547.5		0.123365
547		0.124139
546.5		0.124892
546		0.125311
545.5		0.126305
545		0.126613
544.5		0.127128
544		0.127556
543.5		0.128068
543		0.129088
542.5		0.129365
542		0.129957
541.5		0.130319
541		0.130891
540.5		0.131546
540		0.132165
539.5		0.133168
539		0.133346
538.5		0.134071
538		0.13479
537.5		0.135099
537		0.135943
536.5		0.136416
536		0.137287
535.5		0.137744
535		0.138276
534.5		0.138873
534		0.139876
533.5		0.140207
533		0.140979
532.5		0.141292
532		0.142109
531.5		0.14302
531		0.143618
530.5		0.144367
530		0.145128
529.5		0.145669
529		0.146518
528.5		0.146961
528		0.147627
527.5		0.148543
527		0.149092
526.5		0.149819
526		0.150281
525.5		0.151417
525		0.152234
524.5		0.152858
524		0.153663
523.5		0.15452
523		0.155135
522.5		0.155551
522		0.156363
521.5		0.157018
521		0.15803
520.5		0.158425
520		0.159136
519.5		0.159536
519		0.160464
518.5		0.16157
518		0.16183
517.5		0.162463
517		0.163494
516.5		0.164036
516		0.165205
515.5		0.165413
515		0.166111
514.5		0.167016
514		0.167444
513.5		0.1684
513		0.168874
512.5		0.16972
512		0.170471
511.5		0.170778
511		0.171999
510.5		0.172246
510		0.172703
509.5		0.173681
509		0.173967
508.5		0.174535
508		0.174948
507.5		0.175821
507		0.17642
506.5		0.176588
506		0.177352
505.5		0.177938
505		0.178375
504.5		0.178818
504		0.179252
503.5		0.179702
503		0.179934
502.5		0.18046
502		0.180897
501.5		0.181223
501		0.181563
500.5		0.18261
500		0.18209
499.5		0.182751
499		0.182851
498.5		0.182451
498		0.18366
497.5		0.183463
497		0.183757
496.5		0.183779
496		0.184308
495.5		0.184113
495		0.184259
494.5		0.184223
494		0.18454
493.5		0.184445
493		0.18479
492.5		0.184576
492		0.184501
491.5		0.184621
491		0.184252
490.5		0.184822
490		0.18459
489.5		0.184268
489		0.184276
488.5		0.183883
488		0.183507
487.5		0.183904
487		0.183315
486.5		0.183199
486		0.182625
485.5		0.182159
485		0.182243
484.5		0.182184
484		0.181544
483.5		0.181453
483		0.180832
482.5		0.180699
482		0.180518
481.5		0.179973
481		0.179611
480.5		0.178886
480		0.178536
479.5		0.178487
479		0.177901
478.5		0.177479
478		0.176977
477.5		0.176391
477		0.176327
476.5		0.175429
476		0.175285
475.5		0.174477
475		0.173482
474.5		0.173999
474		0.172947
473.5		0.172541
473		0.172206
472.5		0.171031
472		0.171554
471.5		0.170461
471		0.169658
470.5		0.169732
470		0.168969
469.5		0.168674
469		0.167928
468.5		0.167318
468		0.167274
467.5		0.166357
467		0.165885
466.5		0.165165
466		0.16496
465.5		0.164287
465		0.163646
464.5		0.163353
464		0.162587
463.5		0.162601
463		0.161347
462.5		0.161584
462		0.160502
461.5		0.160657
461		0.159665
460.5		0.159148
460		0.158846
459.5		0.158393
459		0.157826
458.5		0.156734
458		0.157161
457.5		0.155999
457		0.155067
456.5		0.155283
456		0.154085
455.5		0.154318
455		0.153394
454.5		0.153507
454		0.152795
453.5		0.152383
453		0.150818
452.5		0.151202
452		0.150378
451.5		0.150369
451		0.149791
450.5		0.149215
450		0.148378
449.5		0.148015
449		0.147336
448.5		0.14756
448		0.146226
447.5		0.146245
447		0.145676
446.5		0.145119
446		0.145062
445.5		0.144281
445		0.143815
444.5		0.14378
444		0.143046
443.5		0.142504
443		0.142072
442.5		0.142034
442		0.141602
441.5		0.140642
441		0.140426
440.5		0.140384
440		0.139758
439.5		0.139845
439		0.13901
438.5		0.13896
438		0.13839
437.5		0.138094
437		0.137695
436.5		0.137051
436		0.136922
435.5		0.136639
435		0.135875
434.5		0.135805
434		0.135094
433.5		0.134866
433		0.134555
432.5		0.134117
432		0.133795
431.5		0.133369
431		0.132605
430.5		0.133191
430		0.132262
429.5		0.132107
429		0.132101
428.5		0.131121
428		0.130922
427.5		0.130836
427		0.130381
426.5		0.129973
426		0.129264
425.5		0.129087
425		0.128618
424.5		0.128564
424		0.128216
423.5		0.127919
423		0.127599
422.5		0.127633
422		0.126643
421.5		0.126813
421		0.126378
420.5		0.125816
420		0.12607
419.5		0.125066
419		0.125187
418.5		0.124703
418		0.12356
417.5		0.124077
417		0.123214
416.5		0.123298
416		0.123089
415.5		0.122698
415		0.122479
414.5		0.122088
414		0.121855
413.5		0.121584
413		0.120669
412.5		0.121077
412		0.12028
411.5		0.120655
411		0.120178
410.5		0.119557
410		0.119492
409.5		0.118416
409		0.118083
408.5		0.118001
408		0.117965
407.5		0.117786
407		0.117268
406.5		0.117134
406		0.117134
405.5		0.11615
405		0.116196
404.5		0.116
404		0.115421
403.5		0.115147
403		0.114941
402.5		0.114797
402		0.114807
401.5		0.114239
401		0.114137
400.5		0.113392
400		0.113109
399.5		0.113409
399		0.112411
398.5		0.112149
398		0.112006
397.5		0.111592
397		0.111785
396.5		0.111371
396		0.111602
395.5		0.11088
395		0.11066
394.5		0.110928
394		0.110009
393.5		0.110245
393		0.109704
392.5		0.109429
392		0.10929
391.5		0.109102
391		0.108748
390.5		0.108619
390		0.108298
389.5		0.107883
389		0.107642
388.5		0.107849
388		0.107738
387.5		0.106997
387		0.106826
386.5		0.106564
386		0.106553
385.5		0.106253
385		0.105951
384.5		0.105058
384		0.105477
383.5		0.105628
383		0.104792
382.5		0.104479
382		0.104725
381.5		0.103675
381		0.104142
380.5		0.104013
380		0.103954
379.5		0.103111
379		0.102907
378.5		0.103246
378		0.102536
377.5		0.10303
377		0.102635
376.5		0.102168
376		0.101979
375.5		0.102121
375		0.101784
374.5		0.102123
374		0.101376
373.5		0.101856
373		0.101024
372.5		0.101324
372		0.101944
371.5		0.0997926
371		0.100307
370.5		0.100432
370		0.100349
369.5		0.0994926
369		0.0998178
368.5		0.0994123
368		0.0993119
367.5		0.0982445
367		0.0986869
366.5		0.0988093
366		0.0987287
365.5		0.0989601
365		0.0983458
364.5		0.0982769
364		0.098566
363.5		0.0982797
363		0.0972679
362.5		0.097172
362		0.0970627
361.5		0.0966025
361		0.0964675
360.5		0.097597
360		0.0963569
359.5		0.0970754
359		0.096502
358.5		0.0956635
358		0.0963224
357.5		0.0960959
357		0.0959139
356.5		0.0960235
356		0.0951295
355.5		0.0956564
355		0.095145
354.5		0.0944971
354		0.0944116
353.5		0.0945573
353		0.0943197
352.5		0.0938438
352		0.0940474
351.5		0.0938057
351		0.0943121
350.5		0.0935101
350		0.0931737
349.5		0.092603
349		0.0924329
348.5		0.0919531
348		0.0909164
347.5		0.0921307
347		0.0914148
346.5		0.091303
346		0.0906255
345.5		0.0899395
345		0.090589
344.5		0.0904281
344		0.0906402
343.5		0.0891903
343		0.0899209
342.5		0.0887225
342		0.0890821
341.5		0.0883152
341		0.0875883
340.5		0.0888184
340		0.087132
339.5		0.0862757
339		0.0855845
338.5		0.0863536
338		0.0865658
337.5		0.0858174
337		0.0856043
336.5		0.0829561
336		0.085362
335.5		0.084661
335		0.0841638
334.5		0.0839498
334		0.0834692
333.5		0.0829843
333		0.0840395
332.5		0.0825888
332		0.0818822
331.5		0.0827207
331		0.0826671
330.5		0.0818497
330		0.0804491
329.5		0.0819874
329		0.0824734
328.5		0.0805179
328		0.0819283
327.5		0.0807096
327		0.0806279
326.5		0.0809116
326		0.0795324
325.5		0.0804404
325		0.0803694
324.5		0.0829309
324		0.0805036
323.5		0.0810852
323		0.0826313
322.5		0.0816607
322		0.0820259
321.5		0.0807829
321		0.0802731
320.5		0.0818603
320		0.0817928
319.5		0.0839867
319		0.0820254
318.5		0.0843091
318		0.0824275
317.5		0.0840875
317		0.0847914
316.5		0.0850809
316		0.0881781
315.5		0.0882595
315		0.0901169
314.5		0.0890676
314		0.0910644
313.5		0.0910509
313		0.0931988
312.5		0.0941264
312		0.0973432
311.5		0.10127
311		0.101477
310.5		0.107119
310		0.104292
309.5		0.108781
309		0.111267
308.5		0.115204
308		0.120056
307.5		0.124041
307		0.126189
306.5		0.129971
306		0.136908
305.5		0.137562
305		0.148368
304.5		0.148608
304		0.158875
303.5		0.172644
303		0.178809
302.5		0.189362
302		0.190062
301.5		0.238554
301		0.220653
300.5		0.241093
300		0.268809
299.5		0.263303
299		0.293081
298.5		0.282396
298		0.332061
297.5		0.400636
297		0.413047
296.5		0.437766
296		0.47671
295.5		0.590778
295		0.491538
294.5		0.550427
294		0.445396
293.5		0.500753
293		0.723696
292.5		0.743421
292		0.430439
291.5		0.0558857
291		0.16074
290.5		0.203955
290		0.469225
289.5		0.835602
289		0.296737
288.5		-0.260937
288		0.288263
287.5		0.665941
287		0.0537372
286.5		0.410599
286		0.058766
285.5		0.789525
285		-0.0976536
284.5		0.0693634
284		1.53522
283.5		0.34478
283		-0.649693
282.5		-4.13137
282		0.238263
281.5		0.63692
281		0.530722
280.5		0.182449
280		0.00299076
279.5		-0.372625
279		-0.0610094
278.5		0.223362
278		0.11921
277.5		0.218931
277		0.456469
276.5		-0.0594059
276		0.453251
275.5		-0.23822
275		-0.452715
274.5		0.795223
274		0.261542
273.5		0.351604
273		0.346623
272.5		0.552099
272		0.0652231
271.5		-0.244338
271		0.931089
270.5		0.0765734
270		1.36929
269.5		0.35043
269		-0.138419
268.5		0.115052
268		-0.0928972
267.5		1.34871
267		0.337667
266.5		-0.112241
266		0.166549
265.5		0.283055
265		0.181331
264.5		0.399003
264		1.44606
263.5		0.6346
263		0.0670377
262.5		0.0611661
262		0.0104849
261.5		1.86591
261		-0.581072
260.5		0.435589
260		0.472257
259.5		0.364413
259		-1.70131
258.5		0.54128
258		-1.70206
257.5		0.670911
257		0.886722
256.5		-0.217763
256		-0.304183
255.5		0.638427
255		0.684811
254.5		0.188521
254		0.320224
253.5		-0.932363
253		0.0700841
252.5		0.0840935
252		-0.0310559
251.5		0.329001
251		-0.0241715
250.5		0.0296593
250		0.212836
249.5		-0.0890854
249		-3.32361
248.5		-0.16819
248		0.56011
247.5		0.369433
247		0.0621903
246.5		-0.342512
246		-1.2755
245.5		-12.8724
245		0.280548
244.5		-0.194153
244		-1.90885
243.5		0.266987
243		0.0971422
242.5		0.082105
242		0.961432
241.5		0.068262
241		-0.343826
240.5		-0.979156
240		0.0739873
239.5		0.268944
239		-0.0876381
238.5		0.292028
238		-0.624811
237.5		-18.8921
237		0.448087
236.5		0.974299
236		0.00739553
235.5		0.370395
235		-0.0789127
234.5		0.307055
234		-0.138039
233.5		0.605333
233		0.102049
232.5		0.010198
232		-0.0929809
231.5		1.30221
231		0.167364
230.5		13.8277
230		0.342275
229.5		-0.0983467
229		-0.0657074
228.5		-0.24188
228		0.221998
227.5		0.871926
227		0.766543
226.5		-0.771985
226		-1.3013
225.5		-0.563364
225		0.0126898
224.5		-0.282756
224		0.0514433
223.5		-0.230657
223		0.455938
222.5		-0.155323
222		0.0272076
221.5		0.0524211
221		-7.58534
220.5		0.0382696
220		-0.216333
219.5		0
219		-0.139726
218.5		-2.16192
218		-0.0229159
217.5		-0.0536387
217		0.224915
216.5		-0.796285
216		0.613904
215.5		0.301521
215		0.362329
214.5		-0.0895004
214		1.45841
213.5		-0.0224953
213		0.211362
212.5		0.665836
212		0.48017
211.5		1.79882
211		-0.19146
210.5		-0.663831
210		0.0270826
209.5		-4.81167
209		5.2147
208.5		0.196763
208		-0.158163
207.5		0.482637
207		-1.77774
206.5		0
206		0.17403
205.5		0.274211
205		0.426097
204.5		2.20198
204		3.14195
203.5		1.07248
203		0.956645
202.5		0.0325037
202		0.152102
201.5		0.216679
201		-0.0836346
200.5		-0.197122
200		-0.462877
Data2:
lambda		value

Calibration:
lambda:	800
Abs:	0.0002

Data:
#
900		0.108954
899.5		0.106749
899		0.114756
898.5		0.100929
898		0.104352
897.5		0.107298
897		0.10679
896.5		0.107289
896		0.10435
895.5		0.0976616
895		0.104681
894.5		0.0921515
894		0.101525
893.5		0.107525
893		0.107087
892.5		0.101673
892		0.10274
891.5		0.104827
891		0.109807
890.5		0.0995493
890		0.10487
889.5		0.106051
889		0.106404
888.5		0.106859
888		0.102832
887.5		0.103362
887		0.105372
886.5		0.105481
886		0.110035
885.5		0.105159
885		0.103384
884.5		0.102959
884		0.102804
883.5		0.108024
883		0.107099
882.5		0.104061
882		0.107846
881.5		0.102087
881		0.103328
880.5		0.105226
880		0.107806
879.5		0.106465
879		0.106107
878.5		0.106906
878		0.10492
877.5		0.106436
877		0.109877
876.5		0.10783
876		0.106552
875.5		0.106802
875		0.107839
874.5		0.105642
874		0.107146
873.5		0.104831
873		0.107857
872.5		0.105811
872		0.104163
871.5		0.105448
871		0.105748
870.5		0.105159
870		0.103994
869.5		0.106697
869		0.106332
868.5		0.10598
868		0.107407
867.5		0.105379
867		0.106105
866.5		0.106123
866		0.106296
865.5		0.106568
865		0.104882
864.5		0.104346
864		0.107952
863.5		0.104585
863		0.10563
862.5		0.106993
862		0.105122
861.5		0.106737
861		0.106755
860.5		0.106831
860		0.106328
859.5		0.105819
859		0.10495
858.5		0.105614
858		0.104924
857.5		0.10674
857		0.107171
856.5		0.105748
856		0.105373
855.5		0.106248
855		0.105383
854.5		0.106019
854		0.105503
853.5		0.105268
853		0.105623
852.5		0.105559
852		0.105689
851.5		0.106476
851		0.105799
850.5		0.105888
850		0.106269
849.5		0.105471
849		0.106158
848.5		0.105149
848		0.106339
847.5		0.105887
847		0.105539
846.5		0.105699
846		0.106007
845.5		0.106019
845		0.10596
844.5		0.104977
844		0.105424
843.5		0.105056
843		0.105887
842.5		0.105222
842		0.105248
841.5		0.105534
841		0.105372
840.5		0.105451
840		0.10583
839.5		0.105242
839		0.105503
838.5		0.105435
838		0.105102
837.5		0.105086
837		0.105388
836.5		0.105289
836		0.104998
835.5		0.105169
835		0.1053
834.5		0.105284
834		0.105065
833.5		0.104892
833		0.105263
832.5		0.104991
832		0.105043
831.5		0.104792
831		0.104755
830.5		0.105174
830		0.104975
829.5		0.104524
829		0.104819
828.5		0.104455
828		0.104791
827.5		0.104397
827		0.104167
826.5		0.104094
826		0.103992
825.5		0.104455
825		0.104013
824.5		0.104113
824		0.104364
823.5		0.104248
823		0.104422
822.5		0.103994
822		0.103761
821.5		0.103886
821		0.104075
820.5		0.10329
820		0.103645
819.5		0.10361
819		0.103652
818.5		0.103245
818		0.103303
817.5		0.103891
817		0.10299
816.5		0.102928
816		0.102904
815.5		0.102623
815		0.103345
814.5		0.10311
814		0.102951
813.5		0.102582
813		0.103121
812.5		0.102349
812		0.1025
811.5		0.102503
811		0.10239
810.5		0.101827
810		0.10209
809.5		0.102255
809		0.101882
808.5		0.102361
808		0.101641
807.5		0.102002
807		0.10181
806.5		0.101712
806		0.101622
805.5		0.101549
805		0.101242
804.5		0.10147
804		0.101029
803.5		0.101201
803		0.101199
802.5		0.10092
802		0.100808
801.5		0.10057
801		0.100812
800.5		0.100309
800		0.10062
799.5		0.10062
799		0.100409
798.5		0.10005
798		0.10005
797.5		0.100691
797		0.10024
796.5		0.0999001
796		0.0997205
795.5		0.0997703
795		0.0999
794.5		0.0993702
794		0.0995805
793.5		0.0991018
793		0.0993199
792.5		0.0993603
792		0.099229
791.5		0.0989724
791		0.0984471
790.5		0.0985817
790		0.0985649
789.5		0.0985704
789		0.098143
788.5		0.0988
788		0.0981136
787.5		0.0983328
787		0.0982509
786.5		0.0980744
786		0.0975002
785.5		0.0980314
785		0.0973716
784.5		0.0975245
784		0.0972056
783.5		0.0968385
783		0.0974903
782.5		0.097505
782		0.0972887
781.5		0.0971349
781		0.097038
780.5		0.0967485
780		0.0968192
779.5		0.0967162
779		0.0966068
778.5		0.0963627
778		0.0962748
777.5		0.0959068
777		0.096173
776.5		0.095732
776		0.095608
775.5		0.09575
775		0.0962038
774.5		0.0955129
774		0.0956139
773.5		0.0950339
773		0.0950105
772.5		0.0952809
772		0.0947075
771.5		0.0950289
771		0.0944129
770.5		0.0947641
770		0.0944262
769.5		0.0946781
769		0.094161
768.5		0.0938869
768		0.0936691
767.5		0.0939524
767		0.0937034
766.5		0.0936628
766		0.0933666
765.5		0.0935725
765		0.0925338
764.5		0.0933387
764		0.0928102
763.5		0.0932761
763		0.0925723
762.5		0.0925575
762		0.0927014
761.5		0.0919928
761		0.0921315
760.5		0.0925207
760		0.0920961
759.5		0.0918682
759		0.0917677
758.5		0.0918499
758		0.0916501
757.5		0.0914064
757		0.091099
756.5		0.0907464
756		0.0912892
755.5		0.0911352
755		0.0910086
754.5		0.0911533
754		0.0904672
753.5		0.0908457
753		0.0902031
752.5		0.0904937
752		0.0900865
751.5		0.089999
751		0.0899692
750.5		0.0897168
750		0.0896175
749.5		0.0897155
749		0.0892503
748.5		0.0894277
748		0.0895448
747.5		0.0890588
747		0.0894349
746.5		0.0888536
746		0.0886592
745.5		0.0889418
745		0.0884279
744.5		0.0882761
744		0.0880634
743.5		0.0881682
743		0.0880952
742.5		0.0879786
742		0.087935
741.5		0.0878479
741		0.0875508
740.5		0.0875941
740		0.0876064
739.5		0.0873835
739		0.0871501
738.5		0.0869866
738		0.0869135
737.5		0.0870425
737		0.0867846
736.5		0.0868749
736		0.0865052
735.5		0.0862307
735		0.0866686
734.5		0.0860014
734		0.086343
733.5		0.0860215
733		0.0859144
732.5		0.0857368
732		0.0857648
731.5		0.0855037
731		0.0851419
730.5		0.0855457
730		0.0848289
729.5		0.0852941
729		0.0849232
728.5		0.0849922
728		0.0847507
727.5		0.0842259
727		0.0845359
726.5		0.084308
726		0.084328
725.5		0.0842555
725		0.0836237
724.5		0.0838965
724		0.0835982
723.5		0.083622
723		0.0836133
722.5		0.0835409
722		0.0831506
721.5		0.0831589
721		0.0829703
720.5		0.0828844
720		0.0828609
719.5		0.0829575
719		0.0827294
718.5		0.0826462
718		0.0825989
717.5		0.0824346
717		0.0823419
716.5		0.082396
716		0.0821442
715.5		0.0820474
715		0.082197
714.5		0.0820669
714		0.0817939
713.5		0.0816054
713		0.0816092
712.5		0.0815228
712		0.0814357
711.5		0.0815675
711		0.0814427
710.5		0.0811625
710		0.08125
709.5		0.0810784
709		0.0812108
708.5		0.0809033
708		0.0807228
707.5		0.0805594
707		0.0806229
706.5		0.0804179
706		0.0803633
705.5		0.0804179
705		0.0803431
704.5		0.0801891
704		0.0799053
703.5		0.0796887
703		0.0796966
702.5		0.0798817
702		0.0795107
701.5		0.0796294
701		0.0796923
700.5		0.0794356
700		0.0792869
699.5		0.0793008
699		0.0792869
698.5		0.0793807
698		0.0792773
697.5		0.0789188
697		0.0789344
696.5		0.0787316
696		0.0786905
695.5		0.0787502
695		0.0786052
694.5		0.0785185
694		0.0787215
693.5		0.0783501
693		0.0782669
692.5		0.078182
692		0.0780478
691.5		0.0781466
691		0.077826
690.5		0.0779798
690		0.0781003
689.5		0.0777438
689		0.0779118
688.5		0.0776296
688		0.077791
687.5		0.0775002
687		0.077341
686.5		0.0774321
686		0.0774251
685.5		0.0773486
685		0.0772498
684.5		0.0770446
684		0.0772804
683.5		0.0769307
683		0.0770827
682.5		0.0769915
682		0.0768016
681.5		0.0767938
681		0.076589
680.5		0.076809
680		0.0765886
679.5		0.0765357
679		0.0767555
678.5		0.0764438
678		0.0765654
677.5		0.076459
677		0.0763298
676.5		0.0766868
676		0.0762301
675.5		0.0762989
675		0.0764584
674.5		0.0760633
674		0.0761462
673.5		0.0761311
673		0.0761999
672.5		0.0757816
672		0.0758955
671.5		0.0761085
671		0.075918
670.5		0.0760245
670		0.0758867
669.5		0.075873
669		0.0757501
668.5		0.0757576
668		0.0756527
667.5		0.0755837
667		0.0756436
666.5		0.0756751
666		0.0756794
665.5		0.0755837
665		0.075582
664.5		0.0756719
664		0.0755463
663.5		0.0756194
663		0.0753988
662.5		0.0755446
662		0.0755895
661.5		0.0754754
661		0.075468
660.5		0.075582
660		0.0756119
659.5		0.0755503
659		0.0754137
658.5		0.0753669
658		0.0755035
657.5		0.0755203
657		0.0755578
656.5		0.0753296
656		0.0751611
655.5		0.0754942
655		0.0753594
654.5		0.075337
654		0.0756177
653.5		0.0755035
653		0.0757004
652.5		0.0752976
652		0.0754193
651.5		0.0756461
651		0.0753146
650.5		0.0756478
650		0.0755635
649.5		0.0755467
649		0.0756386
648.5		0.0754942
648		0.0756913
647.5		0.0756612
647		0.0757048
646.5		0.0756913
646		0.0757606
645.5		0.0755542
645		0.0757742
644.5		0.0757591
644		0.0759721
643.5		0.0756202
643		0.0759721
642.5		0.0759633
642		0.0758256
641.5		0.0761857
641		0.0761401
640.5		0.0762247
640		0.0761609
639.5		0.0763229
639		0.0764076
638.5		0.0765224
638		0.0765378
637.5		0.0766064
637		0.0766914
636.5		0.0767068
636		0.0768225
635.5		0.0768844
635		0.0770315
634.5		0.0769463
634		0.0771866
633.5		0.0771948
633		0.0774435
632.5		0.0774826
632		0.0776542
631.5		0.0777464
631		0.0778945
630.5		0.0778171
630		0.077909
629.5		0.078002
629		0.0780385
628.5		0.078092
628		0.0781438
627.5		0.0783175
627		0.0783567
626.5		0.0783433
626		0.0785095
625.5		0.0787276
625		0.078377
624.5		0.0785594
624		0.0787891
623.5		0.0785742
623		0.0787378
622.5		0.0788443
622		0.0791564
621.5		0.0793697
621		0.0792737
620.5		0.0794424
620		0.0793033
619.5		0.0794283
619		0.0797123
618.5		0.0795962
618		0.0796237
617.5		0.0797284
617		0.0800544
616.5		0.0804553
616		0.0802685
615.5		0.0803268
615		0.0806389
614.5		0.0807737
614		0.0809389
613.5		0.080868
613		0.0812074
612.5		0.0813365
612		0.0814519
611.5		0.0815472
611		0.0816307
610.5		0.0819608
610		0.0820119
609.5		0.0820373
609		0.0822957
608.5		0.0826768
608		0.0827821
607.5		0.083082
607		0.0829359
606.5		0.0833009
606		0.0835199
605.5		0.0835197
605		0.0836413
604.5		0.0839249
604		0.0842494
603.5		0.0843139
603		0.0844099
602.5		0.0847589
602		0.0850505
601.5		0.0850651
601		0.0854584
600.5		0.085412
600		0.0857615
599.5		0.0862806
599		0.0860132
598.5		0.0865935
598		0.0866867
597.5		0.086872
597		0.0872692
596.5		0.0872939
596		0.0875643
595.5		0.0876853
595		0.0879845
594.5		0.0883522
594		0.088469
593.5		0.0887832
593		0.0890763
592.5		0.0894293
592		0.089464
591.5		0.0898354
591		0.0899235
590.5		0.0901957
590		0.0906099
589.5		0.0909179
589		0.0909707
588.5		0.091428
588		0.0918071
587.5		0.0919485
587		0.0920964
586.5		0.092385
586		0.0926481
585.5		0.093003
585		0.0930502
584.5		0.0935356
584		0.0939494
583.5		0.0939099
583		0.0946482
582.5		0.0948976
582		0.0951507
581.5		0.0955279
581		0.0957939
580.5		0.0961353
580		0.096332
579.5		0.0967462
579		0.0969984
578.5		0.0972436
578		0.0977306
577.5		0.0981678
577		0.0983116
576.5		0.0989583
576		0.0991417
575.5		0.099652
575		0.0998168
574.5		0.0998939
574		0.100713
573.5		0.100857
573		0.101535
572.5		0.101639
572		0.101811
571.5		0.102379
571		0.103063
570.5		0.102947
570		0.103498
569.5		0.10388
569		0.104185
568.5		0.10501
568		0.104869
567.5		0.105643
567		0.106119
566.5		0.106346
566		0.106892
565.5		0.107047
565		0.107572
564.5		0.108269
564		0.108783
563.5		0.109318
563		0.109204
562.5		0.110214
562		0.11061
561.5		0.110557
561		0.11156
560.5		0.111431
560		0.112787
559.5		0.113326
559		0.113479
558.5		0.114239
558		0.114571
557.5		0.114735
557		0.115591
556.5		0.116134
556		0.116727
555.5		0.117083
555		0.117309
554.5		0.118138
554		0.118504
553.5		0.119175
553		0.119497
552.5		0.120115
552		0.120736
551.5		0.121262
551		0.121909
550.5		0.1224
550		0.122695
549.5		0.12367
549		0.124055
548.5		0.124796
548		0.125132
547.5		0.125334
547		0.126209
546.5		0.12677
546		0.127381
545.5		0.12809
545		0.128394
544.5		0.129199
544		0.129529
543.5		0.130231
543		0.130872
542.5		0.131144
542		0.132218
541.5		0.13229
541		0.133149
540.5		0.133709
540		0.133848
539.5		0.135238
539		0.135509
538.5		0.136329
538		0.136572
537.5		0.13707
537		0.1383
536.5		0.13877
536		0.139355
535.5		0.13981
535		0.14015
534.5		0.141225
534		0.141945
533.5		0.142368
533		0.143334
532.5		0.144124
532		0.144462
531.5		0.14528
531		0.14597
530.5		0.146913
530		0.147291
529.5		0.147926
529		0.148875
528.5		0.149315
528		0.149981
527.5		0.150805
527		0.151636
526.5		0.152366
526		0.152923
525.5		0.153773
525		0.154403
524.5		0.15531
524		0.155831
523.5		0.156786
523		0.157399
522.5		0.15791
522		0.158721
521.5		0.159474
521		0.160488
520.5		0.160784
520		0.161591
519.5		0.162466
519		0.163207
518.5		0.16403
518		0.164382
517.5		0.165397
517		0.166048
516.5		0.166587
516		0.167477
515.5		0.16835
515		0.168858
514.5		0.170054
514		0.170095
513.5		0.171249
513		0.17172
512.5		0.172568
512		0.173323
511.5		0.173528
511		0.174756
510.5		0.175191
510		0.175646
509.5		0.176628
509		0.176812
508.5		0.177863
508		0.178078
507.5		0.178857
507		0.179931
506.5		0.179711
506		0.180378
505.5		0.180774
505		0.181207
504.5		0.18193
504		0.18217
503.5		0.182521
503		0.182658
502.5		0.183271
502		0.183423
501.5		0.183742
501		0.184174
500.5		0.184849
500		0.184788
499.5		0.185261
499		0.185451
498.5		0.185416
498		0.18607
497.5		0.185869
497		0.186346
496.5		0.186458
496		0.186707
495.5		0.187159
495		0.186652
494.5		0.186705
494		0.187022
493.5		0.186832
493		0.187085
492.5		0.18696
492		0.186793
491.5		0.187093
491		0.18672
490.5		0.186834
490		0.187064
489.5		0.186371
489		0.18656
488.5		0.185983
488		0.18588
487.5		0.1861
487		0.185504
486.5		0.185389
486		0.185548
485.5		0.184617
485		0.184707
484.5		0.184646
484		0.184369
483.5		0.183452
483		0.183834
482.5		0.182971
482		0.182788
481.5		0.182058
481		0.181785
480.5		0.18124
480		0.181256
479.5		0.181024
479		0.18016
478.5		0.179739
478		0.179141
477.5		0.178552
477		0.178581
476.5		0.177587
476		0.177173
475.5		0.1769
475		0.176084
474.5		0.175882
474		0.174915
473.5		0.175047
473		0.17453
472.5		0.17371
472		0.173156
471.5		0.172689
471		0.171967
470.5		0.171684
470		0.171273
469.5		0.170266
469		0.170052
468.5		0.169526
468		0.169214
467.5		0.168114
467		0.167994
466.5		0.167094
466		0.166799
465.5		0.166123
465		0.165478
464.5		0.165537
464		0.164853
463.5		0.164604
463		0.163342
462.5		0.163315
462		0.162754
461.5		0.162561
461		0.162002
460.5		0.161043
460		0.161001
459.5		0.160024
459		0.159802
458.5		0.159484
458		0.158788
457.5		0.1584
457		0.157722
456.5		0.157512
456		0.156827
455.5		0.156288
455		0.156661
454.5		0.155996
454		0.155025
453.5		0.154438
453		0.154172
452.5		0.153873
452		0.153485
451.5		0.15313
451		0.152995
450.5		0.15251
450		0.151671
449.5		0.151666
449		0.150896
448.5		0.150171
448		0.149798
447.5		0.149297
447		0.149
446.5		0.14835
446		0.148302
445.5		0.147785
445		0.14688
444.5		0.146765
444		0.146203
443.5		0.145574
443		0.145593
442.5		0.144934
442		0.144683
441.5		0.144162
441		0.143769
440.5		0.143644
440		0.143022
439.5		0.142933
439		0.142184
438.5		0.141867
438		0.14094
437.5		0.140735
437		0.140606
436.5		0.139959
436		0.139386
435.5		0.139282
435		0.138602
434.5		0.138361
434		0.138091
433.5		0.137413
433		0.137108
432.5		0.137117
432		0.136343
431.5		0.136364
431		0.135863
430.5		0.135747
430		0.134986
429.5		0.134921
429		0.134294
428.5		0.133931
428		0.134092
427.5		0.133381
427		0.132925
426.5		0.132423
426		0.13198
425.5		0.131803
425		0.131509
424.5		0.13119
424		0.130839
423.5		0.130454
423		0.1304
422.5		0.129638
422		0.129169
421.5		0.129169
421		0.128992
420.5		0.128694
420		0.128511
419.5		0.128119
419		0.12718
418.5		0.127225
418		0.126606
417.5		0.126858
417		0.125986
416.5		0.126076
416		0.125956
415.5		0.125208
415		0.124814
414.5		0.124507
414		0.12454
413.5		0.124003
413		0.123173
412.5		0.12341
412		0.122606
411.5		0.122985
411		0.122419
410.5		0.121966
410		0.122174
409.5		0.121172
409		0.121099
408.5		0.120491
408		0.120286
407.5		0.120196
407		0.119669
406.5		0.119888
406		0.119365
405.5		0.118894
405		0.119386
404.5		0.118399
404		0.11843
403.5		0.117806
403		0.117249
402.5		0.117453
402		0.116681
401.5		0.116722
401		0.116269
400.5		0.116041
400		0.116026
399.5		0.115545
399		0.115408
398.5		0.114446
398		0.114652
397.5		0.114325
397		0.114432
396.5		0.113845
396		0.113556
395.5		0.113613
395		0.112955
394.5		0.113315
394		0.112558
393.5		0.112545
393		0.112079
392.5		0.111886
392		0.111408
391.5		0.111475
391		0.111121
390.5		0.110643
390		0.110491
389.5		0.10973
389		0.110177
388.5		0.109779
388		0.109666
387.5		0.109176
387		0.109006
386.5		0.109083
386		0.108216
385.5		0.10783
385		0.10812
384.5		0.107811
384		0.107643
383.5		0.107028
383		0.106781
382.5		0.10646
382		0.106968
381.5		0.106501
381		0.106039
380.5		0.105904
380		0.106022
379.5		0.104911
379		0.104967
378.5		0.104799
378		0.105175
377.5		0.104915
377		0.104686
376.5		0.10413
376		0.104529
375.5		0.104252
375		0.103578
374.5		0.104255
374		0.103753
373.5		0.103656
373		0.102983
372.5		0.103365
372		0.103322
371.5		0.101909
371		0.101929
370.5		0.10147
370		0.101886
369.5		0.102696
369		0.102014
368.5		0.101524
368		0.101095
367.5		0.100594
367		0.100711
366.5		0.101001
366		0.100256
365.5		0.100735
365		0.100527
364.5		0.100627
364		0.100008
363.5		0.0996377
363		0.0997777
362.5		0.099926
362		0.0998112
361.5		0.0996724
361		0.0989669
360.5		0.0989498
360		0.0985258
359.5		0.0985084
359		0.0982626
358.5		0.0971647
358		0.0984104
357.5		0.0977658
357		0.097748
356.5		0.0973697
356		0.0968793
355.5		0.0972414
355		0.0976286
354.5		0.0963191
354		0.0969653
353.5		0.0967087
353		0.0967088
352.5		0.095667
352		0.0955378
351.5		0.0955471
351		0.0955662
350.5		0.0952458
350		0.0953961
349.5		0.0942544
349		0.0940826
348.5		0.0944003
348		0.0931966
347.5		0.0939387
347		0.0939516
346.5		0.0927041
346		0.0922621
345.5		0.0919659
345		0.0913458
344.5		0.0920683
344		0.0915561
343.5		0.0914605
343		0.0913961
342.5		0.0908294
342		0.0914313
341.5		0.0905893
341		0.0893708
340.5		0.089409
340		0.0886707
339.5		0.0896773
339		0.0892997
338.5		0.090171
338		0.088966
337.5		0.0890685
337		0.0890163
336.5		0.0877508
336		0.0884594
335.5		0.0874287
335		0.0872342
334.5		0.087722
334		0.0864533
333.5		0.0847234
333		0.0864831
332.5		0.0864293
332		0.0856302
331.5		0.0853847
331		0.085417
330.5		0.0841172
330		0.0858249
329.5		0.0854043
329		0.0844311
328.5		0.0837676
328		0.0831097
327.5		0.0844281
327		0.0844887
326.5		0.0836202
326		0.0833079
325.5		0.0846783
325		0.0836833
324.5		0.0844196
324		0.0836641
323.5		0.083327
323		0.0851145
322.5		0.0845167
322		0.0860952
321.5		0.0836105
321		0.0855408
320.5		0.0856102
320		0.0852959
319.5		0.0857531
319		0.0858308
318.5		0.0867594
318		0.0886506
317.5		0.0886458
317		0.0889371
316.5		0.0896831
316		0.0914256
315.5		0.0902413
315		0.0917151
314.5		0.0937197
314		0.0942191
313.5		0.0985141
313		0.098243
312.5		0.100409
312		0.101735
311.5		0.106506
311		0.104396
310.5		0.111152
310		0.111597
309.5		0.113352
309		0.11831
308.5		0.126131
308		0.123924
307.5		0.128252
307		0.134278
306.5		0.137373
306		0.150698
305.5		0.149778
305		0.155671
304.5		0.165546
304		0.180417
303.5		0.175862
303		0.186859
302.5		0.196477
302		0.227721
301.5		0.242798
301		0.222327
300.5		0.245554
300		0.280767
299.5		0.324995
299		0.340474
298.5		0.374566
298		0.438752
297.5		0.354554
297		0.483866
296.5		0.368061
296		0.477388
295.5		0.690912
295		0.7553
294.5		0.569438
294		0.831668
293.5		0.540436
293		0.534416
292.5		0.395236
292		0.346074
291.5		2.05399
291		0.226396
290.5		0.554227
290		0.859652
289.5		3.23176
289		-0.0664884
288.5		-0.169345
288		-0.0307055
287.5		-0.603399
287		-0.178232
286.5		0.487825
286		-2.974
285.5		-0.0133417
285		-0.167622
284.5		1.06925
284		-0.722009
283.5		0.476594
283		-0.0160354
282.5		-1.0531
282		-3.5311
281.5		-1.22052
281		-0.0776015
280.5		0.609847
280		1.25539
279.5		2.69882
279		-1.38632
278.5		0.137364
278		0.408472
277.5		-9.23921
277		-1.50747
276.5		0.838431
276		0.0588314
275.5		0.392836
275		-0.378872
274.5		-0.314854
274		0.102448
273.5		0.575018
273		-25.6386
272.5		7.94858
272		0.323597
271.5		-0.0485825
271		0.979648
270.5		4.30204
270		0.216656
269.5		0.42493
269		0.368805
268.5		0.1038
268		0.0694373
267.5		0.369392
267		-0.18948
266.5		-0.396904
266		-0.72361
265.5		5.20599
265		0.432808
264.5		0.0619435
264		-0.3407
263.5		1.59497
263		2.79889
262.5		-0.271816
262		0.119491
261.5		0.0360518
261		0.38452
260.5		7.58307
260		0.502695
259.5		0.101814
259		0.156998
258.5		0.577737
258		0.552641
257.5		0.0869064
257		2.72352
256.5		-0.282201
256		-0.0236002
255.5		0.0388484
255		0.806467
254.5		-0.143858
254		0.154446
253.5		-0.352906
253		0.217183
252.5		-0.295503
252		-0.284743
251.5		0.200745
251		-1.11309
250.5		0.484498
250		0.302221
249.5		-0.00260221
249		-3.60122
248.5		-1.10973
248		-0.146078
247.5		-0.875599
247		0.0273442
246.5		-0.121578
246		-0.00486949
245.5		-1.59576
245		0.171993
244.5		0.506792
244		-2.60055
243.5		0.555875
243		-0.623724
242.5		0.533064
242		0.00205895
241.5		-7.81871
241		-2.75065
240.5		3.50951
240		0.0646896
239.5		0.227388
239		0.0678769
238.5		0.313151
238		0.00723506
237.5		-1.78359
237		0.383082
236.5		0.153685
236		-0.327298
235.5		0.141981
235		0.17032
234.5		-0.284067
234		-0.490671
233.5		0.629639
233		-0.290156
232.5		0.970642
232		-0.0549948
231.5		-10.3428
231		-2.52591
230.5		0.465618
230		-0.0530846
229.5		0.614812
229		0.801967
228.5		5.65794
228		8.87745
227.5		0.174568
227		-0.136645
226.5		0.520113
226		-0.27923
225.5		2.04763
225		0.222238
224.5		0.218441
224		0.539938
223.5		0.138116
223		-0.185685
222.5		0.448697
222		-0.551217
221.5		0.116117
221		-0.227644
220.5		-2.72312
220		1.16214
219.5		0.162261
219		4.22421
218.5		0.0232047
218		16.0105
217.5		0.193015
217		0.529565
216.5		-0.286154
216		-0.913237
215.5		0.169237
215		0.0137014
214.5		-5.69069
214		-1.0618
213.5		-0.0535595
213		0.543233
212.5		0.617068
212		-1.0243
211.5		0.266181
211		0.0369555
210.5		0.0644001
210		0.263095
209.5		-0.182642
209		-3.4585
208.5		-0.578628
208		1.09907
207.5		0.160884
207		-0.220365
206.5		0.331208
206		-0.0216513
205.5		0.0907089
205		4.09194
204.5		0.096686
204		0.302266
203.5		0.294162
203		-0.0666382
202.5		0.0270359
202		0.429924
201.5		0.343833
201		-0.227904
200.5		0.51627
200		1.38722
Data1 - Data2
lambda		value

Calibration:
lambda:	2.12203e-314
Abs:	6.91514e-310

Data:
#
900		-0.0071
899.5		-0.0138
899		-0.0056
898.5		-0.0008
898		-0.0124
897.5		-0.0031
897		-0.0082
896.5		0.0008
896		0.0002
895.5		-0.0016
895		-0.0045
894.5		0.0107
894		-0.0036
893.5		0.0006
893		0.0019
892.5		-0.0006
892		0.0008
891.5		-0.0046
891		0.0023
890.5		0.0013
890		-0.0046
889.5		-0.0079
889		-0.0078
888.5		0.0024
888		-0.0005
887.5		-0.0028
887		-0.0072
886.5		-0.0073
886		-0.0125
885.5		-0.0029
885		-0.0046
884.5		0.003
884		-0.0001
883.5		-0.0043
883		-0.0076
882.5		-0.0023
882		-0.0083
881.5		-0.0014
881		-0.0049
880.5		-0.0049
880		-0.0025
879.5		-0.003
879		-0.0041
878.5		-0.007
878		-0.004
877.5		-0.0051
877		-0.0088
876.5		-0.0033
876		-0.0051
875.5		-0.0072
875		-0.0043
874.5		-0.0024
874		-0.0029
873.5		-0.0019
873		-0.0026
872.5		-0.0041
872		-0.004
871.5		0
871		-0.0002
870.5		-0.0027
870		-0.0012
869.5		-0.0042
869		-0.0052
868.5		-0.0023
868		-0.0062
867.5		-0.0032
867		-0.0057
866.5		-0.0036
866		-0.0042
865.5		-0.0055
865		-0.0022
864.5		-0.0038
864		-0.0065
863.5		-0.0006
863		-0.0047
862.5		-0.0049
862		-0.0035
861.5		-0.0045
861		-0.0053
860.5		-0.0039
860		-0.0039
859.5		-0.0048
859		-0.0031
858.5		-0.0021
858		-0.003
857.5		-0.0051
857		-0.0057
856.5		-0.0046
856		-0.0026
855.5		-0.0062
855		-0.0037
854.5		-0.004
854		-0.0026
853.5		-0.0033
853		-0.0041
852.5		-0.0046
852		-0.0041
851.5		-0.0036
851		-0.005
850.5		-0.0044
850		-0.0041
849.5		-0.0036
849		-0.0049
848.5		-0.0039
848		-0.005
847.5		-0.0042
847		-0.0028
846.5		-0.0037
846		-0.0044
845.5		-0.0042
845		-0.0051
844.5		-0.0036
844		-0.0033
843.5		-0.0039
843		-0.0043
842.5		-0.0033
842		-0.0033
841.5		-0.004
841		-0.0039
840.5		-0.0037
840		-0.0043
839.5		-0.004
839		-0.0033
838.5		-0.0035
838		-0.003
837.5		-0.0043
837		-0.0041
836.5		-0.0034
836		-0.0034
835.5		-0.0035
835		-0.0035
834.5		-0.0033
834		-0.0038
833.5		-0.0034
833		-0.0033
832.5		-0.0031
832		-0.0032
831.5		-0.0035
831		-0.003
830.5		-0.0031
830		-0.0037
829.5		-0.0032
829		-0.0037
828.5		-0.0026
828		-0.0035
827.5		-0.0029
827		-0.0028
826.5		-0.003
826		-0.0029
825.5		-0.0035
825		-0.0031
824.5		-0.0028
824		-0.0038
823.5		-0.0035
823		-0.0038
822.5		-0.0029
822		-0.0036
821.5		-0.0034
821		-0.0037
820.5		-0.0031
820		-0.0034
819.5		-0.0026
819		-0.0037
818.5		-0.0035
818		-0.003
817.5		-0.0038
817		-0.003
816.5		-0.0031
816		-0.0032
815.5		-0.0032
815		-0.0029
814.5		-0.0035
814		-0.0035
813.5		-0.0029
813		-0.0039
812.5		-0.0027
812		-0.0031
811.5		-0.0033
811		-0.0034
810.5		-0.0029
810		-0.0036
809.5		-0.0032
809		-0.0031
808.5		-0.0035
808		-0.0025
807.5		-0.003
807		-0.0031
806.5		-0.0028
806		-0.0031
805.5		-0.0037
805		-0.0026
804.5		-0.0033
804		-0.0028
803.5		-0.0027
803		-0.0033
802.5		-0.0029
802		-0.0031
801.5		-0.0031
801		-0.003
800.5		-0.0034
800		-0.0032
799.5		-0.0032
799		-0.0032
798.5		-0.0028
798		-0.0029
797.5		-0.0032
797		-0.0032
796.5		-0.0029
796		-0.003
795.5		-0.0031
795		-0.0032
794.5		-0.0028
794		-0.0033
793.5		-0.0028
793		-0.003
792.5		-0.0033
792		-0.0031
791.5		-0.0032
791		-0.0028
790.5		-0.0029
790		-0.0031
789.5		-0.003
789		-0.0031
788.5		-0.0032
788		-0.0027
787.5		-0.0031
787		-0.0029
786.5		-0.0028
786		-0.0029
785.5		-0.0031
785		-0.0029
784.5		-0.0026
784		-0.0029
783.5		-0.0026
783		-0.0028
782.5		-0.0033
782		-0.0032
781.5		-0.0031
781		-0.0031
780.5		-0.003
780		-0.0031
779.5		-0.0029
779		-0.0029
778.5		-0.0032
778		-0.0027
777.5		-0.0028
777		-0.0032
776.5		-0.003
776		-0.0027
775.5		-0.003
775		-0.0035
774.5		-0.0031
774		-0.0028
773.5		-0.0026
773		-0.0031
772.5		-0.003
772		-0.0025
771.5		-0.003
771		-0.0028
770.5		-0.003
770		-0.0028
769.5		-0.0029
769		-0.0028
768.5		-0.0023
768		-0.0027
767.5		-0.0028
767		-0.0029
766.5		-0.0028
766		-0.0022
765.5		-0.003
765		-0.0025
764.5		-0.0028
764		-0.0024
763.5		-0.0029
763		-0.0025
762.5		-0.0026
762		-0.0031
761.5		-0.0021
761		-0.0022
760.5		-0.003
760		-0.0025
759.5		-0.0024
759		-0.0026
758.5		-0.0028
758		-0.0025
757.5		-0.0024
757		-0.0022
756.5		-0.0021
756		-0.0027
755.5		-0.0029
755		-0.0024
754.5		-0.0028
754		-0.0025
753.5		-0.0028
753		-0.0024
752.5		-0.0026
752		-0.0025
751.5		-0.0028
751		-0.0024
750.5		-0.0023
750		-0.0024
749.5		-0.0024
749		-0.002
748.5		-0.0023
748		-0.0026
747.5		-0.0022
747		-0.0026
746.5		-0.0027
746		-0.0022
745.5		-0.0024
745		-0.002
744.5		-0.0023
744		-0.002
743.5		-0.0025
743		-0.0026
742.5		-0.0022
742		-0.0024
741.5		-0.0023
741		-0.0021
740.5		-0.0023
740		-0.0024
739.5		-0.0024
739		-0.0023
738.5		-0.0022
738		-0.0022
737.5		-0.0024
737		-0.0022
736.5		-0.0025
736		-0.0022
735.5		-0.0021
735		-0.0024
734.5		-0.0021
734		-0.0026
733.5		-0.0023
733		-0.0022
732.5		-0.0024
732		-0.0026
731.5		-0.0025
731		-0.0018
730.5		-0.0023
730		-0.0016
729.5		-0.0026
729		-0.0022
728.5		-0.0029
728		-0.002
727.5		-0.0019
727		-0.0022
726.5		-0.0018
726		-0.0018
725.5		-0.0018
725		-0.0015
724.5		-0.0021
724		-0.0021
723.5		-0.0018
723		-0.0018
722.5		-0.0021
722		-0.0023
721.5		-0.0023
721		-0.0021
720.5		-0.0017
720		-0.0018
719.5		-0.0029
719		-0.0021
718.5		-0.0022
718		-0.0021
717.5		-0.0018
717		-0.0022
716.5		-0.0026
716		-0.0021
715.5		-0.0024
715		-0.0024
714.5		-0.0024
714		-0.0022
713.5		-0.0021
713		-0.0025
712.5		-0.0026
712		-0.0019
711.5		-0.0021
711		-0.0025
710.5		-0.0021
710		-0.0021
709.5		-0.0022
709		-0.0024
708.5		-0.002
708		-0.002
707.5		-0.002
707		-0.002
706.5		-0.0022
706		-0.0017
705.5		-0.0021
705		-0.0021
704.5		-0.0023
704		-0.0019
703.5		-0.0018
703		-0.0018
702.5		-0.0019
702		-0.0017
701.5		-0.0018
701		-0.0022
700.5		-0.0018
700		-0.0018
699.5		-0.002
699		-0.0019
698.5		-0.0021
698		-0.002
697.5		-0.0014
697		-0.0019
696.5		-0.0015
696		-0.0017
695.5		-0.0019
695		-0.002
694.5		-0.0017
694		-0.0024
693.5		-0.0016
693		-0.0017
692.5		-0.0016
692		-0.0016
691.5		-0.002
691		-0.0016
690.5		-0.0017
690		-0.002
689.5		-0.0019
689		-0.0018
688.5		-0.0018
688		-0.0019
687.5		-0.0016
687		-0.0015
686.5		-0.0015
686		-0.0017
685.5		-0.0017
685		-0.0018
684.5		-0.0015
684		-0.0019
683.5		-0.0014
683		-0.0017
682.5		-0.0018
682		-0.0015
681.5		-0.0014
681		-0.0017
680.5		-0.0019
680		-0.0015
679.5		-0.0016
679		-0.0018
678.5		-0.0015
678		-0.0017
677.5		-0.0016
677		-0.0016
676.5		-0.0017
676		-0.0014
675.5		-0.0014
675		-0.0017
674.5		-0.0015
674		-0.0013
673.5		-0.0014
673		-0.0016
672.5		-0.0011
672		-0.0012
671.5		-0.0015
671		-0.0014
670.5		-0.0016
670		-0.0011
669.5		-0.0017
669		-0.0016
668.5		-0.0014
668		-0.0015
667.5		-0.0013
667		-0.0013
666.5		-0.0016
666		-0.0015
665.5		-0.0014
665		-0.0013
664.5		-0.0015
664		-0.0015
663.5		-0.0011
663		-0.0013
662.5		-0.0014
662		-0.0014
661.5		-0.0013
661		-0.0015
660.5		-0.0015
660		-0.0016
659.5		-0.0014
659		-0.0012
658.5		-0.0012
658		-0.0014
657.5		-0.0015
657		-0.0015
656.5		-0.0012
656		-0.001
655.5		-0.0012
655		-0.0013
654.5		-0.0013
654		-0.0015
653.5		-0.0014
653		-0.0014
652.5		-0.0014
652		-0.0013
651.5		-0.0013
651		-0.0011
650.5		-0.0015
650		-0.0013
649.5		-0.0012
649		-0.0013
648.5		-0.0012
648		-0.0013
647.5		-0.0014
647		-0.0012
646.5		-0.0012
646		-0.0014
645.5		-0.0011
645		-0.0011
644.5		-0.0012
644		-0.0013
643.5		-0.0011
643		-0.0013
642.5		-0.0013
642		-0.0009
641.5		-0.0014
641		-0.0014
640.5		-0.0014
640		-0.0012
639.5		-0.0012
639		-0.0014
638.5		-0.0012
638		-0.0013
637.5		-0.0014
637		-0.0014
636.5		-0.0014
636		-0.0013
635.5		-0.0014
635		-0.0013
634.5		-0.0013
634		-0.0015
633.5		-0.0013
633		-0.0015
632.5		-0.0016
632		-0.0015
631.5		-0.0017
631		-0.0017
630.5		-0.0013
630		-0.0014
629.5		-0.0015
629		-0.0013
628.5		-0.0015
628		-0.0013
627.5		-0.0015
627		-0.0013
626.5		-0.0014
626		-0.0013
625.5		-0.0014
625		-0.0012
624.5		-0.001
624		-0.0014
623.5		-0.0012
623		-0.0012
622.5		-0.0013
622		-0.0011
621.5		-0.0015
621		-0.0011
620.5		-0.0011
620		-0.001
619.5		-0.0011
619		-0.0011
618.5		-0.0011
618		-0.0009
617.5		-0.0011
617		-0.0012
616.5		-0.0013
616		-0.0011
615.5		-0.0011
615		-0.0013
614.5		-0.0014
614		-0.0012
613.5		-0.0011
613		-0.0013
612.5		-0.0009
612		-0.0012
611.5		-0.0011
611		-0.0011
610.5		-0.001
610		-0.0011
609.5		-0.001
609		-0.0011
608.5		-0.0013
608		-0.001
607.5		-0.0013
607		-0.001
606.5		-0.0013
606		-0.0011
605.5		-0.0011
605		-0.001
604.5		-0.0011
604		-0.0013
603.5		-0.0009
603		-0.001
602.5		-0.0012
602		-0.0011
601.5		-0.0011
601		-0.0011
600.5		-0.001
600		-0.0008
599.5		-0.0015
599		-0.001
598.5		-0.0013
598		-0.0012
597.5		-0.0009
597		-0.0013
596.5		-0.001
596		-0.001
595.5		-0.0014
595		-0.001
594.5		-0.001
594		-0.001
593.5		-0.001
593		-0.0012
592.5		-0.0013
592		-0.001
591.5		-0.0012
591		-0.001
590.5		-0.001
590		-0.0012
589.5		-0.0013
589		-0.001
588.5		-0.001
588		-0.0013
587.5		-0.001
587		-0.001
586.5		-0.0013
586		-0.0012
585.5		-0.0008
585		-0.001
584.5		-0.0011
584		-0.0012
583.5		-0.0007
583		-0.001
582.5		-0.0013
582		-0.0013
581.5		-0.0014
581		-0.0014
580.5		-0.0012
580		-0.0013
579.5		-0.0011
579		-0.0013
578.5		-0.0012
578		-0.0011
577.5		-0.0014
577		-0.0013
576.5		-0.0016
576		-0.0013
575.5		-0.0013
575		-0.0012
574.5		-0.0012
574		-0.0014
573.5		-0.0014
573		-0.0011
572.5		-0.0011
572		-0.0014
571.5		-0.0013
571		-0.0016
570.5		-0.001
570		-0.0013
569.5		-0.0013
569		-0.0011
568.5		-0.0014
568		-0.0014
567.5		-0.001
567		-0.0015
566.5		-0.001
566		-0.0013
565.5		-0.0013
565		-0.0011
564.5		-0.0013
564		-0.0014
563.5		-0.0018
563		-0.0015
562.5		-0.0016
562		-0.0015
561.5		-0.0012
561		-0.0015
560.5		-0.001
560		-0.0019
559.5		-0.0016
559		-0.0016
558.5		-0.0018
558		-0.0017
557.5		-0.0015
557		-0.0019
556.5		-0.0019
556		-0.0022
555.5		-0.002
555		-0.0017
554.5		-0.0018
554		-0.0018
553.5		-0.0019
553		-0.0018
552.5		-0.0018
552		-0.0021
551.5		-0.0019
551		-0.0019
550.5		-0.002
550		-0.0021
549.5		-0.0022
549		-0.002
548.5		-0.0024
548		-0.0021
547.5		-0.002
547		-0.0021
546.5		-0.0019
546		-0.0021
545.5		-0.0018
545		-0.0018
544.5		-0.0021
544		-0.002
543.5		-0.0022
543		-0.0018
542.5		-0.0018
542		-0.0023
541.5		-0.002
541		-0.0023
540.5		-0.0022
540		-0.0017
539.5		-0.0021
539		-0.0022
538.5		-0.0023
538		-0.0018
537.5		-0.002
537		-0.0024
536.5		-0.0024
536		-0.0021
535.5		-0.0021
535		-0.0019
534.5		-0.0024
534		-0.0021
533.5		-0.0022
533		-0.0024
532.5		-0.0029
532		-0.0024
531.5		-0.0023
531		-0.0024
530.5		-0.0026
530		-0.0022
529.5		-0.0023
529		-0.0024
528.5		-0.0024
528		-0.0024
527.5		-0.0023
527		-0.0026
526.5		-0.0026
526		-0.0027
525.5		-0.0024
525		-0.0022
524.5		-0.0025
524		-0.0022
523.5		-0.0023
523		-0.0023
522.5		-0.0024
522		-0.0024
521.5		-0.0025
521		-0.0025
520.5		-0.0024
520		-0.0025
519.5		-0.003
519		-0.0028
518.5		-0.0025
518		-0.0026
517.5		-0.003
517		-0.0026
516.5		-0.0026
516		-0.0023
515.5		-0.003
515		-0.0028
514.5		-0.0031
514		-0.0027
513.5		-0.0029
513		-0.0029
512.5		-0.0029
512		-0.0029
511.5		-0.0028
511		-0.0028
510.5		-0.003
510		-0.003
509.5		-0.003
509		-0.0029
508.5		-0.0034
508		-0.0032
507.5		-0.0031
507		-0.0036
506.5		-0.0032
506		-0.0031
505.5		-0.0029
505		-0.0029
504.5		-0.0032
504		-0.003
503.5		-0.0029
503		-0.0028
502.5		-0.0029
502		-0.0026
501.5		-0.0026
501		-0.0027
500.5		-0.0023
500		-0.0028
499.5		-0.0026
499		-0.0027
498.5		-0.0031
498		-0.0025
497.5		-0.0025
497		-0.0027
496.5		-0.0028
496		-0.0025
495.5		-0.0032
495		-0.0025
494.5		-0.0026
494		-0.0026
493.5		-0.0025
493		-0.0024
492.5		-0.0025
492		-0.0024
491.5		-0.0026
491		-0.0026
490.5		-0.0021
490		-0.0026
489.5		-0.0022
489		-0.0024
488.5		-0.0022
488		-0.0025
487.5		-0.0023
487		-0.0023
486.5		-0.0023
486		-0.0031
485.5		-0.0026
485		-0.0026
484.5		-0.0026
484		-0.003
483.5		-0.0021
483		-0.0032
482.5		-0.0024
482		-0.0024
481.5		-0.0022
481		-0.0023
480.5		-0.0025
480		-0.0029
479.5		-0.0027
479		-0.0024
478.5		-0.0024
478		-0.0023
477.5		-0.0023
477		-0.0024
476.5		-0.0023
476		-0.002
475.5		-0.0026
475		-0.0028
474.5		-0.002
474		-0.0021
473.5		-0.0027
473		-0.0025
472.5		-0.0029
472		-0.0017
471.5		-0.0024
471		-0.0025
470.5		-0.0021
470		-0.0025
469.5		-0.0017
469		-0.0023
468.5		-0.0024
468		-0.0021
467.5		-0.0019
467		-0.0023
466.5		-0.0021
466		-0.002
465.5		-0.002
465		-0.002
464.5		-0.0024
464		-0.0025
463.5		-0.0022
463		-0.0022
462.5		-0.0019
462		-0.0025
461.5		-0.0021
461		-0.0026
460.5		-0.0021
460		-0.0024
459.5		-0.0018
459		-0.0022
458.5		-0.0031
458		-0.0018
457.5		-0.0027
457		-0.003
456.5		-0.0025
456		-0.0031
455.5		-0.0022
455		-0.0037
454.5		-0.0028
454		-0.0025
453.5		-0.0023
453		-0.0038
452.5		-0.003
452		-0.0035
451.5		-0.0031
451		-0.0036
450.5		-0.0037
450		-0.0037
449.5		-0.0041
449		-0.004
448.5		-0.0029
448		-0.004
447.5		-0.0034
447		-0.0037
446.5		-0.0036
446		-0.0036
445.5		-0.0039
445		-0.0034
444.5		-0.0033
444		-0.0035
443.5		-0.0034
443		-0.0039
442.5		-0.0032
442		-0.0034
441.5		-0.0039
441		-0.0037
440.5		-0.0036
440		-0.0036
439.5		-0.0034
439		-0.0035
438.5		-0.0032
438		-0.0028
437.5		-0.0029
437		-0.0032
436.5		-0.0032
436		-0.0027
435.5		-0.0029
435		-0.003
434.5		-0.0028
434		-0.0033
433.5		-0.0028
433		-0.0028
432.5		-0.0033
432		-0.0028
431.5		-0.0033
431		-0.0036
430.5		-0.0028
430		-0.003
429.5		-0.0031
429		-0.0024
428.5		-0.0031
428		-0.0035
427.5		-0.0028
427		-0.0028
426.5		-0.0027
426		-0.003
425.5		-0.003
425		-0.0032
424.5		-0.0029
424		-0.0029
423.5		-0.0028
423		-0.0031
422.5		-0.0022
422		-0.0028
421.5		-0.0026
421		-0.0029
420.5		-0.0032
420		-0.0027
419.5		-0.0034
419		-0.0022
418.5		-0.0028
418		-0.0034
417.5		-0.0031
417		-0.0031
416.5		-0.0031
416		-0.0032
415.5		-0.0028
415		-0.0026
414.5		-0.0027
414		-0.003
413.5		-0.0027
413		-0.0028
412.5		-0.0026
412		-0.0026
411.5		-0.0026
411		-0.0025
410.5		-0.0027
410		-0.003
409.5		-0.0031
409		-0.0034
408.5		-0.0028
408		-0.0026
407.5		-0.0027
407		-0.0027
406.5		-0.0031
406		-0.0025
405.5		-0.0031
405		-0.0036
404.5		-0.0027
404		-0.0034
403.5		-0.003
403		-0.0026
402.5		-0.003
402		-0.0021
401.5		-0.0028
401		-0.0024
400.5		-0.003
400		-0.0033
399.5		-0.0024
399		-0.0034
398.5		-0.0026
398		-0.003
397.5		-0.0031
397		-0.003
396.5		-0.0028
396		-0.0022
395.5		-0.0031
395		-0.0026
394.5		-0.0027
394		-0.0029
393.5		-0.0026
393		-0.0027
392.5		-0.0028
392		-0.0024
391.5		-0.0027
391		-0.0027
390.5		-0.0023
390		-0.0025
389.5		-0.0021
389		-0.0029
388.5		-0.0022
388		-0.0022
387.5		-0.0025
387		-0.0025
386.5		-0.0029
386		-0.0019
385.5		-0.0018
385		-0.0025
384.5		-0.0032
384		-0.0025
383.5		-0.0016
383		-0.0023
382.5		-0.0023
382		-0.0026
381.5		-0.0033
381		-0.0022
380.5		-0.0022
380		-0.0024
379.5		-0.0021
379		-0.0024
378.5		-0.0018
378		-0.0031
377.5		-0.0022
377		-0.0024
376.5		-0.0023
376		-0.003
375.5		-0.0025
375		-0.0021
374.5		-0.0025
374		-0.0028
373.5		-0.0021
373		-0.0023
372.5		-0.0024
372		-0.0016
371.5		-0.0025
371		-0.0019
370.5		-0.0012
370		-0.0018
369.5		-0.0038
369		-0.0026
368.5		-0.0025
368		-0.0021
367.5		-0.0028
367		-0.0024
366.5		-0.0026
366		-0.0018
365.5		-0.0021
365		-0.0026
364.5		-0.0028
364		-0.0017
363.5		-0.0016
363		-0.003
362.5		-0.0033
362		-0.0033
361.5		-0.0037
361		-0.003
360.5		-0.0016
360		-0.0026
359.5		-0.0017
359		-0.0021
358.5		-0.0018
358		-0.0025
357.5		-0.002
357		-0.0022
356.5		-0.0016
356		-0.0021
355.5		-0.0019
355		-0.003
354.5		-0.0022
354		-0.0031
353.5		-0.0026
353		-0.0029
352.5		-0.0022
352		-0.0018
351.5		-0.0021
351		-0.0015
350.5		-0.0021
350		-0.0027
349.5		-0.002
349		-0.002
348.5		-0.003
348		-0.0028
347.5		-0.0022
347		-0.0031
346.5		-0.0017
346		-0.002
345.5		-0.0025
345		-0.0009
344.5		-0.002
344		-0.0011
343.5		-0.0028
343		-0.0018
342.5		-0.0026
342		-0.0029
341.5		-0.0028
341		-0.0022
340.5		-0.0007
340		-0.0019
339.5		-0.0043
339		-0.0047
338.5		-0.0048
338		-0.003
337.5		-0.0041
337		-0.0043
336.5		-0.0061
336		-0.0039
335.5		-0.0035
335		-0.0039
334.5		-0.0048
334		-0.0038
333.5		-0.0022
333		-0.0031
332.5		-0.0049
332		-0.0048
331.5		-0.0034
331		-0.0035
330.5		-0.0029
330		-0.0069
329.5		-0.0044
329		-0.0025
328.5		-0.0042
328		-0.0015
327.5		-0.0048
327		-0.005
326.5		-0.0035
326		-0.0049
325.5		-0.0055
325		-0.0043
324.5		-0.0019
324		-0.0041
323.5		-0.0029
323		-0.0032
322.5		-0.0037
322		-0.0053
321.5		-0.0037
321		-0.0069
320.5		-0.0049
320		-0.0046
319.5		-0.0023
319		-0.005
318.5		-0.0032
318		-0.0082
317.5		-0.006
317		-0.0055
316.5		-0.0061
316		-0.0043
315.5		-0.0026
315		-0.0021
314.5		-0.0062
314		-0.0042
313.5		-0.01
313		-0.0067
312.5		-0.0084
312		-0.0059
311.5		-0.007
311		-0.0039
310.5		-0.0054
310		-0.0098
309.5		-0.0062
309		-0.0095
308.5		-0.0148
308		-0.0052
307.5		-0.0057
307		-0.0109
306.5		-0.01
306		-0.0188
305.5		-0.0167
305		-0.0099
304.5		-0.0231
304		-0.0294
303.5		-0.0043
303		-0.0109
302.5		-0.0096
302		-0.0518
301.5		-0.0057
301		-0.0022
300.5		-0.006
300		-0.0162
299.5		-0.0847
299		-0.0649
298.5		-0.1272
298		-0.1479
297.5		0.0639
297		-0.0979
296.5		0.0969
296		-0.0007
295.5		-0.1382
295		-0.3643
294.5		-0.0262
294		-0.5411
293.5		-0.0551
293		0.2649
292.5		0.4871
292		0.1183
291.5		-2.8235
291		-0.0922
290.5		-0.4921
290		-0.5489
289.5		-3.3784
289		0.5164
288.5		-0.1301
288		0.4541
287.5		1.808
287		0.3323
286.5		-0.1108
286		4.3387
285.5		1.1558
285		0.1013
284.5		-1.4381
284		3.2365
283.5		-0.1913
283		-0.9171
282.5		-4.4831
282		5.4657
281.5		2.699
281		0.89
280.5		-0.6275
280		-1.8419
279.5		-4.5404
279		1.9609
278.5		0.1267
278		-0.4288
277.5		14.0445
277		2.9318
276.5		-1.3326
276		0.5902
275.5		-0.9426
275		-0.1113
274.5		1.6684
274		0.2399
273.5		-0.3368
273		39.4197
272.5		-11.2187
272		-0.3936
271.5		-0.2991
271		-0.0735
270.5		-6.5038
270		1.7792
269.5		-0.1141
269		-0.7851
268.5		0.0175
268		-0.2516
267.5		1.5243
267		0.827
266.5		0.4449
266		1.3898
265.5		-7.7456
265		-0.3985
264.5		0.534
264		2.8222
263.5		-1.5186
263		-4.3671
262.5		0.535
262		-0.1746
261.5		2.9245
261		-1.5547
260.5		-11.5201
260		-0.0489
259.5		0.4273
259		-3.0535
258.5		-0.0595
258		-3.6972
257.5		0.9633
257		-3.013
256.5		0.106
256		-0.4662
255.5		0.9958
255		-0.2032
254.5		0.5553
254		0.2787
253.5		-0.9794
253		-0.2484
252.5		0.6449
252		0.4328
251.5		0.2172
251		1.869
250.5		-0.7834
250		-0.1536
249.5		-0.1496
249		0.4816
248.5		1.6268
248		1.2282
247.5		2.208
247		0.0612
246.5		-0.3876
246		-2.2447
245.5		-20.1364
245		0.1934
244.5		-1.2489
244		1.2455
243.5		-0.5231
243		1.3139
242.5		-0.8258
242		1.7711
241.5		14.531
241		4.4486
240.5		-8.375
240		0.0175
239.5		0.0787
239		-0.2956
238.5		-0.0398
238		-1.2146
237.5		-32.8339
237		0.1251
236.5		1.6029
236		0.647
235.5		0.4508
235		-0.4923
234.5		1.1636
234		0.6992
233.5		-0.0479
233		0.7885
232.5		-1.9302
232		-0.0772
231.5		23.4688
231		5.5361
230.5		27.3671
230		0.8224
229.5		-1.5051
229		-1.8087
228.5		-12.4393
228		-18.024
227.5		1.4773
227		1.9258
226.5		-2.7532
226		-2.1983
225.5		-5.5865
225		-0.454
224.5		-1.0916
224		-1.0794
223.5		-0.8369
223		1.4408
222.5		-1.3558
222		1.3242
221.5		-0.1449
221		-16.8301
220.5		6.3051
220		-3.1593
219.5		-0.3806
219		-10.0921
218.5		-5.0673
218		-36.3045
217.5		-0.5954
217		-0.7351
216.5		-1.2114
216		3.767
215.5		0.3193
215		0.8653
214.5		14.3474
214		6.3829
213.5		0.0791
213		-0.8608
212.5		0.1236
212		3.8574
211.5		3.9105
211		-0.5916
210.5		-1.8831
210		-0.6308
209.5		-12.0615
209		22.7819
208.5		2.0217
208		-3.4835
207.5		0.8868
207		-4.5847
206.5		-0.9141
206		0.5523
205.5		0.5251
205		-10.1989
204.5		6.2395
204		7.2561
203.5		2.1564
203		3.1131
202.5		0.0166
202		-0.8979
201.5		-0.3862
201		0.4508
200.5		-2.1661
200		-4.7189
