Data1:
lambda		value

Calibration:
lambda:	800
Abs:	0.0003

Data:
#
900		0.188513
899.5		0.174161
899		0.166044
898.5		0.18359
898		0.185182
897.5		0.183154
897		0.203107
896.5		0.185113
896		0.184376
895.5		0.180603
895		0.188444
894.5		0.195176
894		0.180834
893.5		0.184743
893		0.192944
892.5		0.195244
892		0.204996
891.5		0.178853
891		0.182085
890.5		0.174379
890		0.189296
889.5		0.183673
889		0.178396
888.5		0.185579
888		0.191825
887.5		0.182687
887		0.181827
886.5		0.185294
886		0.1846
885.5		0.182008
885		0.1818
884.5		0.187291
884		0.192995
883.5		0.186788
883		0.189731
882.5		0.180661
882		0.181128
881.5		0.180946
881		0.18296
880.5		0.190634
880		0.194721
879.5		0.188084
879		0.188191
878.5		0.191246
878		0.182046
877.5		0.185707
877		0.19103
876.5		0.182624
876		0.185906
875.5		0.189867
875		0.19082
874.5		0.189931
874		0.191129
873.5		0.193038
873		0.188264
872.5		0.188296
872		0.18544
871.5		0.190548
871		0.190163
870.5		0.185785
870		0.193093
869.5		0.186165
869		0.188075
868.5		0.186135
868		0.190576
867.5		0.187681
867		0.190747
866.5		0.19082
866		0.187407
865.5		0.189462
865		0.191262
864.5		0.187525
864		0.188086
863.5		0.187712
863		0.188799
862.5		0.191628
862		0.19025
861.5		0.188777
861		0.189605
860.5		0.191011
860		0.189862
859.5		0.190932
859		0.188591
858.5		0.190481
858		0.189914
857.5		0.189734
857		0.190623
856.5		0.18763
856		0.188758
855.5		0.189146
855		0.188281
854.5		0.189882
854		0.18931
853.5		0.190316
853		0.188455
852.5		0.189256
852		0.189074
851.5		0.189133
851		0.187908
850.5		0.18943
850		0.189085
849.5		0.190321
849		0.189205
848.5		0.188165
848		0.189592
847.5		0.188185
847		0.190067
846.5		0.189725
846		0.189408
845.5		0.19008
845		0.189601
844.5		0.190222
844		0.189921
843.5		0.18908
843		0.189766
842.5		0.189694
842		0.189602
841.5		0.189901
841		0.19042
840.5		0.190047
840		0.190533
839.5		0.190265
839		0.191131
838.5		0.189742
838		0.189816
837.5		0.189906
837		0.19049
836.5		0.19085
836		0.189925
835.5		0.190255
835		0.190074
834.5		0.190225
834		0.18979
833.5		0.190254
833		0.190287
832.5		0.190514
832		0.19041
831.5		0.190514
831		0.190329
830.5		0.191027
830		0.189671
829.5		0.190832
829		0.19058
828.5		0.189892
828		0.190177
827.5		0.190666
827		0.19041
826.5		0.190078
826		0.191137
825.5		0.189793
825		0.190277
824.5		0.191075
824		0.189972
823.5		0.190424
823		0.189896
822.5		0.18999
822		0.190281
821.5		0.18991
821		0.189691
820.5		0.189151
820		0.189934
819.5		0.190038
819		0.189514
818.5		0.189335
818		0.189308
817.5		0.190151
817		0.1895
816.5		0.189286
816		0.18906
815.5		0.189009
815		0.189084
814.5		0.189338
814		0.189514
813.5		0.18897
813		0.189157
812.5		0.189024
812		0.189519
811.5		0.189108
811		0.1885
810.5		0.188998
810		0.1886
809.5		0.187868
809		0.18837
808.5		0.188232
808		0.188294
807.5		0.188207
807		0.188138
806.5		0.188426
806		0.188245
805.5		0.187725
805		0.187982
804.5		0.187463
804		0.187587
803.5		0.187706
803		0.187331
802.5		0.187356
802		0.187562
801.5		0.187263
801		0.187713
800.5		0.186378
800		0.186456
799.5		0.186856
799		0.186065
798.5		0.186525
798		0.186026
797.5		0.187174
797		0.186807
796.5		0.186033
796		0.185884
795.5		0.185477
795		0.186019
794.5		0.186063
794		0.185296
793.5		0.18435
793		0.185856
792.5		0.185944
792		0.18556
791.5		0.184993
791		0.184569
790.5		0.184797
790		0.184392
789.5		0.185163
789		0.184224
788.5		0.184718
788		0.184168
787.5		0.184605
787		0.184426
786.5		0.184095
786		0.183665
785.5		0.18389
785		0.183312
784.5		0.183388
784		0.183352
783.5		0.182924
783		0.1836
782.5		0.182653
782		0.182335
781.5		0.182708
781		0.182525
780.5		0.182145
780		0.182389
779.5		0.182172
779		0.181954
778.5		0.181383
778		0.181982
777.5		0.181574
777		0.181102
776.5		0.181211
776		0.180677
775.5		0.180569
775		0.181237
774.5		0.180398
774		0.181455
773.5		0.180812
773		0.17998
772.5		0.180802
772		0.179186
771.5		0.180593
771		0.179681
770.5		0.179592
770		0.179697
769.5		0.179209
769		0.179273
768.5		0.179229
768		0.178696
767.5		0.178756
767		0.178372
766.5		0.178475
766		0.178671
765.5		0.177995
765		0.177738
764.5		0.178119
764		0.17797
763.5		0.177791
763		0.176412
762.5		0.177361
762		0.176857
761.5		0.176652
761		0.176611
760.5		0.176793
760		0.176734
759.5		0.175692
759		0.1754
758.5		0.175955
758		0.174868
757.5		0.175569
757		0.175353
756.5		0.175547
756		0.175129
755.5		0.174826
755		0.174376
754.5		0.174662
754		0.17371
753.5		0.174836
753		0.174251
752.5		0.173555
752		0.173528
751.5		0.173077
751		0.173195
750.5		0.172993
750		0.173092
749.5		0.173083
749		0.172766
748.5		0.171818
748		0.172448
747.5		0.17188
747		0.171824
746.5		0.171973
746		0.171769
745.5		0.171349
745		0.171712
744.5		0.170618
744		0.170695
743.5		0.170799
743		0.170553
742.5		0.17032
742		0.170137
741.5		0.170166
741		0.170166
740.5		0.169854
740		0.16929
739.5		0.169626
739		0.169272
738.5		0.168943
738		0.169191
737.5		0.168563
737		0.168446
736.5		0.168429
736		0.168282
735.5		0.167737
735		0.167721
734.5		0.167389
734		0.167473
733.5		0.167719
733		0.167604
732.5		0.166568
732		0.166241
731.5		0.166306
731		0.16647
730.5		0.16629
730		0.165947
729.5		0.165997
729		0.16546
728.5		0.165317
728		0.165412
727.5		0.16467
727		0.164798
726.5		0.164928
726		0.164693
725.5		0.164256
725		0.16436
724.5		0.164237
724		0.163649
723.5		0.163796
723		0.163306
722.5		0.163649
722		0.162693
721.5		0.162908
721		0.162167
720.5		0.162193
720		0.162619
719.5		0.162172
719		0.162651
718.5		0.162028
718		0.161838
717.5		0.16179
717		0.16142
716.5		0.161526
716		0.161018
715.5		0.16044
715		0.16119
714.5		0.16111
714		0.160747
713.5		0.160837
713		0.160264
712.5		0.159985
712		0.160089
711.5		0.159667
711		0.158926
710.5		0.159425
710		0.159391
709.5		0.158949
709		0.159009
708.5		0.15868
708		0.158319
707.5		0.158377
707		0.1586
706.5		0.158289
706		0.158373
705.5		0.158092
705		0.157843
704.5		0.157438
704		0.157755
703.5		0.157127
703		0.157143
702.5		0.15682
702		0.157656
701.5		0.157008
701		0.156638
700.5		0.156716
700		0.156422
699.5		0.156642
699		0.155536
698.5		0.156016
698		0.155806
697.5		0.15588
697		0.155417
696.5		0.155503
696		0.155227
695.5		0.154756
695		0.154862
694.5		0.154879
694		0.154795
693.5		0.154643
693		0.154575
692.5		0.154506
692		0.153839
691.5		0.154333
691		0.153793
690.5		0.154196
690		0.153747
689.5		0.153428
689		0.153367
688.5		0.153299
688		0.153321
687.5		0.152942
687		0.15282
686.5		0.152805
686		0.152591
685.5		0.152539
685		0.152243
684.5		0.15203
684		0.152402
683.5		0.151998
683		0.151907
682.5		0.151824
682		0.151348
681.5		0.151725
681		0.151416
680.5		0.151458
680		0.151018
679.5		0.151111
679		0.151347
678.5		0.151024
678		0.150871
677.5		0.150757
677		0.150499
676.5		0.15111
676		0.150693
675.5		0.150732
675		0.150555
674.5		0.150262
674		0.150129
673.5		0.150099
673		0.150139
672.5		0.149698
672		0.149629
671.5		0.149757
671		0.149871
670.5		0.149688
670		0.149212
669.5		0.14909
669		0.149733
668.5		0.149252
668		0.149046
667.5		0.148907
667		0.149025
666.5		0.148991
666		0.14939
665.5		0.148709
665		0.148999
664.5		0.149078
664		0.148536
663.5		0.148677
663		0.148732
662.5		0.148133
662		0.148519
661.5		0.148291
661		0.148177
660.5		0.148405
660		0.148365
659.5		0.148537
659		0.148266
658.5		0.148468
658		0.148641
657.5		0.147884
657		0.148056
656.5		0.147799
656		0.147858
655.5		0.148122
655		0.147759
654.5		0.147814
654		0.147876
653.5		0.147847
653		0.147938
652.5		0.147931
652		0.147578
651.5		0.148225
651		0.147671
650.5		0.147836
650		0.147865
649.5		0.147828
649		0.147714
648.5		0.147824
648		0.147916
647.5		0.147559
647		0.148037
646.5		0.147817
646		0.147857
645.5		0.147843
645		0.147779
644.5		0.14775
644		0.148071
643.5		0.147967
643		0.14817
642.5		0.148148
642		0.147974
641.5		0.147793
641		0.148104
640.5		0.147875
640		0.148634
639.5		0.148559
639		0.14813
638.5		0.148553
638		0.148582
637.5		0.14871
637		0.14878
636.5		0.14881
636		0.149135
635.5		0.14896
635		0.148842
634.5		0.149376
634		0.149148
633.5		0.149561
633		0.149753
632.5		0.149626
632		0.149762
631.5		0.149955
631		0.150349
630.5		0.150293
630		0.150182
629.5		0.150671
629		0.150453
628.5		0.150866
628		0.150678
627.5		0.150541
627		0.151218
626.5		0.150913
626		0.151156
625.5		0.151208
625		0.150831
624.5		0.151296
624		0.151085
623.5		0.151452
623		0.151298
622.5		0.151043
622		0.15156
621.5		0.151512
621		0.151435
620.5		0.151686
620		0.151615
619.5		0.152163
619		0.152051
618.5		0.152024
618		0.151891
617.5		0.152294
617		0.152546
616.5		0.153045
616		0.152866
615.5		0.153083
615		0.153112
614.5		0.153495
614		0.153711
613.5		0.153869
613		0.153666
612.5		0.154213
612		0.154355
611.5		0.154731
611		0.155104
610.5		0.155068
610		0.155089
609.5		0.155147
609		0.15556
608.5		0.156128
608		0.156144
607.5		0.156451
607		0.156931
606.5		0.156994
606		0.157224
605.5		0.157235
605		0.157767
604.5		0.15746
604		0.158202
603.5		0.158627
603		0.158636
602.5		0.159133
602		0.159327
601.5		0.15927
601		0.160031
600.5		0.159969
600		0.160466
599.5		0.160917
599		0.160612
598.5		0.160971
598		0.161559
597.5		0.162293
597		0.162698
596.5		0.163061
596		0.16301
595.5		0.162791
595		0.163194
594.5		0.163919
594		0.16426
593.5		0.164677
593		0.165083
592.5		0.165019
592		0.165374
591.5		0.165941
591		0.165924
590.5		0.166651
590		0.167199
589.5		0.167328
589		0.167538
588.5		0.168263
588		0.16862
587.5		0.168992
587		0.169214
586.5		0.169904
586		0.169855
585.5		0.170828
585		0.171059
584.5		0.171337
584		0.17158
583.5		0.171815
583		0.172764
582.5		0.1729
582		0.173606
581.5		0.17359
581		0.17424
580.5		0.174799
580		0.1755
579.5		0.17613
579		0.175965
578.5		0.176578
578		0.177323
577.5		0.177356
577		0.178503
576.5		0.178354
576		0.179205
575.5		0.1797
575		0.180073
574.5		0.180617
574		0.180819
573.5		0.181328
573		0.182529
572.5		0.182949
572		0.182834
571.5		0.183972
571		0.18399
570.5		0.184821
570		0.18591
569.5		0.185635
569		0.186358
568.5		0.186959
568		0.18738
567.5		0.188385
567		0.1883
566.5		0.189057
566		0.189867
565.5		0.190206
565		0.191301
564.5		0.191461
564		0.192215
563.5		0.192814
563		0.193019
562.5		0.194383
562		0.194642
561.5		0.195052
561		0.196233
560.5		0.196605
560		0.19754
559.5		0.198556
559		0.198848
558.5		0.199577
558		0.200423
557.5		0.200614
557		0.20144
556.5		0.202054
556		0.20259
555.5		0.20357
555		0.203776
554.5		0.204818
554		0.205389
553.5		0.20606
553		0.207078
552.5		0.207204
552		0.208241
551.5		0.208897
551		0.209911
550.5		0.210602
550		0.210436
549.5		0.211697
549		0.212072
548.5		0.21341
548		0.213739
547.5		0.214293
547		0.215572
546.5		0.216247
546		0.217075
545.5		0.217783
545		0.218377
544.5		0.219372
544		0.219694
543.5		0.220736
543		0.221393
542.5		0.222222
542		0.223157
541.5		0.223463
541		0.224418
540.5		0.224874
540		0.225419
539.5		0.226725
539		0.227524
538.5		0.227841
538		0.229169
537.5		0.229457
537		0.230777
536.5		0.231591
536		0.231899
535.5		0.232594
535		0.233289
534.5		0.234381
534		0.235485
533.5		0.235462
533		0.237038
532.5		0.237846
532		0.238667
531.5		0.239806
531		0.239817
530.5		0.240877
530		0.241954
529.5		0.242508
529		0.243447
528.5		0.244218
528		0.245075
527.5		0.246284
527		0.246504
526.5		0.247619
526		0.248643
525.5		0.249239
525		0.250405
524.5		0.251547
524		0.251333
523.5		0.252788
523		0.25369
522.5		0.254165
522		0.255615
521.5		0.256002
521		0.257434
520.5		0.257755
520		0.258494
519.5		0.259323
519		0.259975
518.5		0.260986
518		0.261685
517.5		0.262642
517		0.263569
516.5		0.263559
516		0.264975
515.5		0.265364
515		0.266463
514.5		0.267608
514		0.267454
513.5		0.268926
513		0.269095
512.5		0.270141
512		0.271094
511.5		0.271228
511		0.27291
510.5		0.272736
510		0.273794
509.5		0.274133
509		0.274771
508.5		0.275885
508		0.276
507.5		0.277074
507		0.277445
506.5		0.277382
506		0.278136
505.5		0.278732
505		0.279272
504.5		0.27874
504		0.279751
503.5		0.279559
503		0.280234
502.5		0.280665
502		0.280792
501.5		0.28079
501		0.281197
500.5		0.281982
500		0.281874
499.5		0.282116
499		0.282534
498.5		0.282051
498		0.282712
497.5		0.283194
497		0.282839
496.5		0.283001
496		0.283373
495.5		0.283124
495		0.283235
494.5		0.282619
494		0.282909
493.5		0.282807
493		0.282727
492.5		0.282903
492		0.282745
491.5		0.282225
491		0.281757
490.5		0.282343
490		0.282091
489.5		0.280958
489		0.281379
488.5		0.280649
488		0.280311
487.5		0.280782
487		0.279517
486.5		0.279711
486		0.279355
485.5		0.278549
485		0.278872
484.5		0.278093
484		0.277813
483.5		0.2768
483		0.276642
482.5		0.27544
482		0.275255
481.5		0.275162
481		0.273885
480.5		0.274339
480		0.273546
479.5		0.272926
479		0.272397
478.5		0.271902
478		0.271228
477.5		0.27016
477		0.269844
476.5		0.269432
476		0.268632
475.5		0.267809
475		0.266943
474.5		0.267364
474		0.265905
473.5		0.265383
473		0.265504
472.5		0.263819
472		0.263706
471.5		0.263181
471		0.262396
470.5		0.261569
470		0.260098
469.5		0.260687
469		0.259955
468.5		0.258535
468		0.258199
467.5		0.257467
467		0.256794
466.5		0.256009
466		0.255298
465.5		0.254586
465		0.253697
464.5		0.254093
464		0.252919
463.5		0.252502
463		0.251728
462.5		0.25129
462		0.25048
461.5		0.250633
461		0.249826
460.5		0.249326
460		0.247609
459.5		0.247655
459		0.246792
458.5		0.246214
458		0.246515
457.5		0.244663
457		0.243766
456.5		0.243945
456		0.242382
455.5		0.242367
455		0.24163
454.5		0.241931
454		0.241257
453.5		0.240201
453		0.239373
452.5		0.239514
452		0.239113
451.5		0.23776
451		0.238012
450.5		0.23721
450		0.236167
449.5		0.236179
449		0.234359
448.5		0.235201
448		0.234102
447.5		0.233588
447		0.233345
446.5		0.232401
446		0.232575
445.5		0.231624
445		0.230403
444.5		0.230613
444		0.229579
443.5		0.228993
443		0.22905
442.5		0.228103
442		0.228584
441.5		0.227257
441		0.226716
440.5		0.226368
440		0.226205
439.5		0.22599
439		0.225256
438.5		0.225176
438		0.223694
437.5		0.224021
437		0.223528
436.5		0.222282
436		0.22245
435.5		0.221678
435		0.221215
434.5		0.221291
434		0.220324
433.5		0.219597
433		0.219393
432.5		0.21946
432		0.218756
431.5		0.218397
431		0.218253
430.5		0.217733
430		0.21685
429.5		0.216711
429		0.216401
428.5		0.215249
428		0.215207
427.5		0.215009
427		0.214635
426.5		0.214077
426		0.213634
425.5		0.212836
425		0.213002
424.5		0.212438
424		0.211714
423.5		0.211365
423		0.210978
422.5		0.211477
422		0.210006
421.5		0.210228
421		0.209741
420.5		0.208804
420		0.20908
419.5		0.208377
419		0.208227
418.5		0.207155
418		0.206863
417.5		0.206669
417		0.205875
416.5		0.205694
416		0.205872
415.5		0.204545
415		0.204561
414.5		0.204434
414		0.204017
413.5		0.203243
413		0.203292
412.5		0.203684
412		0.202466
411.5		0.202278
411		0.20189
410.5		0.200995
410		0.201683
409.5		0.200314
409		0.199756
408.5		0.199704
408		0.199476
407.5		0.199441
407		0.198799
406.5		0.198814
406		0.198552
405.5		0.197045
405		0.197889
404.5		0.197059
404		0.196589
403.5		0.195896
403		0.195605
402.5		0.195135
402		0.19576
401.5		0.194872
401		0.194464
400.5		0.193621
400		0.194437
399.5		0.194331
399		0.192855
398.5		0.19301
398		0.192604
397.5		0.192118
397		0.192064
396.5		0.191491
396		0.191268
395.5		0.191305
395		0.189888
394.5		0.190781
394		0.18908
393.5		0.190885
393		0.188912
392.5		0.18962
392		0.18935
391.5		0.189024
391		0.188749
390.5		0.18786
390		0.187344
389.5		0.1875
389		0.187849
388.5		0.186949
388		0.186329
387.5		0.1867
387		0.185419
386.5		0.185773
386		0.185882
385.5		0.185377
385		0.185254
384.5		0.184242
384		0.184764
383.5		0.183843
383		0.182887
382.5		0.183204
382		0.183679
381.5		0.18283
381		0.183036
380.5		0.182345
380		0.183045
379.5		0.180723
379		0.181879
378.5		0.181841
378		0.182062
377.5		0.180623
377		0.181103
376.5		0.180073
376		0.180413
375.5		0.180702
375		0.180317
374.5		0.1801
374		0.179998
373.5		0.180137
373		0.179735
372.5		0.179175
372		0.180119
371.5		0.178604
371		0.178764
370.5		0.178044
370		0.177776
369.5		0.177944
369		0.177772
368.5		0.177391
368		0.176661
367.5		0.175724
367		0.176981
366.5		0.177201
366		0.176082
365.5		0.176961
365		0.176204
364.5		0.175782
364		0.175874
363.5		0.17541
363		0.175284
362.5		0.174371
362		0.173945
361.5		0.174052
361		0.173514
360.5		0.173874
360		0.174298
359.5		0.17351
359		0.173264
358.5		0.173139
358		0.173318
357.5		0.173122
357		0.172093
356.5		0.173352
356		0.172751
355.5		0.171875
355		0.173024
354.5		0.170842
354		0.171874
353.5		0.172302
353		0.170977
352.5		0.170494
352		0.169141
351.5		0.170344
351		0.171044
350.5		0.168836
350		0.168717
349.5		0.168509
349		0.168346
348.5		0.167202
348		0.167415
347.5		0.167364
347		0.168481
346.5		0.167603
346		0.165333
345.5		0.165631
345		0.165092
344.5		0.166105
344		0.165534
343.5		0.164498
343		0.165534
342.5		0.163506
342		0.164047
341.5		0.164561
341		0.161834
340.5		0.162805
340		0.159857
339.5		0.160649
339		0.159342
338.5		0.159388
338		0.15941
337.5		0.158295
337		0.158089
336.5		0.15748
336		0.158705
335.5		0.157525
335		0.156177
334.5		0.155356
334		0.15482
333.5		0.155261
333		0.154002
332.5		0.153673
332		0.151452
331.5		0.153209
331		0.152986
330.5		0.151824
330		0.152064
329.5		0.150816
329		0.150231
328.5		0.149383
328		0.14921
327.5		0.149124
327		0.14846
326.5		0.148202
326		0.145532
325.5		0.147567
325		0.146915
324.5		0.146691
324		0.147034
323.5		0.144709
323		0.147027
322.5		0.144842
322		0.144773
321.5		0.141982
321		0.142098
320.5		0.143074
320		0.141315
319.5		0.144139
319		0.141854
318.5		0.141788
318		0.139707
317.5		0.138901
317		0.137118
316.5		0.138394
316		0.138158
315.5		0.137696
315		0.137546
314.5		0.137312
314		0.136063
313.5		0.133814
313		0.13459
312.5		0.136641
312		0.132457
311.5		0.135854
311		0.130856
310.5		0.133866
310		0.131554
309.5		0.129952
309		0.129525
308.5		0.131289
308		0.1307
307.5		0.134035
307		0.12809
306.5		0.132162
306		0.126444
305.5		0.128297
305		0.133787
304.5		0.124991
304		0.125913
303.5		0.124954
303		0.111787
302.5		0.130872
302		0.124247
301.5		0.128082
301		0.145258
300.5		0.151104
300		0.0997218
299.5		0.142691
299		0.1442
298.5		0.165038
298		0.18001
297.5		0.156779
297		0.304144
296.5		0.110751
296		-0.109385
295.5		0.448084
295		-0.0950796
294.5		13.7935
294		-0.0348248
293.5		5.65104
293		2.15542
292.5		0.398913
292		0.0970277
291.5		-0.0997877
291		0.979579
290.5		-0.464024
290		1.1218
289.5		0.956454
289		-0.570504
288.5		0.414546
288		0.735929
287.5		0.177879
287		2.82434
286.5		0.708899
286		0.0227193
285.5		0.0996525
285		0.61675
284.5		0.257196
284		-2.54249
283.5		0.830843
283		0.571093
282.5		-0.464619
282		-0.291399
281.5		0.456085
281		-0.0746667
280.5		0.806851
280		-0.382225
279.5		2.81835
279		-0.866847
278.5		0.273728
278		0.65457
277.5		1.28947
277		0.206485
276.5		3.18429
276		-1.08498
275.5		-0.0857774
275		0.322585
274.5		0.60193
274		2.01075
273.5		0.697653
273		-3.53207
272.5		2.61093
272		0.535053
271.5		0.425681
271		-1.78353
270.5		0.317718
270		0.563095
269.5		0.47529
269		0.985009
268.5		0.509806
268		-0.357083
267.5		-0.577939
267		-0.62975
266.5		0.0211132
266		0.115431
265.5		0.858514
265		2.3387
264.5		2.00606
264		-0.414756
263.5		0.543914
263		4.96434
262.5		-1.04768
262		0.258538
261.5		1.16806
261		0.49239
260.5		-0.16678
260		1.33825
259.5		-0.221225
259		0.0305004
258.5		1.73862
258		0.671506
257.5		1.33048
257		1.0028
256.5		-0.816106
256		-0.92474
255.5		2.93471
255		-0.353676
254.5		0.49997
254		2.64443
253.5		0.703072
253		-0.781383
252.5		-0.109025
252		2.98664
251.5		0.90627
251		-0.123347
250.5		0.377228
250		-0.408084
249.5		-0.60554
249		0.361751
248.5		0.824054
248		-0.334618
247.5		-1.36042
247		0.506409
246.5		37.3866
246		1.08216
245.5		0.184146
245		1.32384
244.5		-0.569913
244		0.2842
243.5		0.544034
243		-0.108642
242.5		-0.183978
242		0.218423
241.5		15.7293
241		0.704756
240.5		0.275729
240		-0.873915
239.5		-0.620312
239		0.278362
238.5		8.96494
238		29.879
237.5		0.765546
237		0.104534
236.5		-16.6527
236		-1.44521
235.5		1.24783
235		-0.189013
234.5		0.517707
234		0.565636
233.5		0.534971
233		-0.0741717
232.5		0.616441
232		0.329345
231.5		0.465959
231		1.0288
230.5		0.649231
230		-1.08555
229.5		15.9108
229		-0.0748897
228.5		0.17711
228		0.248187
227.5		1.08113
227		0.575738
226.5		-0.0199493
226		0.47542
225.5		29.3803
225		-0.340272
224.5		0.709451
224		0.852281
223.5		1.8071
223		-0.169213
222.5		-4.89619
222		-0.627818
221.5		-1.75435
221		0.288219
220.5		-0.67182
220		-0.69263
219.5		-5.99876
219		0.642897
218.5		0.175552
218		-0.235933
217.5		0.278079
217		1.5675
216.5		9.44818
216		0.0909423
215.5		0.238342
215		-0.46905
214.5		0.583704
214		0.995893
213.5		0.507304
213		-0.728296
212.5		0.504411
212		0.994617
211.5		1.13521
211		-0.0810581
210.5		-0.0183731
210		0.113892
209.5		-0.46856
209		0.557476
208.5		0.0248936
208		-0.0186241
207.5		1.05611
207		0.759446
206.5		0.451844
206		0.278181
205.5		0.103856
205		0.247044
204.5		0.448011
204		-3.51323
203.5		0.182468
203		0.873032
202.5		0.0795938
202		0.0714087
201.5		0.312278
201		0.721079
200.5		0.00470999
200		-0.0437186
Data2:
lambda		value

Calibration:
lambda:	800
Abs:	0.0001

Data:
#
900		0.181373
899.5		0.175406
899		0.182662
898.5		0.177158
898		0.176046
897.5		0.179469
897		0.185475
896.5		0.189477
896		0.176658
895.5		0.164456
895		0.177841
894.5		0.174035
894		0.181782
893.5		0.1808
893		0.188821
892.5		0.17681
892		0.183418
891.5		0.188292
891		0.186298
890.5		0.189966
890		0.172831
889.5		0.177505
889		0.180769
888.5		0.187087
888		0.18295
887.5		0.179732
887		0.178236
886.5		0.186975
886		0.183033
885.5		0.175512
885		0.173109
884.5		0.185429
884		0.181968
883.5		0.173261
883		0.184549
882.5		0.18123
882		0.176594
881.5		0.174382
881		0.179137
880.5		0.178715
880		0.184024
879.5		0.182362
879		0.182574
878.5		0.178761
878		0.1795
877.5		0.179574
877		0.18406
876.5		0.182185
876		0.181837
875.5		0.182824
875		0.183572
874.5		0.186044
874		0.183834
873.5		0.181228
873		0.185499
872.5		0.181993
872		0.17664
871.5		0.182885
871		0.182637
870.5		0.181475
870		0.181645
869.5		0.182335
869		0.179836
868.5		0.183393
868		0.180158
867.5		0.180846
867		0.184116
866.5		0.182966
866		0.181393
865.5		0.184526
865		0.184279
864.5		0.180162
864		0.18346
863.5		0.18358
863		0.183491
862.5		0.183198
862		0.181098
861.5		0.181365
861		0.185446
860.5		0.183852
860		0.181989
859.5		0.181628
859		0.183198
858.5		0.182396
858		0.181638
857.5		0.184105
857		0.18115
856.5		0.183133
856		0.183566
855.5		0.181782
855		0.183287
854.5		0.18252
854		0.181836
853.5		0.183433
853		0.183459
852.5		0.181334
852		0.183506
851.5		0.18403
851		0.182635
850.5		0.182367
850		0.184096
849.5		0.183272
849		0.181755
848.5		0.183008
848		0.182446
847.5		0.183704
847		0.182626
846.5		0.183673
846		0.183839
845.5		0.183609
845		0.18393
844.5		0.183766
844		0.182869
843.5		0.18206
843		0.183111
842.5		0.183131
842		0.18345
841.5		0.183528
841		0.181594
840.5		0.183581
840		0.183085
839.5		0.182823
839		0.182979
838.5		0.182887
838		0.183637
837.5		0.182844
837		0.183124
836.5		0.183171
836		0.182466
835.5		0.182691
835		0.183884
834.5		0.183534
834		0.183398
833.5		0.182774
833		0.183795
832.5		0.183617
832		0.183211
831.5		0.183517
831		0.182831
830.5		0.183214
830		0.183763
829.5		0.183421
829		0.18329
828.5		0.182679
828		0.183267
827.5		0.183848
827		0.182797
826.5		0.182669
826		0.183215
825.5		0.182679
825		0.182653
824.5		0.182853
824		0.182544
823.5		0.18309
823		0.182771
822.5		0.182746
822		0.182163
821.5		0.182681
821		0.182762
820.5		0.182135
820		0.182907
819.5		0.1825
819		0.182673
818.5		0.182808
818		0.182664
817.5		0.182994
817		0.182364
816.5		0.181855
816		0.181537
815.5		0.181292
815		0.182037
814.5		0.1819
814		0.181673
813.5		0.181627
813		0.181918
812.5		0.181091
812		0.181482
811.5		0.181663
811		0.181564
810.5		0.180775
810		0.181564
809.5		0.180848
809		0.181227
808.5		0.181191
808		0.180554
807.5		0.180763
807		0.1809
806.5		0.180881
806		0.180398
805.5		0.180392
805		0.181035
804.5		0.180328
804		0.180056
803.5		0.180663
803		0.180102
802.5		0.180118
802		0.17984
801.5		0.180228
801		0.18006
800.5		0.178863
800		0.180118
799.5		0.179218
799		0.179441
798.5		0.179093
798		0.178693
797.5		0.179724
797		0.178875
796.5		0.178604
796		0.178661
795.5		0.17845
795		0.179082
794.5		0.178729
794		0.178168
793.5		0.178126
793		0.178618
792.5		0.178011
792		0.177913
791.5		0.177474
791		0.176968
790.5		0.177469
790		0.17728
789.5		0.177429
789		0.177498
788.5		0.176982
788		0.177146
787.5		0.176482
787		0.176994
786.5		0.176776
786		0.17626
785.5		0.176859
785		0.176008
784.5		0.176265
784		0.175531
783.5		0.175708
783		0.176165
782.5		0.17603
782		0.175222
781.5		0.175085
781		0.17501
780.5		0.174928
780		0.175274
779.5		0.174451
779		0.174035
778.5		0.174372
778		0.174655
777.5		0.174268
777		0.173393
776.5		0.173796
776		0.173372
775.5		0.173865
775		0.173909
774.5		0.172702
774		0.173726
773.5		0.173098
773		0.172774
772.5		0.173284
772		0.172386
771.5		0.172971
771		0.172575
770.5		0.171892
770		0.172084
769.5		0.171799
769		0.171067
768.5		0.171827
768		0.171394
767.5		0.17105
767		0.170778
766.5		0.171067
766		0.170956
765.5		0.170586
765		0.169562
764.5		0.170206
764		0.169969
763.5		0.170374
763		0.169616
762.5		0.169655
762		0.169255
761.5		0.168968
761		0.169107
760.5		0.168791
760		0.168826
759.5		0.168392
759		0.168307
758.5		0.168159
758		0.167677
757.5		0.168374
757		0.167661
756.5		0.167064
756		0.167629
755.5		0.167031
755		0.167578
754.5		0.167264
754		0.166237
753.5		0.166434
753		0.166849
752.5		0.165872
752		0.165938
751.5		0.165114
751		0.165805
750.5		0.165607
750		0.165309
749.5		0.16539
749		0.164403
748.5		0.164531
748		0.164762
747.5		0.164003
747		0.164528
746.5		0.163907
746		0.163884
745.5		0.163871
745		0.163342
744.5		0.162848
744		0.162936
743.5		0.16313
743		0.162682
742.5		0.162848
742		0.163065
741.5		0.161913
741		0.161616
740.5		0.162192
740		0.161536
739.5		0.162253
739		0.161424
738.5		0.161191
738		0.161041
737.5		0.160815
737		0.160901
736.5		0.160589
736		0.160241
735.5		0.160494
735		0.160573
734.5		0.159377
734		0.159645
733.5		0.159302
733		0.159779
732.5		0.159252
732		0.158743
731.5		0.158314
731		0.158484
730.5		0.15908
730		0.158168
729.5		0.15773
729		0.15721
728.5		0.157381
728		0.15756
727.5		0.157044
727		0.156771
726.5		0.156807
726		0.156705
725.5		0.156459
725		0.155811
724.5		0.15571
724		0.155239
723.5		0.155489
723		0.155308
722.5		0.154996
722		0.154272
721.5		0.1546
721		0.154087
720.5		0.153846
720		0.153991
719.5		0.153124
719		0.153868
718.5		0.153097
718		0.153089
717.5		0.15332
717		0.152679
716.5		0.152873
716		0.152539
715.5		0.152507
715		0.152258
714.5		0.152911
714		0.152337
713.5		0.152207
713		0.151518
712.5		0.151783
712		0.152147
711.5		0.151993
711		0.151624
710.5		0.151521
710		0.151841
709.5		0.151397
709		0.151239
708.5		0.150795
708		0.150923
707.5		0.15096
707		0.150882
706.5		0.15067
706		0.150444
705.5		0.150473
705		0.150517
704.5		0.149823
704		0.149931
703.5		0.149611
703		0.149527
702.5		0.149492
702		0.149438
701.5		0.148995
701		0.149211
700.5		0.148989
700		0.14871
699.5		0.148711
699		0.148611
698.5		0.148294
698		0.148865
697.5		0.147662
697		0.14779
696.5		0.148163
696		0.147604
695.5		0.147137
695		0.146952
694.5		0.147343
694		0.146972
693.5		0.146818
693		0.147143
692.5		0.146293
692		0.146597
691.5		0.146498
691		0.146464
690.5		0.146062
690		0.146214
689.5		0.145891
689		0.146021
688.5		0.145665
688		0.145868
687.5		0.145311
687		0.145284
686.5		0.14527
686		0.145145
685.5		0.145101
685		0.144804
684.5		0.14479
684		0.144466
683.5		0.144354
683		0.144664
682.5		0.144481
682		0.144112
681.5		0.143888
681		0.143886
680.5		0.143916
680		0.143874
679.5		0.143478
679		0.143791
678.5		0.143676
678		0.143422
677.5		0.143408
677		0.14345
676.5		0.14365
676		0.14314
675.5		0.142984
675		0.143098
674.5		0.142815
674		0.142871
673.5		0.142546
673		0.142589
672.5		0.142546
672		0.142574
671.5		0.142306
671		0.142122
670.5		0.142037
670		0.142348
669.5		0.142235
669		0.142277
668.5		0.141796
668		0.141699
667.5		0.141755
667		0.141669
666.5		0.14184
666		0.142021
665.5		0.141557
665		0.14164
664.5		0.14171
664		0.141092
663.5		0.141413
663		0.141668
662.5		0.141471
662		0.141159
661.5		0.14123
661		0.140919
660.5		0.141145
660		0.141102
659.5		0.141073
659		0.140805
658.5		0.141101
658		0.140873
657.5		0.141017
657		0.140888
656.5		0.140634
656		0.141087
655.5		0.14114
655		0.14069
654.5		0.140846
654		0.140802
653.5		0.140873
653		0.140956
652.5		0.140661
652		0.140802
651.5		0.14104
651		0.140408
650.5		0.14056
650		0.140191
649.5		0.140741
649		0.140628
648.5		0.140246
648		0.140627
647.5		0.140769
647		0.141036
646.5		0.140726
646		0.14067
645.5		0.140358
645		0.140781
644.5		0.140852
644		0.141162
643.5		0.140765
643		0.141063
642.5		0.141132
642		0.141261
641.5		0.140974
641		0.14099
640.5		0.141161
640		0.141399
639.5		0.141328
639		0.1411
638.5		0.141512
638		0.141541
637.5		0.141954
637		0.141724
636.5		0.141853
636		0.142168
635.5		0.142096
635		0.142368
634.5		0.142195
634		0.142469
633.5		0.142872
633		0.142958
632.5		0.142929
632		0.143262
631.5		0.14316
631		0.143146
630.5		0.143593
630		0.143189
629.5		0.143376
629		0.143375
628.5		0.143691
628		0.143718
627.5		0.143501
627		0.144074
626.5		0.143698
626		0.143953
625.5		0.143823
625		0.143875
624.5		0.144242
624		0.143857
623.5		0.143842
623		0.144093
622.5		0.143962
622		0.144272
621.5		0.144633
621		0.144475
620.5		0.144347
620		0.144775
619.5		0.144649
619		0.144635
618.5		0.144812
618		0.145074
617.5		0.145282
617		0.145619
616.5		0.145914
616		0.145831
615.5		0.146149
615		0.146168
614.5		0.146176
614		0.146669
613.5		0.146833
613		0.147113
612.5		0.147365
612		0.147417
611.5		0.147394
611		0.147777
610.5		0.147924
610		0.147957
609.5		0.148022
609		0.148429
608.5		0.148415
608		0.149207
607.5		0.149027
607		0.149504
606.5		0.149674
606		0.150088
605.5		0.15001
605		0.150053
604.5		0.151011
604		0.15107
603.5		0.151303
603		0.151224
602.5		0.151715
602		0.152007
601.5		0.152442
601		0.152798
600.5		0.152368
600		0.15354
599.5		0.153405
599		0.153511
598.5		0.154048
598		0.153965
597.5		0.154975
597		0.155281
596.5		0.155271
596		0.155601
595.5		0.156074
595		0.156283
594.5		0.156517
594		0.156477
593.5		0.157369
593		0.157589
592.5		0.158012
592		0.158461
591.5		0.158842
591		0.158924
590.5		0.159256
590		0.159423
589.5		0.159938
589		0.160151
588.5		0.160685
588		0.160937
587.5		0.162081
587		0.16183
586.5		0.162335
586		0.162384
585.5		0.163151
585		0.163112
584.5		0.163865
584		0.164395
583.5		0.164544
583		0.165473
582.5		0.16533
582		0.166039
581.5		0.166699
581		0.166876
580.5		0.167423
580		0.167744
579.5		0.168179
579		0.168693
578.5		0.168739
578		0.16966
577.5		0.169993
577		0.170461
576.5		0.17099
576		0.171167
575.5		0.17232
575		0.17242
574.5		0.173062
574		0.173075
573.5		0.173691
573		0.174484
572.5		0.175104
572		0.17519
571.5		0.176136
571		0.176346
570.5		0.177082
570		0.177491
569.5		0.17809
569		0.178338
568.5		0.179135
568		0.179278
567.5		0.180549
567		0.180471
566.5		0.18104
566		0.182238
565.5		0.182106
565		0.183086
564.5		0.184117
564		0.184395
563.5		0.184708
563		0.185025
562.5		0.186653
562		0.186732
561.5		0.187248
561		0.188317
560.5		0.188225
560		0.189625
559.5		0.190719
559		0.19113
558.5		0.191469
558		0.1926
557.5		0.192806
557		0.193722
556.5		0.194338
556		0.194687
555.5		0.195567
555		0.196167
554.5		0.197006
554		0.197584
553.5		0.198447
553		0.199175
552.5		0.199598
552		0.200249
551.5		0.201476
551		0.201917
550.5		0.202511
550		0.202561
549.5		0.203796
549		0.204476
548.5		0.205803
548		0.205854
547.5		0.206132
547		0.207966
546.5		0.208266
546		0.209091
545.5		0.210078
545		0.210305
544.5		0.211388
544		0.211527
543.5		0.212382
543		0.213315
542.5		0.213972
542		0.214893
541.5		0.215117
541		0.216263
540.5		0.217005
540		0.217565
539.5		0.218654
539		0.219084
538.5		0.219975
538		0.220727
537.5		0.221502
537		0.22271
536.5		0.222964
536		0.224034
535.5		0.224455
535		0.225152
534.5		0.225767
534		0.227147
533.5		0.22771
533		0.228607
532.5		0.229508
532		0.230051
531.5		0.231092
531		0.232065
530.5		0.233019
530		0.233054
529.5		0.234186
529		0.235586
528.5		0.235512
528		0.236654
527.5		0.237664
527		0.238276
526.5		0.239383
526		0.240217
525.5		0.240818
525		0.241876
524.5		0.242935
524		0.24367
523.5		0.244449
523		0.245454
522.5		0.245836
522		0.246717
521.5		0.248047
521		0.248523
520.5		0.248573
520		0.249976
519.5		0.250713
519		0.252023
518.5		0.252645
518		0.25345
517.5		0.254118
517		0.25495
516.5		0.255327
516		0.256628
515.5		0.257312
515		0.258028
514.5		0.258874
514		0.259309
513.5		0.260571
513		0.261226
512.5		0.261977
512		0.263208
511.5		0.263078
511		0.264641
510.5		0.264956
510		0.264874
509.5		0.266444
509		0.266432
508.5		0.267723
508		0.267949
507.5		0.26826
507		0.26892
506.5		0.269446
506		0.269545
505.5		0.270329
505		0.27079
504.5		0.271403
504		0.271671
503.5		0.272059
503		0.272359
502.5		0.272249
502		0.273043
501.5		0.273153
501		0.273195
500.5		0.274064
500		0.27389
499.5		0.274042
499		0.274192
498.5		0.273732
498		0.274756
497.5		0.275251
497		0.274903
496.5		0.274706
496		0.274806
495.5		0.275763
495		0.274506
494.5		0.27473
494		0.274562
493.5		0.274284
493		0.27503
492.5		0.274851
492		0.274324
491.5		0.274463
491		0.273819
490.5		0.273937
490		0.274139
489.5		0.273661
489		0.272986
488.5		0.272261
488		0.272844
487.5		0.272652
487		0.271504
486.5		0.271695
486		0.270879
485.5		0.270095
485		0.271129
484.5		0.270357
484		0.269628
483.5		0.268722
483		0.268199
482.5		0.267999
482		0.267548
481.5		0.266916
481		0.266467
480.5		0.265473
480		0.265672
479.5		0.265236
479		0.264271
478.5		0.263683
478		0.262843
477.5		0.262148
477		0.262457
476.5		0.260889
476		0.260807
475.5		0.259737
475		0.259236
474.5		0.258838
474		0.25812
473.5		0.257061
473		0.257189
472.5		0.256056
472		0.255584
471.5		0.254617
471		0.253506
470.5		0.253662
470		0.252741
469.5		0.252521
469		0.251804
468.5		0.250756
468		0.250511
467.5		0.249535
467		0.248872
466.5		0.248012
466		0.247925
465.5		0.247135
465		0.246347
464.5		0.246128
464		0.244887
463.5		0.244821
463		0.243373
462.5		0.242941
462		0.242845
461.5		0.242729
461		0.241674
460.5		0.240849
460		0.24009
459.5		0.239625
459		0.239293
458.5		0.238384
458		0.238075
457.5		0.237363
457		0.23639
456.5		0.236637
456		0.236213
455.5		0.235579
455		0.234841
454.5		0.234709
454		0.233945
453.5		0.232892
453		0.232234
452.5		0.232439
452		0.231772
451.5		0.231284
451		0.231259
450.5		0.230098
450		0.229319
449.5		0.228966
449		0.228115
448.5		0.228311
448		0.227396
447.5		0.226606
447		0.22696
446.5		0.225321
446		0.225124
445.5		0.224526
445		0.223742
444.5		0.223579
444		0.22291
443.5		0.222232
443		0.222271
442.5		0.221415
442		0.221266
441.5		0.220656
441		0.220202
440.5		0.219577
440		0.219317
439.5		0.218564
439		0.218369
438.5		0.21767
438		0.21699
437.5		0.217043
437		0.216454
436.5		0.216014
436		0.215112
435.5		0.21496
435		0.214063
434.5		0.214833
434		0.213434
433.5		0.212541
433		0.213033
432.5		0.211581
432		0.211429
431.5		0.211243
431		0.210573
430.5		0.211094
430		0.209792
429.5		0.208941
429		0.208893
428.5		0.208466
428		0.208767
427.5		0.207867
427		0.207494
426.5		0.206771
426		0.205974
425.5		0.206062
425		0.205348
424.5		0.204783
424		0.205042
423.5		0.20469
423		0.204568
422.5		0.203825
422		0.203088
421.5		0.202849
421		0.202382
420.5		0.202152
420		0.202332
419.5		0.201728
419		0.201057
418.5		0.200863
418		0.200405
417.5		0.200035
417		0.198475
416.5		0.19863
416		0.198365
415.5		0.198193
415		0.197597
414.5		0.197564
414		0.197053
413.5		0.196285
413		0.196254
412.5		0.196369
412		0.195348
411.5		0.195586
411		0.194855
410.5		0.194064
410		0.194374
409.5		0.193301
409		0.193357
408.5		0.1927
408		0.192546
407.5		0.19303
407		0.191454
406.5		0.191543
406		0.19163
405.5		0.190927
405		0.190792
404.5		0.189457
404		0.189768
403.5		0.188907
403		0.189058
402.5		0.188846
402		0.18782
401.5		0.187712
401		0.187923
400.5		0.187435
400		0.187364
399.5		0.187255
399		0.186579
398.5		0.185538
398		0.185904
397.5		0.185243
397		0.185275
396.5		0.184787
396		0.184826
395.5		0.184172
395		0.184324
394.5		0.183472
394		0.18301
393.5		0.183834
393		0.182672
392.5		0.182358
392		0.182673
391.5		0.181928
391		0.181309
390.5		0.181381
390		0.180874
389.5		0.181039
389		0.18121
388.5		0.17981
388		0.180053
387.5		0.17984
387		0.179157
386.5		0.178833
386		0.178784
385.5		0.178708
385		0.178429
384.5		0.17778
384		0.177947
383.5		0.177546
383		0.176853
382.5		0.175678
382		0.17663
381.5		0.176981
381		0.176099
380.5		0.175344
380		0.176858
379.5		0.174168
379		0.174874
378.5		0.173924
378		0.173909
377.5		0.174313
377		0.174462
376.5		0.173035
376		0.172947
375.5		0.17307
375		0.172532
374.5		0.172797
374		0.172463
373.5		0.173331
373		0.17254
372.5		0.172066
372		0.172327
371.5		0.17177
371		0.171668
370.5		0.170375
370		0.170517
369.5		0.17159
369		0.169788
368.5		0.169579
368		0.170329
367.5		0.169099
367		0.169599
366.5		0.170223
366		0.169447
365.5		0.169171
365		0.168766
364.5		0.168742
364		0.169332
363.5		0.168135
363		0.168011
362.5		0.167434
362		0.167515
361.5		0.166981
361		0.167172
360.5		0.16638
360		0.165998
359.5		0.166189
359		0.167008
358.5		0.165475
358		0.167227
357.5		0.165919
357		0.165701
356.5		0.166299
356		0.164576
355.5		0.164605
355		0.165173
354.5		0.164897
354		0.164787
353.5		0.164798
353		0.163573
352.5		0.164381
352		0.162821
351.5		0.163341
351		0.163398
350.5		0.16315
350		0.161731
349.5		0.162027
349		0.162354
348.5		0.161311
348		0.160016
347.5		0.160979
347		0.160068
346.5		0.160754
346		0.160106
345.5		0.157882
345		0.159622
344.5		0.159583
344		0.158791
343.5		0.158487
343		0.157112
342.5		0.156071
342		0.157399
341.5		0.15686
341		0.156406
340.5		0.156354
340		0.157141
339.5		0.153497
339		0.154539
338.5		0.153767
338		0.154811
337.5		0.154269
337		0.153508
336.5		0.153162
336		0.15326
335.5		0.151016
335		0.149922
334.5		0.150814
334		0.148505
333.5		0.148565
333		0.150789
332.5		0.148209
332		0.147867
331.5		0.14738
331		0.146828
330.5		0.145478
330		0.145845
329.5		0.144945
329		0.146202
328.5		0.143919
328		0.145278
327.5		0.14311
327		0.142463
326.5		0.142595
326		0.140313
325.5		0.14265
325		0.140709
324.5		0.141225
324		0.140753
323.5		0.138436
323		0.139957
322.5		0.138713
322		0.140027
321.5		0.136669
321		0.138889
320.5		0.135767
320		0.134199
319.5		0.135445
319		0.136021
318.5		0.135419
318		0.134249
317.5		0.133977
317		0.133882
316.5		0.132529
316		0.132083
315.5		0.13108
315		0.127915
314.5		0.128799
314		0.131808
313.5		0.128891
313		0.130458
312.5		0.126878
312		0.125941
311.5		0.125511
311		0.125591
310.5		0.126525
310		0.12664
309.5		0.123648
309		0.125157
308.5		0.125239
308		0.124357
307.5		0.122616
307		0.127038
306.5		0.120082
306		0.127375
305.5		0.117279
305		0.116415
304.5		0.121318
304		0.124288
303.5		0.117013
303		0.120926
302.5		0.11412
302		0.120746
301.5		0.129595
301		0.124882
300.5		0.107718
300		0.117204
299.5		0.115838
299		0.107897
298.5		0.127017
298		0.112904
297.5		0.0927373
297		0.129854
296.5		0.0541417
296		0.100701
295.5		0.168667
295		-0.135726
294.5		0.095498
294		0.35512
293.5		0.172701
293		0.0648923
292.5		0.124964
292		4.27254
291.5		0.175842
291		-0.301864
290.5		0.36647
290		-0.0882269
289.5		-1.24543
289		-0.241663
288.5		-0.695018
288		1.96396
287.5		-0.0733745
287		0.125375
286.5		-2.88758
286		-1.44041
285.5		-0.510075
285		-0.423996
284.5		-0.865893
284		0.0625
283.5		0.642528
283		-0.909531
282.5		-0.740418
282		-1.18213
281.5		-0.200619
281		-0.398715
280.5		0
280		0.850829
279.5		0.344653
279		-0.383726
278.5		0.112085
278		-0.339853
277.5		0.403098
277		0.473004
276.5		0.182376
276		0.886958
275.5		0.831213
275		0.119059
274.5		-0.396287
274		0.457272
273.5		0.0973217
273		0.0429108
272.5		0.384139
272		-0.0158834
271.5		0.594278
271		0.405698
270.5		0.66985
270		0.106409
269.5		0.632399
269		0.947797
268.5		-1.0131
268		0.856488
267.5		0.248859
267		0.390667
266.5		0.782689
266		3.84244
265.5		0.0460756
265		0.147183
264.5		0.668077
264		0.20599
263.5		0.956123
263		-0.408019
262.5		-0.249393
262		0.228666
261.5		0.886031
261		0.528107
260.5		0.392022
260		1.27763
259.5		0.0189352
259		0.872535
258.5		-2.26226
258		2.57493
257.5		3.59369
257		0.150363
256.5		-0.0257469
256		0.0184817
255.5		-1.24416
255		1.06479
254.5		-1.15139
254		0.215616
253.5		3.13507
253		0.425281
252.5		0.45606
252		0.832376
251.5		-16.1795
251		0.439382
250.5		0.543454
250		0.337152
249.5		0.368567
249		0.16256
248.5		0.238194
248		-4.97625
247.5		1.12281
247		-0.257761
246.5		0.402977
246		0.491337
245.5		0.107103
245		-1.96804
244.5		0.681259
244		0.153932
243.5		0.890576
243		6.21315
242.5		0.540297
242		-0.565639
241.5		0.688684
241		0.68423
240.5		10.1999
240		-0.0569132
239.5		1.3422
239		0.384563
238.5		0.0286591
238		0.167074
237.5		3.34659
237		-0.0304513
236.5		1.34433
236		-0.524209
235.5		0.68194
235		0.53706
234.5		0.465681
234		1.06192
233.5		-1.93995
233		-0.58073
232.5		-0.0313464
232		0.270825
231.5		0.334623
231		0.555312
230.5		0.451091
230		0.195403
229.5		0.500071
229		-5.49693
228.5		0.726441
228		-1.67088
227.5		-0.390339
227		0.494442
226.5		-0.736037
226		0.650374
225.5		0.225883
225		0.342595
224.5		1.93847
224		-0.218436
223.5		-0.300326
223		0.749833
222.5		-0.992159
222		-0.155936
221.5		0.0511558
221		0.0857892
220.5		-0.123894
220		-0.0870893
219.5		0.0344034
219		-0.196524
218.5		0.403606
218		0.26634
217.5		0.967314
217		-0.817933
216.5		-0.336268
216		0.716857
215.5		39.2445
215		0.655102
214.5		0.226616
214		0.0589931
213.5		-0.0102089
213		0.760273
212.5		0.770107
212		1.65599
211.5		0.324971
211		-0.122987
210.5		7.77529
210		-0.417898
209.5		0.903539
209		0.215648
208.5		0.190504
208		0.3918
207.5		0.665651
207		-0.0413807
206.5		3.83388
206		-0.527515
205.5		0.693698
205		-0.210689
204.5		0.772686
204		1.16455
203.5		-0.187004
203		0.357901
202.5		0.0547954
202		-2.21644
201.5		-0.0960108
201		0.638732
200.5		0.00530251
200		-0.272759
Data1 - Data2
lambda		value

Calibration:
lambda:	6.6977e+199
Abs:	6.94156e-310

Data:
#
200		0.5842
200.5		-0.0018
201		0.2572
201.5		1.2404
202		7.395
202.5		0.0752
203		1.5668
203.5		1.0234
204		-11.9501
204.5		-0.9622
205		1.2735
205.5		-1.6875
206		2.2737
206.5		-9.3345
207		2.357
207.5		1.0757
208		-1.1372
208.5		-0.4318
209		0.8977
209.5		-3.5745
210		1.4214
210.5		-20.1505
211		0.1086
211.5		2.0667
212		-1.6959
212.5		-0.6717
213		-3.8615
213.5		1.3179
214		2.3725
214.5		0.9146
215		-2.7896
215.5		-94.1103
216		-1.5439
216.5		23.2264
217		5.7567
217.5		-1.6638
218		-1.1373
218.5		-0.5288
219		1.9412
219.5		-14.1508
220		-1.3877
220.5		-1.251
221		0.4629
221.5		-4.1079
222		-1.0802
222.5		-8.762
223		-2.0635
223.5		4.7818
224		2.3659
224.5		-2.6767
225		-1.4795
225.5		62.3729
226		-0.3763
226.5		1.5257
227		0.1732
227.5		3.1162
228		3.9964
228.5		-1.1583
229		11.3028
229.5		32.5212
230		-2.6639
230.5		0.4056
231		0.9731
231.5		0.2646
232		0.1188
232.5		1.3018
233		1.0184
233.5		4.9084
234		-0.9843
234.5		0.1023
235		-1.4341
235.5		1.1162
236		-1.7802
236.5		-35.1412
237		0.2593
237.5		-4.9524
238		57.0795
238.5		16.8985
239		-0.2019
239.5		-3.7104
240		-1.5344
240.5		-18.5165
241		0.0378
241.5		27.7091
242		1.4471
242.5		-1.3264
243		-11.5227
243.5		-0.6278
244		0.2347
244.5		-2.2291
245		5.8606
245.5		0.1375
246		1.0433
246.5		64.8507
247		1.3414
247.5		-4.4035
248		8.0714
248.5		1.0122
249		0.3467
249.5		-1.6845
250		-1.2815
250.5		-0.2864
251		-0.9659
251.5		28.914
252		3.675
252.5		-0.96
253		-2.0379
253.5		-4.109
254		4.0806
254.5		2.7585
255		-2.3733
255.5		6.938
256		-1.5666
256.5		-1.3014
257		1.3984
257.5		-3.7323
258		-3.1208
258.5		6.5595
259		-1.3833
259.5		-0.3906
260		0.0976
260.5		-0.9007
261		-0.0576
261.5		0.4504
262		0.0478
262.5		-1.2824
263		8.5878
263.5		-0.6521
264		-0.9802
264.5		2.1187
265		3.4733
265.5		1.2782
266		-5.819
266.5		-1.1905
267		-1.6005
267.5		-1.2863
268		-1.8806
268.5		2.3607
269		0.0574
269.5		-0.2411
270		0.7046
270.5		-0.5421
271		-3.3345
271.5		-0.2576
272		0.8393
272.5		3.3773
273		-5.4229
273.5		0.9054
274		2.341
274.5		1.4999
275		0.3061
275.5		-1.3696
276		-2.9496
276.5		4.4551
277		-0.3979
277.5		1.316
278		1.4743
278.5		0.2379
279		-0.7147
279.5		3.6563
280		-1.8135
280.5		1.1847
281		0.474
281.5		0.9541
282		1.2917
282.5		0.4016
283		2.1422
283.5		0.2734
284		-3.734
284.5		1.6154
285		1.5075
285.5		0.8775
286		2.0933
286.5		5.1698
287		3.8657
287.5		0.3578
288		-1.748
288.5		1.5745
289		-0.4673
289.5		3.1049
290		1.7018
290.5		-1.167
291		1.801
291.5		-0.3895
292		-5.8449
292.5		0.3829
293		2.9215
293.5		7.6406
294		-0.5465
294.5		19.0744
295		0.0562
295.5		0.3864
296		-0.2908
296.5		0.0785
297		0.2414
297.5		0.0885
298		0.0931
298.5		0.0525
299		0.0498
299.5		0.0369
300		-0.0239
300.5		0.0595
301		0.0281
301.5		-0.0021
302		0.0048
302.5		0.0228
303		-0.0125
303.5		0.0108
304		0.0022
304.5		0.005
305		0.0237
305.5		0.0151
306		-0.0013
306.5		0.0164
307		0.0014
307.5		0.0156
308		0.0086
308.5		0.0082
309		0.0059
309.5		0.0086
310		0.0066
310.5		0.0099
311		0.0071
311.5		0.0139
312		0.0088
312.5		0.0131
313		0.0055
313.5		0.0066
314		0.0057
314.5		0.0114
315		0.0129
315.5		0.0088
316		0.0081
316.5		0.0078
317		0.0043
317.5		0.0065
318		0.0072
318.5		0.0084
319		0.0077
319.5		0.0115
320		0.0094
320.5		0.0096
321		0.0042
321.5		0.007
322		0.0062
322.5		0.008
323		0.0092
323.5		0.0082
324		0.0082
324.5		0.0071
325		0.0081
325.5		0.0064
326		0.0068
326.5		0.0073
327		0.0078
327.5		0.0078
328		0.0051
328.5		0.0071
329		0.0052
329.5		0.0076
330		0.008
330.5		0.0082
331		0.0079
331.5		0.0075
332		0.0046
332.5		0.007
333		0.0041
333.5		0.0086
334		0.0081
334.5		0.0058
335		0.008
335.5		0.0083
336		0.0069
336.5		0.0055
337		0.0058
337.5		0.0051
338		0.0058
338.5		0.0071
339		0.0061
339.5		0.0091
340		0.0034
340.5		0.0081
341		0.0068
341.5		0.0096
342		0.0083
342.5		0.0093
343		0.0105
343.5		0.0075
344		0.0084
344.5		0.0081
345		0.0068
345.5		0.0097
346		0.0065
346.5		0.0085
347		0.0104
347.5		0.0079
348		0.0092
348.5		0.0073
349		0.0074
349.5		0.008
350		0.0086
350.5		0.007
351		0.0094
351.5		0.0086
352		0.0078
352.5		0.0075
353		0.0091
353.5		0.0092
354		0.0087
354.5		0.0073
355		0.0096
355.5		0.0089
356		0.01
356.5		0.0086
357		0.0078
357.5		0.0088
358		0.0074
358.5		0.0094
359		0.0076
359.5		0.0089
360		0.0101
360.5		0.0091
361		0.0077
361.5		0.0086
362		0.0078
362.5		0.0084
363		0.0088
363.5		0.0088
364		0.0079
364.5		0.0085
365		0.009
365.5		0.0094
366		0.008
366.5		0.0084
367		0.0089
367.5		0.008
368		0.0076
368.5		0.0094
369		0.0096
369.5		0.0076
370		0.0087
370.5		0.0092
371		0.0085
371.5		0.0082
372		0.0093
372.5		0.0085
373		0.0086
373.5		0.0081
374		0.009
374.5		0.0087
375		0.0093
375.5		0.0091
376		0.0089
376.5		0.0084
377		0.0079
377.5		0.0075
378		0.0097
378.5		0.0094
379		0.0083
379.5		0.0078
380		0.0073
380.5		0.0083
381		0.0082
381.5		0.0069
382		0.0083
382.5		0.0089
383		0.0071
383.5		0.0074
384		0.008
384.5		0.0076
385		0.008
385.5		0.0078
386		0.0083
386.5		0.0081
387		0.0073
387.5		0.008
388		0.0073
388.5		0.0083
389		0.0077
389.5		0.0075
390		0.0075
390.5		0.0075
391		0.0086
391.5		0.0082
392		0.0077
392.5		0.0084
393		0.0072
393.5		0.0081
394		0.007
394.5		0.0084
395		0.0064
395.5		0.0082
396		0.0074
396.5		0.0077
397		0.0078
397.5		0.0079
398		0.0077
398.5		0.0086
399		0.0072
399.5		0.0081
400		0.0081
400.5		0.0071
401		0.0075
401.5		0.0082
402		0.0091
402.5		0.0072
403		0.0075
403.5		0.008
404		0.0078
404.5		0.0087
405		0.0081
405.5		0.007
406		0.0079
406.5		0.0083
407		0.0084
407.5		0.0073
408		0.0079
408.5		0.008
409		0.0073
409.5		0.008
410		0.0083
410.5		0.0079
411		0.008
411.5		0.0076
412		0.0081
412.5		0.0083
413		0.008
413.5		0.0079
414		0.0079
414.5		0.0078
415		0.0079
415.5		0.0072
416		0.0085
416.5		0.008
417		0.0084
417.5		0.0075
418		0.0073
418.5		0.0071
419		0.0081
419.5		0.0075
420		0.0076
420.5		0.0075
421		0.0083
421.5		0.0083
422		0.0078
422.5		0.0086
423		0.0072
423.5		0.0075
424		0.0075
424.5		0.0086
425		0.0086
425.5		0.0076
426		0.0086
426.5		0.0082
427		0.008
427.5		0.008
428		0.0072
428.5		0.0076
429		0.0084
429.5		0.0087
430		0.0079
430.5		0.0074
431		0.0086
431.5		0.008
432		0.0082
432.5		0.0088
433		0.0071
433.5		0.0079
434		0.0077
434.5		0.0072
435		0.008
435.5		0.0075
436		0.0082
436.5		0.007
437		0.0079
437.5		0.0078
438		0.0075
438.5		0.0084
439		0.0077
439.5		0.0083
440		0.0077
440.5		0.0076
441		0.0073
441.5		0.0074
442		0.0082
442.5		0.0075
443		0.0076
443.5		0.0076
444		0.0075
444.5		0.0079
445		0.0075
445.5		0.008
446		0.0084
446.5		0.008
447		0.0072
447.5		0.0079
448		0.0076
448.5		0.0078
449		0.0071
449.5		0.0082
450		0.0078
450.5		0.0081
451		0.0077
451.5		0.0074
452		0.0084
452.5		0.0081
453		0.0082
453.5		0.0084
454		0.0084
454.5		0.0083
455		0.0078
455.5		0.0078
456		0.0071
456.5		0.0084
457		0.0085
457.5		0.0084
458		0.0097
458.5		0.009
459		0.0086
459.5		0.0092
460		0.0086
460.5		0.0097
461		0.0093
461.5		0.009
462		0.0087
462.5		0.0095
463		0.0095
463.5		0.0087
464		0.0091
464.5		0.009
465		0.0083
465.5		0.0084
466		0.0083
466.5		0.009
467		0.0089
467.5		0.0089
468		0.0086
468.5		0.0087
469		0.0091
469.5		0.0091
470		0.0082
470.5		0.0088
471		0.0099
471.5		0.0095
472		0.009
472.5		0.0086
473		0.0092
473.5		0.0092
474		0.0086
474.5		0.0094
475		0.0085
475.5		0.0089
476		0.0086
476.5		0.0094
477		0.0081
477.5		0.0088
478		0.0092
478.5		0.009
479		0.0089
479.5		0.0084
480		0.0086
480.5		0.0097
481		0.0081
481.5		0.009
482		0.0084
482.5		0.0081
483		0.0092
483.5		0.0088
484		0.0089
484.5		0.0084
485		0.0084
485.5		0.0092
486		0.0092
486.5		0.0087
487		0.0087
487.5		0.0088
488		0.0081
488.5		0.0091
489		0.0091
489.5		0.0079
490		0.0086
490.5		0.0091
491		0.0086
491.5		0.0084
492		0.0091
492.5		0.0087
493		0.0083
493.5		0.0092
494		0.009
494.5		0.0085
495		0.0094
495.5		0.0079
496		0.0092
496.5		0.0089
497		0.0085
497.5		0.0085
498		0.0085
498.5		0.0089
499		0.0089
499.5		0.0086
500		0.0085
500.5		0.0084
501		0.0085
501.5		0.0081
502		0.0082
502.5		0.0089
503		0.0083
503.5		0.0079
504		0.0085
504.5		0.0077
505		0.0089
505.5		0.0088
506		0.009
506.5		0.0083
507		0.0089
507.5		0.0092
508		0.0084
508.5		0.0085
509		0.0087
509.5		0.008
510		0.0093
510.5		0.0081
511		0.0086
511.5		0.0085
512		0.0082
512.5		0.0085
513		0.0082
513.5		0.0087
514		0.0085
514.5		0.0091
515		0.0088
515.5		0.0084
516		0.0087
516.5		0.0086
517		0.009
517.5		0.0089
518		0.0086
518.5		0.0087
519		0.0083
519.5		0.009
520		0.0089
520.5		0.0096
521		0.0093
521.5		0.0083
522		0.0093
522.5		0.0087
523		0.0086
523.5		0.0087
524		0.008
524.5		0.009
525		0.0089
525.5		0.0088
526		0.0088
526.5		0.0086
527		0.0086
527.5		0.009
528		0.0088
528.5		0.0091
529		0.0082
529.5		0.0087
530		0.0093
530.5		0.0082
531		0.0081
531.5		0.0091
532		0.009
532.5		0.0087
533		0.0088
533.5		0.0081
534		0.0087
534.5		0.009
535		0.0085
535.5		0.0085
536		0.0082
536.5		0.009
537		0.0084
537.5		0.0083
538		0.0088
538.5		0.0082
539		0.0088
539.5		0.0084
540		0.0082
540.5		0.0082
541		0.0085
541.5		0.0087
542		0.0086
542.5		0.0086
543		0.0084
543.5		0.0087
544		0.0085
544.5		0.0083
545		0.0084
545.5		0.008
546		0.0083
546.5		0.0083
547		0.0079
547.5		0.0085
548		0.0082
548.5		0.0079
549		0.0079
549.5		0.0082
550		0.0082
550.5		0.0084
551		0.0083
551.5		0.0077
552		0.0083
552.5		0.0079
553		0.0082
553.5		0.0079
554		0.0081
554.5		0.0081
555		0.0079
555.5		0.0083
556		0.0082
556.5		0.008
557		0.008
557.5		0.0081
558		0.0081
558.5		0.0084
559		0.008
559.5		0.0081
560		0.0082
560.5		0.0087
561		0.0082
561.5		0.0081
562		0.0082
562.5		0.008
563		0.0083
563.5		0.0084
564		0.0081
564.5		0.0076
565		0.0085
565.5		0.0084
566		0.0079
566.5		0.0083
567		0.0081
567.5		0.0081
568		0.0084
568.5		0.0081
569		0.0083
569.5		0.0078
570		0.0087
570.5		0.008
571		0.0079
571.5		0.0081
572		0.0079
572.5		0.0081
573		0.0083
573.5		0.0079
574		0.008
574.5		0.0078
575		0.0079
575.5		0.0076
576		0.0083
576.5		0.0076
577		0.0083
577.5		0.0076
578		0.0079
578.5		0.0081
579		0.0075
579.5		0.0082
580		0.008
580.5		0.0076
581		0.0076
581.5		0.0071
582		0.0078
582.5		0.0078
583		0.0075
583.5		0.0075
584		0.0074
584.5		0.0077
585		0.0082
585.5		0.0079
586		0.0077
586.5		0.0078
587		0.0076
587.5		0.0071
588		0.0079
588.5		0.0078
589		0.0076
589.5		0.0076
590		0.008
590.5		0.0076
591		0.0072
591.5		0.0073
592		0.0071
592.5		0.0072
593		0.0077
593.5		0.0075
594		0.008
594.5		0.0076
595		0.0071
595.5		0.0069
596		0.0076
596.5		0.008
597		0.0076
597.5		0.0075
598		0.0078
598.5		0.0071
599		0.0073
599.5		0.0077
600		0.0071
600.5		0.0078
601		0.0074
601.5		0.007
602		0.0075
602.5		0.0076
603		0.0076
603.5		0.0075
604		0.0073
604.5		0.0066
605		0.0079
605.5		0.0074
606		0.0073
606.5		0.0075
607		0.0076
607.5		0.0076
608		0.0071
608.5		0.0079
609		0.0073
609.5		0.0073
610		0.0073
610.5		0.0073
611		0.0075
611.5		0.0075
612		0.0071
612.5		0.007
613		0.0067
613.5		0.0072
614		0.0072
614.5		0.0075
615		0.0071
615.5		0.0071
616		0.0072
616.5		0.0073
617		0.0071
617.5		0.0072
618		0.007
618.5		0.0074
619		0.0076
619.5		0.0077
620		0.007
620.5		0.0075
621		0.0071
621.5		0.007
622		0.0074
622.5		0.0072
623		0.0073
623.5		0.0077
624		0.0073
624.5		0.0071
625		0.007
625.5		0.0074
626		0.0072
626.5		0.0072
627		0.0071
627.5		0.007
628		0.0069
628.5		0.0071
629		0.007
629.5		0.0072
630		0.0069
630.5		0.0066
631		0.0071
631.5		0.0067
632		0.0064
632.5		0.0066
633		0.0067
633.5		0.0066
634		0.0066
634.5		0.0071
635		0.0064
635.5		0.0068
636		0.0069
636.5		0.0069
637		0.007
637.5		0.0067
638		0.007
638.5		0.007
639		0.007
639.5		0.0072
640		0.0072
640.5		0.0067
641		0.0071
641.5		0.0068
642		0.0067
642.5		0.007
643		0.0071
643.5		0.0072
644		0.0069
644.5		0.0069
645		0.007
645.5		0.0075
646		0.0072
646.5		0.0071
647		0.007
647.5		0.0068
648		0.0073
648.5		0.0076
649		0.0071
649.5		0.0071
650		0.0077
650.5		0.0073
651		0.0073
651.5		0.0072
652		0.0068
652.5		0.0073
653		0.007
653.5		0.007
654		0.0071
654.5		0.007
655		0.0071
655.5		0.007
656		0.0068
656.5		0.0072
657		0.0072
657.5		0.0069
658		0.0078
658.5		0.0074
659		0.0075
659.5		0.0075
660		0.0073
660.5		0.0073
661		0.0073
661.5		0.0071
662		0.0074
662.5		0.0067
663		0.0071
663.5		0.0073
664		0.0075
664.5		0.0074
665		0.0074
665.5		0.0072
666		0.0074
666.5		0.0072
667		0.0074
667.5		0.0072
668		0.0074
668.5		0.0075
669		0.0075
669.5		0.0069
670		0.0069
670.5		0.0077
671		0.0078
671.5		0.0075
672		0.0071
672.5		0.0072
673		0.0076
673.5		0.0076
674		0.0073
674.5		0.0075
675		0.0075
675.5		0.0078
676		0.0076
676.5		0.0075
677		0.0071
677.5		0.0074
678		0.0075
678.5		0.0074
679		0.0076
679.5		0.0077
680		0.0072
680.5		0.0076
681		0.0076
681.5		0.0079
682		0.0073
682.5		0.0074
683		0.0073
683.5		0.0077
684		0.008
684.5		0.0073
685		0.0075
685.5		0.0075
686		0.0075
686.5		0.0076
687		0.0076
687.5		0.0077
688		0.0075
688.5		0.0077
689		0.0074
689.5		0.0076
690		0.0076
690.5		0.0082
691		0.0074
691.5		0.0079
692		0.0073
692.5		0.0083
693		0.0075
693.5		0.0079
694		0.0079
694.5		0.0076
695		0.008
695.5		0.0077
696		0.0077
696.5		0.0074
697		0.0077
697.5		0.0083
698		0.007
698.5		0.0078
699		0.007
699.5		0.008
700		0.0078
700.5		0.0078
701		0.0075
701.5		0.0081
702		0.0083
702.5		0.0074
703		0.0077
703.5		0.0076
704		0.0079
704.5		0.0077
705		0.0074
705.5		0.0077
706		0.008
706.5		0.0077
707		0.0078
707.5		0.0075
708		0.0075
708.5		0.008
709		0.0079
709.5		0.0077
710		0.0077
710.5		0.0081
711		0.0075
711.5		0.0079
712		0.0082
712.5		0.0085
713		0.0091
713.5		0.009
714		0.0088
714.5		0.0086
715		0.0094
715.5		0.0084
716		0.009
716.5		0.0092
717		0.0093
717.5		0.009
718		0.0093
718.5		0.0095
719		0.0093
719.5		0.0096
720		0.0091
720.5		0.0088
721		0.0085
721.5		0.0087
722		0.0088
722.5		0.009
723		0.0083
723.5		0.0086
724		0.0087
724.5		0.0088
725		0.0088
725.5		0.008
726		0.0082
726.5		0.0083
727		0.0082
727.5		0.0078
728		0.008
728.5		0.0081
729		0.0084
729.5		0.0084
730		0.0079
730.5		0.0073
731		0.0081
731.5		0.0081
732		0.0076
732.5		0.0074
733		0.0079
733.5		0.0085
734		0.0079
734.5		0.0081
735		0.0072
735.5		0.0073
736		0.0081
736.5		0.0079
737		0.0076
737.5		0.0078
738		0.0082
738.5		0.0078
739		0.0079
739.5		0.0074
740		0.0078
740.5		0.0077
741		0.0086
741.5		0.0083
742		0.0071
742.5		0.0075
743		0.0079
743.5		0.0077
744		0.0078
744.5		0.0078
745		0.0084
745.5		0.0075
746		0.0079
746.5		0.0081
747		0.0073
747.5		0.0079
748		0.0077
748.5		0.0073
749		0.0084
749.5		0.0077
750		0.0078
750.5		0.0074
751		0.0074
751.5		0.008
752		0.0076
752.5		0.0077
753		0.0074
753.5		0.0084
754		0.0075
754.5		0.0074
755		0.0068
755.5		0.0078
756		0.0075
756.5		0.0085
757		0.0077
757.5		0.0072
758		0.0072
758.5		0.0078
759		0.0071
759.5		0.0073
760		0.0079
760.5		0.008
761		0.0075
761.5		0.0077
762		0.0076
762.5		0.0077
763		0.0068
763.5		0.0074
764		0.008
764.5		0.0079
765		0.0082
765.5		0.0074
766		0.0077
766.5		0.0074
767		0.0076
767.5		0.0077
768		0.0073
768.5		0.0074
769		0.0082
769.5		0.0074
770		0.0076
770.5		0.0077
771		0.0071
771.5		0.0076
772		0.0068
772.5		0.0075
773		0.0072
773.5		0.0077
774		0.0077
774.5		0.0077
775		0.0073
775.5		0.0067
776		0.0073
776.5		0.0074
777		0.0077
777.5		0.0073
778		0.0073
778.5		0.007
779		0.0079
779.5		0.0077
780		0.0071
780.5		0.0072
781		0.0075
781.5		0.0076
782		0.0071
782.5		0.0066
783		0.0074
783.5		0.0072
784		0.0078
784.5		0.0071
785		0.0073
785.5		0.007
786		0.0074
786.5		0.0073
787		0.0074
787.5		0.0081
788		0.007
788.5		0.0077
789		0.0067
789.5		0.0077
790		0.0071
790.5		0.0073
791		0.0076
791.5		0.0075
792		0.0076
792.5		0.0079
793		0.0072
793.5		0.0062
794		0.0071
794.5		0.0073
795		0.0069
795.5		0.007
796		0.0072
796.5		0.0074
797		0.0079
797.5		0.0074
798		0.0073
798.5		0.0074
799		0.0066
799.5		0.0076
800		0.0063
800.5		0.0075
801		0.0076
801.5		0.007
802		0.0077
802.5		0.0072
803		0.0072
803.5		0.007
804		0.0075
804.5		0.0071
805		0.0069
805.5		0.0073
806		0.0078
806.5		0.0075
807		0.0072
807.5		0.0074
808		0.0077
808.5		0.007
809		0.0071
809.5		0.007
810		0.007
810.5		0.0082
811		0.0069
811.5		0.0074
812		0.008
812.5		0.0079
813		0.0072
813.5		0.0073
814		0.0078
814.5		0.0074
815		0.007
815.5		0.0077
816		0.0075
816.5		0.0074
817		0.0071
817.5		0.0071
818		0.0066
818.5		0.0065
819		0.0068
819.5		0.0075
820		0.007
820.5		0.007
821		0.0069
821.5		0.0072
822		0.0081
822.5		0.0072
823		0.0071
823.5		0.0073
824		0.0074
824.5		0.0082
825		0.0076
825.5		0.0071
826		0.0079
826.5		0.0074
827		0.0076
827.5		0.0068
828		0.0069
828.5		0.0072
829		0.0073
829.5		0.0074
830		0.0059
830.5		0.0078
831		0.0075
831.5		0.007
832		0.0072
832.5		0.0069
833		0.0065
833.5		0.0075
834		0.0064
834.5		0.0067
835		0.0062
835.5		0.0076
836		0.0075
836.5		0.0077
837		0.0074
837.5		0.0071
838		0.0062
838.5		0.0069
839		0.0082
839.5		0.0075
840		0.0075
840.5		0.0065
841		0.0089
841.5		0.0064
842		0.0062
842.5		0.0066
843		0.0067
843.5		0.0071
844		0.0071
844.5		0.0065
845		0.0057
845.5		0.0065
846		0.0056
846.5		0.0061
847		0.0075
847.5		0.0045
848		0.0072
848.5		0.0052
849		0.0075
849.5		0.0071
850		0.005
850.5		0.0071
851		0.0053
851.5		0.0051
852		0.0056
852.5		0.008
853		0.005
853.5		0.0069
854		0.0075
854.5		0.0074
855		0.005
855.5		0.0074
856		0.0052
856.5		0.0045
857		0.0095
857.5		0.0056
858		0.0083
858.5		0.0081
859		0.0054
859.5		0.0093
860		0.0079
860.5		0.0071
861		0.0041
861.5		0.0074
862		0.0092
862.5		0.0084
863		0.0053
863.5		0.0041
864		0.0046
864.5		0.0074
865		0.0069
865.5		0.0049
866		0.006
866.5		0.0078
867		0.0066
867.5		0.0068
868		0.0104
868.5		0.0027
869		0.0082
869.5		0.0038
870		0.0114
870.5		0.0043
871		0.0074
871.5		0.0076
872		0.0088
872.5		0.0062
873		0.0027
873.5		0.0116
874		0.0072
874.5		0.0038
875		0.0071
875.5		0.0069
876		0.004
876.5		0.0004
877		0.0068
877.5		0.0061
878		0.0025
878.5		0.0124
879		0.0055
879.5		0.0056
880		0.0105
880.5		0.0118
881		0.0038
881.5		0.0066
882		0.0045
882.5		-0.0006
883		0.005
883.5		0.0135
884		0.0107
884.5		0.0018
885		0.0088
885.5		0.0065
886		0.0015
886.5		-0.0017
887		0.0036
887.5		0.0029
888		0.0088
888.5		-0.0015
889		-0.0024
889.5		0.0061
890		0.0167
890.5		-0.0156
891		-0.0042
891.5		-0.0095
892		0.0213
892.5		0.0188
893		0.0039
893.5		0.0038
894		-0.001
894.5		0.021
895		0.0107
895.5		0.0164
896		0.0077
896.5		-0.0043
897		0.0171
897.5		0.0037
898		0.0092
898.5		0.0064
899		-0.0165
899.5		-0.0013
900		0.0071
