Data1:
lambda		value

Calibration:
lambda:	800
Abs:	0.0002

Data:
#
900		0.231616
899.5		0.249213
899		0.259084
898.5		0.268712
898		0.251632
897.5		0.269231
897		0.268621
896.5		0.258497
896		0.258081
895.5		0.263706
895		0.260517
894.5		0.263793
894		0.259026
893.5		0.275699
893		0.262849
892.5		0.244838
892		0.262413
891.5		0.262318
891		0.278008
890.5		0.256785
890		0.2606
889.5		0.256735
889		0.260691
888.5		0.266117
888		0.264411
887.5		0.253925
887		0.255975
886.5		0.280947
886		0.269631
885.5		0.25902
885		0.255558
884.5		0.265606
884		0.280066
883.5		0.266813
883		0.273868
882.5		0.270055
882		0.253573
881.5		0.267781
881		0.266242
880.5		0.271372
880		0.274084
879.5		0.27281
879		0.272469
878.5		0.266814
878		0.268072
877.5		0.265741
877		0.269901
876.5		0.270886
876		0.271371
875.5		0.269949
875		0.267973
874.5		0.269827
874		0.273561
873.5		0.267201
873		0.271359
872.5		0.270743
872		0.267377
871.5		0.27561
871		0.276159
870.5		0.276116
870		0.269643
869.5		0.27368
869		0.274682
868.5		0.274767
868		0.275704
867.5		0.274545
867		0.273554
866.5		0.277082
866		0.272564
865.5		0.275317
865		0.278108
864.5		0.271062
864		0.277661
863.5		0.275597
863		0.273125
862.5		0.279021
862		0.276627
861.5		0.27955
861		0.283876
860.5		0.280169
860		0.277128
859.5		0.2779
859		0.278643
858.5		0.276701
858		0.279234
857.5		0.281578
857		0.280393
856.5		0.27998
856		0.279243
855.5		0.280127
855		0.28274
854.5		0.28232
854		0.280516
853.5		0.283262
853		0.284142
852.5		0.281195
852		0.282299
851.5		0.28536
851		0.284402
850.5		0.283523
850		0.286818
849.5		0.285601
849		0.285262
848.5		0.28601
848		0.286434
847.5		0.285855
847		0.286702
846.5		0.287517
846		0.288678
845.5		0.288953
845		0.289018
844.5		0.288367
844		0.288608
843.5		0.288511
843		0.289806
842.5		0.291238
842		0.289702
841.5		0.292149
841		0.290835
840.5		0.292116
840		0.292885
839.5		0.290453
839		0.293448
838.5		0.292688
838		0.294205
837.5		0.292697
837		0.29477
836.5		0.29483
836		0.294706
835.5		0.294613
835		0.296149
834.5		0.295689
834		0.296822
833.5		0.296715
833		0.296226
832.5		0.297176
832		0.297722
831.5		0.298171
831		0.298448
830.5		0.299272
830		0.299005
829.5		0.300219
829		0.299354
828.5		0.300907
828		0.300528
827.5		0.301027
827		0.301236
826.5		0.301325
826		0.301198
825.5		0.302103
825		0.302855
824.5		0.302755
824		0.302806
823.5		0.303648
823		0.303085
822.5		0.305475
822		0.303103
821.5		0.303866
821		0.305134
820.5		0.305184
820		0.304943
819.5		0.306031
819		0.306753
818.5		0.306241
818		0.306807
817.5		0.308163
817		0.308969
816.5		0.307485
816		0.307116
815.5		0.307769
815		0.309033
814.5		0.308931
814		0.309355
813.5		0.310649
813		0.310262
812.5		0.310445
812		0.3106
811.5		0.310611
811		0.311069
810.5		0.31187
810		0.311669
809.5		0.31255
809		0.313251
808.5		0.314088
808		0.313725
807.5		0.313413
807		0.314131
806.5		0.315047
806		0.315178
805.5		0.314443
805		0.315442
804.5		0.315205
804		0.31498
803.5		0.316617
803		0.316583
802.5		0.317564
802		0.317297
801.5		0.317805
801		0.319371
800.5		0.317978
800		0.318664
799.5		0.319064
799		0.318994
798.5		0.31934
798		0.32094
797.5		0.32121
797		0.321607
796.5		0.320779
796		0.321322
795.5		0.321981
795		0.3221
794.5		0.322503
794		0.322813
793.5		0.322555
793		0.323765
792.5		0.32387
792		0.325623
791.5		0.324953
791		0.324408
790.5		0.325609
790		0.324696
789.5		0.326302
789		0.326677
788.5		0.3264
788		0.327478
787.5		0.327344
787		0.327936
786.5		0.327247
786		0.327159
785.5		0.32837
785		0.328256
784.5		0.329407
784		0.329741
783.5		0.32981
783		0.330767
782.5		0.330439
782		0.33124
781.5		0.331337
781		0.331405
780.5		0.332236
780		0.33104
779.5		0.332069
779		0.332535
778.5		0.332935
778		0.334665
777.5		0.333234
777		0.333765
776.5		0.334364
776		0.333831
775.5		0.334229
775		0.335864
774.5		0.335787
774		0.336697
773.5		0.336957
773		0.336421
772.5		0.337524
772		0.336848
771.5		0.338391
771		0.337815
770.5		0.337846
770		0.338917
769.5		0.339546
769		0.338581
768.5		0.339506
768		0.339638
767.5		0.340042
767		0.340097
766.5		0.341072
766		0.341945
765.5		0.341903
765		0.340548
764.5		0.342341
764		0.341765
763.5		0.343077
763		0.343045
762.5		0.343828
762		0.344319
761.5		0.343731
761		0.344024
760.5		0.344587
760		0.34536
759.5		0.345078
759		0.345496
758.5		0.346204
758		0.345626
757.5		0.346529
757		0.346693
756.5		0.346785
756		0.347835
755.5		0.347826
755		0.348319
754.5		0.348094
754		0.348477
753.5		0.349836
753		0.349562
752.5		0.349359
752		0.350701
751.5		0.34939
751		0.350731
750.5		0.350621
750		0.350919
749.5		0.3519
749		0.35115
748.5		0.352842
748		0.351819
747.5		0.352959
747		0.35386
746.5		0.35234
746		0.35404
745.5		0.35408
745		0.353513
744.5		0.354592
744		0.354631
743.5		0.354557
743		0.355159
742.5		0.354989
742		0.355507
741.5		0.35674
741		0.356343
740.5		0.356916
740		0.356365
739.5		0.357866
739		0.357108
738.5		0.357051
738		0.358246
737.5		0.358061
737		0.35811
736.5		0.359162
736		0.360158
735.5		0.359542
735		0.360213
734.5		0.359669
734		0.360272
733.5		0.36056
733		0.361117
732.5		0.360961
732		0.360644
731.5		0.361572
731		0.362467
730.5		0.363127
730		0.362361
729.5		0.362745
729		0.362391
728.5		0.362705
728		0.363734
727.5		0.363486
727		0.36408
726.5		0.364425
726		0.364192
725.5		0.364978
725		0.365273
724.5		0.365225
724		0.36502
723.5		0.365762
723		0.366516
722.5		0.366833
722		0.367217
721.5		0.365937
721		0.365789
720.5		0.36679
720		0.368008
719.5		0.367437
719		0.368094
718.5		0.368066
718		0.368836
717.5		0.369314
717		0.368993
716.5		0.369048
716		0.369226
715.5		0.369025
715		0.371117
714.5		0.370251
714		0.370787
713.5		0.37162
713		0.372318
712.5		0.371371
712		0.370996
711.5		0.37223
711		0.372213
710.5		0.372473
710		0.373145
709.5		0.372863
709		0.372845
708.5		0.373
708		0.373171
707.5		0.374631
707		0.374433
706.5		0.374791
706		0.37516
705.5		0.374692
705		0.375197
704.5		0.374741
704		0.375949
703.5		0.375887
703		0.375332
702.5		0.377022
702		0.376837
701.5		0.376466
701		0.376763
700.5		0.377442
700		0.377031
699.5		0.377839
699		0.377622
698.5		0.377182
698		0.378418
697.5		0.378514
697		0.378096
696.5		0.379038
696		0.378957
695.5		0.378376
695		0.37894
694.5		0.37916
694		0.379797
693.5		0.379811
693		0.379886
692.5		0.379375
692		0.380063
691.5		0.380952
691		0.380548
690.5		0.380806
690		0.380727
689.5		0.381409
689		0.382045
688.5		0.381728
688		0.381829
687.5		0.381479
687		0.382062
686.5		0.382321
686		0.382676
685.5		0.382199
685		0.383088
684.5		0.382754
684		0.383338
683.5		0.382972
683		0.383141
682.5		0.383673
682		0.383317
681.5		0.383475
681		0.383241
680.5		0.384342
680		0.384129
679.5		0.383962
679		0.384966
678.5		0.385285
678		0.385498
677.5		0.385856
677		0.384912
676.5		0.386109
676		0.386298
675.5		0.385651
675		0.386352
674.5		0.385559
674		0.386771
673.5		0.386199
673		0.386739
672.5		0.386723
672		0.386899
671.5		0.386778
671		0.387212
670.5		0.387448
670		0.387953
669.5		0.386982
669		0.38786
668.5		0.387502
668		0.386867
667.5		0.387317
667		0.388119
666.5		0.387971
666		0.388613
665.5		0.387911
665		0.388707
664.5		0.388773
664		0.388312
663.5		0.388801
663		0.388982
662.5		0.388416
662		0.388944
661.5		0.389164
661		0.389423
660.5		0.389401
660		0.389654
659.5		0.390046
659		0.389753
658.5		0.390222
658		0.390118
657.5		0.390089
657		0.390481
656.5		0.390029
656		0.390382
655.5		0.390881
655		0.390679
654.5		0.390266
654		0.390592
653.5		0.390912
653		0.391317
652.5		0.391071
652		0.391188
651.5		0.391948
651		0.390645
650.5		0.390847
650		0.391421
649.5		0.39175
649		0.392406
648.5		0.391775
648		0.391784
647.5		0.392225
647		0.393266
646.5		0.392182
646		0.392921
645.5		0.391987
645		0.392213
644.5		0.39333
644		0.393519
643.5		0.393444
643		0.393121
642.5		0.393691
642		0.392797
641.5		0.394009
641		0.393274
640.5		0.392996
640		0.394716
639.5		0.394318
639		0.394039
638.5		0.394331
638		0.39461
637.5		0.396084
637		0.395503
636.5		0.395582
636		0.395475
635.5		0.39598
635		0.396033
634.5		0.396112
634		0.396413
633.5		0.396468
633		0.397011
632.5		0.397515
632		0.397169
631.5		0.397213
631		0.397858
630.5		0.397979
630		0.397517
629.5		0.398486
629		0.398047
628.5		0.398813
628		0.398453
627.5		0.397797
627		0.398798
626.5		0.399002
626		0.398824
625.5		0.398509
625		0.397922
624.5		0.398239
624		0.39789
623.5		0.398779
623		0.398702
622.5		0.39716
622		0.39951
621.5		0.398317
621		0.399004
620.5		0.398187
620		0.398463
619.5		0.398892
619		0.39895
618.5		0.398758
618		0.397731
617.5		0.399224
617		0.3993
616.5		0.400233
616		0.399883
615.5		0.399786
615		0.400565
614.5		0.400175
614		0.399922
613.5		0.400642
613		0.401071
612.5		0.400838
612		0.400837
611.5		0.401793
611		0.401148
610.5		0.40269
610		0.401887
609.5		0.401925
609		0.401751
608.5		0.40249
608		0.402529
607.5		0.403055
607		0.403874
606.5		0.403188
606		0.403874
605.5		0.404084
605		0.404688
604.5		0.404454
604		0.405195
603.5		0.405232
603		0.405051
602.5		0.405424
602		0.405521
601.5		0.405807
601		0.40656
600.5		0.406581
600		0.40676
599.5		0.407209
599		0.406819
598.5		0.407436
598		0.407544
597.5		0.408318
597		0.408552
596.5		0.408535
596		0.409184
595.5		0.408391
595		0.409012
594.5		0.409757
594		0.409981
593.5		0.410246
593		0.410875
592.5		0.411007
592		0.411748
591.5		0.410939
591		0.411383
590.5		0.411936
590		0.412972
589.5		0.412761
589		0.412852
588.5		0.412829
588		0.414197
587.5		0.414785
587		0.414434
586.5		0.414476
586		0.414453
585.5		0.416142
585		0.414961
584.5		0.415789
584		0.416199
583.5		0.416273
583		0.417207
582.5		0.418535
582		0.41818
581.5		0.41814
581		0.418291
580.5		0.419034
580		0.419208
579.5		0.419813
579		0.420037
578.5		0.419526
578		0.421922
577.5		0.420926
577		0.421804
576.5		0.421971
576		0.422702
575.5		0.423739
575		0.42357
574.5		0.423971
574		0.424152
573.5		0.424598
573		0.426117
572.5		0.425362
572		0.426122
571.5		0.42637
571		0.427182
570.5		0.427099
570		0.42758
569.5		0.427746
569		0.428283
568.5		0.428022
568		0.427831
567.5		0.429892
567		0.430825
566.5		0.430673
566		0.430357
565.5		0.430588
565		0.432022
564.5		0.432981
564		0.432635
563.5		0.433141
563		0.433269
562.5		0.434891
562		0.435142
561.5		0.435037
561		0.435957
560.5		0.435462
560		0.437122
559.5		0.438571
559		0.437692
558.5		0.438509
558		0.439062
557.5		0.438795
557		0.4399
556.5		0.440445
556		0.441013
555.5		0.441459
555		0.441058
554.5		0.442418
554		0.44257
553.5		0.442665
553		0.443944
552.5		0.443774
552		0.444423
551.5		0.445552
551		0.445754
550.5		0.446085
550		0.445676
549.5		0.447896
549		0.447346
548.5		0.44785
548		0.448101
547.5		0.447937
547		0.449966
546.5		0.449866
546		0.450378
545.5		0.451427
545		0.450382
544.5		0.452483
544		0.451964
543.5		0.452417
543		0.453076
542.5		0.453374
542		0.45478
541.5		0.454901
541		0.454615
540.5		0.455335
540		0.455273
539.5		0.456466
539		0.456628
538.5		0.456592
538		0.456957
537.5		0.457535
537		0.459217
536.5		0.458178
536		0.458699
535.5		0.459143
535		0.459297
534.5		0.459861
534		0.460629
533.5		0.460792
533		0.461546
532.5		0.462015
532		0.462337
531.5		0.46318
531		0.463032
530.5		0.463891
530		0.463867
529.5		0.46328
529		0.465307
528.5		0.465074
528		0.465455
527.5		0.466514
527		0.465849
526.5		0.466908
526		0.46753
525.5		0.467409
525		0.468262
524.5		0.468024
524		0.468253
523.5		0.469405
523		0.468863
522.5		0.469636
522		0.470073
521.5		0.470801
521		0.470504
520.5		0.470364
520		0.470689
519.5		0.470941
519		0.471434
518.5		0.472551
518		0.471159
517.5		0.471624
517		0.472627
516.5		0.472077
516		0.473629
515.5		0.472752
515		0.473318
514.5		0.4739
514		0.473048
513.5		0.473368
513		0.473303
512.5		0.473704
512		0.474584
511.5		0.473223
511		0.473916
510.5		0.474237
510		0.474302
509.5		0.474317
509		0.473945
508.5		0.474046
508		0.473574
507.5		0.474095
507		0.473724
506.5		0.472929
506		0.472815
505.5		0.473429
505		0.472577
504.5		0.472658
504		0.471999
503.5		0.471481
503		0.471913
502.5		0.470865
502		0.470384
501.5		0.46947
501		0.468806
500.5		0.469894
500		0.467942
499.5		0.468563
499		0.467679
498.5		0.466326
498		0.467268
497.5		0.466345
497		0.465634
496.5		0.464246
496		0.464501
495.5		0.46452
495		0.462291
494.5		0.461553
494		0.461425
493.5		0.46105
493		0.460759
492.5		0.458985
492		0.458567
491.5		0.457174
491		0.456163
490.5		0.456482
490		0.455531
489.5		0.453453
489		0.453245
488.5		0.450939
488		0.450691
487.5		0.450606
487		0.448614
486.5		0.447954
486		0.447111
485.5		0.444597
485		0.445788
484.5		0.444505
484		0.443236
483.5		0.441799
483		0.44038
482.5		0.439861
482		0.438691
481.5		0.437067
481		0.436084
480.5		0.43483
480		0.43394
479.5		0.433185
479		0.432293
478.5		0.431463
478		0.429775
477.5		0.428145
477		0.428287
476.5		0.425938
476		0.425251
475.5		0.423677
475		0.422727
474.5		0.423018
474		0.420821
473.5		0.419448
473		0.419071
472.5		0.417138
472		0.416921
471.5		0.415763
471		0.413793
470.5		0.412506
470		0.412536
469.5		0.412279
469		0.410476
468.5		0.408747
468		0.408727
467.5		0.406771
467		0.406001
466.5		0.404524
466		0.404238
465.5		0.403492
465		0.402077
464.5		0.40139
464		0.399842
463.5		0.399965
463		0.398338
462.5		0.39701
462		0.395933
461.5		0.396226
461		0.394542
460.5		0.393043
460		0.392332
459.5		0.391508
459		0.390445
458.5		0.388802
458		0.388745
457.5		0.388092
457		0.385418
456.5		0.386558
456		0.384343
455.5		0.384363
455		0.383391
454.5		0.382679
454		0.381459
453.5		0.379823
453		0.379934
452.5		0.379125
452		0.378759
451.5		0.37713
451		0.376689
450.5		0.37643
450		0.374116
449.5		0.37488
449		0.372477
448.5		0.372969
448		0.371777
447.5		0.370211
447		0.370782
446.5		0.368324
446		0.367887
445.5		0.36739
445		0.366493
444.5		0.366912
444		0.365509
443.5		0.364818
443		0.364249
442.5		0.36362
442		0.363306
441.5		0.362089
441		0.361064
440.5		0.360487
440		0.361025
439.5		0.360271
439		0.359328
438.5		0.358222
438		0.357505
437.5		0.356997
437		0.35699
436.5		0.355993
436		0.355407
435.5		0.355063
435		0.353218
434.5		0.35464
434		0.353056
433.5		0.351039
433		0.35114
432.5		0.351568
432		0.35028
431.5		0.349938
431		0.348765
430.5		0.349447
430		0.347729
429.5		0.347347
429		0.346318
428.5		0.346144
428		0.346079
427.5		0.345351
427		0.344344
426.5		0.343202
426		0.343911
425.5		0.342847
425		0.342101
424.5		0.341837
424		0.341472
423.5		0.341269
423		0.341006
422.5		0.340831
422		0.339598
421.5		0.339998
421		0.338451
420.5		0.337744
420		0.33775
419.5		0.336655
419		0.335917
418.5		0.335683
418		0.335562
417.5		0.334477
417		0.333158
416.5		0.333333
416		0.334095
415.5		0.332982
415		0.331988
414.5		0.331289
414		0.330995
413.5		0.330646
413		0.330474
412.5		0.329445
412		0.328902
411.5		0.329187
411		0.328579
410.5		0.326873
410		0.328484
409.5		0.326354
409		0.326765
408.5		0.326102
408		0.325506
407.5		0.325646
407		0.323586
406.5		0.324614
406		0.32444
405.5		0.322354
405		0.323188
404.5		0.321966
404		0.322224
403.5		0.321248
403		0.320306
402.5		0.320302
402		0.320504
401.5		0.320789
401		0.31974
400.5		0.318832
400		0.319312
399.5		0.318206
399		0.318391
398.5		0.316522
398		0.318064
397.5		0.317513
397		0.316182
396.5		0.31641
396		0.315894
395.5		0.315899
395		0.315012
394.5		0.314823
394		0.31361
393.5		0.31485
393		0.312613
392.5		0.313194
392		0.312824
391.5		0.312974
391		0.311827
390.5		0.311382
390		0.311813
389.5		0.311187
389		0.31028
388.5		0.311012
388		0.310778
387.5		0.309945
387		0.309603
386.5		0.308913
386		0.308727
385.5		0.308255
385		0.307882
384.5		0.306931
384		0.307829
383.5		0.307197
383		0.306814
382.5		0.30641
382		0.306613
381.5		0.305506
381		0.306073
380.5		0.303687
380		0.305921
379.5		0.303104
379		0.304563
378.5		0.304078
378		0.303885
377.5		0.303358
377		0.303933
376.5		0.302628
376		0.301303
375.5		0.304068
375		0.301393
374.5		0.302901
374		0.302168
373.5		0.302602
373		0.3007
372.5		0.30035
372		0.301536
371.5		0.300332
371		0.300133
370.5		0.299178
370		0.300673
369.5		0.299684
369		0.299163
368.5		0.297781
368		0.299469
367.5		0.296009
367		0.297092
366.5		0.297295
366		0.298456
365.5		0.299315
365		0.2973
364.5		0.297097
364		0.296892
363.5		0.296854
363		0.296205
362.5		0.296653
362		0.295494
361.5		0.294103
361		0.294605
360.5		0.293896
360		0.293284
359.5		0.293722
359		0.295198
358.5		0.293119
358		0.296378
357.5		0.294439
357		0.293244
356.5		0.293334
356		0.293979
355.5		0.292375
355		0.29256
354.5		0.290579
354		0.291058
353.5		0.292158
353		0.290289
352.5		0.291302
352		0.287662
351.5		0.290129
351		0.290103
350.5		0.289295
350		0.289587
349.5		0.288331
349		0.28781
348.5		0.287459
348		0.286722
347.5		0.28729
347		0.287984
346.5		0.286058
346		0.285188
345.5		0.283064
345		0.284445
344.5		0.285027
344		0.285463
343.5		0.282921
343		0.284503
342.5		0.283165
342		0.282512
341.5		0.283361
341		0.282253
340.5		0.281952
340		0.280025
339.5		0.278195
339		0.276202
338.5		0.279499
338		0.278807
337.5		0.277172
337		0.27687
336.5		0.27426
336		0.277712
335.5		0.275568
335		0.274476
334.5		0.276176
334		0.27474
333.5		0.272946
333		0.273837
332.5		0.274677
332		0.275937
331.5		0.273881
331		0.279003
330.5		0.274788
330		0.275523
329.5		0.275602
329		0.275403
328.5		0.272379
328		0.27394
327.5		0.276331
327		0.276139
326.5		0.275648
326		0.27675
325.5		0.278972
325		0.27785
324.5		0.281859
324		0.281069
323.5		0.284211
323		0.288439
322.5		0.288746
322		0.289676
321.5		0.289613
321		0.291917
320.5		0.293336
320		0.296347
319.5		0.301908
319		0.301955
318.5		0.304943
318		0.308163
317.5		0.313467
317		0.316254
316.5		0.320671
316		0.32526
315.5		0.332559
315		0.332439
314.5		0.344632
314		0.347377
313.5		0.352972
313		0.359776
312.5		0.367423
312		0.377852
311.5		0.38874
311		0.401995
310.5		0.403712
310		0.425404
309.5		0.43565
309		0.452971
308.5		0.46422
308		0.484372
307.5		0.507966
307		0.545227
306.5		0.55817
306		0.572901
305.5		0.597363
305		0.623709
304.5		0.653925
304		0.685934
303.5		0.744241
303		0.811676
302.5		0.859303
302		0.88164
301.5		1.02414
301		0.995509
300.5		1.17391
300		1.28062
299.5		1.27089
299		1.36619
298.5		1.62399
298		1.70608
297.5		1.75939
297		1.80199
296.5		2.36698
296		2.06307
295.5		2.81361
295		2.38022
294.5		3.66638
294		1.77965
293.5		1.89855
293		3.85633
292.5		1.00222
292		2.66043
291.5		0.960725
291		1.67492
290.5		0.983276
290		0.674724
289.5		1.4099
289		0.879054
288.5		1.47949
288		1.03443
287.5		0.548276
287		0.0765149
286.5		0.26541
286		-0.829232
285.5		-0.268918
285		0.753193
284.5		0.035389
284		0.316986
283.5		0.594176
283		0.0868123
282.5		0.898949
282		0.139517
281.5		1.43162
281		0.485779
280.5		0.530714
280		3.62793
279.5		-0.0356515
279		0.62402
278.5		-0.0441576
278		-0.724268
277.5		0.554785
277		0.238896
276.5		0.846988
276		-0.743281
275.5		0.30472
275		0.155564
274.5		-0.208372
274		8.24842
273.5		0.426639
273		0.381608
272.5		0.319686
272		-0.504693
271.5		0.387874
271		0.574317
270.5		-0.610707
270		0.0627349
269.5		-0.74705
269		0.470375
268.5		0.218438
268		-0.184951
267.5		0.936624
267		0.28065
266.5		0.0863668
266		2.1871
265.5		0.539278
265		0.033817
264.5		-0.101598
264		0.458236
263.5		-0.622028
263		0.470474
262.5		0.430786
262		0.346235
261.5		0.49033
261		-0.75966
260.5		0.515635
260		0.62603
259.5		0.0968952
259		-0.185609
258.5		-2.73474
258		1.1661
257.5		0.154649
257		1.00719
256.5		3.05751
256		0.572065
255.5		53.0251
255		-0.0829598
254.5		0.0711207
254		0
253.5		1.198
253		0.457635
252.5		0.590888
252		0.666432
251.5		1.66192
251		0.910277
250.5		-0.202973
250		0.274366
249.5		-0.330076
249		0.394244
248.5		0.140344
248		0.00143777
247.5		0.599617
247		0.110402
246.5		0.506672
246		0.585527
245.5		0.42373
245		0.433466
244.5		0.253817
244		0.281354
243.5		0.957321
243		0.784155
242.5		0.54606
242		0.0792154
241.5		0.887755
241		-0.0478251
240.5		-1.26516
240		1.67128
239.5		0.0888607
239		0.384162
238.5		0.437259
238		1.95086
237.5		0.566976
237		-0.478397
236.5		0.0175142
236		0.138741
235.5		0.387216
235		0.21928
234.5		0.59999
234		-0.0542612
233.5		0.521127
233		2.28812
232.5		0.184903
232		0.725764
231.5		-0.0528457
231		0.327901
230.5		0.608224
230		0.278117
229.5		0.0813116
229		-0.0118014
228.5		0.119522
228		0.168219
227.5		0.189159
227		0.524299
226.5		0.600094
226		0.326249
225.5		0.0748773
225		0.421536
224.5		0.162649
224		-3.41245
223.5		0.613283
223		0.653528
222.5		0.0962352
222		0.102171
221.5		-0.922999
221		-0.0204644
220.5		0.182718
220		0.26093
219.5		0.574011
219		0.159561
218.5		2.04499
218		0.172018
217.5		0.831883
217		-0.923714
216.5		0.545684
216		0.522643
215.5		0.255492
215		0.13516
214.5		0.437322
214		0.0821355
213.5		1.22822
213		0.324544
212.5		0.199201
212		0.533388
211.5		0.180838
211		-0.0503167
210.5		1.46055
210		0.248541
209.5		0.535488
209		-0.0876485
208.5		0.28475
208		-2.16653
207.5		2.37472
207		0.419189
206.5		0.18497
206		-0.0297307
205.5		-0.548168
205		0.667386
204.5		0.397273
204		1.57846
203.5		-0.15015
203		-0.116773
202.5		0.158226
202		2.21725
201.5		-0.0128699
201		0.818784
200.5		-2.5027
200		0.567379
Data2:
lambda		value

Calibration:
lambda:	800
Abs:	0.0006

Data:
#
900		0.25523
899.5		0.261909
899		0.258885
898.5		0.255723
898		0.254403
897.5		0.241614
897		0.270276
896.5		0.268128
896		0.263872
895.5		0.246118
895		0.252914
894.5		0.261888
894		0.260604
893.5		0.26049
893		0.267986
892.5		0.244053
892		0.264643
891.5		0.257633
891		0.259897
890.5		0.255686
890		0.256077
889.5		0.263978
889		0.269532
888.5		0.268909
888		0.255977
887.5		0.258155
887		0.255187
886.5		0.257285
886		0.261579
885.5		0.25445
885		0.252903
884.5		0.261354
884		0.27042
883.5		0.257123
883		0.267291
882.5		0.266929
882		0.257774
881.5		0.265413
881		0.260865
880.5		0.263121
880		0.269117
879.5		0.263275
879		0.27329
878.5		0.267423
878		0.267075
877.5		0.265147
877		0.271133
876.5		0.267466
876		0.267346
875.5		0.269043
875		0.269098
874.5		0.274395
874		0.267319
873.5		0.273807
873		0.274096
872.5		0.270448
872		0.268579
871.5		0.269598
871		0.278599
870.5		0.270558
870		0.269851
869.5		0.268497
869		0.268688
868.5		0.271671
868		0.273217
867.5		0.270954
867		0.271764
866.5		0.273083
866		0.273072
865.5		0.275528
865		0.279025
864.5		0.269882
864		0.274578
863.5		0.275707
863		0.273433
862.5		0.277933
862		0.271087
861.5		0.277767
861		0.278459
860.5		0.277973
860		0.27565
859.5		0.277113
859		0.27667
858.5		0.279197
858		0.276663
857.5		0.278594
857		0.279412
856.5		0.278009
856		0.278758
855.5		0.27786
855		0.279877
854.5		0.279758
854		0.279238
853.5		0.282084
853		0.28098
852.5		0.279629
852		0.281126
851.5		0.281995
851		0.282143
850.5		0.283437
850		0.281185
849.5		0.28275
849		0.281618
848.5		0.28238
848		0.282695
847.5		0.283202
847		0.283457
846.5		0.283587
846		0.284048
845.5		0.2857
845		0.285474
844.5		0.287789
844		0.286547
843.5		0.284098
843		0.286166
842.5		0.286605
842		0.286363
841.5		0.288303
841		0.286406
840.5		0.287086
840		0.288454
839.5		0.287506
839		0.288218
838.5		0.288256
838		0.289763
837.5		0.288557
837		0.289239
836.5		0.291174
836		0.291258
835.5		0.289875
835		0.292395
834.5		0.292428
834		0.291675
833.5		0.29177
833		0.292172
832.5		0.293018
832		0.29396
831.5		0.294012
831		0.29379
830.5		0.294006
830		0.293649
829.5		0.294956
829		0.294702
828.5		0.295244
828		0.295665
827.5		0.295561
827		0.296968
826.5		0.297957
826		0.297624
825.5		0.296341
825		0.297983
824.5		0.298083
824		0.299331
823.5		0.29797
823		0.299111
822.5		0.29979
822		0.299132
821.5		0.29979
821		0.29966
820.5		0.299222
820		0.300769
819.5		0.30025
819		0.302072
818.5		0.300569
818		0.302423
817.5		0.302368
817		0.302591
816.5		0.302709
816		0.303245
815.5		0.302005
815		0.304248
814.5		0.303852
814		0.304774
813.5		0.304666
813		0.304383
812.5		0.30457
812		0.305222
811.5		0.306028
811		0.305992
810.5		0.305303
810		0.306792
809.5		0.306687
809		0.30827
808.5		0.308308
808		0.308046
807.5		0.307631
807		0.308654
806.5		0.309264
806		0.309295
805.5		0.309669
805		0.309657
804.5		0.310131
804		0.310307
803.5		0.311636
803		0.311613
802.5		0.311387
802		0.311333
801.5		0.311831
801		0.313083
800.5		0.31212
800		0.312487
799.5		0.314189
799		0.313929
798.5		0.314069
798		0.314569
797.5		0.315225
797		0.315037
796.5		0.315111
796		0.314859
795.5		0.316515
795		0.315626
794.5		0.316832
794		0.316747
793.5		0.316394
793		0.318191
792.5		0.3178
792		0.319042
791.5		0.317397
791		0.317467
790.5		0.319145
790		0.318046
789.5		0.319532
789		0.319716
788.5		0.320428
788		0.32022
787.5		0.320184
787		0.321768
786.5		0.320192
786		0.321311
785.5		0.321703
785		0.320817
784.5		0.322049
784		0.322584
783.5		0.323157
783		0.323997
782.5		0.323283
782		0.323195
781.5		0.324378
781		0.324055
780.5		0.324686
780		0.324688
779.5		0.325312
779		0.325579
778.5		0.325092
778		0.326506
777.5		0.325496
777		0.32682
776.5		0.326716
776		0.326492
775.5		0.326297
775		0.327903
774.5		0.326665
774		0.329135
773.5		0.328512
773		0.328584
772.5		0.329674
772		0.328523
771.5		0.330637
771		0.329381
770.5		0.330313
770		0.330075
769.5		0.330508
769		0.330941
768.5		0.330976
768		0.331508
767.5		0.331705
767		0.331675
766.5		0.332935
766		0.3332
765.5		0.332968
765		0.332539
764.5		0.3335
764		0.333931
763.5		0.33503
763		0.333532
762.5		0.334795
762		0.335093
761.5		0.334128
761		0.335592
760.5		0.335558
760		0.336923
759.5		0.335756
759		0.336384
758.5		0.336685
758		0.336615
757.5		0.337512
757		0.336782
756.5		0.338272
756		0.339408
755.5		0.33821
755		0.339005
754.5		0.339273
754		0.338295
753.5		0.34011
753		0.340139
752.5		0.340356
752		0.340296
751.5		0.339217
751		0.340527
750.5		0.341119
750		0.341318
749.5		0.341095
749		0.341071
748.5		0.34175
748		0.342116
747.5		0.34267
747		0.342556
746.5		0.342758
746		0.343144
745.5		0.343297
745		0.343626
744.5		0.342826
744		0.343375
743.5		0.344181
743		0.345077
742.5		0.345108
742		0.344243
741.5		0.344694
741		0.344992
740.5		0.344964
740		0.345514
739.5		0.346001
739		0.345473
738.5		0.345807
738		0.346999
737.5		0.346626
737		0.346682
736.5		0.34645
736		0.347344
735.5		0.347431
735		0.348492
734.5		0.346605
734		0.348272
733.5		0.348959
733		0.349615
732.5		0.348203
732		0.348698
731.5		0.349032
731		0.348757
730.5		0.350875
730		0.348867
729.5		0.350039
729		0.349613
728.5		0.349766
728		0.350479
727.5		0.350282
727		0.350858
726.5		0.350527
726		0.349772
725.5		0.351427
725		0.351084
724.5		0.351169
724		0.350997
723.5		0.352041
723		0.351676
722.5		0.351447
722		0.351331
721.5		0.350942
721		0.350388
720.5		0.351423
720		0.352079
719.5		0.351034
719		0.352697
718.5		0.351237
718		0.353217
717.5		0.353504
717		0.353856
716.5		0.353151
716		0.353869
715.5		0.354763
715		0.355248
714.5		0.356328
714		0.355592
713.5		0.355989
713		0.355883
712.5		0.355549
712		0.357432
711.5		0.35679
711		0.356838
710.5		0.356671
710		0.35805
709.5		0.358448
709		0.358291
708.5		0.358216
708		0.357992
707.5		0.358522
707		0.359101
706.5		0.358967
706		0.359704
705.5		0.359065
705		0.358974
704.5		0.358628
704		0.359814
703.5		0.359086
703		0.359614
702.5		0.360004
702		0.360407
701.5		0.36015
701		0.360434
700.5		0.360612
700		0.360035
699.5		0.361589
699		0.361119
698.5		0.361054
698		0.361383
697.5		0.361788
697		0.361465
696.5		0.36219
696		0.361152
695.5		0.36196
695		0.361352
694.5		0.362316
694		0.362775
693.5		0.361895
693		0.363053
692.5		0.362166
692		0.362819
691.5		0.363511
691		0.362838
690.5		0.36316
690		0.363196
689.5		0.363277
689		0.363798
688.5		0.363205
688		0.364455
687.5		0.363259
687		0.363735
686.5		0.364094
686		0.363735
685.5		0.364166
685		0.363969
684.5		0.363735
684		0.364212
683.5		0.364626
683		0.364508
682.5		0.364445
682		0.364211
681.5		0.365236
681		0.363744
680.5		0.364913
680		0.364508
679.5		0.364849
679		0.366194
678.5		0.365552
678		0.365265
677.5		0.365822
677		0.365776
676.5		0.365745
676		0.366644
675.5		0.365706
675		0.366789
674.5		0.366614
674		0.365924
673.5		0.366743
673		0.366003
672.5		0.366291
672		0.366066
671.5		0.366139
671		0.366571
670.5		0.366409
670		0.3667
669.5		0.366056
669		0.366518
668.5		0.367347
668		0.366047
667.5		0.365895
667		0.367175
666.5		0.366551
666		0.367533
665.5		0.366192
665		0.36706
664.5		0.367695
664		0.367
663.5		0.367837
663		0.367727
662.5		0.367175
662		0.367096
661.5		0.367321
661		0.367681
660.5		0.367456
660		0.367304
659.5		0.367685
659		0.367404
658.5		0.367262
658		0.368635
657.5		0.366944
657		0.367622
656.5		0.368171
656		0.36792
655.5		0.368777
655		0.367424
654.5		0.368009
654		0.368113
653.5		0.368337
653		0.369112
652.5		0.368202
652		0.368014
651.5		0.368835
651		0.367404
650.5		0.368358
650		0.368034
649.5		0.368934
649		0.3685
648.5		0.368578
648		0.368955
647.5		0.36861
647		0.369407
646.5		0.369154
646		0.368709
645.5		0.36907
645		0.369061
644.5		0.369485
644		0.369639
643.5		0.36958
643		0.369639
642.5		0.369882
642		0.370097
641.5		0.370093
641		0.369472
640.5		0.369797
640		0.370244
639.5		0.370559
639		0.370085
638.5		0.370842
638		0.371317
637.5		0.371434
637		0.371661
636.5		0.371033
636		0.371693
635.5		0.37231
635		0.372318
634.5		0.372695
634		0.372681
633.5		0.373208
633		0.373535
632.5		0.37332
632		0.373963
631.5		0.373232
631		0.373661
630.5		0.374583
630		0.373953
629.5		0.374218
629		0.373728
628.5		0.373905
628		0.373694
627.5		0.37381
627		0.374298
626.5		0.373802
626		0.373368
625.5		0.374403
625		0.37224
624.5		0.372959
624		0.372793
623.5		0.372833
623		0.373586
622.5		0.372232
622		0.373565
621.5		0.373115
621		0.372888
620.5		0.373184
620		0.37253
619.5		0.373079
619		0.373432
618.5		0.373082
618		0.373047
617.5		0.37289
617		0.373797
616.5		0.374209
616		0.374051
615.5		0.374745
615		0.374805
614.5		0.374076
614		0.375231
613.5		0.375195
613		0.375317
612.5		0.375365
612		0.375487
611.5		0.376121
611		0.376095
610.5		0.376328
610		0.375961
609.5		0.376604
609		0.376606
608.5		0.377153
608		0.3768
607.5		0.377713
607		0.377836
606.5		0.378063
606		0.378518
605.5		0.378368
605		0.378965
604.5		0.378636
604		0.379757
603.5		0.380679
603		0.379555
602.5		0.379424
602		0.380786
601.5		0.380319
601		0.381402
600.5		0.381105
600		0.381073
599.5		0.381998
599		0.380911
598.5		0.383121
598		0.382093
597.5		0.383397
597		0.384114
596.5		0.383466
596		0.384287
595.5		0.383639
595		0.384064
594.5		0.385175
594		0.384839
593.5		0.385944
593		0.386115
592.5		0.386353
592		0.387084
591.5		0.386113
591		0.387625
590.5		0.387769
590		0.38805
589.5		0.387931
589		0.388131
588.5		0.389179
588		0.389459
587.5		0.390327
587		0.390303
586.5		0.389985
586		0.390935
585.5		0.391616
585		0.391174
584.5		0.392267
584		0.392477
583.5		0.392874
583		0.393552
582.5		0.393948
582		0.393989
581.5		0.394434
581		0.395483
580.5		0.395032
580		0.395616
579.5		0.39602
579		0.396157
578.5		0.396934
578		0.397739
577.5		0.397936
577		0.398707
576.5		0.398881
576		0.399807
575.5		0.400599
575		0.400579
574.5		0.400984
574		0.401369
573.5		0.401175
573		0.402723
572.5		0.402566
572		0.403161
571.5		0.4037
571		0.404991
570.5		0.404721
570		0.405476
569.5		0.40547
569		0.405543
568.5		0.406157
568		0.405514
567.5		0.407803
567		0.40847
566.5		0.408619
566		0.40927
565.5		0.409143
565		0.411012
564.5		0.41035
564		0.411652
563.5		0.412262
563		0.411471
562.5		0.413315
562		0.413313
561.5		0.413333
561		0.41488
560.5		0.414524
560		0.417492
559.5		0.418609
559		0.418652
558.5		0.418877
558		0.419615
557.5		0.419482
557		0.420188
556.5		0.421603
556		0.420841
555.5		0.422235
555		0.422339
554.5		0.423195
554		0.424036
553.5		0.424228
553		0.424926
552.5		0.425355
552		0.425709
551.5		0.426928
551		0.426846
550.5		0.427462
550		0.42711
549.5		0.429366
549		0.429433
548.5		0.430009
548		0.430855
547.5		0.430046
547		0.432034
546.5		0.431662
546		0.432743
545.5		0.43387
545		0.43334
544.5		0.435041
544		0.43435
543.5		0.435481
543		0.436884
542.5		0.435787
542		0.437643
541.5		0.436838
541		0.437601
540.5		0.437846
540		0.438292
539.5		0.440577
539		0.44
538.5		0.440828
538		0.441379
537.5		0.442262
537		0.442576
536.5		0.44242
536		0.443702
535.5		0.443216
535		0.443566
534.5		0.444127
534		0.445165
533.5		0.444688
533		0.446372
532.5		0.446648
532		0.446794
531.5		0.447441
531		0.44693
530.5		0.449581
530		0.448328
529.5		0.448515
529		0.450515
528.5		0.449924
528		0.451447
527.5		0.451063
527		0.451561
526.5		0.45232
526		0.452753
525.5		0.453118
525		0.453566
524.5		0.453827
524		0.454433
523.5		0.455187
523		0.455325
522.5		0.455342
522		0.455973
521.5		0.4564
521		0.457241
520.5		0.456838
520		0.457445
519.5		0.457417
519		0.458183
518.5		0.459001
518		0.458294
517.5		0.459135
517		0.459663
516.5		0.459503
516		0.46112
515.5		0.46016
515		0.460629
514.5		0.46148
514		0.460652
513.5		0.462471
513		0.460797
512.5		0.462427
512		0.462913
511.5		0.462059
511		0.463487
510.5		0.462581
510		0.462749
509.5		0.463228
509		0.46288
508.5		0.463822
508		0.462608
507.5		0.463129
507		0.463429
506.5		0.462942
506		0.461984
505.5		0.462597
505		0.462428
504.5		0.462143
504		0.461502
503.5		0.460624
503		0.460965
502.5		0.459665
502		0.459668
501.5		0.459434
501		0.458407
500.5		0.459297
500		0.45794
499.5		0.458007
499		0.457417
498.5		0.455627
498		0.456558
497.5		0.455187
497		0.455507
496.5		0.454689
496		0.453468
495.5		0.453679
495		0.452212
494.5		0.451762
494		0.450899
493.5		0.449889
493		0.44941
492.5		0.447654
492		0.448247
491.5		0.446138
491		0.446055
490.5		0.445996
490		0.445221
489.5		0.444628
489		0.44259
488.5		0.441848
488		0.440139
487.5		0.441036
487		0.438524
486.5		0.43841
486		0.436922
485.5		0.435073
485		0.435691
484.5		0.434233
484		0.433705
483.5		0.431283
483		0.431049
482.5		0.430436
482		0.429093
481.5		0.427387
481		0.426868
480.5		0.424895
480		0.424904
479.5		0.42315
479		0.42219
478.5		0.420632
478		0.41996
477.5		0.418523
477		0.417837
476.5		0.415785
476		0.416177
475.5		0.413908
475		0.412963
474.5		0.412704
474		0.410621
473.5		0.40988
473		0.408882
472.5		0.407324
472		0.407108
471.5		0.406045
471		0.403575
470.5		0.40336
470		0.401356
469.5		0.402339
469		0.400552
468.5		0.399022
468		0.398293
467.5		0.396454
467		0.395874
466.5		0.394855
466		0.393781
465.5		0.393931
465		0.392269
464.5		0.391496
464		0.389884
463.5		0.390182
463		0.38745
462.5		0.387266
462		0.386381
461.5		0.385966
461		0.384823
460.5		0.383003
460		0.382903
459.5		0.382437
459		0.380345
458.5		0.38028
458		0.380045
457.5		0.378458
457		0.377093
456.5		0.377347
456		0.375755
455.5		0.37593
455		0.375736
454.5		0.37407
454		0.373366
453.5		0.371646
453		0.372099
452.5		0.371786
452		0.371153
451.5		0.370825
451		0.369757
450.5		0.369575
450		0.367612
449.5		0.368361
449		0.365702
448.5		0.366599
448		0.364801
447.5		0.364188
447		0.364213
446.5		0.36238
446		0.362016
445.5		0.36143
445		0.360883
444.5		0.360666
444		0.358387
443.5		0.358223
443		0.357992
442.5		0.357365
442		0.357397
441.5		0.354945
441		0.354627
440.5		0.354128
440		0.354569
439.5		0.353009
439		0.352695
438.5		0.351858
438		0.350876
437.5		0.350449
437		0.349724
436.5		0.349088
436		0.348589
435.5		0.348151
435		0.346941
434.5		0.347543
434		0.345794
433.5		0.344589
433		0.345297
432.5		0.344385
432		0.343025
431.5		0.342944
431		0.342133
430.5		0.343237
430		0.34083
429.5		0.34018
429		0.340214
428.5		0.339164
428		0.33873
427.5		0.337923
427		0.337804
426.5		0.336673
426		0.336141
425.5		0.33552
425		0.334692
424.5		0.334603
424		0.333186
423.5		0.33413
423		0.333599
422.5		0.333422
422		0.331598
421.5		0.331799
421		0.331244
420.5		0.330539
420		0.330889
419.5		0.33007
419		0.329251
418.5		0.328398
418		0.328023
417.5		0.326938
417		0.326346
416.5		0.326771
416		0.325947
415.5		0.325112
415		0.324471
414.5		0.324393
414		0.324267
413.5		0.323223
413		0.323496
412.5		0.323418
412		0.322019
411.5		0.32238
411		0.321166
410.5		0.320087
410		0.321497
409.5		0.319312
409		0.318769
408.5		0.318459
408		0.318634
407.5		0.31842
407		0.31743
406.5		0.316529
406		0.316965
405.5		0.316032
405		0.316497
404.5		0.31529
404		0.315111
403.5		0.314576
403		0.313814
402.5		0.313983
402		0.313402
401.5		0.312989
401		0.312473
400.5		0.31114
400		0.312554
399.5		0.311272
399		0.311475
398.5		0.310575
398		0.310378
397.5		0.310172
397		0.309445
396.5		0.309326
396		0.308985
395.5		0.308385
395		0.308637
394.5		0.308606
394		0.306471
393.5		0.307852
393		0.30677
392.5		0.305811
392		0.30663
391.5		0.304895
391		0.30573
390.5		0.30547
390		0.304191
389.5		0.303662
389		0.304034
388.5		0.303495
388		0.303354
387.5		0.302451
387		0.302707
386.5		0.302534
386		0.301848
385.5		0.300954
385		0.30102
384.5		0.299331
384		0.300721
383.5		0.300102
383		0.299729
382.5		0.298087
382		0.300288
381.5		0.29768
381		0.29893
380.5		0.297572
380		0.298599
379.5		0.296008
379		0.297436
378.5		0.297129
378		0.295778
377.5		0.296675
377		0.296082
376.5		0.29455
376		0.296138
375.5		0.294978
375		0.294402
374.5		0.294305
374		0.294093
373.5		0.294669
373		0.293966
372.5		0.293951
372		0.294623
371.5		0.291715
371		0.292582
370.5		0.2923
370		0.292543
369.5		0.293124
369		0.292382
368.5		0.291667
368		0.292434
367.5		0.289508
367		0.290909
366.5		0.290691
366		0.289385
365.5		0.289915
365		0.287926
364.5		0.289274
364		0.289237
363.5		0.288797
363		0.289055
362.5		0.289099
362		0.286805
361.5		0.287891
361		0.287156
360.5		0.287754
360		0.28658
359.5		0.287342
359		0.28767
358.5		0.284681
358		0.286803
357.5		0.285237
357		0.286076
356.5		0.285586
356		0.285435
355.5		0.28433
355		0.28597
354.5		0.282076
354		0.282386
353.5		0.283229
353		0.281463
352.5		0.283036
352		0.280249
351.5		0.283895
351		0.283467
350.5		0.281058
350		0.280615
349.5		0.279545
349		0.278952
348.5		0.279273
348		0.279439
347.5		0.279491
347		0.279848
346.5		0.278282
346		0.277916
345.5		0.274632
345		0.275967
344.5		0.276695
344		0.275236
343.5		0.277024
343		0.275316
342.5		0.274488
342		0.274142
341.5		0.275054
341		0.272886
340.5		0.273153
340		0.272511
339.5		0.271858
339		0.270882
338.5		0.271545
338		0.273452
337.5		0.27145
337		0.271927
336.5		0.268957
336		0.273163
335.5		0.271825
335		0.270121
334.5		0.270184
334		0.269542
333.5		0.268917
333		0.270344
332.5		0.270098
332		0.267658
331.5		0.268623
331		0.269225
330.5		0.271788
330		0.271037
329.5		0.271839
329		0.270093
328.5		0.269319
328		0.267812
327.5		0.268962
327		0.272086
326.5		0.271906
326		0.272554
325.5		0.274619
325		0.276484
324.5		0.278724
324		0.277642
323.5		0.277892
323		0.281937
322.5		0.281885
322		0.283515
321.5		0.283197
321		0.287829
320.5		0.290692
320		0.290924
319.5		0.29189
319		0.298497
318.5		0.304052
318		0.307274
317.5		0.30775
317		0.312757
316.5		0.313573
316		0.318328
315.5		0.323062
315		0.334402
314.5		0.335196
314		0.345399
313.5		0.351888
313		0.36108
312.5		0.372368
312		0.376191
311.5		0.391456
311		0.399084
310.5		0.413449
310		0.425234
309.5		0.434535
309		0.445804
308.5		0.464504
308		0.486942
307.5		0.509137
307		0.528192
306.5		0.549066
306		0.572118
305.5		0.596808
305		0.65297
304.5		0.667057
304		0.728748
303.5		0.774328
303		0.801802
302.5		0.861904
302		0.89322
301.5		0.952506
301		1.0529
300.5		1.15507
300		1.28847
299.5		1.34924
299		1.49209
298.5		1.48125
298		1.67789
297.5		1.71807
297		2.03538
296.5		1.94735
296		2.55095
295.5		3.38418
295		3.35377
294.5		3.05595
294		3.67852
293.5		2.93876
293		2.49098
292.5		2.68651
292		2.0363
291.5		1.21342
291		0.471639
290.5		0.892796
290		0.273594
289.5		0.53139
289		2.08466
288.5		2.89814
288		0.184285
287.5		1.99712
287		0.411872
286.5		-0.597356
286		1.82219
285.5		1.55293
285		-1.88433
284.5		0.578969
284		0.0606378
283.5		0.759813
283		-0.00359513
282.5		0.738679
282		0.80705
281.5		-0.0477108
281		0.497264
280.5		0.693665
280		0.458478
279.5		7.26154
279		2.64474
278.5		1.22377
278		1.1037
277.5		0.156416
277		0.571534
276.5		0.220111
276		0.290156
275.5		4.02451
275		0.464623
274.5		0.449208
274		2.36298
273.5		0.0912527
273		0.619873
272.5		0.438077
272		0.94091
271.5		0.84033
271		-0.550368
270.5		0.800559
270		0.536626
269.5		-1.07101
269		0.337103
268.5		-0.0756275
268		0.796282
267.5		-1.60872
267		-3.60003
266.5		-0.00191975
266		0.474885
265.5		0.379085
265		0.397766
264.5		-0.736626
264		0.240071
263.5		0.755818
263		0.124265
262.5		0.371685
262		-0.0769327
261.5		0.504163
261		0.124643
260.5		-0.144781
260		-0.0170395
259.5		-0.40305
259		0.134019
258.5		1.09957
258		44.28
257.5		0.626024
257		0.67315
256.5		-0.0433092
256		-0.0514874
255.5		0.0183746
255		0.942966
254.5		0.166766
254		1.10418
253.5		2.21634
253		0.115013
252.5		0.381418
252		-0.0883508
251.5		0.822615
251		2.34161
250.5		0.18072
250		-9.19433
249.5		-0.051767
249		-0.180706
248.5		0.672127
248		0.911931
247.5		-1.05172
247		0.668148
246.5		0.654118
246		0.52642
245.5		0.996806
245		0.369515
244.5		-1.92252
244		0.67218
243.5		-1.87735
243		0.754308
242.5		0.826315
242		-0.0926187
241.5		-0.869055
241		1.15974
240.5		-0.373291
240		0.597614
239.5		0.175907
239		0.131414
238.5		0.528058
238		1.39275
237.5		0.0780419
237		-0.123659
236.5		2.16504
236		-1.83505
235.5		-2.85236
235		-2.39961
234.5		3.40782
234		-1.4941
233.5		0.343302
233		-1.15966
232.5		0.209974
232		-0.378293
231.5		0.674028
231		1.20354
230.5		0.444412
230		3.06122
229.5		0.692559
229		2.07351
228.5		12.0405
228		-0.331268
227.5		0.5937
227		0.37717
226.5		0.52852
226		1.33585
225.5		25.8074
225		0.0593666
224.5		0.598126
224		0.549133
223.5		0.336757
223		-0.208393
222.5		0.473776
222		-0.425357
221.5		1.66407
221		-0.994314
220.5		-35.5878
220		0.925591
219.5		0.167832
219		0.104965
218.5		-0.903412
218		0.531561
217.5		1.05768
217		0.397281
216.5		1.91932
216		1.90925
215.5		-0.414269
215		0.389948
214.5		-0.0541955
214		0.601106
213.5		-0.164631
213		11.6971
212.5		0.362931
212		0.754233
211.5		-1.62788
211		-0.11378
210.5		0.757369
210		0.537195
209.5		1.85438
209		14.0451
208.5		-1.34368
208		0.640292
207.5		-4.19866
207		-0.26705
206.5		0.2894
206		0.219663
205.5		0.0194728
205		-0.123122
204.5		0.151478
204		0.124574
203.5		-0.741325
203		0.776024
202.5		1.42327
202		0.195433
201.5		0.305363
201		0.104877
200.5		-0.419
200		0.310419
Data1 - Data2
lambda		value

Calibration:
lambda:	6.6977e+199
Abs:	6.92831e-310

Data:
#
200		0.6555
200.5		-6.3267
201		2.231
201.5		-0.9667
202		6.535
202.5		-3.8363
203		-2.7154
203.5		1.6372
204		3.7143
204.5		0.7284
205		2.1993
205.5		-1.6239
206		-0.7037
206.5		-0.2881
207		2.0197
207.5		18.1106
208		-7.7766
208.5		4.2451
209		-37.1126
209.5		-3.4351
210		-0.7713
210.5		1.8183
211		0.1643
211.5		4.6132
212		-0.5659
212.5		-0.4137
213		-29.4969
213.5		3.5471
214		-1.314
214.5		1.259
215		-0.6321
215.5		1.6157
216		-3.4193
216.5		-3.2601
217		-3.1878
217.5		-0.5446
218		-0.8139
218.5		6.8355
219		0.1263
219.5		0.9528
220		-1.5229
220.5		81.6607
221		2.2267
221.5		-5.8857
222		1.2075
222.5		-0.8472
223		1.9351
223.5		0.6276
224		-8.7537
224.5		-0.9481
225		0.7847
225.5		-55.0444
226		-2.1703
226.5		0.1527
227		0.3138
227.5		-0.8565
228		1.04
228.5		-25.1294
229		-4.346
229.5		-1.2897
230		-5.7868
230.5		0.3356
231		-1.7994
231.5		-1.4646
232		2.2423
232.5		-0.0503
233		6.9306
233.5		0.3528
234		2.8546
234.5		-5.525
235		5.1716
235.5		6.3899
236		3.8148
236.5		-4.1926
237		-0.6815
237.5		0.9381
238		1.0728
238.5		-0.1715
239		0.4804
239.5		-0.1645
240		2.0168
240.5		-1.6641
241		-2.2316
241.5		3.2364
242		0.3171
242.5		-0.5129
243		0.0547
243.5		5.1334
244		-0.704
244.5		3.8766
245		0.114
245.5		-1.0226
246		0.1046
246.5		-0.2583
247		-0.9788
247.5		2.9279
248		-1.5828
248.5		-0.9186
249		1.0008
249.5		-0.4813
250		16.2787
250.5		-0.6608
251		-2.4558
251.5		1.4206
252		1.2877
252.5		0.356
253		0.5787
253.5		-1.7195
254		-1.8548
254.5		-0.1597
255		-1.7161
255.5		88.007
256		1.0357
256.5		5.1061
257		0.5483
257.5		-0.777
258		-70.6633
258.5		-6.2859
259		-0.525
259.5		0.813
260		1.0381
260.5		1.0644
261		-1.4235
261.5		-0.0219
262		0.6778
262.5		0.0951
263		0.5535
263.5		-2.1789
264		0.3446
264.5		1.0054
265		-0.5767
265.5		0.2522
266		2.6733
266.5		0.138
267		6.0854
267.5		3.9594
268		-1.5202
268.5		0.4558
269		0.2064
269.5		0.4965
270		-0.731
270.5		-2.1719
271		1.7129
271.5		-0.6907
272		-2.202
272.5		-0.1794
273		-0.3612
273.5		0.5059
274		8.8709
274.5		-0.9879
275		-0.4647
275.5		-5.5539
276		-1.5457
276.5		0.9305
277		-0.4963
277.5		0.5916
278		-2.7097
278.5		-1.8659
279		-2.9888
279.5		-10.7838
280		4.6615
280.5		-0.239
281		-0.0166
281.5		2.1493
282		-0.9676
282.5		0.2336
283		0.1308
283.5		-0.2403
284		0.3675
284.5		-0.7816
285		3.8197
285.5		-2.6212
286		-3.7924
286.5		1.2399
287		-0.4802
287.5		-2.0625
288		1.21
288.5		-2.0119
289		-1.7127
289.5		1.239
290		0.5643
290.5		0.1275
291		1.6914
291.5		-0.3566
292		0.8744
292.5		-2.3534
293		1.9092
293.5		-1.4497
294		-2.6596
294.5		0.8513
295		-1.3442
295.5		-0.7878
296		-0.6743
296.5		0.5828
297		-0.3225
297.5		0.0578
298		0.0398
298.5		0.1978
299		-0.1722
299.5		-0.1072
300		-0.0102
300.5		0.0263
301		-0.0788
301.5		0.0986
302		-0.0156
302.5		-0.0032
303		0.0138
303.5		-0.0407
304		-0.0583
304.5		-0.0177
305		-0.0397
305.5		0.001
306		0.0013
306.5		0.0126
307		0.0233
307.5		-0.0014
308		-0.0033
308.5		-0.0002
309		0.0099
309.5		0.0017
310		0.0004
310.5		-0.013
311		0.0041
311.5		-0.0035
312		0.0024
312.5		-0.0065
313		-0.0016
313.5		0.0016
314		0.0028
314.5		0.0128
315		-0.0025
315.5		0.0128
316		0.0094
316.5		0.0096
317		0.0048
317.5		0.0077
318		0.0013
318.5		0.0013
319		0.0047
319.5		0.0134
320		0.0073
320.5		0.0036
321		0.0055
321.5		0.0086
322		0.0082
322.5		0.0091
323		0.0086
323.5		0.0084
324		0.0046
324.5		0.0042
325		0.0019
325.5		0.0058
326		0.0056
326.5		0.005
327		0.0054
327.5		0.0097
328		0.0081
328.5		0.0041
329		0.007
329.5		0.005
330		0.0059
330.5		0.004
331		0.0127
331.5		0.0069
332		0.0108
332.5		0.006
333		0.0046
333.5		0.0053
334		0.0068
334.5		0.0078
335		0.0057
335.5		0.0049
336		0.0059
336.5		0.0069
337		0.0064
337.5		0.0074
338		0.0069
338.5		0.0102
339		0.0069
339.5		0.0082
340		0.0096
340.5		0.0112
341		0.0119
341.5		0.0105
342		0.0106
342.5		0.011
343		0.0116
343.5		0.0075
344		0.0129
344.5		0.0105
345		0.0107
345.5		0.0107
346		0.0092
346.5		0.0098
347		0.0102
347.5		0.0098
348		0.0092
348.5		0.0103
349		0.0111
349.5		0.011
350		0.0112
350.5		0.0103
351		0.0083
351.5		0.0078
352		0.0093
352.5		0.0103
353		0.011
353.5		0.0111
354		0.0108
354.5		0.0106
355		0.0082
355.5		0.01
356		0.0106
356.5		0.0096
357		0.0089
357.5		0.0114
358		0.0118
358.5		0.0105
359		0.0093
359.5		0.0079
360		0.0083
360.5		0.0076
361		0.0092
361.5		0.0077
362		0.0107
362.5		0.0093
363		0.0088
363.5		0.0099
364		0.0094
364.5		0.0096
365		0.0115
365.5		0.0115
366		0.0111
366.5		0.0081
367		0.0076
367.5		0.008
368		0.0086
368.5		0.0075
369		0.0083
369.5		0.008
370		0.0099
370.5		0.0084
371		0.0092
371.5		0.0105
372		0.0084
372.5		0.0078
373		0.0082
373.5		0.0096
374		0.0098
374.5		0.0104
375		0.0085
375.5		0.011
376		0.0063
376.5		0.0098
377		0.0095
377.5		0.0081
378		0.0098
378.5		0.0084
379		0.0086
379.5		0.0086
380		0.0088
380.5		0.0074
381		0.0086
381.5		0.0094
382		0.0076
382.5		0.01
383		0.0085
383.5		0.0085
384		0.0085
384.5		0.0091
385		0.0082
385.5		0.0087
386		0.0082
386.5		0.0076
387		0.0082
387.5		0.0089
388		0.0088
388.5		0.0089
389		0.0074
389.5		0.0089
390		0.009
390.5		0.007
391		0.0072
391.5		0.0095
392		0.0073
392.5		0.0087
393		0.0069
393.5		0.0082
394		0.0084
394.5		0.0073
395		0.0075
395.5		0.0088
396		0.0081
396.5		0.0083
397		0.0079
397.5		0.0086
398		0.009
398.5		0.007
399		0.0081
399.5		0.0081
400		0.0079
400.5		0.009
401		0.0085
401.5		0.0091
402		0.0083
402.5		0.0074
403		0.0076
403.5		0.0078
404		0.0083
404.5		0.0078
405		0.0078
405.5		0.0074
406		0.0087
406.5		0.0094
407		0.0072
407.5		0.0084
408		0.008
408.5		0.0089
409		0.0093
409.5		0.0082
410		0.0081
410.5		0.0079
411		0.0086
411.5		0.0079
412		0.008
412.5		0.007
413		0.0081
413.5		0.0086
414		0.0078
414.5		0.008
415		0.0087
415.5		0.0091
416		0.0094
416.5		0.0076
417		0.0079
417.5		0.0087
418		0.0087
418.5		0.0084
419		0.0077
419.5		0.0076
420		0.0079
420.5		0.0083
421		0.0083
421.5		0.0094
422		0.0092
422.5		0.0085
423		0.0085
423.5		0.0082
424		0.0095
424.5		0.0083
425		0.0085
425.5		0.0084
426		0.0089
426.5		0.0075
427		0.0075
427.5		0.0085
428		0.0084
428.5		0.008
429		0.007
429.5		0.0082
430		0.0079
430.5		0.0071
431		0.0076
431.5		0.008
432		0.0083
432.5		0.0082
433		0.0067
433.5		0.0074
434		0.0083
434.5		0.0081
435		0.0072
435.5		0.0079
436		0.0078
436.5		0.0079
437		0.0083
437.5		0.0075
438		0.0076
438.5		0.0073
439		0.0076
439.5		0.0083
440		0.0074
440.5		0.0073
441		0.0074
441.5		0.0082
442		0.0068
442.5		0.0072
443		0.0072
443.5		0.0076
444		0.0082
444.5		0.0072
445		0.0065
445.5		0.0069
446		0.0068
446.5		0.0069
447		0.0076
447.5		0.007
448		0.0081
448.5		0.0074
449		0.0079
449.5		0.0076
450		0.0076
450.5		0.008
451		0.0081
451.5		0.0074
452		0.0089
452.5		0.0086
453		0.0092
453.5		0.0096
454		0.0095
454.5		0.0101
455		0.009
455.5		0.0099
456		0.0101
456.5		0.0108
457		0.0098
457.5		0.0113
458		0.0102
458.5		0.01
459		0.0118
459.5		0.0106
460		0.011
460.5		0.0117
461		0.0113
461.5		0.0119
462		0.0111
462.5		0.0113
463		0.0126
463.5		0.0113
464		0.0115
464.5		0.0114
465		0.0113
465.5		0.011
466		0.012
466.5		0.0111
467		0.0116
467.5		0.0118
468		0.0119
468.5		0.0111
469		0.0113
469.5		0.0113
470		0.0127
470.5		0.0104
471		0.0116
471.5		0.011
472		0.0111
472.5		0.0111
473		0.0115
473.5		0.0108
474		0.0115
474.5		0.0116
475		0.011
475.5		0.011
476		0.0102
476.5		0.0114
477		0.0117
477.5		0.0108
478		0.011
478.5		0.0121
479		0.0113
479.5		0.0112
480		0.0101
480.5		0.0111
481		0.0103
481.5		0.0108
482		0.0107
482.5		0.0105
483		0.0104
483.5		0.0117
484		0.0106
484.5		0.0114
485		0.0112
485.5		0.0106
486		0.0113
486.5		0.0106
487		0.0112
487.5		0.0106
488		0.0117
488.5		0.0101
489		0.0118
489.5		0.0098
490		0.0114
490.5		0.0116
491		0.0112
491.5		0.0122
492		0.0114
492.5		0.0125
493		0.0125
493.5		0.0123
494		0.0116
494.5		0.0108
495		0.0111
495.5		0.0119
496		0.0121
496.5		0.0105
497		0.0111
497.5		0.0122
498		0.0117
498.5		0.0117
499		0.0112
499.5		0.0115
500		0.0109
500.5		0.0115
501		0.0113
501.5		0.0109
502		0.0116
502.5		0.0121
503		0.0118
503.5		0.0117
504		0.0113
504.5		0.0113
505		0.0109
505.5		0.0116
506		0.0116
506.5		0.0107
507		0.011
507.5		0.0117
508		0.0117
508.5		0.0109
509		0.0118
509.5		0.0118
510		0.0123
510.5		0.0124
511		0.0111
511.5		0.0119
512		0.0124
512.5		0.012
513		0.0133
513.5		0.0116
514		0.0132
514.5		0.0132
515		0.0135
515.5		0.0134
516		0.0133
516.5		0.0134
517		0.0138
517.5		0.0133
518		0.0137
518.5		0.0144
519		0.0141
519.5		0.0144
520		0.0141
520.5		0.0144
521		0.0141
521.5		0.0153
522		0.015
522.5		0.0152
523		0.0144
523.5		0.0151
524		0.0147
524.5		0.0151
525		0.0156
525.5		0.0152
526		0.0157
526.5		0.0155
527		0.0152
527.5		0.0164
528		0.0149
528.5		0.0161
529		0.0157
529.5		0.0157
530		0.0165
530.5		0.0152
531		0.0171
531.5		0.0167
532		0.0165
532.5		0.0163
533		0.0161
533.5		0.0171
534		0.0164
534.5		0.0167
535		0.0167
535.5		0.0169
536		0.0159
536.5		0.0167
537		0.0176
537.5		0.0162
538		0.0165
538.5		0.0167
539		0.0176
539.5		0.0168
540		0.018
540.5		0.0185
541		0.018
541.5		0.0191
542		0.0181
542.5		0.0186
543		0.0171
543.5		0.0179
544		0.0186
544.5		0.0184
545		0.018
545.5		0.0185
546		0.0186
546.5		0.0192
547		0.0189
547.5		0.0189
548		0.0182
548.5		0.0188
549		0.0189
549.5		0.0195
550		0.0196
550.5		0.0196
551		0.0199
551.5		0.0196
552		0.0197
552.5		0.0194
553		0.02
553.5		0.0194
554		0.0195
554.5		0.0202
555		0.0197
555.5		0.0202
556		0.0212
556.5		0.0198
557		0.0207
557.5		0.0203
558		0.0204
558.5		0.0206
559		0.02
559.5		0.0209
560		0.0206
560.5		0.022
561		0.0221
561.5		0.0228
562		0.0229
562.5		0.0226
563		0.0229
563.5		0.0219
564		0.022
564.5		0.0237
565		0.022
565.5		0.0225
566		0.0221
566.5		0.0231
567		0.0234
567.5		0.0231
568		0.0234
568.5		0.0229
569		0.0238
569.5		0.0233
570		0.0231
570.5		0.0234
571		0.0232
571.5		0.0237
572		0.024
572.5		0.0238
573		0.0244
573.5		0.0245
574		0.0238
574.5		0.024
575		0.024
575.5		0.0241
576		0.0239
576.5		0.0241
577		0.0241
577.5		0.024
578		0.0252
578.5		0.0236
579		0.0249
579.5		0.0248
580		0.0246
580.5		0.025
581		0.0238
581.5		0.0247
582		0.0252
582.5		0.0256
583		0.0246
583.5		0.0244
584		0.0247
584.5		0.0245
585		0.0248
585.5		0.0255
586		0.0245
586.5		0.0255
587		0.0251
587.5		0.0254
588		0.0257
588.5		0.0246
589		0.0257
589.5		0.0258
590		0.0259
590.5		0.0251
591		0.0247
591.5		0.0258
592		0.0256
592.5		0.0256
593		0.0257
593.5		0.0252
594		0.0261
594.5		0.0255
595		0.0259
595.5		0.0257
596		0.0258
596.5		0.026
597		0.0253
597.5		0.0258
598		0.0264
598.5		0.0252
599		0.0269
599.5		0.0261
600		0.0266
600.5		0.0264
601		0.026
601.5		0.0264
602		0.0256
602.5		0.0269
603		0.0264
603.5		0.0254
604		0.0263
604.5		0.0267
605		0.0266
605.5		0.0266
606		0.0262
606.5		0.026
607		0.0269
607.5		0.0262
608		0.0266
608.5		0.0262
609		0.026
609.5		0.0262
610		0.0268
610.5		0.0272
611		0.0259
611.5		0.0265
612		0.0262
612.5		0.0263
613		0.0266
613.5		0.0263
614		0.0255
614.5		0.027
615		0.0266
615.5		0.0259
616		0.0267
616.5		0.0269
617		0.0264
617.5		0.0273
618		0.0256
618.5		0.0266
619		0.0264
619.5		0.0267
620		0.0268
620.5		0.0258
621		0.0269
621.5		0.0259
622		0.0266
622.5		0.0256
623		0.0257
623.5		0.0265
624		0.0256
624.5		0.0257
625		0.0261
625.5		0.0244
626		0.0257
626.5		0.0254
627		0.0246
627.5		0.0241
628		0.0248
628.5		0.0249
629		0.0243
629.5		0.0242
630		0.0235
630.5		0.0233
631		0.0241
631.5		0.0239
632		0.0231
632.5		0.0241
633		0.0234
633.5		0.0232
634		0.0237
634.5		0.0234
635		0.0237
635.5		0.0237
636		0.0238
636.5		0.0246
637		0.0239
637.5		0.0247
638		0.0234
638.5		0.0236
639		0.0241
639.5		0.0239
640		0.0246
640.5		0.0234
641		0.024
641.5		0.0241
642		0.0229
642.5		0.024
643		0.0237
643.5		0.0241
644		0.0241
644.5		0.0241
645		0.0234
645.5		0.0232
646		0.0245
646.5		0.0233
647		0.0241
647.5		0.0239
648		0.0231
648.5		0.0235
649		0.0242
649.5		0.0231
650		0.0237
650.5		0.0228
651		0.0236
651.5		0.0234
652		0.0235
652.5		0.0232
653		0.0225
653.5		0.0229
654		0.0228
654.5		0.0226
655		0.0236
655.5		0.0224
656		0.0228
656.5		0.0222
657		0.0232
657.5		0.0235
658		0.0218
658.5		0.0233
659		0.0227
659.5		0.0227
660		0.0227
660.5		0.0223
661		0.0221
661.5		0.0222
662		0.0222
662.5		0.0216
663		0.0216
663.5		0.0213
664		0.0217
664.5		0.0214
665		0.022
665.5		0.0221
666		0.0214
666.5		0.0218
667		0.0213
667.5		0.0218
668		0.0212
668.5		0.0205
669		0.0217
669.5		0.0213
670		0.0216
670.5		0.0214
671		0.021
671.5		0.021
672		0.0212
672.5		0.0208
673		0.0211
673.5		0.0198
674		0.0212
674.5		0.0193
675		0.0199
675.5		0.0203
676		0.02
676.5		0.0207
677		0.0195
677.5		0.0204
678		0.0206
678.5		0.0201
679		0.0191
679.5		0.0195
680		0.02
680.5		0.0198
681		0.0199
681.5		0.0186
682		0.0195
682.5		0.0196
683		0.019
683.5		0.0187
684		0.0195
684.5		0.0194
685		0.0195
685.5		0.0184
686		0.0193
686.5		0.0186
687		0.0187
687.5		0.0186
688		0.0177
688.5		0.0189
689		0.0186
689.5		0.0185
690		0.0179
690.5		0.018
691		0.0181
691.5		0.0178
692		0.0176
692.5		0.0176
693		0.0172
693.5		0.0183
694		0.0174
694.5		0.0172
695		0.018
695.5		0.0168
696		0.0182
696.5		0.0172
697		0.017
697.5		0.0171
698		0.0174
698.5		0.0165
699		0.0169
699.5		0.0166
700		0.0174
700.5		0.0172
701		0.0167
701.5		0.0167
702		0.0168
702.5		0.0174
703		0.0161
703.5		0.0172
704		0.0165
704.5		0.0165
705		0.0166
705.5		0.016
706		0.0158
706.5		0.0162
707		0.0157
707.5		0.0165
708		0.0156
708.5		0.0152
709		0.015
709.5		0.0149
710		0.0156
710.5		0.0164
711		0.016
711.5		0.0161
712		0.0142
712.5		0.0166
713		0.0173
713.5		0.0165
714		0.0161
714.5		0.0148
715		0.0169
715.5		0.0153
716		0.0165
716.5		0.0171
717		0.0163
717.5		0.017
718		0.0168
718.5		0.0181
719		0.0165
719.5		0.0176
720		0.017
720.5		0.0164
721		0.0164
721.5		0.0159
722		0.0168
722.5		0.0162
723		0.0156
723.5		0.0144
724		0.0147
724.5		0.0147
725		0.0148
725.5		0.0141
726		0.015
726.5		0.0144
727		0.0137
727.5		0.0137
728		0.0137
728.5		0.0134
729		0.0132
729.5		0.0131
730		0.0139
730.5		0.0126
731		0.0141
731.5		0.0129
732		0.0123
732.5		0.0131
733		0.0118
733.5		0.0119
734		0.0123
734.5		0.0134
735		0.012
735.5		0.0124
736		0.0131
736.5		0.013
737		0.0117
737.5		0.0117
738		0.0115
738.5		0.0115
739		0.0119
739.5		0.0121
740		0.0111
740.5		0.0122
741		0.0116
741.5		0.0123
742		0.0115
742.5		0.0101
743		0.0103
743.5		0.0106
744		0.0115
744.5		0.012
745		0.0101
745.5		0.011
746		0.0111
746.5		0.0098
747		0.0115
747.5		0.0105
748		0.0099
748.5		0.0113
749		0.0103
749.5		0.011
750		0.0098
750.5		0.0097
751		0.0104
751.5		0.0104
752		0.0106
752.5		0.0092
753		0.0096
753.5		0.0099
754		0.0104
754.5		0.009
755		0.0095
755.5		0.0098
756		0.0086
756.5		0.0087
757		0.0101
757.5		0.0092
758		0.0092
758.5		0.0097
759		0.0093
759.5		0.0095
760		0.0086
760.5		0.0092
761		0.0086
761.5		0.0098
762		0.0094
762.5		0.0092
763		0.0097
763.5		0.0082
764		0.008
764.5		0.009
765		0.0082
765.5		0.0091
766		0.0089
766.5		0.0083
767		0.0086
767.5		0.0085
768		0.0083
768.5		0.0087
769		0.0078
769.5		0.0092
770		0.009
770.5		0.0077
771		0.0086
771.5		0.0079
772		0.0085
772.5		0.008
773		0.008
773.5		0.0086
774		0.0077
774.5		0.0093
775		0.0081
775.5		0.0081
776		0.0075
776.5		0.0078
777		0.0071
777.5		0.0079
778		0.0083
778.5		0.008
779		0.0071
779.5		0.0069
780		0.0065
780.5		0.0077
781		0.0075
781.5		0.0071
782		0.0082
782.5		0.0073
783		0.0069
783.5		0.0068
784		0.0073
784.5		0.0075
785		0.0076
785.5		0.0068
786		0.006
786.5		0.0072
787		0.0063
787.5		0.0073
788		0.0074
788.5		0.0061
789		0.0071
789.5		0.0069
790		0.0068
790.5		0.0066
791		0.0071
791.5		0.0077
792		0.0067
792.5		0.0062
793		0.0057
793.5		0.0063
794		0.0062
794.5		0.0058
795		0.0066
795.5		0.0056
796		0.0066
796.5		0.0058
797		0.0067
797.5		0.0061
798		0.0065
798.5		0.0054
799		0.0052
799.5		0.005
800		0.0063
800.5		0.006
801		0.0064
801.5		0.0061
802		0.0061
802.5		0.0063
803		0.0051
803.5		0.0051
804		0.0048
804.5		0.0052
805		0.0059
805.5		0.0049
806		0.006
806.5		0.0059
807		0.0056
807.5		0.0059
808		0.0058
808.5		0.0059
809		0.0051
809.5		0.006
810		0.005
810.5		0.0067
811		0.0052
811.5		0.0047
812		0.0055
812.5		0.006
813		0.006
813.5		0.0061
814		0.0047
814.5		0.0052
815		0.0049
815.5		0.0059
816		0.004
816.5		0.0049
817		0.0065
817.5		0.0059
818		0.0045
818.5		0.0058
819		0.0048
819.5		0.0059
820		0.0043
820.5		0.0061
821		0.0056
821.5		0.0042
822		0.0041
822.5		0.0058
823		0.0041
823.5		0.0058
824		0.0036
824.5		0.0048
825		0.005
825.5		0.0059
826		0.0037
826.5		0.0035
827		0.0044
827.5		0.0056
828		0.005
828.5		0.0058
829		0.0048
829.5		0.0054
830		0.0055
830.5		0.0054
831		0.0048
831.5		0.0043
832		0.0039
832.5		0.0043
833		0.0042
833.5		0.0051
834		0.0053
834.5		0.0034
835		0.0039
835.5		0.0049
836		0.0036
836.5		0.0038
837		0.0057
837.5		0.0043
838		0.0046
838.5		0.0046
839		0.0054
839.5		0.0031
840		0.0046
840.5		0.0052
841		0.0046
841.5		0.004
842		0.0035
842.5		0.0048
843		0.0038
843.5		0.0046
844		0.0022
844.5		0.0007
845		0.0037
845.5		0.0034
846		0.0048
846.5		0.0041
847		0.0034
847.5		0.0028
848		0.0039
848.5		0.0038
849		0.0038
849.5		0.003
850		0.0058
850.5		0.0002
851		0.0024
851.5		0.0035
852		0.0013
852.5		0.0017
853		0.0033
853.5		0.0013
854		0.0014
854.5		0.0027
855		0.003
855.5		0.0024
856		0.0006
856.5		0.0021
857		0.0011
857.5		0.0031
858		0.0027
858.5		-0.0024
859		0.0021
859.5		0.0009
860		0.0016
860.5		0.0023
861		0.0055
861.5		0.0019
862		0.0057
862.5		0.0012
863		-0.0002
863.5		0
864		0.0032
864.5		0.0013
865		-0.0008
865.5		-0.0001
866		-0.0004
866.5		0.0041
867		0.0019
867.5		0.0037
868		0.0026
868.5		0.0032
869		0.0061
869.5		0.0053
870		-0.0001
870.5		0.0057
871		-0.0023
871.5		0.0061
872		-0.0011
872.5		0.0004
873		-0.0026
873.5		-0.0064
874		0.0063
874.5		-0.0044
875		-0.001
875.5		0.001
876		0.0041
876.5		0.0035
877		-0.0011
877.5		0.0007
878		0.0011
878.5		-0.0005
879		-0.0007
879.5		0.0095
880		0.005
880.5		0.0083
881		0.0055
881.5		0.0025
882		-0.0041
882.5		0.0032
883		0.0065
883.5		0.0098
884		0.0095
884.5		0.0043
885		0.0028
885.5		0.0047
886		0.008
886.5		0.0235
887		0.0009
887.5		-0.0041
888		0.0085
888.5		-0.0026
889		-0.0087
889.5		-0.0071
890		0.0047
890.5		0.0012
891		0.018
891.5		0.0048
892		-0.0021
892.5		0.0009
893		-0.0048
893.5		0.0149
894		-0.0015
894.5		0.002
895		0.0078
895.5		0.018
896		-0.0057
896.5		-0.0093
897		-0.0015
897.5		0.0281
898		-0.0027
898.5		0.0131
899		0.0003
899.5		-0.0128
900		-0.0235
