lambda		value

Calibration:
lambda:	800
Abs:	0.0003

Data:
#
900		0.188626
899.5		0.171368
899		0.167603
898.5		0.18348
898		0.183185
897.5		0.180643
897		0.208979
896.5		0.189529
896		0.183953
895.5		0.177462
895		0.186118
894.5		0.196157
894		0.177916
893.5		0.189928
893		0.201993
892.5		0.191078
892		0.207318
891.5		0.178407
891		0.184297
890.5		0.174658
890		0.186242
889.5		0.184652
889		0.179094
888.5		0.191437
888		0.192653
887.5		0.183882
887		0.179582
886.5		0.187412
886		0.188271
885.5		0.180922
885		0.178849
884.5		0.189816
884		0.198228
883.5		0.186676
883		0.195217
882.5		0.182541
882		0.181056
881.5		0.179013
881		0.182322
880.5		0.191978
880		0.197686
879.5		0.190909
879		0.190921
878.5		0.191995
878		0.182795
877.5		0.185614
877		0.19473
876.5		0.18406
876		0.187424
875.5		0.192778
875		0.193785
874.5		0.192394
874		0.19267
873.5		0.195918
873		0.190146
872.5		0.190313
872		0.184683
871.5		0.191198
871		0.192453
870.5		0.184677
870		0.193286
869.5		0.185831
869		0.18815
868.5		0.186471
868		0.190253
867.5		0.187662
867		0.190595
866.5		0.191241
866		0.186716
865.5		0.189424
865		0.192533
864.5		0.185668
864		0.187673
863.5		0.187524
863		0.187804
862.5		0.191456
862		0.188516
861.5		0.188156
861		0.190615
860.5		0.191624
860		0.188336
859.5		0.190266
859		0.187094
858.5		0.18927
858		0.188538
857.5		0.189469
857		0.189354
856.5		0.185975
856		0.18713
855.5		0.18731
855		0.186676
854.5		0.187983
854		0.187733
853.5		0.188843
853		0.186922
852.5		0.186551
852		0.186777
851.5		0.187874
851		0.185643
850.5		0.18748
850		0.187287
849.5		0.187971
849		0.187035
848.5		0.185275
848		0.187214
847.5		0.185898
847		0.187665
846.5		0.187087
846		0.187144
845.5		0.188179
845		0.187427
844.5		0.187874
844		0.187669
843.5		0.186011
843		0.18746
842.5		0.187612
842		0.18704
841.5		0.188021
841		0.188069
840.5		0.188016
840		0.188292
839.5		0.18786
839		0.189182
838.5		0.187511
838		0.188048
837.5		0.187933
837		0.188697
836.5		0.18941
836		0.18797
835.5		0.188427
835		0.188659
834.5		0.188959
834		0.188489
833.5		0.188819
833		0.188983
832.5		0.189434
832		0.189425
831.5		0.189434
831		0.189363
830.5		0.190456
830		0.188746
829.5		0.190166
829		0.189368
828.5		0.189286
828		0.189457
827.5		0.190134
827		0.189822
826.5		0.189358
826		0.190775
825.5		0.189188
825		0.189954
824.5		0.190751
824		0.189744
823.5		0.190348
823		0.189593
822.5		0.19018
822		0.189863
821.5		0.18972
821		0.189483
820.5		0.188604
820		0.189668
819.5		0.190076
819		0.189628
818.5		0.18907
818		0.189516
817.5		0.190704
817		0.1895
816.5		0.189172
816		0.18872
815.5		0.188519
815		0.189368
814.5		0.189376
814		0.189628
813.5		0.18914
813		0.189214
812.5		0.188948
812		0.189538
811.5		0.189316
811		0.1885
810.5		0.188696
810		0.1886
809.5		0.187437
809		0.18854
808.5		0.188364
808		0.188388
807.5		0.188414
807		0.188176
806.5		0.188652
806		0.18849
805.5		0.18765
805		0.188264
804.5		0.187426
804		0.187475
803.5		0.187913
803		0.187163
802.5		0.187412
802		0.187225
801.5		0.187226
801		0.188127
800.5		0.185858
800		0.186512
799.5		0.186912
799		0.185731
798.5		0.18645
798		0.185952
797.5		0.187549
797		0.186714
796.5		0.185866
796		0.185569
795.5		0.185255
795		0.186038
794.5		0.186026
794		0.185092
793.5		0.184
793		0.185912
792.5		0.185888
792		0.18582
791.5		0.184587
791		0.183742
790.5		0.184594
790		0.183786
789.5		0.185126
789		0.183948
788.5		0.184736
788		0.183837
787.5		0.18431
787		0.184352
786.5		0.183691
786		0.182933
785.5		0.18378
785		0.182527
784.5		0.183077
784		0.183004
783.5		0.18245
783		0.1836
782.5		0.182307
782		0.181772
781.5		0.182416
781		0.182052
780.5		0.181691
780		0.18188
779.5		0.181845
779		0.181609
778.5		0.180768
778		0.181764
777.5		0.180851
777		0.180506
776.5		0.180723
776		0.179957
775.5		0.179742
775		0.181074
774.5		0.1795
774		0.18131
773.5		0.180325
773		0.179263
772.5		0.180405
772		0.178277
771.5		0.180287
771		0.178965
770.5		0.178787
770		0.179195
769.5		0.17862
769		0.178648
768.5		0.178462
768		0.177895
767.5		0.178115
767		0.177449
766.5		0.177853
766		0.178243
765.5		0.177392
765		0.176485
764.5		0.177639
764		0.177243
763.5		0.177383
763		0.17543
762.5		0.176725
762		0.176117
761.5		0.175511
761		0.175925
760.5		0.176089
760		0.17617
759.5		0.174888
759		0.174406
758.5		0.175114
758		0.173842
757.5		0.174643
757		0.174411
756.5		0.1745
756		0.174362
755.5		0.173956
755		0.173457
754.5		0.173828
754		0.172331
753.5		0.174174
753		0.173505
752.5		0.172417
752		0.172562
751.5		0.171567
751		0.172196
750.5		0.171893
750		0.171991
749.5		0.17217
749		0.171344
748.5		0.170742
748		0.171402
747.5		0.170668
747		0.170952
746.5		0.170557
746		0.170745
745.5		0.170107
745		0.170434
744.5		0.169247
744		0.169105
743.5		0.16941
743		0.169216
742.5		0.168951
742		0.168686
741.5		0.168548
741		0.168548
740.5		0.168322
740		0.167597
739.5		0.168263
739		0.167463
738.5		0.167204
738		0.167499
737.5		0.166745
737		0.166514
736.5		0.166481
736		0.166385
735.5		0.165699
735		0.165765
734.5		0.164915
734		0.165275
733.5		0.165469
733		0.165339
732.5		0.163977
732		0.163334
731.5		0.163462
731		0.163494
730.5		0.163526
730		0.162757
729.5		0.162758
729		0.161898
728.5		0.161332
728		0.161709
727.5		0.160356
727		0.1607
726.5		0.160764
726		0.159834
725.5		0.159456
725		0.159094
724.5		0.158576
724		0.157628
723.5		0.157633
723		0.156784
722.5		0.156797
722		0.155153
721.5		0.155018
721		0.153611
720.5		0.153302
720		0.153661
719.5		0.152374
719		0.153098
718.5		0.15184
718		0.151747
717.5		0.151745
717		0.151227
716.5		0.151426
716		0.151176
715.5		0.150974
715		0.152657
714.5		0.153045
714		0.153078
713.5		0.153705
713		0.153524
712.5		0.153817
712		0.154481
711.5		0.154506
711		0.154103
710.5		0.154977
710		0.15567
709.5		0.155284
709		0.155784
708.5		0.155813
708		0.155489
707.5		0.15599
707		0.156333
706.5		0.156011
706		0.156371
705.5		0.155817
705		0.155618
704.5		0.155111
704		0.155638
703.5		0.15479
703		0.154821
702.5		0.15467
702		0.155541
701.5		0.154749
701		0.154506
700.5		0.154659
700		0.15408
699.5		0.154708
699		0.153207
698.5		0.153862
698		0.153837
697.5		0.153788
697		0.153362
696.5		0.153629
696		0.153084
695.5		0.152544
695		0.152558
694.5		0.152982
694		0.152718
693.5		0.152613
693		0.152576
692.5		0.152343
692		0.152
691.5		0.152488
691		0.151715
690.5		0.152413
690		0.151819
689.5		0.151579
689		0.151653
688.5		0.151421
688		0.151758
687.5		0.151009
687		0.150963
686.5		0.150933
686		0.150901
685.5		0.1507
685		0.150408
684.5		0.150183
684		0.150625
683.5		0.150314
683		0.150135
682.5		0.150068
682		0.14942
681.5		0.14997
681		0.149458
680.5		0.149736
680		0.149257
679.5		0.149245
679		0.149908
678.5		0.149366
678		0.149259
677.5		0.149131
677		0.148817
676.5		0.149732
676		0.149201
675.5		0.149181
675		0.149123
674.5		0.148642
674		0.148672
673.5		0.148613
673		0.148594
672.5		0.148113
672		0.148074
671.5		0.14823
671		0.148358
670.5		0.148191
670		0.147837
669.5		0.147497
669		0.14828
668.5		0.147818
668		0.14741
667.5		0.147331
667		0.147564
666.5		0.147399
666		0.14819
665.5		0.147135
665		0.147611
664.5		0.147866
664		0.146891
663.5		0.147365
663		0.147376
662.5		0.146681
662		0.147151
661.5		0.146895
661		0.146768
660.5		0.147023
660		0.147042
659.5		0.147285
659		0.146944
658.5		0.147246
658		0.147491
657.5		0.146579
657		0.146823
656.5		0.14651
656		0.146626
655.5		0.147151
655		0.146528
654.5		0.146539
654		0.146761
653.5		0.146703
653		0.146983
652.5		0.146772
652		0.146465
651.5		0.147356
651		0.146354
650.5		0.146779
650		0.146837
649.5		0.146961
649		0.146833
648.5		0.146855
648		0.147136
647.5		0.146723
647		0.147477
646.5		0.147038
646		0.147019
645.5		0.14699
645		0.147161
644.5		0.147103
644		0.147643
643.5		0.147436
643		0.147742
642.5		0.147897
642		0.147649
641.5		0.147586
641		0.147808
640.5		0.14755
640		0.148768
639.5		0.148618
639		0.14816
638.5		0.148806
638		0.148865
637.5		0.149322
637		0.149363
636.5		0.149423
636		0.149975
635.5		0.149724
635		0.149891
634.5		0.150459
634		0.150305
633.5		0.150935
633		0.15122
632.5		0.151168
632		0.151443
631.5		0.151424
631		0.151914
630.5		0.151903
630		0.151577
629.5		0.152055
629		0.151514
628.5		0.151838
628		0.151359
627.5		0.150782
627		0.151536
626.5		0.150627
626		0.150614
625.5		0.150321
625		0.149279
624.5		0.149709
624		0.148999
623.5		0.14914
623		0.14874
622.5		0.147951
622		0.148676
621.5		0.148294
621		0.147857
620.5		0.147871
620		0.147543
619.5		0.147947
619		0.147823
618.5		0.147582
618		0.147324
617.5		0.147729
617		0.148218
616.5		0.148905
616		0.148746
615.5		0.148884
615		0.14913
614.5		0.149213
614		0.149728
613.5		0.149751
613		0.149641
612.5		0.150232
612		0.150224
611.5		0.150766
611		0.150923
610.5		0.151138
610		0.150894
609.5		0.150819
609		0.151338
608.5		0.151875
608		0.151906
607.5		0.152219
607		0.152776
606.5		0.152614
606		0.153061
605.5		0.152893
605		0.153455
604.5		0.153141
604		0.153923
603.5		0.154276
603		0.154105
602.5		0.154693
602		0.154882
601.5		0.154676
601		0.155778
600.5		0.15528
600		0.155868
599.5		0.156367
599		0.155587
598.5		0.156283
598		0.156671
597.5		0.157719
597		0.158128
596.5		0.158173
596		0.158262
595.5		0.157743
595		0.158149
594.5		0.15899
594		0.159182
593.5		0.159803
593		0.160026
592.5		0.159902
592		0.160308
591.5		0.160655
591		0.160623
590.5		0.161468
590		0.161873
589.5		0.16203
589		0.162154
588.5		0.162809
588		0.163312
587.5		0.163752
587		0.163713
586.5		0.164206
586		0.164111
585.5		0.165339
585		0.165131
584.5		0.165575
584		0.165858
583.5		0.165845
583		0.167213
582.5		0.167102
582		0.167719
581.5		0.167687
581		0.168104
580.5		0.168904
580		0.169418
579.5		0.170075
579		0.16985
578.5		0.170196
578		0.17126
577.5		0.171044
577		0.172234
576.5		0.17204
576		0.172844
575.5		0.173707
575		0.173682
574.5		0.174173
574		0.174283
573.5		0.174522
573		0.176186
572.5		0.176438
572		0.176124
571.5		0.177203
571		0.177237
570.5		0.178003
570		0.179173
569.5		0.178736
569		0.179294
568.5		0.179803
568		0.179965
567.5		0.181436
567		0.18118
566.5		0.181803
566		0.182529
565.5		0.182627
565		0.184085
564.5		0.184115
564		0.184733
563.5		0.185238
563		0.185079
562.5		0.186961
562		0.186904
561.5		0.187046
561		0.188577
560.5		0.188554
560		0.189796
559.5		0.191195
559		0.190925
558.5		0.191772
558		0.192659
557.5		0.192472
557		0.193413
556.5		0.193947
556		0.194331
555.5		0.195383
555		0.195319
554.5		0.196581
554		0.19694
553.5		0.197584
553		0.198617
552.5		0.19849
552		0.19956
551.5		0.200266
551		0.201199
550.5		0.201881
550		0.201105
549.5		0.202969
549		0.202862
548.5		0.204416
548		0.204496
547.5		0.204732
547		0.206447
546.5		0.206915
546		0.207767
545.5		0.208664
545		0.208793
544.5		0.209966
544		0.210033
543.5		0.210928
543		0.211819
542.5		0.212125
542		0.213364
541.5		0.213309
541		0.214221
540.5		0.214636
540		0.214767
539.5		0.216713
539		0.217144
538.5		0.217385
538		0.218735
537.5		0.218739
537		0.220438
536.5		0.220899
536		0.221214
535.5		0.221539
535		0.222138
534.5		0.22322
534		0.224507
533.5		0.2241
533		0.225923
532.5		0.226736
532		0.227302
531.5		0.228474
531		0.228223
530.5		0.229516
530		0.230388
529.5		0.230718
529		0.232053
528.5		0.232434
528		0.233249
527.5		0.234646
527		0.23452
526.5		0.235828
526		0.23678
525.5		0.23719
525		0.238686
524.5		0.239409
524		0.239274
523.5		0.240957
523		0.241587
522.5		0.241947
522		0.243258
521.5		0.243904
521		0.245362
520.5		0.245247
520		0.246021
519.5		0.246692
519		0.247572
518.5		0.248771
518		0.249105
517.5		0.250111
517		0.25097
516.5		0.25077
516		0.252742
515.5		0.252848
515		0.253944
514.5		0.2554
514		0.254742
513.5		0.256731
513		0.256599
512.5		0.257867
512		0.259048
511.5		0.258485
511		0.260784
510.5		0.260269
510		0.261104
509.5		0.261752
509		0.261786
508.5		0.263274
508		0.262857
507.5		0.263905
507		0.264158
506.5		0.263496
506		0.263936
505.5		0.264527
505		0.264562
504.5		0.263734
504		0.264215
503.5		0.263586
503		0.264147
502.5		0.263808
502		0.263605
501.5		0.262986
501		0.263047
500.5		0.264078
500		0.263089
499.5		0.263192
499		0.26319
498.5		0.262032
498		0.262915
497.5		0.262947
497		0.262374
496.5		0.262159
496		0.262334
495.5		0.261958
495		0.26148
494.5		0.260598
494		0.260794
493.5		0.260436
493		0.260458
492.5		0.260189
492		0.260067
491.5		0.259112
491		0.258422
490.5		0.259244
490		0.259203
489.5		0.257712
489		0.25798
488.5		0.257146
488		0.256695
487.5		0.257811
487		0.255827
486.5		0.256099
486		0.255866
485.5		0.254476
485		0.255401
484.5		0.254477
484		0.253966
483.5		0.252532
483		0.252411
482.5		0.251383
482		0.250962
481.5		0.250626
481		0.249213
480.5		0.249376
480		0.248927
479.5		0.248295
479		0.247252
478.5		0.246847
478		0.245789
477.5		0.244511
477		0.244513
476.5		0.243521
476		0.242974
475.5		0.241487
475		0.240576
474.5		0.241173
474		0.239274
473.5		0.23874
473		0.238634
472.5		0.236736
472		0.236614
471.5		0.235994
471		0.234429
470.5		0.233669
470		0.23192
469.5		0.232652
469		0.231586
468.5		0.22985
468		0.22949
467.5		0.22819
467		0.227312
466.5		0.226236
466		0.225449
465.5		0.224503
465		0.223325
464.5		0.223634
464		0.222034
463.5		0.221687
463		0.220254
462.5		0.219717
462		0.218607
461.5		0.218951
461		0.217846
460.5		0.216824
460		0.215275
459.5		0.215053
459		0.214006
458.5		0.21308
458		0.213451
457.5		0.211445
457		0.210343
456.5		0.211025
456		0.209221
455.5		0.209642
455		0.209041
454.5		0.209337
454		0.208844
453.5		0.20784
453		0.207231
452.5		0.208002
452		0.207834
451.5		0.206766
451		0.207508
450.5		0.207098
450		0.206115
449.5		0.206595
449		0.204788
448.5		0.20657
448		0.205335
447.5		0.20528
447		0.205627
446.5		0.204506
446		0.205201
445.5		0.20438
445		0.203392
444.5		0.204155
444		0.202952
443.5		0.202541
443		0.203113
442.5		0.202219
442		0.202915
441.5		0.201505
441		0.201096
440.5		0.201109
440		0.201214
439.5		0.201148
439		0.200317
438.5		0.200174
438		0.198804
437.5		0.199307
437		0.199063
436.5		0.197795
436		0.198015
435.5		0.197433
435		0.196688
434.5		0.197299
434		0.196053
433.5		0.195076
433		0.195346
432.5		0.195545
432		0.19445
431.5		0.194286
431		0.193951
430.5		0.194214
430		0.192721
429.5		0.192632
429		0.192476
428.5		0.191061
428		0.19138
427.5		0.190949
427		0.1906
426.5		0.189768
426		0.189375
425.5		0.188668
425		0.188648
424.5		0.188198
424		0.187308
423.5		0.187082
423		0.186789
422.5		0.18728
422		0.185305
421.5		0.18601
421		0.185071
420.5		0.184195
420		0.184683
419.5		0.183754
419		0.183411
418.5		0.182532
418		0.182018
417.5		0.181831
417		0.180513
416.5		0.180735
416		0.18097
415.5		0.179488
415		0.179439
414.5		0.17914
414		0.178947
413.5		0.178127
413		0.177983
412.5		0.17867
412		0.177074
411.5		0.177204
411		0.176678
410.5		0.175496
410		0.176775
409.5		0.174764
409		0.17417
408.5		0.174004
408		0.174139
407.5		0.17423
407		0.173034
406.5		0.173364
406		0.173136
405.5		0.171269
405		0.172588
404.5		0.171445
404		0.171081
403.5		0.17033
403		0.169899
402.5		0.169535
402		0.170093
401.5		0.16938
401		0.168747
400.5		0.167812
400		0.169002
399.5		0.168969
399		0.167235
398.5		0.166978
398		0.1668
397.5		0.166408
397		0.16639
396.5		0.165922
396		0.165686
395.5		0.165675
395		0.164121
394.5		0.165293
394		0.163098
393.5		0.165397
393		0.162883
392.5		0.163212
392		0.163416
391.5		0.162853
391		0.162603
390.5		0.161517
390		0.160852
389.5		0.160751
389		0.161202
388.5		0.1601
388		0.159405
387.5		0.159382
387		0.158288
386.5		0.158455
386		0.158278
385.5		0.157781
385		0.157355
384.5		0.155926
384		0.156739
383.5		0.15568
383		0.154635
382.5		0.154316
382		0.155331
381.5		0.154183
381		0.154175
380.5		0.153154
380		0.154403
379.5		0.151207
379		0.152865
378.5		0.15259
378		0.152468
377.5		0.15125
377		0.151563
376.5		0.150261
376		0.150759
375.5		0.150962
375		0.150389
374.5		0.150585
374		0.150136
373.5		0.150717
373		0.149767
372.5		0.14925
372		0.150337
371.5		0.148231
371		0.148636
370.5		0.147853
370		0.147753
369.5		0.148102
369		0.147333
368.5		0.146908
368		0.146522
367.5		0.144903
367		0.146229
366.5		0.146592
366		0.145426
365.5		0.146128
365		0.145084
364.5		0.144999
364		0.145015
363.5		0.144454
363		0.144314
362.5		0.143421
362		0.142789
361.5		0.14256
361		0.142283
360.5		0.142672
360		0.142762
359.5		0.14221
359		0.142008
358.5		0.140672
358		0.142029
357.5		0.141174
357		0.140427
356.5		0.141616
356		0.140768
355.5		0.139872
355		0.141014
354.5		0.138524
354		0.139474
353.5		0.140037
353		0.138611
352.5		0.138354
352		0.136492
351.5		0.138177
351		0.138654
350.5		0.136521
350		0.136525
349.5		0.135993
349		0.13573
348.5		0.134342
348		0.134168
347.5		0.134732
347		0.135883
346.5		0.134534
346		0.132309
345.5		0.131893
345		0.132179
344.5		0.133225
344		0.132374
343.5		0.131294
343		0.132374
342.5		0.130284
342		0.130892
341.5		0.131586
341		0.128572
340.5		0.129169
340		0.126569
339.5		0.125831
339		0.124827
338.5		0.125641
338		0.125737
337.5		0.124231
337		0.124215
336.5		0.122954
336		0.12469
335.5		0.123086
335		0.121652
334.5		0.121041
334		0.120267
333.5		0.120469
333		0.119781
332.5		0.11945
332		0.117268
331.5		0.11861
331		0.118806
330.5		0.117067
330		0.117797
329.5		0.116048
329		0.11574
328.5		0.114496
328		0.114407
327.5		0.11457
327		0.113728
326.5		0.113391
326		0.111237
325.5		0.112888
325		0.112183
324.5		0.112484
324		0.112248
323.5		0.11033
323		0.112647
322.5		0.110592
322		0.110312
321.5		0.107343
321		0.107862
320.5		0.108595
320		0.106677
319.5		0.108719
319		0.107092
318.5		0.107163
318		0.105503
317.5		0.104799
317		0.102572
316.5		0.103697
316		0.103288
315.5		0.103213
315		0.102486
314.5		0.102304
314		0.101109
313.5		0.0994234
313		0.100636
312.5		0.101637
312		0.0977975
311.5		0.100909
311		0.0966869
310.5		0.099006
310		0.0975558
309.5		0.0949803
309		0.0954847
308.5		0.0965644
308		0.0961312
307.5		0.0979573
307		0.0945104
306.5		0.0971994
306		0.0924163
305.5		0.0934701
305		0.0979694
304.5		0.091361
304		0.0920148
303.5		0.0916824
303		0.0818892
302.5		0.0960599
302		0.0901713
301.5		0.0934223
301		0.105237
300.5		0.110142
300		0.0730135
299.5		0.103775
299		0.105071
298.5		0.119463
298		0.129718
297.5		0.113427
297		0.219567
296.5		0.0798551
296		-0.0790297
295.5		0.323994
295		-0.0687986
294.5		9.90557
294		-0.0248518
293.5		4.0518
293		1.54234
292.5		0.285386
292		0.0693253
291.5		-0.0706212
291		0.697011
290.5		-0.330243
290		0.797639
289.5		0.678336
289		-0.401424
288.5		0.29216
288		0.517131
287.5		0.124915
287		1.97189
286.5		0.493216
286		0.0158821
285.5		0.0692512
285		0.425815
284.5		0.178832
284		-1.77375
283.5		0.572009
283		0.394756
282.5		-0.319194
282		-0.200979
281.5		0.313935
281		-0.0510542
280.5		0.549514
280		-0.259911
279.5		1.90674
279		-0.585905
278.5		0.185969
278		0.441531
277.5		0.868447
277		0.138339
276.5		2.1456
276		-0.725399
275.5		-0.0574377
275		0.21447
274.5		0.400619
274		1.33427
273.5		0.462573
273		-2.32848
272.5		1.72145
272		0.351223
271.5		0.278733
271		-1.17099
270.5		0.206431
270		0.364959
269.5		0.309877
269		0.636475
268.5		0.328907
268		-0.23045
267.5		-0.371498
267		-0.401524
266.5		0.0135081
266		0.0739421
265.5		0.545677
265		1.47561
264.5		1.26677
264		-0.26267
263.5		0.343923
263		3.10562
262.5		-0.652151
262		0.161415
261.5		0.731134
261		0.305889
260.5		-0.103481
260		0.829048
259.5		-0.136021
259		0.0185684
258.5		1.06052
258		0.40963
257.5		0.806938
257		0.611277
256.5		-0.495631
256		-0.55677
255.5		1.76768
255		-0.211402
254.5		0.299329
254		1.57397
253.5		0.416191
253		-0.462685
252.5		-0.0641814
252		1.75067
251.5		0.535589
251		-0.071868
250.5		0.219026
250		-0.237327
249.5		-0.350185
249		0.207819
248.5		0.476938
248		-0.192453
247.5		-0.767212
247		0.288503
246.5		21.3211
246		0.612775
245.5		0.103163
245		0.743647
244.5		-0.319906
244		0.157722
243.5		0.300389
243		-0.0596115
242.5		-0.100469
242		0.118354
241.5		8.53786
241		0.3813
240.5		0.147796
240		-0.465319
239.5		-0.328121
239		0.146475
238.5		4.74085
238		15.5531
237.5		0.399034
237		0.0544193
236.5		-8.52847
236		-0.747651
235.5		0.632549
235		-0.0957028
234.5		0.263049
234		0.285257
233.5		0.269765
233		-0.0368977
232.5		0.306748
232		0.162159
231.5		0.231222
231		0.500535
230.5		0.317085
230		-0.521999
229.5		7.53959
229		-0.0359287
228.5		0.0840061
228		0.119189
227.5		0.510521
227		0.270084
226.5		-0.00936411
226		0.221115
225.5		13.733
225		-0.157061
224.5		0.325795
224		0.385717
223.5		0.79643
223		-0.0753699
222.5		-2.18151
222		-0.274252
221.5		-0.771075
221		0.126036
220.5		-0.294245
220		-0.302234
219.5		-2.55756
219		0.27801
218.5		0.0757212
218		-0.104201
217.5		0.115209
217		0.649552
216.5		3.98019
216		0.0368725
215.5		0.0987946
215		-0.189026
214.5		0.227885
214		0.393276
213.5		0.199208
213		-0.280762
212.5		0.199569
212		0.387962
211.5		0.445041
211		-0.0313026
210.5		-0.00710676
210		0.0426131
209.5		-0.179869
209		0.212267
208.5		0.00954839
208		-0.00672205
207.5		0.383301
207		0.258034
206.5		0.163723
206		0.0985793
205.5		0.0363044
205		0.0887977
204.5		0.151197
204		-1.37526
203.5		0.0658777
203		0.287021
202.5		0.0262435
202		0.0220936
201.5		0.102791
201		0.230753
200.5		0.00155133
200		-0.0171419
900		0.181482
899.5		0.172593
899		0.184377
898.5		0.177052
898		0.174148
897.5		0.177009
897		0.190838
896.5		0.193997
896		0.176253
895.5		0.161596
895		0.175645
894.5		0.17491
894		0.178849
893.5		0.185874
893		0.197677
892.5		0.173038
892		0.185496
891.5		0.187822
891		0.188561
890.5		0.19027
890		0.170042
889.5		0.178451
889		0.181477
888.5		0.192993
888		0.18374
887.5		0.180908
887		0.176036
886.5		0.189112
886		0.186673
885.5		0.174465
885		0.170299
884.5		0.187928
884		0.186902
883.5		0.173157
883		0.189885
882.5		0.183116
882		0.176523
881.5		0.172519
881		0.178512
880.5		0.179975
880		0.186826
879.5		0.185102
879		0.185223
878.5		0.179461
878		0.180239
877.5		0.179484
877		0.187625
876.5		0.183617
876		0.183322
875.5		0.185627
875		0.186424
874.5		0.188456
874		0.185317
873.5		0.183932
873		0.187354
872.5		0.183943
872		0.175919
871.5		0.183509
871		0.184837
870.5		0.180393
870		0.181827
869.5		0.182007
869		0.179908
868.5		0.183724
868		0.179852
867.5		0.180828
867		0.183969
866.5		0.183369
866		0.180724
865.5		0.184489
865		0.185503
864.5		0.178378
864		0.183057
863.5		0.183397
863		0.182524
862.5		0.183033
862		0.179447
861.5		0.180768
861		0.186434
860.5		0.184442
860		0.180527
859.5		0.180995
859		0.181744
858.5		0.181236
858		0.180322
857.5		0.183848
857		0.179944
856.5		0.181517
856		0.181983
855.5		0.180018
855		0.181724
854.5		0.180695
854		0.180321
853.5		0.182013
853		0.181967
852.5		0.178742
852		0.181276
851.5		0.182805
851		0.180434
850.5		0.18049
850		0.182345
849.5		0.181009
849		0.179671
848.5		0.180197
848		0.180158
847.5		0.181472
847		0.180318
846.5		0.181119
846		0.181641
845.5		0.181773
845		0.181821
844.5		0.181497
844		0.180701
843.5		0.179105
843		0.180886
842.5		0.181121
842		0.180971
841.5		0.181711
841		0.179352
840.5		0.18162
840		0.180932
839.5		0.180512
839		0.181114
838.5		0.180736
838		0.181927
837.5		0.180944
837		0.181401
836.5		0.181789
836		0.180588
835.5		0.180936
835		0.182515
834.5		0.182313
834		0.182141
833.5		0.181395
833		0.182536
832.5		0.182576
832		0.182263
831.5		0.182477
831		0.181903
830.5		0.182666
830		0.182867
829.5		0.182781
829		0.182124
828.5		0.182096
828		0.182573
827.5		0.183335
827		0.182232
826.5		0.181977
826		0.182868
825.5		0.182096
825		0.182343
824.5		0.182543
824		0.182325
823.5		0.183017
823		0.182479
822.5		0.182929
822		0.181763
821.5		0.182499
821		0.182561
820.5		0.181608
820		0.182651
819.5		0.182537
819		0.182783
818.5		0.182552
818		0.182865
817.5		0.183526
817		0.182364
816.5		0.181746
816		0.181211
815.5		0.180822
815		0.18231
814.5		0.181936
814		0.181782
813.5		0.181791
813		0.181973
812.5		0.181019
812		0.1815
811.5		0.181863
811		0.181564
810.5		0.180486
810		0.181564
809.5		0.180433
809		0.18139
808.5		0.181318
808		0.180644
807.5		0.180962
807		0.180936
806.5		0.181098
806		0.180633
805.5		0.18032
805		0.181307
804.5		0.180292
804		0.179948
803.5		0.180862
803		0.17994
802.5		0.180172
802		0.179517
801.5		0.180192
801		0.180457
800.5		0.178364
800		0.180172
799.5		0.179272
799		0.179119
798.5		0.179021
798		0.178622
797.5		0.180084
797		0.178786
796.5		0.178443
796		0.178358
795.5		0.178236
795		0.1791
794.5		0.178693
794		0.177972
793.5		0.177788
793		0.178672
792.5		0.177958
792		0.178162
791.5		0.177084
791		0.176175
790.5		0.177274
790		0.176697
789.5		0.177394
789		0.177232
788.5		0.177
788		0.176828
787.5		0.1762
787		0.176923
786.5		0.176388
786		0.175558
785.5		0.176753
785		0.175254
784.5		0.175966
784		0.175198
783.5		0.175252
783		0.176165
782.5		0.175696
782		0.17468
781.5		0.174805
781		0.174556
780.5		0.174492
780		0.174785
779.5		0.174138
779		0.173705
778.5		0.173781
778		0.174446
777.5		0.173574
777		0.172823
776.5		0.173328
776		0.172681
775.5		0.173069
775		0.173753
774.5		0.171843
774		0.173587
773.5		0.172632
773		0.172086
772.5		0.172904
772		0.171511
771.5		0.172677
771		0.171887
770.5		0.171122
770		0.171604
769.5		0.171234
769		0.17047
768.5		0.171091
768		0.170626
767.5		0.170436
767		0.169895
766.5		0.17047
766		0.170547
765.5		0.170008
765		0.168367
764.5		0.169748
764		0.169275
763.5		0.169983
763		0.168671
762.5		0.169046
762		0.168547
761.5		0.167877
761		0.16845
760.5		0.168119
760		0.168287
759.5		0.167621
759		0.167353
758.5		0.167356
758		0.166694
757.5		0.167486
757		0.16676
756.5		0.166068
756		0.166895
755.5		0.1662
755		0.166695
754.5		0.166465
754		0.164918
753.5		0.165804
753		0.166135
752.5		0.164784
752		0.165014
751.5		0.163674
751		0.164849
750.5		0.164554
750		0.164258
749.5		0.164518
749		0.16305
748.5		0.163501
748		0.163763
747.5		0.162847
747		0.163693
746.5		0.162558
746		0.162907
745.5		0.162683
745		0.162126
744.5		0.16154
744		0.161419
743.5		0.161803
743		0.161407
742.5		0.16154
742		0.161675
741.5		0.160373
741		0.160079
740.5		0.160729
740		0.159921
739.5		0.160949
739		0.159699
738.5		0.159532
738		0.159431
737.5		0.159081
737		0.159056
736.5		0.158732
736		0.158435
735.5		0.158544
735		0.1587
734.5		0.157022
734		0.15755
733.5		0.157165
733		0.15762
732.5		0.156775
732		0.155967
731.5		0.155606
731		0.155651
730.5		0.156436
730		0.155128
729.5		0.154652
729		0.153826
728.5		0.153587
728		0.154033
727.5		0.15293
727		0.152873
726.5		0.152848
726		0.152082
725.5		0.151887
725		0.150819
724.5		0.150343
724		0.149527
723.5		0.149638
723		0.149105
722.5		0.148506
722		0.147122
721.5		0.147112
721		0.145957
720.5		0.145412
720		0.145508
719.5		0.143873
719		0.144831
718.5		0.14347
718		0.143543
717.5		0.1438
717		0.143038
716.5		0.143314
716		0.143216
715.5		0.143509
715		0.144197
714.5		0.145256
714		0.145069
713.5		0.145458
713		0.145146
712.5		0.145931
712		0.146818
711.5		0.147081
711		0.147022
710.5		0.147294
710		0.148297
709.5		0.147906
709		0.148172
708.5		0.148071
708		0.148225
707.5		0.148685
707		0.148725
706.5		0.148502
706		0.148543
705.5		0.148308
705		0.148395
704.5		0.147609
704		0.147919
703.5		0.147385
703		0.147317
702.5		0.147443
702		0.147433
701.5		0.146851
701		0.14718
700.5		0.147033
700		0.146483
699.5		0.146875
699		0.146386
698.5		0.146247
698		0.146984
697.5		0.145681
697		0.145836
696.5		0.146377
696		0.145566
695.5		0.145034
695		0.144766
694.5		0.145538
694		0.145
693.5		0.144891
693		0.14524
692.5		0.144245
692		0.144844
691.5		0.144747
691		0.144485
690.5		0.144373
690		0.14438
689.5		0.144133
689		0.144389
688.5		0.143881
688		0.144381
687.5		0.143475
687		0.143519
686.5		0.143491
686		0.143537
685.5		0.143352
685		0.143059
684.5		0.143031
684		0.142781
683.5		0.142755
683		0.142977
682.5		0.14281
682		0.142277
681.5		0.142224
681		0.142025
680.5		0.14228
680		0.142196
679.5		0.141707
679		0.142424
678.5		0.142099
678		0.14189
677.5		0.141862
677		0.141847
676.5		0.14234
676		0.141723
675.5		0.141512
675		0.141737
674.5		0.141275
674		0.141484
673.5		0.141135
673		0.141121
672.5		0.141037
672		0.141093
671.5		0.140855
671		0.140687
670.5		0.140617
670		0.141036
669.5		0.140715
669		0.140896
668.5		0.140434
668		0.140143
667.5		0.140254
667		0.14028
666.5		0.140324
666		0.14088
665.5		0.140058
665		0.140321
664.5		0.140557
664		0.139529
663.5		0.140166
663		0.140377
662.5		0.140084
662		0.139858
661.5		0.139901
661		0.139579
660.5		0.139831
660		0.139843
659.5		0.139884
659		0.139549
658.5		0.13994
658		0.139783
657.5		0.139773
657		0.139714
656.5		0.139407
656		0.139912
655.5		0.140215
655		0.139518
654.5		0.139631
654		0.13974
653.5		0.139783
653		0.140046
652.5		0.139558
652		0.13974
651.5		0.140213
651		0.139156
650.5		0.139555
650		0.139216
649.5		0.139915
649		0.139789
648.5		0.139326
648		0.139886
647.5		0.139971
647		0.140502
646.5		0.139984
646		0.139873
645.5		0.139549
645		0.140192
644.5		0.140235
644		0.140754
643.5		0.14026
643		0.140655
642.5		0.140892
642		0.140951
641.5		0.140777
641		0.140709
640.5		0.140851
640		0.141526
639.5		0.141385
639		0.141128
638.5		0.141753
638		0.14181
637.5		0.142538
637		0.142279
636.5		0.142437
636		0.142969
635.5		0.142824
635		0.143372
634.5		0.143226
634		0.143575
633.5		0.144184
633		0.144358
632.5		0.144402
632		0.14487
631.5		0.144562
631		0.144636
630.5		0.145131
630		0.144519
629.5		0.144693
629		0.144386
628.5		0.144617
628		0.144368
627.5		0.143731
627		0.144377
626.5		0.143425
626		0.143437
625.5		0.142979
625		0.142394
624.5		0.142729
624		0.141871
623.5		0.141646
623		0.141657
622.5		0.141015
622		0.141526
621.5		0.141561
621		0.141061
620.5		0.140717
620		0.140887
619.5		0.140641
619		0.140613
618.5		0.140581
618		0.140712
617.5		0.140927
617		0.141488
616.5		0.141967
616		0.1419
615.5		0.142141
615		0.142367
614.5		0.142098
614		0.142869
613.5		0.142903
613		0.143259
612.5		0.143561
612		0.143472
611.5		0.143617
611		0.143794
610.5		0.144175
610		0.143955
609.5		0.143892
609		0.1444
608.5		0.144373
608		0.145157
607.5		0.144996
607		0.145545
606.5		0.145498
606		0.146114
605.5		0.145867
605		0.145952
604.5		0.146869
604		0.146984
603.5		0.147153
603		0.146905
602.5		0.147482
602		0.147766
601.5		0.148045
601		0.148737
600.5		0.147901
600		0.14914
599.5		0.149067
599		0.148708
598.5		0.149561
598		0.149307
597.5		0.150607
597		0.150919
596.5		0.150617
596		0.151069
595.5		0.151234
595		0.151452
594.5		0.151811
594		0.15164
593.5		0.152711
593		0.152762
592.5		0.153112
592		0.153607
591.5		0.153783
591		0.153847
590.5		0.154303
590		0.154345
589.5		0.154874
589		0.155005
588.5		0.155477
588		0.155871
587.5		0.157055
587		0.156569
586.5		0.156891
586		0.156893
585.5		0.157908
585		0.157459
584.5		0.158354
584		0.158913
583.5		0.158826
583		0.160156
582.5		0.159785
582		0.160409
581.5		0.161031
581		0.161
580.5		0.161777
580		0.161931
579.5		0.162398
579		0.162831
578.5		0.16264
578		0.163859
577.5		0.163943
577		0.164474
576.5		0.164937
576		0.165092
575.5		0.166573
575		0.1663
574.5		0.166887
574		0.166819
573.5		0.167171
573		0.168421
572.5		0.168873
572		0.16876
571.5		0.169655
571		0.169874
570.5		0.17055
570		0.171059
569.5		0.171471
569		0.171578
568.5		0.172278
568		0.172184
567.5		0.173889
567		0.173647
566.5		0.174094
566		0.175195
565.5		0.17485
565		0.17618
564.5		0.177053
564		0.177218
563.5		0.17745
563		0.177414
562.5		0.179526
562		0.179309
561.5		0.179563
561		0.18097
560.5		0.180517
560		0.182192
559.5		0.183649
559		0.183514
558.5		0.183981
558		0.185139
557.5		0.184981
557		0.186003
556.5		0.186541
556		0.18675
555.5		0.187702
555		0.188025
554.5		0.189083
554		0.189456
553.5		0.190284
553		0.191037
552.5		0.191204
552		0.191901
551.5		0.193151
551		0.193537
550.5		0.194125
550		0.193579
549.5		0.195394
549		0.195596
548.5		0.197129
548		0.196952
547.5		0.196935
547		0.199163
546.5		0.199279
546		0.200125
545.5		0.201282
545		0.201076
544.5		0.202324
544		0.202225
543.5		0.202945
543		0.20409
542.5		0.20425
542		0.205462
541.5		0.205343
541		0.206437
540.5		0.207125
540		0.207284
539.5		0.208998
539		0.20909
538.5		0.20988
538		0.210678
537.5		0.211155
537		0.212733
536.5		0.212671
536		0.213712
535.5		0.213787
535		0.21439
534.5		0.215016
534		0.216557
533.5		0.216722
533		0.217887
532.5		0.218787
532		0.219096
531.5		0.220171
531		0.220846
530.5		0.222029
530		0.221914
529.5		0.222801
529		0.22456
528.5		0.224148
528		0.225235
527.5		0.226433
527		0.226692
526.5		0.227984
526		0.228756
525.5		0.229176
525		0.230556
524.5		0.231213
524		0.231978
523.5		0.233008
523		0.233743
522.5		0.234018
522		0.23479
521.5		0.236325
521		0.236869
520.5		0.236511
520		0.237914
519.5		0.238502
519		0.239999
518.5		0.240821
518		0.241266
517.5		0.241994
517		0.242763
516.5		0.242937
516		0.244781
515.5		0.245176
515		0.245905
514.5		0.247064
514		0.246984
513.5		0.248755
513		0.249095
512.5		0.250074
512		0.251513
511.5		0.250718
511		0.252882
510.5		0.252845
510		0.252598
509.5		0.25441
509		0.253841
508.5		0.255485
508		0.25519
507.5		0.25551
507		0.256041
506.5		0.255957
506		0.255784
505.5		0.256552
505		0.256527
504.5		0.256792
504		0.256584
503.5		0.256514
503		0.256724
502.5		0.255897
502		0.25633
501.5		0.255833
501		0.255561
500.5		0.256662
500		0.255637
499.5		0.25566
499		0.255419
498.5		0.254303
498		0.255516
497.5		0.255572
497		0.255012
496.5		0.254475
496		0.254403
495.5		0.255147
495		0.253421
494.5		0.253324
494		0.253099
493.5		0.252587
493		0.253367
492.5		0.252783
492		0.252322
491.5		0.251986
491		0.251141
490.5		0.251526
490		0.251897
489.5		0.251019
489		0.250285
488.5		0.24946
488		0.249857
487.5		0.250346
487		0.248494
486.5		0.248759
486		0.248103
485.5		0.246752
485		0.248309
484.5		0.247398
484		0.246483
483.5		0.245162
483		0.244707
482.5		0.244592
482		0.243935
481.5		0.243115
481		0.242463
480.5		0.241317
480		0.241762
479.5		0.241299
479		0.239876
478.5		0.239385
478		0.23819
477.5		0.237259
477		0.237819
476.5		0.2358
476		0.235896
475.5		0.234208
475		0.23363
474.5		0.233482
474		0.232269
473.5		0.231253
473		0.23116
472.5		0.22977
472		0.229326
471.5		0.228315
471		0.226486
470.5		0.226605
470		0.22536
469.5		0.225365
469		0.224324
468.5		0.222934
468		0.222657
467.5		0.22116
467		0.220299
466.5		0.219169
466		0.218938
465.5		0.217932
465		0.216855
464.5		0.216624
464		0.214983
463.5		0.214944
463		0.212943
462.5		0.212417
462		0.211944
461.5		0.212046
461		0.210738
460.5		0.209452
460		0.208738
459.5		0.20808
459		0.207503
458.5		0.206304
458		0.206143
457.5		0.205136
457		0.203978
456.5		0.204703
456		0.203896
455.5		0.20377
455		0.203167
454.5		0.203088
454		0.202515
453.5		0.201516
453		0.201051
452.5		0.201858
452		0.201453
451.5		0.201134
451		0.201621
450.5		0.200889
450		0.200139
449.5		0.200285
449		0.199332
448.5		0.200519
448		0.199453
447.5		0.199144
447		0.2
446.5		0.198276
446		0.198627
445.5		0.198117
445		0.197512
444.5		0.197928
444		0.197056
443.5		0.196561
443		0.197101
442.5		0.19629
442		0.196419
441.5		0.195652
441		0.195318
440.5		0.195076
440		0.195087
439.5		0.194538
439		0.194192
438.5		0.193502
438		0.192846
437.5		0.193099
437		0.192763
436.5		0.192217
436		0.191483
435.5		0.19145
435		0.190329
434.5		0.191542
434		0.189922
433.5		0.188808
433		0.189683
432.5		0.188524
432		0.187937
431.5		0.187922
431		0.187126
430.5		0.188292
430		0.186449
429.5		0.185725
429		0.185798
428.5		0.18504
428		0.185653
427.5		0.184607
427		0.184259
426.5		0.183291
426		0.182585
425.5		0.182663
425		0.181869
424.5		0.181417
424		0.181405
423.5		0.181174
423		0.181114
422.5		0.180504
422		0.179201
421.5		0.179481
421		0.178578
420.5		0.178327
420		0.178723
419.5		0.177891
419		0.177096
418.5		0.176987
418		0.176335
417.5		0.175994
417		0.174025
416.5		0.174528
416		0.174371
415.5		0.173915
415		0.173331
414.5		0.17312
414		0.172838
413.5		0.172029
413		0.171821
412.5		0.172254
412		0.170848
411.5		0.171341
411		0.170522
410.5		0.169444
410		0.170369
409.5		0.168645
409		0.168591
408.5		0.167901
408		0.168089
407.5		0.168629
407		0.166641
406.5		0.167024
406		0.1671
405.5		0.165951
405		0.166398
404.5		0.164831
404		0.165145
403.5		0.164253
403		0.164213
402.5		0.164071
402		0.163194
401.5		0.163157
401		0.163071
400.5		0.16245
400		0.162854
399.5		0.162816
399		0.161792
398.5		0.160514
398		0.160998
397.5		0.160453
397		0.160509
396.5		0.160114
396		0.160106
395.5		0.159498
395		0.159312
394.5		0.15896
394		0.157863
393.5		0.159288
393		0.157503
392.5		0.156962
392		0.157653
391.5		0.15674
391		0.156193
390.5		0.155946
390		0.155297
389.5		0.155212
389		0.155505
388.5		0.153986
388		0.154036
387.5		0.153526
387		0.152943
386.5		0.152536
386		0.152234
385.5		0.152105
385		0.151558
384.5		0.150457
384		0.150956
383.5		0.150348
383		0.149533
382.5		0.147977
382		0.14937
381.5		0.14925
381		0.148331
380.5		0.147274
380		0.149184
379.5		0.145723
379		0.146978
378.5		0.145946
378		0.14564
377.5		0.145966
377		0.146006
376.5		0.144388
376		0.14452
375.5		0.144586
375		0.143897
374.5		0.144479
374		0.143851
373.5		0.145023
373		0.143771
372.5		0.143329
372		0.143834
371.5		0.14256
371		0.142736
370.5		0.141484
370		0.14172
369.5		0.142813
369		0.140716
368.5		0.140438
368		0.14127
367.5		0.13944
367		0.14013
366.5		0.14082
366		0.139946
365.5		0.139695
365		0.138959
364.5		0.139192
364		0.139621
363.5		0.138462
363		0.138326
362.5		0.137715
362		0.13751
361.5		0.136769
361		0.137082
360.5		0.136523
360		0.135964
359.5		0.136209
359		0.136881
358.5		0.134445
358		0.137038
357.5		0.1353
357		0.135211
356.5		0.135854
356		0.134107
355.5		0.133956
355		0.134615
354.5		0.133704
354		0.133723
353.5		0.133939
353		0.132609
352.5		0.133394
352		0.131392
351.5		0.132496
351		0.132456
350.5		0.131924
350		0.130872
349.5		0.130762
349		0.130899
348.5		0.129609
348		0.128238
347.5		0.129592
347		0.129098
346.5		0.129037
346		0.128126
345.5		0.125722
345		0.1278
344.5		0.127994
344		0.126982
343.5		0.126496
343		0.125639
342.5		0.124359
342		0.125588
341.5		0.125428
341		0.12426
340.5		0.124051
340		0.124419
339.5		0.120229
339		0.121065
338.5		0.12121
338		0.12211
337.5		0.121071
337		0.120616
336.5		0.119583
336		0.120412
335.5		0.118
335		0.11678
334.5		0.117502
334		0.115362
333.5		0.115274
333		0.117282
332.5		0.115203
332		0.114492
331.5		0.114098
331		0.114023
330.5		0.112174
330		0.112979
329.5		0.11153
329		0.112636
328.5		0.110308
328		0.111392
327.5		0.109949
327		0.109134
326.5		0.109101
326		0.107248
325.5		0.109126
325		0.107444
324.5		0.108293
324		0.107453
323.5		0.105547
323		0.10723
322.5		0.105912
322		0.106695
321.5		0.103326
321		0.105427
320.5		0.103049
320		0.101305
319.5		0.102161
319		0.102688
318.5		0.10235
318		0.101381
317.5		0.101084
317		0.100151
316.5		0.0993024
316		0.0987463
315.5		0.0982535
315		0.0953096
314.5		0.0959611
314		0.0979475
313.5		0.0957657
313		0.097546
312.5		0.0943752
312		0.0929866
311.5		0.0932266
311		0.0927967
310.5		0.0935767
310		0.0939118
309.5		0.0903728
309		0.0922647
308.5		0.0921146
308		0.0914659
307.5		0.0896119
307		0.0937342
306.5		0.0883151
306		0.0930968
305.5		0.085443
305		0.0852482
304.5		0.0886763
304		0.0908272
303.5		0.0858559
303		0.088584
302.5		0.0837639
302		0.0876305
301.5		0.0945259
301		0.0904745
300.5		0.0785174
300		0.0858134
299.5		0.0842458
299		0.0786192
298.5		0.0919414
298		0.0813605
297.5		0.067094
297		0.0937439
296.5		0.0390379
296		0.0727556
295.5		0.121957
295		-0.0982098
294.5		0.0685803
294		0.253422
293.5		0.123827
293		0.0464346
292.5		0.0894005
292		3.05269
291.5		0.124446
291		-0.214789
290.5		0.260814
290		-0.0627324
289.5		-0.883284
289		-0.170042
288.5		-0.489829
288		1.38006
287.5		-0.051527
287		0.087534
286.5		-2.00903
286		-1.00693
285.5		-0.354465
285		-0.292734
284.5		-0.602067
284		0.0436026
283.5		0.44236
283		-0.628694
282.5		-0.508669
282		-0.815318
281.5		-0.138091
281		-0.272626
280.5		0
280		0.578559
279.5		0.233173
279		-0.259362
278.5		0.0761499
278		-0.229243
277.5		0.271483
277		0.316899
276.5		0.122887
276		0.593005
275.5		0.556591
275		0.0791563
274.5		-0.263752
274		0.303432
273.5		0.0645284
273		0.0282885
272.5		0.253273
272		-0.0104263
271.5		0.389129
271		0.266363
270.5		0.435222
270		0.0689669
269.5		0.412309
269		0.61243
268.5		-0.653613
268		0.552751
267.5		0.159966
267		0.249086
266.5		0.500761
266		2.46137
265.5		0.029286
265		0.0928658
264.5		0.421872
264		0.130456
263.5		0.604567
263		-0.255251
262.5		-0.15524
262		0.142765
261.5		0.554601
261		0.328078
260.5		0.243235
260		0.791494
259.5		0.0116424
259		0.531191
258.5		-1.37993
258		1.57075
257.5		2.17958
257		0.0916568
256.5		-0.0156364
256		0.0111275
255.5		-0.749404
255		0.636455
254.5		-0.689331
254		0.128335
253.5		1.85584
253		0.251824
252.5		0.268476
252		0.487911
251.5		-9.56179
251		0.256005
250.5		0.31554
250		0.196076
249.5		0.213143
249		0.0933877
248.5		0.13786
248		-2.86205
247.5		0.633211
247		-0.146847
246.5		0.229813
246		0.27822
245.5		0.0600017
245		-1.10552
244.5		0.382408
244		0.0854276
243.5		0.491732
243		3.40914
242.5		0.295051
242		-0.306496
241.5		0.373818
241		0.370194
240.5		5.46736
240		-0.0303036
239.5		0.709971
239		0.202359
238.5		0.0151555
238		0.0869679
237.5		1.74438
237		-0.0158526
236.5		0.688482
236		-0.271189
235.5		0.345689
235		0.271929
234.5		0.236615
234		0.535539
233.5		-0.978241
233		-0.288892
232.5		-0.0155983
232		0.133346
231.5		0.16605
231		0.270172
230.5		0.220313
230		0.0939618
229.5		0.236967
229		-2.63718
228.5		0.344562
228		-0.80242
227.5		-0.184322
227		0.231947
226.5		-0.345492
226		0.302485
225.5		0.105582
225		0.158133
224.5		0.890186
224		-0.0988577
223.5		-0.132361
223		0.333986
222.5		-0.44206
222		-0.0681181
221.5		0.0224841
221		0.037515
220.5		-0.0542633
220		-0.0380021
219.5		0.0146678
219		-0.0849834
218.5		0.174088
218		0.117631
217.5		0.40076
217		-0.338941
216.5		-0.141658
216		0.290649
215.5		16.2672
215		0.264005
214.5		0.0884735
214		0.0232963
213.5		-0.00400884
213		0.293089
212.5		0.304691
212		0.645938
211.5		0.1274
211		-0.0474945
210.5		3.0075
210		-0.156358
209.5		0.346848
209		0.082111
208.5		0.0730712
208		0.141413
207.5		0.241589
207		-0.0140598
206.5		1.38919
206		-0.186936
205.5		0.242492
205		-0.0757302
204.5		0.260769
204		0.455864
203.5		-0.0675153
203		0.117665
202.5		0.018067
202		-0.685758
201.5		-0.0316033
201		0.204401
200.5		0.00174649
200		-0.106948
200		0.229062
200.5		-0.000592866
201		0.0823066
201.5		0.408295
202		2.28799
202.5		0.0247948
203		0.515107
203.5		0.369485
204		-4.67788
204.5		-0.324727
205		0.457748
205.5		-0.589891
206		0.805734
206.5		-3.38231
207		0.800829
207.5		0.390411
208		-0.410453
208.5		-0.165625
209		0.341812
209.5		-1.37217
210		0.531822
210.5		-7.79426
211		0.0419386
211.5		0.810216
212		-0.661505
212.5		-0.265757
213		-1.48863
213.5		0.517514
214		0.936895
214.5		0.35707
215		-1.1242
215.5		-39.0095
216		-0.625973
216.5		9.78448
217		2.3855
217.5		-0.689315
218		-0.502297
218.5		-0.228088
219		0.839438
219.5		-6.03317
220		-0.605533
220.5		-0.547915
221		0.202423
221.5		-1.80551
222		-0.471868
222.5		-3.90394
223		-0.919113
223.5		2.10745
224		1.07074
224.5		-1.2292
225		-0.682899
225.5		29.1544
226		-0.175015
226.5		0.716157
227		0.0812497
227.5		1.4715
228		1.91922
228.5		-0.5494
229		5.42257
229.5		15.4107
230		-1.28097
230.5		0.198095
231		0.473436
231.5		0.131302
232		0.0584934
232.5		0.647791
233		0.506616
233.5		2.47511
234		-0.496394
234.5		0.0519791
235		-0.726127
235.5		0.565823
236		-0.920952
236.5		-17.9971
237		0.134989
237.5		-2.58139
238		29.7119
238.5		8.93628
239		-0.106241
239.5		-1.96266
240		-0.816996
240.5		-9.92523
241		0.0204512
241.5		15.0405
242		0.784124
242.5		-0.724334
243		-6.32247
243.5		-0.34664
244		0.130251
244.5		-1.25125
245		3.2921
245.5		0.0770308
246		0.59077
246.5		36.9836
247		0.7642
247.5		-2.48336
248		4.6422
248.5		0.585832
249		0.199173
249.5		-0.97415
250		-0.745275
250.5		-0.166289
251		-0.56278
251.5		17.0876
252		2.15416
252.5		-0.565138
253		-1.20671
253.5		-2.43237
254		2.42878
254.5		1.6515
255		-1.41859
255.5		4.17901
256		-0.943224
256.5		-0.790356
257		0.852423
257.5		-2.26365
258		-1.90374
258.5		4.00116
259		-0.842141
259.5		-0.240162
260		0.0604634
260.5		-0.558851
261		-0.0357831
261.5		0.281923
262		0.0298433
262.5		-0.798257
263		5.37241
263.5		-0.41233
264		-0.620773
264.5		1.3379
265		2.19149
265.5		0.812432
266		-3.7275
266.5		-0.761676
267		-1.02047
267.5		-0.82683
268		-1.21368
268.5		1.52303
269		0.0370897
269.5		-0.157191
270		0.456672
270.5		-0.352219
271		-2.18929
271.5		-0.168675
272		0.550939
272.5		2.22674
273		-3.57499
273.5		0.600318
274		1.55342
274.5		0.99827
275		0.20351
275.5		-0.917102
276		-1.97205
276.5		3.00189
277		-0.266582
277.5		0.886315
278		0.994469
278.5		0.161628
279		-0.483069
279.5		2.47365
280		-1.23317
280.5		0.806851
281		0.324103
281.5		0.656732
282		0.890889
282.5		0.2759
283		1.48075
283.5		0.188227
284		-2.605
284.5		1.12321
285		1.0408
285.5		0.609798
286		1.46333
286.5		3.59688
287		2.69895
287.5		0.251264
288		-1.2283
288.5		1.10966
289		-0.328807
289.5		2.20206
290		1.21004
290.5		-0.830546
291		1.28149
291.5		-0.275655
292		-4.17612
292.5		0.27393
293		2.09052
293.5		5.47831
294		-0.389995
294.5		13.698
295		0.0406657
295.5		0.279393
296		-0.2101
296.5		0.0566011
297		0.174271
297.5		0.0640284
298		0.0670894
298.5		0.0380022
299		0.0362868
299.5		0.0268364
300		-0.0174989
300.5		0.0433705
301		0.0203579
301.5		-0.00153173
302		0.00348356
302.5		0.0167352
303		-0.00915684
303.5		0.00792428
304		0.00160772
304.5		0.0036547
305		0.017355
305.5		0.011001
306		-0.000950153
306.5		0.0120615
307		0.00103298
307.5		0.011401
308		0.00632539
308.5		0.00603119
309		0.00434943
309.5		0.00628563
310		0.00489433
310.5		0.00732194
311		0.00524605
311.5		0.0103246
312		0.00649734
312.5		0.00974412
313		0.00411246
313.5		0.00490378
314		0.00423571
314.5		0.00849352
315		0.0096118
315.5		0.00659621
316		0.00605562
316.5		0.00584445
317		0.00321664
317.5		0.00490418
318		0.00543725
318.5		0.00634873
319		0.00581308
319.5		0.00867401
320		0.00709595
320.5		0.00728653
321		0.0031881
321.5		0.00529221
322		0.00472417
322.5		0.00610827
323		0.00704873
323.5		0.00625191
324		0.00626002
324.5		0.00544437
325		0.00618509
325.5		0.00489596
326		0.00519758
326.5		0.00558531
327		0.00597518
327.5		0.00599262
328		0.00391044
328.5		0.00544186
329		0.00400616
329.5		0.00584795
330		0.00619723
330.5		0.00632277
331		0.00613497
331.5		0.0058063
332		0.00356175
332.5		0.00544112
333		0.00318892
333.5		0.00667287
334		0.00629224
334.5		0.00451889
335		0.0062315
335.5		0.00648539
336		0.00542112
336.5		0.00429419
337		0.00455724
337.5		0.00400251
338		0.00457485
338.5		0.00559672
339		0.00477869
339.5		0.00712775
340		0.002692
340.5		0.00642653
341		0.0054024
341.5		0.00767632
342		0.00662252
342.5		0.00741036
343		0.00839664
343.5		0.00598611
344		0.00671731
344.5		0.00649663
345		0.00544436
345.5		0.00772416
346		0.00520166
346.5		0.00682293
347		0.00838777
347.5		0.00635968
348		0.00737298
348.5		0.00586534
349		0.0059663
349.5		0.0064563
350		0.00695905
350.5		0.00566022
351		0.00761997
351.5		0.00697599
352		0.00629438
352.5		0.00608618
353		0.00737738
353.5		0.00747724
354		0.00705997
354.5		0.00591908
355		0.00782396
355.5		0.00724284
356		0.00814863
356.5		0.00702557
357		0.00636475
357.5		0.00717606
358		0.00606408
358.5		0.00763731
359		0.006229
359.5		0.00729448
360		0.00827259
360.5		0.00746697
361		0.00631406
361.5		0.00704398
362		0.00640289
362.5		0.00690903
363		0.00724518
363.5		0.00724697
364		0.00651385
364.5		0.00701147
365		0.00741046
365.5		0.00776218
366		0.0066072
366.5		0.00694904
367		0.00735355
367.5		0.00659685
368		0.00630339
368.5		0.00778468
369		0.00795624
369.5		0.00632543
370		0.00723072
370.5		0.00763993
371		0.00706743
371.5		0.00680554
372		0.00776229
372.5		0.00708038
373		0.00716607
373.5		0.00677711
374		0.00750688
374.5		0.00727425
375		0.00775646
375.5		0.00760234
376		0.00743712
376.5		0.00700935
377		0.00661143
377.5		0.00628036
378		0.00812327
378.5		0.00788789
379		0.00697596
379.5		0.0065261
380		0.00615774
380.5		0.00697127
381		0.00690701
381.5		0.00581886
382		0.00701903
382.5		0.00749663
383		0.00600321
383.5		0.00626641
384		0.00678656
384.5		0.00643196
385		0.00679521
385.5		0.00663886
386		0.00706744
386.5		0.0069089
387		0.00623186
387.5		0.00682943
388		0.00624519
388.5		0.00710799
389		0.00660774
389.5		0.00643004
390		0.00643943
390.5		0.00644828
391		0.00740868
391.5		0.0070647
392		0.00664538
392.5		0.00723016
393		0.00620797
393.5		0.00701846
394		0.00603813
394.5		0.00727777
395		0.00553155
395.5		0.00710141
396		0.00641026
396.5		0.00667187
397		0.00675734
397.5		0.00684279
398		0.0066684
398.5		0.00744009
399		0.0062435
399.5		0.00704287
400		0.00704042
400.5		0.00615358
401		0.00650816
401.5		0.00712734
402		0.00790686
402.5		0.00625543
403		0.00651438
403.5		0.00695592
404		0.00678792
404.5		0.00756917
405		0.00706436
405.5		0.00608431
406		0.00688873
406.5		0.00723753
407		0.00731134
407.5		0.00637722
408		0.00689655
408.5		0.00697046
409		0.00636498
409.5		0.00697958
410		0.00727496
410.5		0.00689776
411		0.00700096
411.5		0.00665791
412		0.00708414
412.5		0.0072807
413		0.00700403
413.5		0.00692375
414		0.00692922
414.5		0.00683491
415		0.00692982
415.5		0.00631801
416		0.00747187
416.5		0.00702926
417		0.00736519
417.5		0.00659863
418		0.00642323
418.5		0.00625606
419		0.00713468
419.5		0.00661376
420		0.00671319
420.5		0.00661609
421		0.00732374
421.5		0.00734383
422		0.00688256
422.5		0.00761601
423		0.0063745
423.5		0.00663834
424		0.00663541
424.5		0.00761871
425		0.00761669
425.5		0.00673699
426		0.00762344
426.5		0.00726886
427		0.00710416
427.5		0.0071048
428		0.00640285
428.5		0.00674596
429		0.00747132
429.5		0.00773333
430		0.00702097
430.5		0.00660066
431		0.00764241
431.5		0.0071168
432		0.00728889
432.5		0.00784104
433		0.00632179
433.5		0.00701786
434		0.00685175
434.5		0.0064194
435		0.00711301
435.5		0.00667973
436		0.00729927
436.5		0.00622887
437		0.00703535
437.5		0.0069395
438		0.00666548
438.5		0.00746733
439		0.00684749
439.5		0.00738763
440		0.00684932
440.5		0.00675195
441		0.00647508
441.5		0.00656145
442		0.00727918
442.5		0.00664894
443		0.00673938
443.5		0.00672209
444		0.00663013
444.5		0.00699363
445		0.00662076
445.5		0.00705903
446		0.00741133
446.5		0.00703977
447		0.00634473
447.5		0.00694261
448		0.00666608
448.5		0.00685052
449		0.00620412
449.5		0.00717285
450		0.00680747
450.5		0.00707177
451		0.00671316
451.5		0.00643534
452		0.00730117
452.5		0.0070343
453		0.00709895
453.5		0.00726832
454		0.00727147
454.5		0.00718179
455		0.00674799
455.5		0.00674682
456		0.00612861
456.5		0.00726644
457		0.00733454
457.5		0.00725953
458		0.008399
458.5		0.00778884
459		0.00745751
459.5		0.00798889
460		0.00747696
460.5		0.00843552
461		0.00810952
461.5		0.00786232
462		0.00759295
462.5		0.00830637
463		0.00831219
463.5		0.00763828
464		0.00798876
464.5		0.00792114
465		0.00730634
465.5		0.00740741
466		0.00732957
466.5		0.00795334
467		0.0078782
467.5		0.00788797
468		0.00764376
468.5		0.00773471
469		0.0081069
469.5		0.00812137
470		0.00731164
470.5		0.00786135
471		0.00884481
471.5		0.00851865
472		0.00807537
472.5		0.00771716
473		0.00826892
473.5		0.00827636
474		0.00773868
474.5		0.00847916
475		0.00766042
475.5		0.00802525
476		0.00777858
476.5		0.00849602
477		0.00733962
477.5		0.00796452
478		0.00833711
478.5		0.00817068
479		0.00807842
479.5		0.00764192
480		0.00782601
480.5		0.00881738
481		0.00737034
481.5		0.00819747
482		0.00765864
482.5		0.00739253
483		0.00839416
483.5		0.00802846
484		0.00813603
484.5		0.00768668
485		0.00769301
485.5		0.0084049
486		0.00842645
486.5		0.00796557
487		0.00796266
487.5		0.00808007
488		0.00741758
488.5		0.00833791
489		0.00834327
489.5		0.00724638
490		0.00790223
490.5		0.00835552
491		0.00788774
491.5		0.00771208
492		0.00837013
492.5		0.00800147
493		0.00764625
493.5		0.00847224
494		0.00829646
494.5		0.00783771
495		0.00867799
495.5		0.0073094
496		0.00851694
496.5		0.00824456
497		0.00788497
497.5		0.00789229
498		0.00790477
498.5		0.0082683
499		0.00829064
499.5		0.00802314
500		0.00793354
500.5		0.00786664
501		0.00795136
501.5		0.0075864
502		0.00769808
502.5		0.00836545
503		0.00782355
503.5		0.00744861
504		0.00802796
504.5		0.00728546
505		0.00843122
505.5		0.00835152
506		0.00854052
506.5		0.00788449
507		0.00847377
507.5		0.00876274
508		0.008
508.5		0.00811146
509		0.00828887
509.5		0.00763869
510		0.00886897
510.5		0.00772975
511		0.00821787
511.5		0.00810064
512		0.00783564
512.5		0.00811378
513		0.0078192
513.5		0.00830549
514		0.00809601
514.5		0.00868486
515		0.00838654
515.5		0.00800381
516		0.00829836
516.5		0.00818268
517		0.0085698
517.5		0.00847538
518		0.00818658
518.5		0.00829282
519		0.00790401
519.5		0.00856164
520		0.00847054
520.5		0.00913416
521		0.0088639
521.5		0.00790777
522		0.0088504
522.5		0.00828177
523		0.0081897
523.5		0.00829282
524		0.00761615
524.5		0.00856572
525		0.00848346
525.5		0.00837457
526		0.00838015
526.5		0.00819048
527		0.0081819
527.5		0.0085747
528		0.00837537
528.5		0.00866089
529		0.00781622
529.5		0.00827704
530		0.00885546
530.5		0.00781324
531		0.00770841
531.5		0.00866997
532		0.00857143
532.5		0.00829361
533		0.00838734
533.5		0.00770915
534		0.0082944
534.5		0.00857143
535		0.0080937
535.5		0.00809601
536		0.00782219
536.5		0.00858451
537		0.00802369
537.5		0.0079123
538		0.00839935
538.5		0.00782368
539		0.00839855
539.5		0.00802906
540		0.0078125
540.5		0.00782667
541		0.00811378
541.5		0.0083047
542		0.00822258
542.5		0.00820924
543		0.00803674
543.5		0.00831343
544		0.0081262
544.5		0.0079441
545		0.00803136
545.5		0.00766504
546		0.0079441
546.5		0.00794182
547		0.0075656
547.5		0.00812076
548		0.00784539
548.5		0.00756705
549		0.00755692
549.5		0.00786194
550		0.00783639
550.5		0.00805215
551		0.00795553
551.5		0.00738184
552		0.007954
552.5		0.00756777
553		0.00786495
553.5		0.00757503
554		0.0077668
554.5		0.00777426
555		0.00757213
555.5		0.00796622
556		0.00786571
556.5		0.00767902
557		0.00768123
557.5		0.00777128
558		0.00778622
558.5		0.00807149
559		0.00768123
559.5		0.00779971
560		0.00787855
560.5		0.00834372
561		0.00788007
561.5		0.00776755
562		0.00787402
562.5		0.00769453
563		0.00795858
563.5		0.00806994
564		0.00778472
564.5		0.0073084
565		0.00817937
565.5		0.00806529
566		0.00759469
566.5		0.00798154
567		0.00779371
567.5		0.00780121
568		0.00806761
568.5		0.00778996
569		0.00798538
569.5		0.00751011
570		0.00838473
570.5		0.0077049
571		0.00761006
571.5		0.00780196
572		0.00761006
572.5		0.00781175
573		0.00801158
573.5		0.00760346
574		0.00771084
574.5		0.0075217
575		0.0076196
575.5		0.00734654
576		0.0080054
576.5		0.00733095
577		0.00800849
577.5		0.00732954
578		0.0076299
578.5		0.00780723
579		0.00723938
579.5		0.00791812
580		0.00772275
580.5		0.0073437
581		0.00733237
581.5		0.00685858
582		0.0075355
582.5		0.00753842
583		0.007259
583.5		0.00723938
584		0.00715321
584.5		0.00744105
585		0.00791582
585.5		0.00764615
586		0.00743961
586.5		0.00753842
587		0.00735294
587.5		0.00687984
588		0.00765133
588.5		0.00754717
589		0.00735579
589.5		0.00735935
590		0.00774518
590.5		0.00736363
591		0.00696999
591.5		0.00706748
592		0.00688251
592.5		0.00697674
593		0.00746413
593.5		0.00727802
594		0.00775269
594.5		0.00737148
595		0.00688051
595.5		0.00668605
596		0.00737864
596.5		0.00776021
597		0.00738653
597.5		0.00728863
598		0.007564
598.5		0.0068932
599		0.00707159
599.5		0.00748227
600		0.00689655
600.5		0.00757135
601		0.00720335
601.5		0.0067981
602		0.00729076
602.5		0.00738797
603		0.00738294
603.5		0.0072943
604		0.00710255
604.5		0.00641898
605		0.00768408
605.5		0.00719564
606		0.0071067
606.5		0.00729076
607		0.00739875
607.5		0.00739443
608		0.00690729
608.5		0.00768482
609		0.00710186
609.5		0.00709634
610		0.00710255
610.5		0.00711501
611		0.00729785
611.5		0.0073078
612		0.00690998
612.5		0.00681929
613		0.00652449
613.5		0.0070073
614		0.00701344
614.5		0.00729076
615		0.00691536
615.5		0.00690527
616		0.00700594
616.5		0.00710255
617		0.00689856
617.5		0.00698419
618		0.00678952
618.5		0.00718377
619		0.00738868
619.5		0.00748663
620		0.00681199
620.5		0.00731137
621		0.00693224
621.5		0.00685133
622		0.00725917
622.5		0.0070526
623		0.00717656
623.5		0.00758247
624		0.00719921
624.5		0.00702553
625		0.00692795
625.5		0.0073566
626		0.00717417
626.5		0.00718635
627		0.00711494
627.5		0.00701122
628		0.00693119
628.5		0.00714573
629		0.00704935
629.5		0.00726612
630		0.00696407
630.5		0.00667071
631		0.00717389
631.5		0.00676563
632		0.00647184
632.5		0.00666801
633		0.00676563
633.5		0.00666061
634		0.00665121
634.5		0.00715149
635		0.00644512
635.5		0.00683486
636		0.00693886
636.5		0.00692841
637		0.00702741
637.5		0.00672758
638		0.00701333
638.5		0.00701192
639		0.0070014
639.5		0.00720288
640		0.00720649
640.5		0.00668529
641		0.00708583
641.5		0.00679049
642		0.00668529
642.5		0.00698812
643		0.00707947
643.5		0.00717417
644		0.00688005
644.5		0.00686977
645		0.00697072
645.5		0.00745675
646		0.00715919
646.5		0.00706257
647		0.0069735
647.5		0.00676146
648		0.00726151
648.5		0.00755017
649		0.00705765
649.5		0.00705836
650		0.00764647
650.5		0.00724782
651		0.00723489
651.5		0.00715777
652		0.00674871
652.5		0.00724278
653		0.00695479
653.5		0.00694582
654		0.00704645
654.5		0.00693963
655		0.00704086
655.5		0.0069541
656		0.00674336
656.5		0.00713719
657		0.00714002
657.5		0.00683913
658		0.00773963
658.5		0.00733909
659		0.0074331
659.5		0.00743679
660		0.00723489
660.5		0.00723202
661		0.00723059
661.5		0.00703318
662		0.00733181
662.5		0.00663432
663		0.00703528
663.5		0.0072356
664		0.00741693
664.5		0.00733981
665		0.00733109
665.5		0.00712378
666		0.00734054
666.5		0.00712307
667		0.00732746
667.5		0.00712378
668		0.00731876
668.5		0.00742795
669		0.00742721
669.5		0.00682628
670		0.00683642
670.5		0.00762301
671		0.00772124
671.5		0.00742354
672		0.00702622
672.5		0.00712378
673		0.00752177
673.5		0.00752475
674		0.00722915
674.5		0.00741913
675		0.00742868
675.5		0.00771971
676		0.00752475
676.5		0.00743163
677		0.00702067
677.5		0.00732021
678		0.00741987
678.5		0.00731876
679		0.00752773
679.5		0.00760494
680		0.00711603
680.5		0.00751359
681		0.00750173
681.5		0.00780864
682		0.00720703
682.5		0.00731442
683		0.00721486
683.5		0.00761472
684		0.0079067
684.5		0.0072113
685		0.0074096
685.5		0.0074096
686		0.00741693
686.5		0.00750691
687		0.00750766
687.5		0.00760269
688		0.00742354
688.5		0.00760569
689		0.00731731
689.5		0.0075084
690		0.00750469
690.5		0.00810517
691		0.00729999
691.5		0.00780555
692		0.00721273
692.5		0.00818379
693		0.00740302
693.5		0.00779631
694		0.007794
694.5		0.00750691
695		0.007881
695.5		0.00758995
696		0.00759369
696.5		0.00731081
697		0.00759818
697.5		0.00818863
698		0.00691153
698.5		0.00769231
699		0.00689519
699.5		0.00790123
700		0.00768322
700.5		0.00769762
701		0.00739791
701.5		0.00798344
702		0.00818863
702.5		0.00729855
703		0.00758621
703.5		0.00748695
704		0.007794
704.5		0.00758621
705		0.00729567
705.5		0.0075892
706		0.00789889
706.5		0.0075892
707		0.00768852
707.5		0.00738698
708		0.00736594
708.5		0.00785546
709		0.00773979
709.5		0.00752247
710		0.00752027
710.5		0.00787402
711		0.00727237
711.5		0.00764467
712		0.00791277
712.5		0.00817229
713		0.00871731
713.5		0.00860092
714		0.00838015
714.5		0.00816947
715		0.00890236
715.5		0.00790439
716		0.00844991
716.5		0.00862473
717		0.00871276
717.5		0.00844119
718		0.00872011
718.5		0.00890263
719		0.00875377
719.5		0.00902001
720		0.0085987
720.5		0.00831758
721		0.00805153
721.5		0.00827862
722		0.00839214
722.5		0.00862317
723		0.00796851
723.5		0.00827639
724		0.00837989
724.5		0.00849667
725		0.00851805
725.5		0.00776624
726		0.00795807
726.5		0.00809046
727		0.0079961
727.5		0.00759568
728		0.0078209
728.5		0.00790475
729		0.00821918
729.5		0.0082361
730		0.00774814
730.5		0.00717868
731		0.00795522
731.5		0.00796147
732		0.00746709
732.5		0.0072849
733		0.00779323
733.5		0.00838595
734		0.00779631
734.5		0.0079803
735		0.00711603
735.5		0.0072113
736		0.0080087
736.5		0.00780864
737		0.00751285
737.5		0.0077159
738		0.00811801
738.5		0.00771971
739		0.00781559
739.5		0.00734054
740		0.00772201
740.5		0.00763056
741		0.00851823
741.5		0.00822108
742		0.00703946
742.5		0.00743974
743		0.00783808
743.5		0.00763737
744		0.00772736
744.5		0.00773733
745		0.00833747
745.5		0.00744565
746		0.00785288
746.5		0.00803332
747		0.00726296
747.5		0.00784431
748		0.00765331
748.5		0.0072543
749		0.00833085
749.5		0.00765941
750		0.0077504
750.5		0.00735294
751		0.00735733
751.5		0.00793021
752		0.00755768
752.5		0.00764951
753		0.00736832
753.5		0.0083682
754		0.00744048
754.5		0.00736465
755		0.00676415
755.5		0.00776119
756		0.00746714
756.5		0.0084493
757		0.00765864
757.5		0.00716204
758		0.00715777
758.5		0.00776274
759		0.00705976
759.5		0.00726657
760		0.0078748
760.5		0.00796813
761		0.00747086
761.5		0.00765027
762		0.00756821
762.5		0.00767238
763		0.00676213
763.5		0.00738302
764		0.00796733
764.5		0.00787873
765		0.00814219
765.5		0.00737493
766		0.00768156
766.5		0.00737419
767		0.00756068
767.5		0.00767238
768		0.0072673
768.5		0.00736832
769		0.0081714
769.5		0.00737566
770		0.00757878
770.5		0.00766551
771		0.00707171
771.5		0.0075871
772		0.0067655
772.5		0.00748354
773		0.00717131
773.5		0.00767927
774		0.00769384
774.5		0.00766169
775		0.00729344
775.5		0.00666932
776		0.00727092
776.5		0.00738007
777		0.00767467
777.5		0.00727092
778		0.00729125
778.5		0.00697628
779		0.00788502
779.5		0.00768616
780		0.00708018
780.5		0.00718204
781		0.00748055
781.5		0.00758786
782		0.00707806
782.5		0.00658748
783		0.0074
783.5		0.00718133
784		0.00778521
784.5		0.00708795
785		0.00726874
785.5		0.0069958
786		0.00737052
786.5		0.00728398
787		0.00739704
787.5		0.00808706
788		0.00698742
788.5		0.00770077
789		0.00668997
789.5		0.00769846
790		0.00707665
790.5		0.00729198
791		0.00756595
791.5		0.00748354
792		0.00761065
792.5		0.00789763
793		0.00720216
793.5		0.00618824
794		0.0070922
794.5		0.00729854
795		0.00690069
795.5		0.00699161
796		0.00718778
796.5		0.00739335
797		0.00789605
797.5		0.00741483
798		0.00729708
798.5		0.00739704
799		0.00658814
799.5		0.00760228
800		0.00630189
800.5		0.00747906
801		0.00761676
801.5		0.0069986
802		0.00768616
802.5		0.00720216
803		0.00719353
803.5		0.00700771
804		0.0074955
804.5		0.00709858
805		0.00691037
805.5		0.00729708
806		0.00781015
806.5		0.00750901
807		0.00720144
807.5		0.00740815
808		0.00770385
808.5		0.0070049
809		0.0071064
809.5		0.00698394
810		0.007
810.5		0.0081869
811		0.0069
811.5		0.00740815
812		0.0080008
812.5		0.00789684
813		0.00720216
813.5		0.00730658
814		0.00780468
814.5		0.00740148
815		0.00701052
815.5		0.00768003
816		0.00748652
816.5		0.00739556
817		0.0071
817.5		0.00712065
818		0.00660727
818.5		0.00649091
819		0.00680408
819.5		0.0075015
820		0.00699021
820.5		0.00697976
821		0.00689242
821.5		0.00719281
822		0.00808222
822.5		0.00720721
823		0.00708866
823.5		0.00729708
824		0.00739113
824.5		0.00818608
825		0.0075871
825.5		0.00707735
826		0.00788502
826.5		0.00737199
827		0.00757651
827.5		0.00678101
828		0.00687388
828.5		0.00717703
829		0.00725358
829.5		0.00737419
830		0.00587123
830.5		0.00777667
831		0.00746194
831.5		0.00696033
832		0.00716275
832.5		0.00686089
833		0.00645546
833.5		0.00744343
834		0.00635614
834.5		0.00665541
835		0.00615385
835.5		0.00752699
836		0.0074228
836.5		0.00764192
837		0.00733036
837.5		0.00702622
838		0.00614226
838.5		0.00681886
839		0.0081164
839.5		0.00740521
840		0.0074118
840.5		0.00643055
841		0.00879012
841.5		0.00633663
842		0.00611621
842.5		0.00652754
843		0.00661859
843.5		0.00698475
844		0.00701581
844.5		0.00641975
845		0.00563464
845.5		0.00643501
846		0.00553305
846.5		0.00601519
847		0.00740521
847.5		0.00444532
848		0.00710971
848.5		0.00512013
849		0.007414
849.5		0.00701235
850		0.00495246
850.5		0.00702692
851		0.00523612
851.5		0.00506606
852		0.00553196
852.5		0.00788566
853		0.00495933
853.5		0.0068466
854		0.00743752
854.5		0.00732601
855		0.00495737
855.5		0.00732818
856		0.00515515
856.5		0.0044603
857		0.00943677
857.5		0.00559217
858		0.00823985
858.5		0.00804849
859		0.00535714
859.5		0.00926756
860		0.00783652
860.5		0.00712279
861		0.00412185
861.5		0.00737566
862		0.00911613
862.5		0.00839245
863		0.00527206
863.5		0.0040959
864		0.0045899
864.5		0.00732673
865		0.00694584
865.5		0.00489902
866		0.00597788
866.5		0.0078172
867		0.00659472
867.5		0.00679932
868		0.0103824
868.5		0.00270487
869		0.00820328
869.5		0.00379317
870		0.0114114
870.5		0.00427435
871		0.00748912
871.5		0.00762593
872		0.00876407
872.5		0.00626642
873		0.002727
873.5		0.0117731
874		0.00725806
874.5		0.00384927
875		0.00721032
875.5		0.00700579
876		0.00403266
876.5		0.000403145
877		0.0069317
877.5		0.00609695
878		0.00251029
878.5		0.0124485
879		0.00557979
879.5		0.00568413
880		0.0106599
880.5		0.0118832
881		0.00378675
881.5		0.00652948
882		0.0044982
882.5		-0.000606244
883		0.00514456
883.5		0.0134919
884		0.0109901
884.5		0.00182426
885		0.00865716
885.5		0.00646123
886		0.00152983
886.5		-0.00171943
887		0.00355556
887.5		0.00291897
888		0.008838
888.5		-0.00154735
889		-0.0024094
889.5		0.0061325
890		0.0164305
890.5		-0.015625
891		-0.00425101
891.5		-0.00947631
892		0.0215413
892.5		0.0183989
893		0.00408291
893.5		0.00390665
894		-0.000983865
894.5		0.0211055
895		0.0105679
895.5		0.0161148
896		0.00768233
896.5		-0.00440258
897		0.0175944
897.5		0.00364928
898		0.0091008
898.5		0.00639616
899		-0.0166549
899.5		-0.00127915
900		0.00710426
