lambda		value

Calibration:
lambda:	800
Abs:	-0.0007

Data:
#
900		0.2496
899.5		0.257513
899		0.264167
898.5		0.241825
898		0.246107
897.5		0.249412
897		0.279863
896.5		0.258815
896		0.256305
895.5		0.255746
895		0.249712
894.5		0.254734
894		0.250893
893.5		0.273708
893		0.279881
892.5		0.254464
892		0.264161
891.5		0.2567
891		0.273381
890.5		0.264116
890		0.257172
889.5		0.256199
889		0.259503
888.5		0.280988
888		0.262529
887.5		0.261872
887		0.252828
886.5		0.273097
886		0.278095
885.5		0.253637
885		0.250071
884.5		0.272461
884		0.28173
883.5		0.256479
883		0.29476
882.5		0.271833
882		0.267052
881.5		0.252017
881		0.269469
880.5		0.277622
880		0.272476
879.5		0.278843
879		0.277123
878.5		0.271573
878		0.266953
877.5		0.265303
877		0.2859
876.5		0.276751
876		0.276716
875.5		0.280658
875		0.274082
874.5		0.279251
874		0.273719
873.5		0.276936
873		0.28159
872.5		0.275769
872		0.274097
871.5		0.276124
871		0.280788
870.5		0.272077
870		0.2771
869.5		0.271974
869		0.273272
868.5		0.270833
868		0.274018
867.5		0.276791
867		0.277101
866.5		0.27506
866		0.273622
865.5		0.273743
865		0.280937
864.5		0.273157
864		0.279309
863.5		0.283465
863		0.276801
862.5		0.279537
862		0.274374
861.5		0.280086
861		0.283331
860.5		0.282441
860		0.279195
859.5		0.280866
859		0.276108
858.5		0.282208
858		0.283868
857.5		0.282343
857		0.280366
856.5		0.27993
856		0.279845
855.5		0.280997
855		0.281666
854.5		0.281613
854		0.280993
853.5		0.28172
853		0.28346
852.5		0.278499
852		0.282145
851.5		0.285881
851		0.282103
850.5		0.283499
850		0.283948
849.5		0.282715
849		0.285461
848.5		0.28438
848		0.284647
847.5		0.285067
847		0.287607
846.5		0.285513
846		0.28781
845.5		0.286798
845		0.288582
844.5		0.288362
844		0.287575
843.5		0.286872
843		0.289644
842.5		0.290624
842		0.290303
841.5		0.291453
841		0.289335
840.5		0.292359
840		0.29153
839.5		0.290915
839		0.292355
838.5		0.293089
838		0.294444
837.5		0.293217
837		0.295071
836.5		0.297658
836		0.294253
835.5		0.295248
835		0.296734
834.5		0.297107
834		0.298564
833.5		0.297266
833		0.298663
832.5		0.298881
832		0.29908
831.5		0.30125
831		0.300423
830.5		0.301583
830		0.301531
829.5		0.30257
829		0.300733
828.5		0.302355
828		0.302391
827.5		0.30329
827		0.303605
826.5		0.303975
826		0.304133
825.5		0.305032
825		0.30515
824.5		0.305846
824		0.305952
823.5		0.30694
823		0.307002
822.5		0.308
822		0.307429
821.5		0.308166
821		0.309101
820.5		0.307001
820		0.309114
819.5		0.310403
819		0.310852
818.5		0.309811
818		0.311662
817.5		0.313189
817		0.311976
816.5		0.312001
816		0.310161
815.5		0.310858
815		0.313914
814.5		0.313298
814		0.31355
813.5		0.314138
813		0.31406
812.5		0.315017
812		0.315332
811.5		0.316764
811		0.315568
810.5		0.314761
810		0.316566
809.5		0.315315
809		0.317536
808.5		0.31781
808		0.318282
807.5		0.318664
807		0.31869
806.5		0.319128
806		0.320692
805.5		0.319605
805		0.31982
804.5		0.319533
804		0.319975
803.5		0.322264
803		0.321477
802.5		0.322748
802		0.321099
801.5		0.322625
801		0.32498
800.5		0.321551
800		0.324446
799.5		0.324446
799		0.323387
798.5		0.324591
798		0.326286
797.5		0.326553
797		0.326121
796.5		0.326259
796		0.326136
795.5		0.326263
795		0.32801
794.5		0.327713
794		0.328021
793.5		0.327399
793		0.330038
792.5		0.329742
792		0.330864
791.5		0.328892
791		0.327884
790.5		0.330212
790		0.329362
789.5		0.331703
789		0.330944
788.5		0.333
788		0.330944
787.5		0.33237
787		0.333167
786.5		0.332667
786		0.331576
785.5		0.334629
785		0.332961
784.5		0.335188
784		0.335054
783.5		0.334686
783		0.336726
782.5		0.336347
782		0.336733
781.5		0.337144
781		0.337069
780.5		0.337533
780		0.337431
779.5		0.338502
779		0.339031
778.5		0.337424
778		0.339504
777.5		0.339002
777		0.340069
776.5		0.340773
776		0.339695
775.5		0.339685
775		0.342995
774.5		0.339712
774		0.343562
773.5		0.341865
773		0.342071
772.5		0.343896
772		0.34241
771.5		0.344438
771		0.343655
770.5		0.343214
770		0.344873
769.5		0.345423
769		0.345087
768.5		0.345132
768		0.344995
767.5		0.346802
767		0.346391
766.5		0.347367
766		0.348724
765.5		0.34922
765		0.346661
764.5		0.350105
764		0.348535
763.5		0.35088
763		0.348485
762.5		0.351756
762		0.350842
761.5		0.34934
761		0.352141
760.5		0.352169
760		0.353326
759.5		0.351551
759		0.35177
758.5		0.353191
758		0.352223
757.5		0.35442
757		0.353955
756.5		0.353928
756		0.355946
755.5		0.355521
755		0.355309
754.5		0.356156
754		0.354294
753.5		0.35746
753		0.357798
752.5		0.356166
752		0.357762
751.5		0.355694
751		0.358212
750.5		0.358672
750		0.358968
749.5		0.359556
749		0.358501
748.5		0.360221
748		0.36135
747.5		0.360339
747		0.361773
746.5		0.360366
746		0.362112
745.5		0.361671
745		0.36202
744.5		0.361688
744		0.361051
743.5		0.363089
743		0.363501
742.5		0.363554
742		0.36388
741.5		0.363258
741		0.364335
740.5		0.363911
740		0.364269
739.5		0.366401
739		0.364351
738.5		0.365714
738		0.366127
737.5		0.365548
737		0.36631
736.5		0.366043
736		0.366943
735.5		0.366389
735		0.368603
734.5		0.366382
734		0.368097
733.5		0.368074
733		0.368681
732.5		0.36774
732		0.366201
731.5		0.36726
731		0.367647
730.5		0.369262
730		0.367887
729.5		0.368631
729		0.367405
728.5		0.366614
728		0.368476
727.5		0.366277
727		0.368036
726.5		0.368413
726		0.366803
725.5		0.367675
725		0.366947
724.5		0.366319
724		0.365114
723.5		0.365129
723		0.364485
722.5		0.364395
722		0.362907
721.5		0.362135
721		0.360554
720.5		0.359614
720		0.361549
719.5		0.357576
719		0.360889
718.5		0.358684
718		0.359789
717.5		0.359992
717		0.359621
716.5		0.360532
716		0.360383
715.5		0.361569
715		0.365341
714.5		0.366483
714		0.367846
713.5		0.369538
713		0.370209
712.5		0.372271
712		0.372587
711.5		0.374399
711		0.375079
710.5		0.37641
710		0.379277
709.5		0.37969
709		0.380794
708.5		0.38213
708		0.382473
707.5		0.383593
707		0.384004
706.5		0.384607
706		0.386266
705.5		0.385673
705		0.384542
704.5		0.386047
704		0.387405
703.5		0.385488
703		0.386629
702.5		0.38708
702		0.387697
701.5		0.387612
701		0.388515
700.5		0.389676
700		0.386767
699.5		0.389999
699		0.388123
698.5		0.389624
698		0.390449
697.5		0.389639
697		0.390473
696.5		0.391399
696		0.390788
695.5		0.390113
695		0.391008
694.5		0.392218
694		0.391291
693.5		0.392494
693		0.392358
692.5		0.391702
692		0.393522
691.5		0.393912
691		0.393447
690.5		0.394126
690		0.394224
689.5		0.394224
689		0.395706
688.5		0.394749
688		0.396587
687.5		0.394731
687		0.396094
686.5		0.395627
686		0.397053
685.5		0.395393
685		0.396757
684.5		0.396094
684		0.39707
683.5		0.397541
683		0.397265
682.5		0.398026
682		0.397279
681.5		0.398611
681		0.396539
680.5		0.398378
680		0.398435
679.5		0.398663
679		0.400465
678.5		0.399767
678		0.399809
677.5		0.400121
677		0.400292
676.5		0.401174
676		0.401518
675.5		0.40169
675		0.401934
674.5		0.401781
674		0.402362
673.5		0.402301
673		0.40169
672.5		0.402037
672		0.403076
671.5		0.402062
671		0.403119
670.5		0.40359
670		0.404132
669.5		0.402642
669		0.403733
668.5		0.404596
668		0.402989
667.5		0.404187
667		0.404142
666.5		0.404204
666		0.406174
665.5		0.404187
665		0.405326
664.5		0.406094
664		0.403982
663.5		0.406119
663		0.40627
662.5		0.405512
662		0.406189
661.5		0.406029
661		0.406438
660.5		0.406794
660		0.406137
659.5		0.407226
659		0.406921
658.5		0.408173
658		0.40789
657.5		0.407492
657		0.407502
656.5		0.407377
656		0.407994
655.5		0.409256
655		0.407994
654.5		0.408438
654		0.408346
653.5		0.40956
653		0.410027
652.5		0.408889
652		0.409428
651.5		0.411008
651		0.408587
650.5		0.409261
650		0.409915
649.5		0.41091
649		0.411026
648.5		0.410044
648		0.411696
647.5		0.411764
647		0.412926
646.5		0.412091
646		0.410974
645.5		0.411287
645		0.412597
644.5		0.413028
644		0.41337
643.5		0.412595
643		0.413468
642.5		0.414657
642		0.414542
641.5		0.41411
641		0.414012
640.5		0.414046
640		0.416616
639.5		0.416
639		0.414836
638.5		0.416884
638		0.41695
637.5		0.418692
637		0.418122
636.5		0.417886
636		0.41945
635.5		0.418625
635		0.42043
634.5		0.41989
634		0.420617
633.5		0.422009
633		0.422418
632.5		0.423252
632		0.423409
631.5		0.422418
631		0.423337
630.5		0.424001
630		0.423517
629.5		0.423228
629		0.422151
628.5		0.422147
628		0.421949
627.5		0.419704
627		0.421126
626.5		0.418569
626		0.418045
625.5		0.417222
625		0.414692
624.5		0.415993
624		0.413211
623.5		0.413347
623		0.41245
622.5		0.409756
622		0.412114
621.5		0.411123
621		0.410167
620.5		0.40927
620		0.408027
619.5		0.407785
619		0.40799
618.5		0.408215
618		0.406939
617.5		0.406924
617		0.407798
616.5		0.409852
616		0.40946
615.5		0.409157
615		0.410635
614.5		0.408759
614		0.410715
613.5		0.410281
613		0.410665
612.5		0.410891
612		0.410091
611.5		0.411713
611		0.410688
610.5		0.412523
610		0.411269
609.5		0.410551
609		0.411379
608.5		0.41111
608		0.41204
607.5		0.411931
607		0.412696
606.5		0.411871
606		0.412885
605.5		0.412018
605		0.412541
604.5		0.413877
604		0.414104
603.5		0.413593
603		0.412631
602.5		0.413475
602		0.414229
601.5		0.413426
601		0.415547
600.5		0.413495
600		0.414434
599.5		0.41485
599		0.412566
598.5		0.414691
598		0.413915
597.5		0.416345
597		0.416237
596.5		0.415188
596		0.41676
595.5		0.414492
595		0.415229
594.5		0.416704
594		0.415698
593.5		0.417578
593		0.416783
592.5		0.417022
592		0.41772
591.5		0.416016
591		0.417058
590.5		0.417972
590		0.417794
589.5		0.418143
589		0.418393
588.5		0.41843
588		0.419427
587.5		0.420021
587		0.418443
586.5		0.418207
586		0.418431
585.5		0.42073
585		0.419007
584.5		0.419618
584		0.420887
583.5		0.4206
583		0.422039
582.5		0.421656
582		0.421331
581.5		0.421995
581		0.420659
580.5		0.422705
580		0.421983
579.5		0.422879
579		0.422831
578.5		0.422075
578		0.424718
577.5		0.423584
577		0.42455
576.5		0.424211
576		0.424687
575.5		0.427415
575		0.425522
574.5		0.425915
574		0.426247
573.5		0.425296
573		0.428597
572.5		0.427576
572		0.427329
571.5		0.427617
571		0.427608
570.5		0.428832
570		0.429224
569.5		0.428954
569		0.428849
568.5		0.428704
568		0.427737
567.5		0.431331
567		0.430872
566.5		0.430376
566		0.431234
565.5		0.429608
565		0.432433
564.5		0.432129
564		0.432553
563.5		0.432774
563		0.431117
562.5		0.434326
562		0.433555
561.5		0.432209
561		0.434867
560.5		0.433761
560		0.435529
559.5		0.438384
559		0.435864
558.5		0.437639
558		0.437791
557.5		0.436941
557		0.438073
556.5		0.438465
556		0.438427
555.5		0.439208
555		0.438489
554.5		0.440035
554		0.440202
553.5		0.440294
553		0.441098
552.5		0.44055
552		0.441254
551.5		0.442601
551		0.442157
550.5		0.442975
550		0.440638
549.5		0.443971
549		0.442485
548.5		0.444129
548		0.443842
547.5		0.443118
547		0.445698
546.5		0.445663
546		0.44601
545.5		0.447316
545		0.44635
544.5		0.44729
544		0.44663
543.5		0.447389
543		0.448684
542.5		0.446451
542		0.449453
541.5		0.44736
541		0.448816
540.5		0.448911
540		0.44747
539.5		0.451293
539		0.449644
538.5		0.450023
538		0.451276
537.5		0.451156
537		0.452693
536.5		0.4514
536		0.451758
535.5		0.451018
535		0.451303
534.5		0.451747
534		0.453511
533.5		0.45205
533		0.453705
532.5		0.454966
532		0.453738
531.5		0.455081
531		0.454676
530.5		0.455439
530		0.455647
529.5		0.454416
529		0.457056
528.5		0.456299
528		0.45648
527.5		0.457618
527		0.456585
526.5		0.458356
526		0.458449
525.5		0.458562
525		0.459686
524.5		0.459011
524		0.459454
523.5		0.460955
523		0.460531
522.5		0.460452
522		0.460461
521.5		0.461785
521		0.462409
520.5		0.460828
520		0.46091
519.5		0.461466
519		0.461798
518.5		0.463766
518		0.461718
517.5		0.462161
517		0.462344
516.5		0.46155
516		0.464658
515.5		0.462779
515		0.463409
514.5		0.464826
514		0.46297
513.5		0.465092
513		0.464301
512.5		0.465185
512		0.465889
511.5		0.463318
511		0.465252
510.5		0.464647
510		0.4643
509.5		0.465087
509		0.46414
508.5		0.464647
508		0.463154
507.5		0.463695
507		0.463614
506.5		0.461593
506		0.460362
505.5		0.461078
505		0.459869
504.5		0.459097
504		0.457542
503.5		0.456346
503		0.456266
502.5		0.453875
502		0.453913
501.5		0.451792
501		0.450781
500.5		0.45127
500		0.448853
499.5		0.448869
499		0.447361
498.5		0.444611
498		0.446125
497.5		0.444374
497		0.443035
496.5		0.441634
496		0.441064
495.5		0.43972
495		0.437945
494.5		0.435709
494		0.436231
493.5		0.435434
493		0.434653
492.5		0.433047
492		0.432114
491.5		0.430446
491		0.428403
490.5		0.430019
490		0.428292
489.5		0.426634
489		0.425236
488.5		0.424356
488		0.42364
487.5		0.423624
487		0.420666
486.5		0.420053
486		0.419691
485.5		0.416882
485		0.417689
484.5		0.417001
484		0.414412
483.5		0.412586
483		0.411082
482.5		0.410808
482		0.40982
481.5		0.407508
481		0.406364
480.5		0.404315
480		0.404867
479.5		0.404233
479		0.400757
478.5		0.40115
478		0.397976
477.5		0.396398
477		0.397085
476.5		0.394183
476		0.393528
475.5		0.391283
475		0.39005
474.5		0.389859
474		0.38708
473.5		0.386306
473		0.385128
472.5		0.383324
472		0.38205
471.5		0.382213
471		0.377907
470.5		0.377521
470		0.375712
469.5		0.375985
469		0.374014
468.5		0.372014
468		0.371264
467.5		0.368535
467		0.367936
466.5		0.36569
466		0.364395
465.5		0.363601
465		0.361937
464.5		0.362583
464		0.359278
463.5		0.357879
463		0.356208
462.5		0.355557
462		0.353724
461.5		0.353413
461		0.351969
460.5		0.349774
460		0.349289
459.5		0.347388
459		0.346275
458.5		0.344974
458		0.344284
457.5		0.342903
457		0.34013
456.5		0.341838
456		0.3391
455.5		0.340135
455		0.339729
454.5		0.338128
454		0.337224
453.5		0.336035
453		0.335636
452.5		0.336757
452		0.336438
451.5		0.335807
451		0.335305
450.5		0.335405
450		0.333422
449.5		0.334175
449		0.332103
448.5		0.334723
448		0.332537
447.5		0.33259
447		0.333168
446.5		0.332077
446		0.33197
445.5		0.331173
445		0.330999
444.5		0.331154
444		0.329283
443.5		0.329788
443		0.329915
442.5		0.328798
442		0.329517
441.5		0.327973
441		0.326949
440.5		0.327365
440		0.327469
439.5		0.327165
439		0.326347
438.5		0.324538
438		0.323813
437.5		0.323635
437		0.324585
436.5		0.323829
436		0.322477
435.5		0.32298
435		0.321181
434.5		0.32256
434		0.320588
433.5		0.319271
433		0.320512
432.5		0.320019
432		0.318091
431.5		0.317257
431		0.316267
430.5		0.318718
430		0.315692
429.5		0.316198
429		0.31517
428.5		0.314043
428		0.314743
427.5		0.313433
427		0.312984
426.5		0.311483
426		0.311091
425.5		0.309993
425		0.309914
424.5		0.309374
424		0.308085
423.5		0.308358
423		0.308209
422.5		0.308294
422		0.305059
421.5		0.307436
421		0.30537
420.5		0.305286
420		0.305083
419.5		0.303907
419		0.302127
418.5		0.30265
418		0.301181
417.5		0.30051
417		0.29869
416.5		0.299488
416		0.299905
415.5		0.298162
415		0.29757
414.5		0.297022
414		0.29698
413.5		0.296972
413		0.29543
412.5		0.29611
412		0.294658
411.5		0.294874
411		0.293261
410.5		0.291628
410		0.293802
409.5		0.291095
409		0.291271
408.5		0.289577
408		0.291146
407.5		0.290562
407		0.288216
406.5		0.290183
406		0.289044
405.5		0.286436
405		0.28831
404.5		0.287059
404		0.286605
403.5		0.286031
403		0.284908
402.5		0.285132
402		0.285182
401.5		0.284098
401		0.283839
400.5		0.282551
400		0.28372
399.5		0.283767
399		0.281719
398.5		0.281004
398		0.280315
397.5		0.280936
397		0.280883
396.5		0.280531
396		0.279786
395.5		0.279192
395		0.279873
394.5		0.279283
394		0.277057
393.5		0.279182
393		0.276595
392.5		0.275274
392		0.275931
391.5		0.275648
391		0.276267
390.5		0.275177
390		0.273539
389.5		0.273109
389		0.272743
388.5		0.272503
388		0.272163
387.5		0.269912
387		0.270203
386.5		0.269961
386		0.269912
385.5		0.26961
385		0.267936
384.5		0.266063
384		0.267614
383.5		0.267738
383		0.265568
382.5		0.263136
382		0.265943
381.5		0.264183
381		0.26349
380.5		0.261425
380		0.264601
379.5		0.260257
379		0.262482
378.5		0.261575
378		0.261086
377.5		0.260903
377		0.259968
376.5		0.258036
376		0.259047
375.5		0.259545
375		0.257223
374.5		0.260258
374		0.258377
373.5		0.259768
373		0.257929
372.5		0.258104
372		0.259486
371.5		0.255055
371		0.256334
370.5		0.256659
370		0.257017
369.5		0.256569
369		0.254063
368.5		0.253069
368		0.254236
367.5		0.252398
367		0.251151
366.5		0.253277
366		0.252646
365.5		0.252154
365		0.25111
364.5		0.251478
364		0.251949
363.5		0.250854
363		0.250934
362.5		0.249696
362		0.248175
361.5		0.248487
361		0.247848
360.5		0.248913
360		0.246611
359.5		0.248544
359		0.248544
358.5		0.243915
358		0.247792
357.5		0.244778
357		0.245496
356.5		0.24679
356		0.245347
355.5		0.243915
355		0.244234
354.5		0.242075
354		0.241547
353.5		0.242293
353		0.24344
352.5		0.242533
352		0.238736
351.5		0.240826
351		0.241301
350.5		0.238854
350		0.239528
349.5		0.238385
349		0.238768
348.5		0.236027
348		0.234049
347.5		0.23558
347		0.237428
346.5		0.233707
346		0.233056
345.5		0.231143
345		0.234624
344.5		0.23436
344		0.230933
343.5		0.230432
343		0.233104
342.5		0.229535
342		0.230539
341.5		0.23045
341		0.227433
340.5		0.225374
340		0.223948
339.5		0.222724
339		0.220097
338.5		0.223031
338		0.222505
337.5		0.221138
337		0.221043
336.5		0.21844
336		0.221131
335.5		0.217502
335		0.21615
334.5		0.215886
334		0.214133
333.5		0.215619
333		0.214787
332.5		0.214037
332		0.212863
331.5		0.211541
331		0.212194
330.5		0.208484
330		0.214678
329.5		0.208151
329		0.210501
328.5		0.205824
328		0.205689
327.5		0.206747
327		0.205077
326.5		0.205101
326		0.203702
325.5		0.204278
325		0.20487
324.5		0.204898
324		0.202973
323.5		0.203202
323		0.203615
322.5		0.202976
322		0.201099
321.5		0.197125
321		0.198656
320.5		0.196958
320		0.199946
319.5		0.196433
319		0.196162
318.5		0.198261
318		0.195826
317.5		0.194221
317		0.192266
316.5		0.191779
316		0.193934
315.5		0.193212
315		0.19186
314.5		0.18967
314		0.188686
313.5		0.19111
313		0.192652
312.5		0.188884
312		0.19117
311.5		0.192374
311		0.188945
310.5		0.191001
310		0.187025
309.5		0.183709
309		0.188897
308.5		0.188523
308		0.185822
307.5		0.181975
307		0.1851
306.5		0.189359
306		0.183495
305.5		0.184865
305		0.188478
304.5		0.187363
304		0.186641
303.5		0.208093
303		0.175434
302.5		0.174085
302		0.17093
301.5		0.187262
301		0.177412
300.5		0.170835
300		0.164388
299.5		0.178094
299		0.166629
298.5		0.184795
298		0.238995
297.5		0.190357
297		0.121985
296.5		0.162854
296		0.239301
295.5		0.129995
295		0.116537
294.5		0.154544
294		0.0730764
293.5		0.0389122
293		0.16745
292.5		0.0216698
292		0.017587
291.5		0.335301
291		0.764221
290.5		-0.493142
290		0.358546
289.5		0.841821
289		0.434331
288.5		0.287484
288		0.286974
287.5		1.63319
287		0.236425
286.5		0.410546
286		0.489949
285.5		-1.61863
285		-12.9547
284.5		0.0418095
284		0.123645
283.5		0.429174
283		0.626862
282.5		-0.093699
282		-0.0349625
281.5		0.317288
281		0.23083
280.5		0.115571
280		0.0694034
279.5		0.194859
279		0.471422
278.5		0.270854
278		0.190797
277.5		0.524506
277		0.48206
276.5		0.018499
276		0.158519
275.5		0.675703
275		0.252635
274.5		2.22742
274		0.186275
273.5		0.218424
273		0.278557
272.5		0.379567
272		0.298391
271.5		-12.1042
271		0.11559
270.5		0.0126481
270		0.457286
269.5		-0.806418
269		0.717926
268.5		0.250499
268		0.0339011
267.5		0.089093
267		0.622854
266.5		0.155595
266		0.713232
265.5		-0.533525
265		0.580538
264.5		0.128119
264		0.492309
263.5		-0.00642894
263		0.144465
262.5		0.0416399
262		0.182314
261.5		-0.0760315
261		-0.748432
260.5		0.179406
260		-0.87804
259.5		0.319472
259		0.221254
258.5		0.341929
258		0.0787935
257.5		0.236531
257		0.218221
256.5		0.211303
256		-0.364421
255.5		1.05019
255		0.381155
254.5		0.169624
254		0.20431
253.5		0.426549
253		0.252887
252.5		0.0814126
252		0.578582
251.5		0.1664
251		0.191108
250.5		0.0292952
250		0.155332
249.5		0.530299
249		-0.626204
248.5		0.168164
248		-0.128397
247.5		-1.42519
247		0.206478
246.5		-0.351431
246		-0.102105
245.5		0.271334
245		0.86851
244.5		-0.267585
244		0.0292883
243.5		0.130249
243		2.72423
242.5		0.195683
242		0.534262
241.5		0.323861
241		2.23328
240.5		0.0826015
240		0.245878
239.5		0.377078
239		0.127319
238.5		-0.436857
238		0.547765
237.5		0.141078
237		0.402713
236.5		0.289266
236		0.345528
235.5		0.266256
235		0.221356
234.5		0.360839
234		0.0580816
233.5		0.0600509
233		-0.121585
232.5		0.105627
232		0.120077
231.5		-0.0302825
231		0.518425
230.5		1.00416
230		0.845295
229.5		0.365601
229		-0.143002
228.5		-0.20287
228		0.0887069
227.5		0.0780818
227		-0.45284
226.5		0.0857831
226		0.0575938
225.5		0.155829
225		-0.070412
224.5		0.198892
224		0.12628
223.5		0.269382
223		0.131378
222.5		0.0787414
222		0.0350619
221.5		0.00416901
221		0.0819447
220.5		0.0816089
220		0.586876
219.5		0.159116
219		-3.44446
218.5		1.21847
218		0.00241662
217.5		-0.0687729
217		0.0164369
216.5		0.200792
216		0.0575059
215.5		0.253185
215		0.0899827
214.5		0.240866
214		0.117349
213.5		-0.00439119
213		-0.38938
212.5		0.415934
212		-0.0434499
211.5		0.207227
211		0.144501
210.5		0.47438
210		0.618925
209.5		-13.935
209		0.0807799
208.5		0.373409
208		0.00757638
207.5		0.114714
207		0.236309
206.5		-0.099252
206		0.0123356
205.5		0.173482
205		0.0827821
204.5		0.359715
204		-0.463766
203.5		1.11059
203		0.351977
202.5		0.0581018
202		-0.658455
201.5		0.151664
201		0.18625
200.5		0.0260734
200		0.00248862
900		0.265174
899.5		0.24367
899		0.262624
898.5		0.245586
898		0.255465
897.5		0.24463
897		0.254796
896.5		0.259209
896		0.258075
895.5		0.247628
895		0.248911
894.5		0.256729
894		0.252226
893.5		0.269471
893		0.286981
892.5		0.248899
892		0.258322
891.5		0.259363
891		0.269584
890.5		0.259293
890		0.249326
889.5		0.25648
889		0.262605
888.5		0.270989
888		0.259894
887.5		0.265194
887		0.252321
886.5		0.26951
886		0.271748
885.5		0.24957
885		0.249277
884.5		0.265782
884		0.27087
883.5		0.257756
883		0.274567
882.5		0.265805
882		0.259155
881.5		0.259327
881		0.260334
880.5		0.26931
880		0.26639
879.5		0.271633
879		0.268171
878.5		0.265825
878		0.26704
877.5		0.266387
877		0.269292
876.5		0.265787
876		0.270414
875.5		0.273446
875		0.274175
874.5		0.273199
874		0.271984
873.5		0.277956
873		0.272518
872.5		0.2727
872		0.269236
871.5		0.267771
871		0.274133
870.5		0.263977
870		0.270389
869.5		0.269179
869		0.272663
868.5		0.272426
868		0.268437
867.5		0.273489
867		0.270116
866.5		0.271541
866		0.272028
865.5		0.271139
865		0.275569
864.5		0.2662
864		0.272146
863.5		0.2727
863		0.271954
862.5		0.274249
862		0.272113
861.5		0.273337
861		0.280402
860.5		0.27882
860		0.272805
859.5		0.275905
859		0.272466
858.5		0.273628
858		0.274518
857.5		0.277361
857		0.274746
856.5		0.275906
856		0.277094
855.5		0.275609
855		0.277345
854.5		0.277306
854		0.277357
853.5		0.279064
853		0.278449
852.5		0.274228
852		0.276395
851.5		0.279674
851		0.278205
850.5		0.278315
850		0.279246
849.5		0.279306
849		0.279412
848.5		0.276346
848		0.27978
847.5		0.280586
847		0.280212
846.5		0.2793
846		0.280501
845.5		0.282787
845		0.281853
844.5		0.280086
844		0.282312
843.5		0.280206
843		0.282242
842.5		0.282913
842		0.282242
841.5		0.284605
841		0.283593
840.5		0.284644
840		0.284807
839.5		0.283229
839		0.285611
838.5		0.285099
838		0.285826
837.5		0.286085
837		0.287828
836.5		0.288618
836		0.287511
835.5		0.287322
835		0.289266
834.5		0.289923
834		0.290103
833.5		0.289601
833		0.290989
832.5		0.291486
832		0.291678
831.5		0.291881
831		0.292625
830.5		0.293851
830		0.293236
829.5		0.294253
829		0.293547
828.5		0.294924
828		0.295167
827.5		0.295657
827		0.296373
826.5		0.295861
826		0.296486
825.5		0.296215
825		0.298097
824.5		0.298993
824		0.299092
823.5		0.299471
823		0.29955
822.5		0.30041
822		0.299291
821.5		0.299909
821		0.300049
820.5		0.300165
820		0.300865
819.5		0.303227
819		0.30217
818.5		0.301762
818		0.303373
817.5		0.305272
817		0.304105
816.5		0.303042
816		0.303511
815.5		0.303225
815		0.30632
814.5		0.305025
814		0.30587
813.5		0.306853
813		0.306885
812.5		0.306756
812		0.306863
811.5		0.307577
811		0.3076
810.5		0.307017
810		0.308499
809.5		0.307086
809		0.309855
808.5		0.310631
808		0.310107
807.5		0.309879
807		0.31072
806.5		0.312243
806		0.312506
805.5		0.311745
805		0.312731
804.5		0.313167
804		0.312917
803.5		0.313882
803		0.313627
802.5		0.31428
802		0.313263
801.5		0.314964
801		0.317183
800.5		0.313533
800		0.315179
799.5		0.316179
799		0.314955
798.5		0.317832
798		0.317433
797.5		0.319763
797		0.318667
796.5		0.318212
796		0.317705
795.5		0.319018
795		0.319149
794.5		0.319756
794		0.319381
793.5		0.319071
793		0.321375
792.5		0.321789
792		0.322383
791.5		0.32067
791		0.319599
790.5		0.322371
790		0.321654
789.5		0.32375
789		0.32291
788.5		0.324243
788		0.323413
787.5		0.32404
787		0.325816
786.5		0.324547
786		0.323881
785.5		0.326683
785		0.324381
784.5		0.326563
784		0.326334
783.5		0.326375
783		0.328572
782.5		0.327727
782		0.32734
781.5		0.328918
781		0.328759
780.5		0.328627
780		0.329026
779.5		0.330678
779		0.33101
778.5		0.329724
778		0.331771
777.5		0.330122
777		0.330186
776.5		0.331773
776		0.330915
775.5		0.331511
775		0.334063
774.5		0.33184
774		0.334828
773.5		0.333958
773		0.33359
772.5		0.334391
772		0.333059
771.5		0.33582
771		0.335374
770.5		0.335733
770		0.336574
769.5		0.336933
769		0.336303
768.5		0.337352
768		0.336723
767.5		0.337822
767		0.336452
766.5		0.338287
766		0.339923
765.5		0.339048
765		0.33735
764.5		0.341111
764		0.339963
763.5		0.342178
763		0.339839
762.5		0.341689
762		0.341975
761.5		0.339626
761		0.342575
760.5		0.342606
760		0.343053
759.5		0.343286
759		0.343227
758.5		0.343644
758		0.343288
757.5		0.3435
757		0.343728
756.5		0.344404
756		0.344809
755.5		0.345781
755		0.345576
754.5		0.346216
754		0.344809
753.5		0.347798
753		0.34864
752.5		0.346162
752		0.347838
751.5		0.345244
751		0.347404
750.5		0.347976
750		0.348568
749.5		0.350121
749		0.347846
748.5		0.350116
748		0.350059
747.5		0.349856
747		0.351941
746.5		0.349319
746		0.351312
745.5		0.351292
745		0.352137
744.5		0.351325
744		0.350422
743.5		0.351845
743		0.352447
742.5		0.3528
742		0.352253
741.5		0.352438
741		0.353124
740.5		0.353572
740		0.353753
739.5		0.354961
739		0.352971
738.5		0.354424
738		0.35532
737.5		0.354563
737		0.353975
736.5		0.355076
736		0.355383
735.5		0.355727
735		0.355688
734.5		0.354226
734		0.35629
733.5		0.356273
733		0.357467
732.5		0.356089
732		0.355077
731.5		0.355549
731		0.355569
730.5		0.35725
730		0.355363
729.5		0.356113
729		0.354844
728.5		0.354404
728		0.355842
727.5		0.353172
727		0.355466
726.5		0.356138
726		0.353695
725.5		0.353807
725		0.353441
724.5		0.352135
724		0.351554
723.5		0.35224
723		0.351473
722.5		0.351711
722		0.348253
721.5		0.34863
721		0.346096
720.5		0.346022
720		0.347074
719.5		0.343615
719		0.34688
718.5		0.344885
718		0.345888
717.5		0.346961
717		0.34662
716.5		0.346109
716		0.347501
715.5		0.348541
715		0.351967
714.5		0.354379
714		0.354505
713.5		0.356558
713		0.357076
712.5		0.358396
712		0.360283
711.5		0.360998
711		0.361998
710.5		0.362886
710		0.365913
709.5		0.365747
709		0.367251
708.5		0.368429
708		0.368381
707.5		0.371262
707		0.370974
706.5		0.37158
706		0.372804
705.5		0.371484
705		0.372383
704.5		0.371675
704		0.373091
703.5		0.372087
703		0.372645
702.5		0.372774
702		0.373383
701.5		0.373618
701		0.374208
700.5		0.375063
700		0.373177
699.5		0.37585
699		0.374534
698.5		0.374836
698		0.375823
697.5		0.375716
697		0.375767
696.5		0.37656
696		0.3761
695.5		0.375923
695		0.37548
694.5		0.377873
694		0.377077
693.5		0.378175
693		0.377351
692.5		0.376825
692		0.378877
691.5		0.378585
691		0.378071
690.5		0.379664
690		0.379598
689.5		0.380167
689		0.380452
688.5		0.380602
688		0.381695
687.5		0.379815
687		0.380189
686.5		0.380602
686		0.381017
685.5		0.38124
685		0.381434
684.5		0.380774
684		0.38193
683.5		0.38209
683		0.381443
682.5		0.382494
682		0.381687
681.5		0.383274
681		0.381633
680.5		0.383426
680		0.382126
679.5		0.38267
679		0.384869
678.5		0.383827
678		0.384641
677.5		0.384076
677		0.385043
676.5		0.385861
676		0.385642
675.5		0.385337
675		0.38585
674.5		0.385054
674		0.385892
673.5		0.386523
673		0.386315
672.5		0.385304
672		0.386239
671.5		0.386294
671		0.386664
670.5		0.387132
670		0.387745
669.5		0.385814
669		0.38697
668.5		0.387536
668		0.386171
667.5		0.387063
667		0.387677
666.5		0.386792
666		0.388963
665.5		0.387455
665		0.387865
664.5		0.389378
664		0.387463
663.5		0.388739
663		0.388999
662.5		0.387775
662		0.389118
661.5		0.38867
661		0.388495
660.5		0.389041
660		0.389153
659.5		0.390521
659		0.389644
658.5		0.390184
658		0.389785
657.5		0.389525
657		0.390696
656.5		0.389896
656		0.390696
655.5		0.39101
655		0.390009
654.5		0.390464
654		0.39171
653.5		0.39067
653		0.391876
652.5		0.390887
652		0.391317
651.5		0.393034
651		0.390036
650.5		0.391234
650		0.391586
649.5		0.393034
649		0.392364
648.5		0.392094
648		0.393108
647.5		0.392302
647		0.394878
646.5		0.393009
646		0.392993
645.5		0.392915
645		0.394465
644.5		0.393912
644		0.394494
643.5		0.395233
643		0.395288
642.5		0.396733
642		0.395244
641.5		0.396174
641		0.3957
640.5		0.39604
640		0.397699
639.5		0.397402
639		0.397742
638.5		0.398637
638		0.399097
637.5		0.400358
637		0.4006
636.5		0.400862
636		0.401566
635.5		0.401365
635		0.402192
634.5		0.402657
634		0.402962
633.5		0.404914
633		0.404386
632.5		0.405713
632		0.40645
631.5		0.404997
631		0.406508
630.5		0.406652
630		0.406013
629.5		0.406237
629		0.405534
628.5		0.404842
628		0.404105
627.5		0.402364
627		0.403269
626.5		0.401649
626		0.399993
625.5		0.399845
625		0.396391
624.5		0.397408
624		0.395234
623.5		0.39465
623		0.393719
622.5		0.391734
622		0.39356
621.5		0.391983
621		0.390644
620.5		0.390281
620		0.388632
619.5		0.388708
619		0.388727
618.5		0.388067
618		0.388047
617.5		0.387653
617		0.388934
616.5		0.390088
616		0.39007
615.5		0.390352
615		0.391209
614.5		0.388651
614		0.391474
613.5		0.390694
613		0.391625
612.5		0.39155
612		0.390978
611.5		0.392177
611		0.390921
610.5		0.39326
610		0.390939
609.5		0.391483
609		0.392092
608.5		0.391732
608		0.392281
607.5		0.39283
607		0.393573
606.5		0.392899
606		0.394424
605.5		0.393316
605		0.393546
604.5		0.394414
604		0.394531
603.5		0.394698
603		0.393213
602.5		0.39422
602		0.394692
601.5		0.394585
601		0.396052
600.5		0.394391
600		0.395115
599.5		0.395989
599		0.394476
598.5		0.395956
598		0.395318
597.5		0.397197
597		0.398029
596.5		0.396863
596		0.397085
595.5		0.396111
595		0.39647
594.5		0.39782
594		0.397314
593.5		0.398488
593		0.398108
592.5		0.398362
592		0.398859
591.5		0.397856
591		0.398434
590.5		0.399129
590		0.399542
589.5		0.399883
589		0.399496
588.5		0.399919
588		0.401444
587.5		0.401363
587		0.400964
586.5		0.400672
586		0.400626
585.5		0.402771
585		0.400583
584.5		0.401994
584		0.402693
583.5		0.402366
583		0.404268
582.5		0.403284
582		0.403998
581.5		0.404199
581		0.403466
580.5		0.404993
580		0.404305
579.5		0.405098
579		0.406089
578.5		0.404823
578		0.406838
577.5		0.406777
577		0.406798
576.5		0.407678
576		0.407134
575.5		0.410066
575		0.408343
574.5		0.408649
574		0.408999
573.5		0.407634
573		0.410834
572.5		0.410679
572		0.410565
571.5		0.410486
571		0.411676
570.5		0.411334
570		0.412166
569.5		0.412577
569		0.41148
568.5		0.411996
568		0.412087
567.5		0.414575
567		0.414149
566.5		0.414317
566		0.41454
565.5		0.414059
565		0.416726
564.5		0.416165
564		0.415962
563.5		0.416472
563		0.415429
562.5		0.418727
562		0.417362
561.5		0.416793
561		0.419387
560.5		0.418803
560		0.42107
559.5		0.423491
559		0.421978
558.5		0.422903
558		0.424335
557.5		0.422986
557		0.424371
556.5		0.42468
556		0.423926
555.5		0.425886
555		0.424286
554.5		0.427082
554		0.426172
553.5		0.426999
553		0.427244
552.5		0.427006
552		0.428343
551.5		0.428396
551		0.429057
550.5		0.429415
550		0.427706
549.5		0.43114
549		0.429804
548.5		0.431048
548		0.430974
547.5		0.429831
547		0.432807
546.5		0.433159
546		0.432218
545.5		0.434505
545		0.433684
544.5		0.435329
544		0.434514
543.5		0.434282
543		0.436734
542.5		0.434372
542		0.437154
541.5		0.435191
541		0.436101
540.5		0.436928
540		0.435801
539.5		0.43891
539		0.437663
538.5		0.438231
538		0.439476
537.5		0.438569
537		0.44042
536.5		0.439889
536		0.441064
535.5		0.439359
535		0.440466
534.5		0.440543
534		0.441649
533.5		0.440952
533		0.442848
532.5		0.442926
532		0.442808
531.5		0.44378
531		0.443039
530.5		0.444589
530		0.44436
529.5		0.444323
529		0.446835
528.5		0.445385
528		0.445928
527.5		0.447224
527		0.446221
526.5		0.447971
526		0.448249
525.5		0.447652
525		0.449466
524.5		0.448823
524		0.448988
523.5		0.451008
523		0.449788
522.5		0.450441
522		0.450275
521.5		0.451758
521		0.45183
520.5		0.451098
520		0.451989
519.5		0.45165
519		0.452867
518.5		0.453096
518		0.453066
517.5		0.452958
517		0.453597
516.5		0.452274
516		0.454882
515.5		0.454383
515		0.454556
514.5		0.456858
514		0.454762
513.5		0.457029
513		0.455711
512.5		0.457214
512		0.458266
511.5		0.455736
511		0.457902
510.5		0.456861
510		0.456706
509.5		0.457294
509		0.456291
508.5		0.458045
508		0.456305
507.5		0.456573
507		0.455321
506.5		0.4546
506		0.452933
505.5		0.454009
505		0.452108
504.5		0.452069
504		0.450539
503.5		0.449278
503		0.448935
502.5		0.446673
502		0.445937
501.5		0.443326
501		0.44321
500.5		0.443857
500		0.441228
499.5		0.440817
499		0.439591
498.5		0.437573
498		0.43769
497.5		0.436311
497		0.43576
496.5		0.433693
496		0.432617
495.5		0.432394
495		0.430652
494.5		0.428262
494		0.428195
493.5		0.427074
493		0.426372
492.5		0.424539
492		0.424787
491.5		0.421882
491		0.421032
490.5		0.421286
490		0.420218
489.5		0.418755
489		0.417197
488.5		0.415907
488		0.415032
487.5		0.416065
487		0.412736
486.5		0.412201
486		0.412251
485.5		0.408645
485		0.410835
484.5		0.407901
484		0.407165
483.5		0.404619
483		0.403861
482.5		0.403084
482		0.401861
481.5		0.400146
481		0.398353
480.5		0.397309
480		0.39644
479.5		0.395976
479		0.393771
478.5		0.39309
478		0.391339
477.5		0.388221
477		0.38889
476.5		0.386436
476		0.386586
475.5		0.382434
475		0.381615
474.5		0.381978
474		0.379559
473.5		0.379193
473		0.376979
472.5		0.37512
472		0.374409
471.5		0.373939
471		0.369692
470.5		0.369546
470		0.367767
469.5		0.367549
469		0.365686
468.5		0.36364
468		0.363367
467.5		0.361075
467		0.359399
466.5		0.357413
466		0.356441
465.5		0.355515
465		0.353103
464.5		0.353289
464		0.350724
463.5		0.3504
463		0.347938
462.5		0.346916
462		0.34557
461.5		0.345397
461		0.344513
460.5		0.34145
460		0.341498
459.5		0.339841
459		0.339124
458.5		0.336954
458		0.336854
457.5		0.335351
457		0.332824
456.5		0.334494
456		0.331714
455.5		0.333241
455		0.332758
454.5		0.331901
454		0.330841
453.5		0.329957
453		0.329401
452.5		0.330784
452		0.330076
451.5		0.329137
451		0.330195
450.5		0.329518
450		0.328604
449.5		0.329641
449		0.326739
448.5		0.329535
448		0.327209
447.5		0.328166
447		0.328332
446.5		0.326248
446		0.326576
445.5		0.326245
445		0.325288
444.5		0.326584
444		0.324413
443.5		0.323507
443		0.325093
442.5		0.323429
442		0.324448
441.5		0.322444
441		0.321887
440.5		0.322286
440		0.321824
439.5		0.322067
439		0.320625
438.5		0.319687
438		0.318886
437.5		0.319409
437		0.31845
436.5		0.317545
436		0.317613
435.5		0.317239
435		0.315537
434.5		0.316568
434		0.315172
433.5		0.312927
433		0.314298
432.5		0.314112
432		0.312212
431.5		0.31208
431		0.311099
430.5		0.313354
430		0.309892
429.5		0.309213
429		0.310072
428.5		0.307943
428		0.309014
427.5		0.307562
427		0.307192
426.5		0.305712
426		0.304927
425.5		0.30422
425		0.303761
424.5		0.303451
424		0.302491
423.5		0.301898
423		0.30198
422.5		0.302297
422		0.300115
421.5		0.301215
421		0.298559
420.5		0.298324
420		0.299192
419.5		0.29788
419		0.296734
418.5		0.296167
418		0.295335
417.5		0.295205
417		0.292346
416.5		0.293734
416		0.293838
415.5		0.292116
415		0.291527
414.5		0.290684
414		0.291091
413.5		0.290095
413		0.28964
412.5		0.289912
412		0.288039
411.5		0.288385
411		0.288468
410.5		0.285334
410		0.288228
409.5		0.285037
409		0.284918
408.5		0.284218
408		0.284549
407.5		0.285175
407		0.282565
406.5		0.283677
406		0.282461
405.5		0.280573
405		0.282104
404.5		0.280883
404		0.281483
403.5		0.280466
403		0.279203
402.5		0.278068
402		0.278493
401.5		0.278234
401		0.277392
400.5		0.277471
400		0.277554
399.5		0.27805
399		0.276182
398.5		0.27452
398		0.274641
397.5		0.275111
397		0.274607
396.5		0.274176
396		0.274484
395.5		0.274117
395		0.27258
394.5		0.274129
394		0.2715
393.5		0.272976
393		0.270078
392.5		0.26952
392		0.271336
391.5		0.270253
391		0.269688
390.5		0.26818
390		0.267665
389.5		0.26762
389		0.267537
388.5		0.266073
388		0.265381
387.5		0.264686
387		0.264104
386.5		0.263654
386		0.262902
385.5		0.263403
385		0.26233
384.5		0.259209
384		0.261088
383.5		0.259659
383		0.259584
382.5		0.257196
382		0.259529
381.5		0.257377
381		0.257196
380.5		0.25728
380		0.25772
379.5		0.253906
379		0.255932
378.5		0.254977
378		0.254093
377.5		0.254121
377		0.253194
376.5		0.253178
376		0.253131
375.5		0.252725
375		0.251466
374.5		0.25224
374		0.251994
373.5		0.253276
373		0.250798
372.5		0.250561
372		0.250939
371.5		0.248735
371		0.249508
370.5		0.24868
370		0.248542
369.5		0.249591
369		0.246457
368.5		0.247324
368		0.247994
367.5		0.245819
367		0.245976
366.5		0.246518
366		0.245296
365.5		0.246169
365		0.243399
364.5		0.24537
364		0.244557
363.5		0.24226
363		0.244442
362.5		0.244028
362		0.242529
361.5		0.240587
361		0.240266
360.5		0.241187
360		0.241324
359.5		0.242647
359		0.240567
358.5		0.237657
358		0.241091
357.5		0.239669
357		0.237987
356.5		0.240264
356		0.238191
355.5		0.23777
355		0.2386
354.5		0.235579
354		0.236093
353.5		0.237284
353		0.236159
352.5		0.23583
352		0.232562
351.5		0.234652
351		0.23448
350.5		0.232849
350		0.232665
349.5		0.232274
349		0.229357
348.5		0.229969
348		0.228342
347.5		0.23021
347		0.230479
346.5		0.228689
346		0.227237
345.5		0.224493
345		0.226879
344.5		0.225495
344		0.225441
343.5		0.225469
343		0.223844
342.5		0.222242
342		0.224308
341.5		0.224128
341		0.221002
340.5		0.21896
340		0.220877
339.5		0.215613
339		0.217275
338.5		0.215767
338		0.217593
337.5		0.215291
337		0.215799
336.5		0.212287
336		0.215395
335.5		0.212131
335		0.211297
334.5		0.210789
334		0.209668
333.5		0.207977
333		0.210794
332.5		0.209325
332		0.208008
331.5		0.205788
331		0.208574
330.5		0.20236
330		0.206762
329.5		0.204832
329		0.203796
328.5		0.200829
328		0.20204
327.5		0.201138
327		0.200438
326.5		0.19983
326		0.197742
325.5		0.19708
325		0.19834
324.5		0.199134
324		0.196094
323.5		0.195935
323		0.199209
322.5		0.199124
322		0.195
321.5		0.193462
321		0.19502
320.5		0.1924
320		0.190202
319.5		0.190853
319		0.191996
318.5		0.188722
318		0.191029
317.5		0.189717
317		0.185882
316.5		0.18829
316		0.184877
315.5		0.18916
315		0.185582
314.5		0.183003
314		0.185914
313.5		0.183433
313		0.184654
312.5		0.183621
312		0.181629
311.5		0.184922
311		0.178243
310.5		0.17864
310		0.18432
309.5		0.173449
309		0.175366
308.5		0.180189
308		0.180081
307.5		0.175131
307		0.17992
306.5		0.180325
306		0.173342
305.5		0.165392
305		0.169342
304.5		0.176837
304		0.166463
303.5		0.175392
303		0.179598
302.5		0.171376
302		0.169122
301.5		0.177791
301		0.170685
300.5		0.180583
300		0.174755
299.5		0.163706
299		0.176049
298.5		0.163898
298		0.147755
297.5		0.174714
297		0.129232
296.5		0.107776
296		0.16928
295.5		0.0983555
295		-0.110163
294.5		0.400233
294		0.00101757
293.5		0.180277
293		-0.0722317
292.5		0.481423
292		-0.503545
291.5		0.681743
291		0.454482
290.5		2.94155
290		0.345188
289.5		0.404134
289		-5.79574
288.5		0.293828
288		-0.763121
287.5		-0.360017
287		0.162905
286.5		0.439474
286		0.0134753
285.5		0.856076
285		0.371997
284.5		0.62315
284		-0.321517
283.5		0.906495
283		1.74067
282.5		0.353427
282		0.706148
281.5		3.51458
281		0.767093
280.5		0.595093
280		0.367138
279.5		0.187039
279		0.14305
278.5		0.121057
278		0.492969
277.5		0.226461
277		0.0960177
276.5		0.423773
276		0.467606
275.5		1.88802
275		2.38421
274.5		-3.09468
274		0.243114
273.5		0.244089
273		-14.2974
272.5		0.272808
272		0.165194
271.5		-0.0364559
271		10.495
270.5		-0.513323
270		1.52337
269.5		-0.409507
269		-0.933889
268.5		0.317195
268		0.191305
267.5		0.29444
267		0.852262
266.5		0.0705524
266		0.51159
265.5		0.887652
265		0.567827
264.5		-0.236867
264		0.293032
263.5		0.0183765
263		-0.0728897
262.5		-1.09705
262		0.730548
261.5		3.65353
261		-0.218338
260.5		1.87354
260		-0.277827
259.5		1.59223
259		-0.00677707
258.5		0.184328
258		0.186359
257.5		7.1248
257		0.369908
256.5		-0.504085
256		1.34782
255.5		-0.0603606
255		0.316411
254.5		0.533976
254		0.228077
253.5		0.174024
253		0.316756
252.5		-0.32956
252		-0.97952
251.5		-0.221191
251		0.355369
250.5		0.41148
250		0.141707
249.5		0.484263
249		0.1517
248.5		0.121572
248		0.370901
247.5		0.222212
247		0.128496
246.5		0.13162
246		0.572083
245.5		-0.322342
245		-4.24005
244.5		-0.427794
244		-11.2003
243.5		5.00588
243		-0.170343
242.5		-0.213251
242		0.280905
241.5		12.8217
241		-0.289825
240.5		1.59822
240		0.0851349
239.5		-0.0403753
239		0.191865
238.5		0.187377
238		0.771432
237.5		0.294531
237		1.05288
236.5		0.244995
236		0.194544
235.5		-0.024781
235		0.0691483
234.5		-0.139758
234		3.56495
233.5		-0.0744806
233		0.334016
232.5		0.275469
232		0.0223859
231.5		-0.375623
231		0.527495
230.5		0.200719
230		4.57538
229.5		0.0514797
229		-0.472026
228.5		0.259147
228		0.0186923
227.5		1.27771
227		0.0994083
226.5		0.00962264
226		0.358928
225.5		0.114044
225		0.0564886
224.5		-0.0380208
224		-0.398489
223.5		-1.84312
223		-0.489195
222.5		-0.0541044
222		-0.079204
221.5		-1.97942
221		0.0146586
220.5		0.551996
220		0.387697
219.5		-0.389051
219		0.347714
218.5		3.31534
218		0.146699
217.5		1.18953
217		0.0937242
216.5		0.0138701
216		-0.195339
215.5		0.495268
215		0.126969
214.5		1.64988
214		-0.0186882
213.5		0.0984821
213		-0.0211669
212.5		0.075459
212		0.0422299
211.5		0.0957312
211		0.324376
210.5		0.0733198
210		-0.0557733
209.5		0.40444
209		0.288109
208.5		0.132331
208		-0.0958746
207.5		0.286916
207		0.412856
206.5		0.0281493
206		0.00173219
205.5		0.187595
205		0.0694114
204.5		-0.405995
204		0.0616298
203.5		0.222269
203		-0.01653
202.5		0.101071
202		-0.00193289
201.5		0.452313
201		0.286527
200.5		-0.226039
200		-0.143657
900		0.941554
899.5		1.03956
899		1.01501
898.5		0.983804
898		0.952703
897.5		1.00527
897		1.12979
896.5		1.02198
896		0.990568
895.5		1.01452
895		0.990538
894.5		0.996915
894		0.978377
893.5		1.0439
893		1.02068
892.5		1.00025
892		1.03388
891.5		0.986967
891		1.02609
890.5		1.01993
890		1.01453
889.5		1.00392
889		0.991761
888.5		1.0693
888		1.0142
887.5		0.993637
887		0.989344
886.5		1.02458
886		1.04338
885.5		1.00993
885		0.986614
884.5		1.03864
884		1.06797
883.5		0.994152
883		1.10425
882.5		1.03301
882		1.02975
881.5		0.961143
881		1.03117
880.5		1.03782
880		1.0381
879.5		1.04164
879		1.04805
878.5		1.02531
878		1.00349
877.5		0.995136
877		1.0819
876.5		1.04911
876		1.03134
875.5		1.0418
875		1.01489
874.5		1.03509
874		1.01419
873.5		1.01089
873		1.04331
872.5		1.02178
872		1.01359
871.5		1.0344
871		1.0363
870.5		1.02423
870		1.02554
869.5		1.00827
869		1.00233
868.5		0.995646
868		1.01876
867.5		1.01167
867		1.02474
866.5		1.01489
866		1.00185
865.5		1.0091
865		1.02595
864.5		1.01568
864		1.02376
863.5		1.03812
863		1.01215
862.5		1.01806
862		0.998822
861.5		1.02102
861		1.01553
860.5		1.01594
860		1.0149
859.5		1.01413
859		1.00502
858.5		1.02449
858		1.02626
857.5		1.01623
857		1.01336
856.5		1.00534
856		1.00092
855.5		1.00936
855		1.00662
854.5		1.00508
854		1.00437
853.5		1.00141
853		1.00941
852.5		1.00077
852		1.0081
851.5		1.01508
851		1.0015
850.5		1.00784
850		1.00687
849.5		0.999418
849		1.00963
848.5		1.01296
848		1.00434
847.5		1.00333
847		1.01312
846.5		1.00773
846		1.01348
845.5		1.00374
845		1.01183
844.5		1.01654
844		1.00626
843.5		1.00687
843		1.01345
842.5		1.01568
842		1.01436
841.5		1.01362
841		1.00735
840.5		1.01583
840		1.01127
839.5		1.01385
839		1.01287
838.5		1.01564
838		1.02025
837.5		1.01398
837		1.01522
836.5		1.02324
836		1.01262
835.5		1.01741
835		1.01788
834.5		1.01765
834		1.02181
833.5		1.01841
833		1.01903
832.5		1.01925
832		1.01977
831.5		1.02594
831		1.02113
830.5		1.02294
830		1.02297
829.5		1.02438
829		1.01766
828.5		1.02162
828		1.02028
827.5		1.02265
827		1.02093
826.5		1.02323
826		1.02354
825.5		1.02618
825		1.02161
824.5		1.02088
824		1.0214
823.5		1.02423
823		1.02293
822.5		1.02598
822		1.02463
821.5		1.0262
821		1.02873
820.5		1.01951
820		1.02568
819.5		1.02356
819		1.02904
818.5		1.02493
818		1.02814
817.5		1.0286
817		1.02557
816.5		1.02863
816		1.01976
815.5		1.0222
815		1.02602
814.5		1.02702
814		1.02542
813.5		1.02435
813		1.02338
812.5		1.02621
812		1.0274
811.5		1.03069
811		1.02559
810.5		1.02328
810		1.02584
809.5		1.02414
809		1.02541
808.5		1.02351
808		1.02657
807.5		1.02917
807		1.02555
806.5		1.02296
806		1.02722
805.5		1.0245
805		1.02389
804.5		1.01982
804		1.02164
803.5		1.02752
803		1.0238
802.5		1.02694
802		1.02287
801.5		1.02381
801		1.02653
800.5		1.0224
800		1.0294
799.5		1.02614
799		1.02462
798.5		1.02055
798		1.02717
797.5		1.02297
797		1.02258
796.5		1.02405
796		1.02449
795.5		1.02117
795		1.02756
794.5		1.02437
794		1.02562
793.5		1.02385
793		1.02695
792.5		1.0241
792		1.02744
791.5		1.02309
791		1.02101
790.5		1.02289
790		1.02029
789.5		1.02406
789		1.02303
788.5		1.02681
788		1.02114
787.5		1.02376
787		1.02185
786.5		1.02247
786		1.01937
785.5		1.0234
785		1.02175
784.5		1.02436
784		1.02447
783.5		1.0225
783		1.02451
782.5		1.02405
782		1.02521
781.5		1.02307
781		1.02231
780.5		1.02424
780		1.02237
779.5		1.02152
779		1.02199
778.5		1.01958
778		1.02177
777.5		1.0225
777		1.02624
776.5		1.02405
776		1.02214
775.5		1.01966
775		1.0255
774.5		1.01832
774		1.02496
773.5		1.02061
773		1.02103
772.5		1.02586
772		1.02255
771.5		1.02362
771		1.02031
770.5		1.0174
770		1.0215
769.5		1.02152
769		1.02224
768.5		1.01837
768		1.01967
767.5		1.0226
767		1.02391
766.5		1.02296
766		1.02313
765.5		1.0262
765		1.02005
764.5		1.02329
764		1.02072
763.5		1.02277
763		1.01943
762.5		1.02546
762		1.02133
761.5		1.02166
761		1.02362
760.5		1.02351
760		1.02635
759.5		1.01908
759		1.01877
758.5		1.02257
758		1.0197
757.5		1.02605
757		1.02392
756.5		1.02122
756		1.02747
755.5		1.02274
755		1.02244
754.5		1.02349
754		1.01905
753.5		1.02359
753		1.02157
752.5		1.02184
752		1.02249
751.5		1.02097
751		1.02486
750.5		1.02387
750		1.02298
749.5		1.02123
749		1.02185
748.5		1.02212
748		1.0257
747.5		1.0224
747		1.02241
746.5		1.02283
746		1.02429
745.5		1.02178
745		1.02011
744.5		1.02092
744		1.02044
743.5		1.02326
743		1.02298
742.5		1.0219
742		1.02389
741.5		1.0206
741		1.02163
740.5		1.01966
740		1.01913
739.5		1.02363
739		1.0209
738.5		1.02093
738		1.01981
737.5		1.01957
737		1.02268
736.5		1.01866
736		1.02058
735.5		1.01715
735		1.02392
734.5		1.01873
734		1.01927
733.5		1.01895
733		1.01713
732.5		1.01636
732		1.013
731.5		1.01497
731		1.01519
730.5		1.01614
730		1.01505
729.5		1.01465
729		1.01282
728.5		1.00922
728		1.01202
727.5		1.00964
727		1.00932
726.5		1.00805
726		1.00618
725.5		1.00853
725		1.00466
724.5		1.00413
724		1.00007
723.5		0.997298
723		0.995319
722.5		0.9924
722		0.993502
721.5		0.988145
721		0.986534
720.5		0.98203
720		0.984037
719.5		0.977481
719		0.979001
718.5		0.974338
718		0.975054
717.5		0.972864
717		0.971724
716.5		0.976257
716		0.973408
715.5		0.975895
715		0.98277
714.5		0.982101
714		0.987841
713.5		0.990157
713		0.992889
712.5		0.998377
712		0.997638
711.5		1.00331
711		1.0044
710.5		1.00803
710		1.01203
709.5		1.01389
709		1.01555
708.5		1.01815
708		1.01939
707.5		1.01734
707		1.02003
706.5		1.01986
706		1.02271
705.5		1.02295
705		1.0178
704.5		1.02301
704		1.02413
703.5		1.0203
703		1.02189
702.5		1.02383
702		1.0241
701.5		1.02222
701		1.0238
700.5		1.02502
700		1.0206
699.5		1.02453
699		1.02047
698.5		1.0248
698		1.02549
697.5		1.02284
697		1.0251
696.5		1.02657
696		1.0244
695.5		1.02261
695		1.02557
694.5		1.02495
694		1.02347
693.5		1.02394
693		1.02601
692.5		1.02463
692		1.02593
691.5		1.02775
691		1.0263
690.5		1.02578
690		1.0252
689.5		1.02417
689		1.02816
688.5		1.02417
688		1.02811
687.5		1.02583
687		1.02887
686.5		1.02644
686		1.03024
685.5		1.02432
685		1.02733
684.5		1.02729
684		1.02721
683.5		1.02861
683		1.02903
682.5		1.02827
682		1.02729
681.5		1.02768
681		1.02532
680.5		1.02687
680		1.03021
679.5		1.02863
679		1.03032
678.5		1.02979
678		1.02802
677.5		1.03023
677		1.02768
676.5		1.0299
676		1.03055
675.5		1.0314
675		1.03148
674.5		1.03188
674		1.03225
673.5		1.03021
673		1.02879
672.5		1.03207
672		1.03245
671.5		1.0299
671		1.03172
670.5		1.03179
670		1.03235
669.5		1.03216
669		1.03288
668.5		1.03368
668		1.03179
667.5		1.03288
667		1.03194
666.5		1.03354
666		1.03555
665.5		1.03184
665		1.03498
664.5		1.03414
664		1.03078
663.5		1.03518
663		1.03457
662.5		1.03518
662		1.03395
661.5		1.03453
661		1.03593
660.5		1.03559
660		1.03403
659.5		1.03368
659		1.03472
658.5		1.03718
658		1.03804
657.5		1.03659
657		1.03402
656.5		1.03541
656		1.03527
655.5		1.03949
655		1.03709
654.5		1.0367
654		1.0343
653.5		1.03993
653		1.03925
652.5		1.03755
652		1.03808
651.5		1.03929
651		1.03791
650.5		1.03829
650		1.03923
649.5		1.03904
649		1.041
648.5		1.03862
648		1.04145
647.5		1.04335
647		1.04144
646.5		1.04271
646		1.03952
645.5		1.04042
645		1.04129
644.5		1.04362
644		1.04451
643.5		1.03988
643		1.04265
642.5		1.04309
642		1.04621
641.5		1.0435
641		1.04388
640.5		1.04286
640		1.0482
639.5		1.04691
639		1.04288
638.5		1.04724
638		1.04641
637.5		1.04978
637		1.04751
636.5		1.04645
636		1.0501
635.5		1.04804
635		1.05239
634.5		1.05004
634		1.0516
633.5		1.05147
633		1.0545
632.5		1.05366
632		1.0531
631.5		1.05291
631		1.05192
630.5		1.05351
630		1.05248
629.5		1.05107
629		1.048
628.5		1.04915
628		1.04856
627.5		1.04445
627		1.04616
626.5		1.03983
626		1.04107
625.5		1.03703
625		1.03509
624.5		1.03548
624		1.03074
623.5		1.03109
623		1.02956
622.5		1.02429
622		1.02691
621.5		1.02625
621		1.02486
620.5		1.02198
620		1.02141
619.5		1.01971
619		1.02008
618.5		1.02088
618		1.01685
617.5		1.01795
617		1.01845
616.5		1.02195
616		1.02111
615.5		1.01913
615		1.02207
614.5		1.02209
614		1.02167
613.5		1.02173
613		1.02085
612.5		1.022
612		1.02052
611.5		1.02261
611		1.02195
610.5		1.0221
610		1.02325
609.5		1.01915
609		1.02041
608.5		1.02058
608		1.02156
607.5		1.01997
607		1.02052
606.5		1.01874
606		1.01879
605.5		1.01832
605		1.01932
604.5		1.02027
604		1.02092
603.5		1.01884
603		1.01912
602.5		1.01929
602		1.01993
601.5		1.01723
601		1.02104
600.5		1.01741
600		1.01854
599.5		1.01771
599		1.01284
598.5		1.01652
598		1.01506
597.5		1.01837
597		1.01608
596.5		1.01453
596		1.01868
595.5		1.01366
595		1.01464
594.5		1.01568
594		1.01363
593.5		1.0166
593		1.01455
592.5		1.01409
592		1.01491
591.5		1.01204
591		1.01301
590.5		1.01435
590		1.01208
589.5		1.01226
589		1.01335
588.5		1.01208
588		1.01162
587.5		1.01375
587		1.00938
586.5		1.00847
586		1.00883
585.5		1.01073
585		1.00945
584.5		1.00845
584		1.01003
583.5		1.0087
583		1.01012
582.5		1.0102
582		1.00725
581.5		1.00823
581		1.00561
580.5		1.00824
580		1.00726
579.5		1.00772
579		1.00475
578.5		1.00464
578		1.00796
577.5		1.00397
577		1.00669
576.5		1.00343
576		1.0058
575.5		1.00725
575		1.0048
574.5		1.00477
574		1.00422
573.5		1.00388
573		1.00669
572.5		1.00381
572		1.00234
571.5		1.00312
571		1.00029
570.5		1.00379
570		1.00336
569.5		1.00076
569		1.00241
568.5		1.00044
568		0.996623
567.5		1.00175
567		1.00075
566.5		0.998617
566		0.999779
565.5		0.995923
565		0.99826
564.5		0.998232
564		0.999126
563.5		0.998023
563		0.994789
562.5		0.997358
562		0.997218
561.5		0.994137
561		0.996169
560.5		0.993015
560		0.993502
559.5		0.996498
559		0.991463
558.5		0.994087
558		0.991463
557.5		0.990789
557		0.990868
556.5		0.990746
556		0.991759
555.5		0.98952
555		0.9903
554.5		0.988609
554		0.990143
553.5		0.988438
553		0.989958
552.5		0.988047
552		0.986922
551.5		0.990183
551		0.987475
550.5		0.988575
550		0.984266
549.5		0.987021
549		0.984509
548.5		0.986641
548		0.985041
547.5		0.984633
547		0.985917
546.5		0.984179
546		0.987378
545.5		0.986101
545		0.983752
544.5		0.983133
544		0.982397
543.5		0.984124
543		0.982652
542.5		0.980822
542		0.98273
541.5		0.980975
541		0.982109
540.5		0.980366
540		0.977974
539.5		0.982525
539		0.980225
538.5		0.979497
538		0.979823
537.5		0.980371
537		0.981534
536.5		0.978512
536		0.976775
535.5		0.977467
535		0.975352
534.5		0.976327
534		0.978703
533.5		0.975421
533		0.976195
532.5		0.978924
532		0.975614
531.5		0.976728
531		0.976374
530.5		0.975812
530		0.976113
529.5		0.972721
529		0.974726
528.5		0.974793
528		0.973994
527.5		0.974605
527		0.973206
526.5		0.974177
526		0.973685
525.5		0.974577
525		0.974593
524.5		0.973072
524		0.97393
523.5		0.973945
523		0.97476
522.5		0.97281
522		0.972904
521.5		0.973615
521		0.975148
520.5		0.971721
520		0.970258
519.5		0.971688
519		0.970793
518.5		0.975364
518		0.969834
517.5		0.971363
517		0.970282
516.5		0.970713
516		0.974052
515.5		0.970167
515		0.971303
514.5		0.970748
514		0.969388
513.5		0.971216
513		0.971258
512.5		0.970923
512		0.971179
511.5		0.968599
511		0.970625
510.5		0.970274
510		0.969226
509.5		0.970829
509		0.968856
508.5		0.967766
508		0.966394
507.5		0.967047
507		0.969172
506.5		0.964278
506		0.96424
505.5		0.963544
505		0.963316
504.5		0.960601
504		0.958879
503.5		0.957423
503		0.957717
502.5		0.954822
502		0.955318
501.5		0.954206
501		0.951168
500.5		0.951881
500		0.949226
499.5		0.949697
499		0.947734
498.5		0.943707
498		0.947626
497.5		0.945399
497		0.942873
496.5		0.943054
496		0.943563
495.5		0.940654
495		0.938563
494.5		0.937854
494		0.938875
493.5		0.93866
493		0.938868
492.5		0.937885
492		0.935398
491.5		0.93648
491		0.932979
490.5		0.936969
490		0.936262
489.5		0.934265
489		0.934249
488.5		0.934612
488		0.934483
487.5		0.934612
487		0.93258
486.5		0.932766
486		0.932193
485.5		0.931736
485		0.930854
484.5		0.935235
484		0.930176
483.5		0.930034
483		0.928469
482.5		0.92989
482		0.929541
481.5		0.927336
481		0.927964
480.5		0.924784
480		0.929094
479.5		0.928468
479		0.923542
478.5		0.926213
478		0.921331
477.5		0.923872
477		0.924968
476.5		0.921699
476		0.920477
475.5		0.922324
475		0.920899
474.5		0.920404
474		0.917432
473.5		0.916232
473		0.917978
472.5		0.91672
472		0.915329
471.5		0.916296
471		0.913023
470.5		0.912371
470		0.910682
469.5		0.912697
469		0.910912
468.5		0.909273
468		0.907886
467.5		0.904366
467		0.905979
466.5		0.903929
466		0.90255
465.5		0.901656
465		0.902067
464.5		0.903043
464		0.899061
463.5		0.896465
463		0.895533
462.5		0.895894
462		0.893111
461.5		0.893637
461		0.890634
460.5		0.890607
460		0.88902
459.5		0.887411
459		0.885211
458.5		0.885793
458		0.884748
457.5		0.883464
457		0.881602
456.5		0.883812
456		0.882182
455.5		0.882646
455		0.883024
454.5		0.881283
454		0.882122
453.5		0.880989
453		0.881887
452.5		0.883879
452		0.885706
451.5		0.887036
451		0.885105
450.5		0.888416
450		0.885316
449.5		0.886541
449		0.887934
448.5		0.891866
448		0.891166
447.5		0.890421
447		0.89396
446.5		0.895455
446		0.896633
445.5		0.895469
445		0.898033
444.5		0.897417
444		0.89705
443.5		0.901423
443		0.899672
442.5		0.901001
442		0.90133
441.5		0.901648
441		0.900709
440.5		0.902175
440		0.904879
439.5		0.903922
439		0.904913
438.5		0.902212
438		0.90222
437.5		0.901209
437		0.907465
436.5		0.907201
436		0.903549
435.5		0.906505
435		0.904788
434.5		0.908213
434		0.90489
433.5		0.906106
433		0.907757
432.5		0.90754
432		0.905382
431.5		0.904115
431		0.90317
430.5		0.907005
430		0.905123
429.5		0.90873
429		0.903821
428.5		0.904966
428		0.905526
427.5		0.904809
427		0.904525
426.5		0.90294
426		0.904127
425.5		0.903029
425		0.903363
424.5		0.902947
424		0.900849
423.5		0.903811
423		0.90337
422.5		0.902911
422		0.896676
421.5		0.902838
421		0.902266
420.5		0.902494
420		0.900468
419.5		0.899436
419		0.896594
418.5		0.900185
418		0.897073
417.5		0.895394
417		0.895602
416.5		0.895637
416		0.896961
415.5		0.895432
415		0.895145
414.5		0.895141
414		0.894628
413.5		0.896961
413		0.892775
412.5		0.895706
412		0.894451
411.5		0.895519
411		0.889429
410.5		0.892157
410		0.893222
409.5		0.890751
409		0.891123
408.5		0.887508
408		0.892987
407.5		0.889858
407		0.887573
406.5		0.891758
406		0.892081
405.5		0.887121
405		0.891094
404.5		0.888917
404		0.885845
403.5		0.886509
403		0.886097
402.5		0.890651
402		0.889522
401.5		0.887277
401		0.887689
400.5		0.882343
400		0.888267
399.5		0.887134
399		0.884309
398.5		0.885331
398		0.88369
397.5		0.884284
397		0.8859
396.5		0.88633
396		0.882751
395.5		0.881829
395		0.887193
394.5		0.882462
394		0.880014
393.5		0.885941
393		0.882796
392.5		0.878887
392		0.877425
391.5		0.878523
391		0.88226
390.5		0.881977
390		0.877207
389.5		0.874696
389		0.874621
388.5		0.876855
388		0.877143
387.5		0.870309
387		0.873166
386.5		0.873129
386		0.873975
385.5		0.870975
385		0.867334
384.5		0.868468
384		0.869308
383.5		0.872933
383		0.864797
382.5		0.861555
382		0.866346
381.5		0.865394
381		0.862717
380.5		0.853231
380		0.865824
379.5		0.85739
379		0.861765
378.5		0.860636
378		0.860279
377.5		0.859513
377		0.859068
376.5		0.850242
376		0.854947
375.5		0.857755
375		0.852908
374.5		0.862481
374		0.855005
373.5		0.857908
373		0.856748
372.5		0.857853
372		0.862864
371.5		0.850817
371		0.853992
370.5		0.856862
370		0.859243
369.5		0.855351
369		0.85414
368.5		0.847182
368		0.850062
367.5		0.846469
367		0.843408
366.5		0.849735
366		0.850437
365.5		0.845627
365		0.849264
364.5		0.845199
364		0.84925
363.5		0.852522
363		0.844974
362.5		0.841404
362		0.839788
361.5		0.845757
361		0.845678
360.5		0.846626
360		0.836803
359.5		0.839317
359		0.846573
358.5		0.833666
358		0.842037
357.5		0.832641
357		0.841533
356.5		0.838911
356		0.839139
355.5		0.834632
355		0.834031
354.5		0.83299
354		0.830033
353.5		0.829698
353		0.835496
352.5		0.834355
352		0.828197
351.5		0.832299
351		0.834019
350.5		0.829256
350		0.832859
349.5		0.82807
349		0.839136
348.5		0.824438
348		0.821244
347.5		0.8236
347		0.830631
346.5		0.820115
346		0.82055
345.5		0.819693
345		0.827776
344.5		0.833387
344		0.818969
343.5		0.81552
343		0.832561
342.5		0.822763
342		0.81986
341.5		0.821972
341		0.817393
340.5		0.81645
340		0.802579
339.5		0.808907
339		0.793378
338.5		0.814611
338		0.806384
337.5		0.805928
337		0.804632
336.5		0.803206
336		0.806406
335.5		0.800968
335		0.796638
334.5		0.797773
334		0.793177
333.5		0.804233
333		0.792337
332.5		0.794617
332		0.792186
331.5		0.795629
331		0.789874
330.5		0.794221
330		0.804126
329.5		0.781755
329		0.795581
328.5		0.785341
328		0.780417
327.5		0.789529
327		0.783596
326.5		0.785107
326		0.787215
325.5		0.792753
325		0.788555
324.5		0.788828
324		0.790014
323.5		0.790523
323		0.782935
322.5		0.778126
322		0.785617
321.5		0.770175
321		0.773051
320.5		0.776815
320		0.793377
319.5		0.776138
319		0.771153
318.5		0.793822
318		0.773959
317.5		0.772226
317		0.773576
316.5		0.762998
316		0.784051
315.5		0.765456
315		0.770136
314.5		0.772015
314		0.754014
313.5		0.773918
313		0.779931
312.5		0.764977
312		0.776944
311.5		0.77253
311		0.78307
310.5		0.790592
310		0.752279
309.5		0.773948
309		0.793893
308.5		0.769359
308		0.75879
307.5		0.759227
307		0.758918
306.5		0.772132
306		0.773525
305.5		0.814145
305		0.814847
304.5		0.774282
304		0.819184
303.5		0.870342
303		0.715404
302.5		0.745438
302		0.733338
301.5		0.768083
301		0.75287
300.5		0.689418
300		0.688585
299.5		0.791017
299		0.689509
298.5		0.815964
298		1.16536
297.5		0.788093
297		0.681287
296.5		1.08928
296		1.02112
295.5		0.955462
295		-0.765293
294.5		0.277236
294		51.2373
293.5		0.154728
293		-1.6585
292.5		0.0321951
292		-0.0249492
291.5		0.348001
291		1.19622
290.5		-0.119287
290		0.738397
289.5		1.47701
289		-0.0527187
288.5		0.689407
288		-0.264192
287.5		-3.18502
287		1.01306
286.5		0.649817
286		25.4117
285.5		-1.31367
285		-24.0385
284.5		0.0466416
284		-0.268234
283.5		0.325882
283		0.248878
282.5		-0.182097
282		-0.0341413
281.5		0.0621278
281		0.205712
280.5		0.13224
280		0.128519
279.5		0.704685
279		2.22699
278.5		1.51978
278		0.261017
277.5		1.55956
277		3.36294
276.5		0.0294079
276		0.226605
275.5		0.2396
275		0.0704345
274.5		-0.478944
274		0.508328
273.5		0.593206
273		-0.0128415
272.5		0.917164
272		1.18548
271.5		217.363
271		0.00722964
270.5		-0.016006
270		0.194518
269.5		1.28364
269		-0.49664
268.5		0.509406
268		0.114344
267.5		0.194463
267		0.465879
266.5		1.41073
266		0.892881
265.5		-0.38196
265		0.644959
264.5		-0.341491
264		1.0638
263.5		-0.221169
263		-1.23966
262.5		-0.0236223
262		0.155779
261.5		-0.0130236
261		2.12911
260.5		0.0594031
260		1.95751
259.5		0.123345
259		-19.8717
258.5		1.1313
258		0.257871
257.5		0.0201311
257		0.359539
256.5		-0.254528
256		-0.162761
255.5		-10.478
255		0.719904
254.5		0.190148
254		0.533083
253.5		1.4507
253		0.472657
252.5		-0.1454
252		-0.346176
251.5		-0.444512
251		0.313278
250.5		0.0413299
250		0.637367
249.5		0.63317
249		-2.371
248.5		0.800445
248		-0.199066
247.5		-3.61638
247		0.915288
246.5		-1.52243
246		-0.101046
245.5		-0.471495
245		-0.115044
244.5		0.351049
244		-0.00145098
243.5		0.0143642
243		-8.77368
242.5		-0.501021
242		1.03041
241.5		0.0137083
241		-4.16834
240.5		0.0276991
240		1.53753
239.5		-4.93936
239		0.349127
238.5		-1.23271
238		0.369554
237.5		0.249631
237		0.199088
236.5		0.604592
236		0.918687
235.5		-5.44571
235		1.6206
234.5		-1.31166
234		0.00821518
233.5		-0.406507
233		-0.181053
232.5		0.190778
232		2.64065
231.5		0.0399997
231		0.478087
230.5		2.44301
230		0.0888258
229.5		3.36484
229		0.145322
228.5		-0.37126
228		2.27871
227.5		0.028853
227		-2.13666
226.5		4.18393
226		0.074619
225.5		0.638591
225		-0.575266
224.5		-2.40192
224		-0.143399
223.5		-0.0644053
223		-0.119605
222.5		-0.648352
222		-0.193351
221.5		-0.000925587
221		2.44423
220.5		0.0647439
220		0.660448
219.5		-0.174347
219		-4.28312
218.5		0.158504
218		0.00727459
217.5		-0.0239499
217		0.0726642
216.5		6.09769
216		-0.119346
215.5		0.211873
215		0.28557
214.5		0.0569895
214		-2.4794
213.5		-0.017507
213		7.09083
212.5		2.18057
212		-0.401283
211.5		0.84853
211		0.17201
210.5		2.50232
210		-4.15159
209.5		-13.2251
209		0.106746
208.5		1.08222
208		-0.0285192
207.5		0.145092
207		0.194455
206.5		-1.27746
206		2.52336
205.5		0.323233
205		0.428634
204.5		-0.298981
204		-2.94533
203.5		1.80377
203		-6.9997
202.5		0.189522
202		105.389
201.5		0.11036
201		0.207995
200.5		-0.0379885
200		-0.0067916
