lambda		value

Calibration:
lambda:	800
Abs:	0

Data:
#
900		0.0714214
899.5		0.0677749
899		0.0667003
898.5		0.0714357
898		0.0792128
897.5		0.0671465
897		0.0801275
896.5		0.0753327
896		0.0726112
895.5		0.0709234
895		0.0795814
894.5		0.0791721
894		0.0716042
893.5		0.0722508
893		0.069911
892.5		0.06878
892		0.0695582
891.5		0.0666135
891		0.0749772
890.5		0.0679884
890		0.0736697
889.5		0.0728643
889		0.0740666
888.5		0.0757966
888		0.0731928
887.5		0.0771785
887		0.0726698
886.5		0.0764408
886		0.0723899
885.5		0.0734373
885		0.0677616
884.5		0.0796353
884		0.0748537
883.5		0.0715356
883		0.0778646
882.5		0.0741414
882		0.0754472
881.5		0.0696271
881		0.0725244
880.5		0.0761099
880		0.0804831
879.5		0.0756976
879		0.0744422
878.5		0.0739663
878		0.0714716
877.5		0.0726419
877		0.0747987
876.5		0.0720403
876		0.0757912
875.5		0.0768372
875		0.0770558
874.5		0.0744304
874		0.0761866
873.5		0.0744724
873		0.0730008
872.5		0.0754774
872		0.0758662
871.5		0.0738289
871		0.0784096
870.5		0.0736361
870		0.0712499
869.5		0.0742441
869		0.0742074
868.5		0.0750125
868		0.0741517
867.5		0.0758697
867		0.0778144
866.5		0.0738403
866		0.0736056
865.5		0.0741629
865		0.0760793
864.5		0.0735425
864		0.074015
863.5		0.0743034
863		0.0750796
862.5		0.0764083
862		0.0729074
861.5		0.0762256
861		0.0749749
860.5		0.0759202
860		0.0758628
859.5		0.0762104
859		0.0741843
858.5		0.0756929
858		0.0750298
857.5		0.0747729
857		0.0746773
856.5		0.0752081
856		0.0747275
855.5		0.0753391
855		0.0756269
854.5		0.0756136
854		0.0766333
853.5		0.0742982
853		0.0759544
852.5		0.0756799
852		0.0755481
851.5		0.0761668
851		0.0759506
850.5		0.0755912
850		0.075255
849.5		0.0747433
849		0.0760945
848.5		0.0754996
848		0.076308
847.5		0.0762394
847		0.0766953
846.5		0.0764984
846		0.0762544
845.5		0.0765044
845		0.0764898
844.5		0.0756319
844		0.0767559
843.5		0.0766129
843		0.0758444
842.5		0.0768242
842		0.0759369
841.5		0.0771058
841		0.0757306
840.5		0.0767481
840		0.0767635
839.5		0.076794
839		0.0757966
838.5		0.0768623
838		0.0770526
837.5		0.0766719
837		0.0776391
836.5		0.0767933
836		0.0765806
835.5		0.0771287
835		0.0769994
834.5		0.0772592
834		0.0774424
833.5		0.0771902
833		0.076946
832.5		0.0769384
832		0.077275
831.5		0.0775348
831		0.0769843
830.5		0.0772451
830		0.0775965
829.5		0.0775055
829		0.0771829
828.5		0.077429
828		0.077084
827.5		0.0774599
827		0.0772374
826.5		0.0769844
826		0.0774297
825.5		0.0770304
825		0.0773453
824.5		0.0775449
824		0.0768847
823.5		0.0777456
823		0.0774528
822.5		0.0772541
822		0.0774065
821.5		0.0771996
821		0.0774915
820.5		0.0767544
820		0.0774683
819.5		0.0773923
819		0.0774232
818.5		0.077069
818		0.0770616
817.5		0.0770002
817		0.0773768
816.5		0.0768309
816		0.0770382
815.5		0.0768771
815		0.0770925
814.5		0.0768923
814		0.0773232
813.5		0.0771463
813		0.0771
812.5		0.0769461
812		0.0766847
811.5		0.0771617
811		0.076577
810.5		0.0766544
810		0.0769769
809.5		0.0768003
809		0.0764459
808.5		0.0771309
808		0.0766153
807.5		0.0770616
807		0.0767923
806.5		0.0769693
806		0.076977
805.5		0.0765464
805		0.0767922
804.5		0.0768616
804		0.0765311
803.5		0.0766613
803		0.0765082
802.5		0.0764
802		0.0762399
801.5		0.0762619
801		0.0763451
800.5		0.0762636
800		0.0761
799.5		0.0764
799		0.0758407
798.5		0.0761467
798		0.0762466
797.5		0.0761294
797		0.076239
796.5		0.0759089
796		0.0760479
795.5		0.0760859
795		0.0758848
794.5		0.076062
794		0.0758937
793.5		0.0755338
793		0.0758
792.5		0.0757545
792		0.0758835
791.5		0.075611
791		0.0753384
790.5		0.0755942
790		0.0752292
789.5		0.0756622
789		0.0751647
788.5		0.0754849
788		0.075242
787.5		0.0751572
787		0.0751474
786.5		0.0755112
786		0.074878
785.5		0.0753322
785		0.0747561
784.5		0.0752495
784		0.0752345
783.5		0.075182
783		0.0749775
782.5		0.0751347
782		0.0750448
781.5		0.074758
781		0.0747831
780.5		0.0746909
780		0.0744691
779.5		0.074743
779		0.0748354
778.5		0.0745243
778		0.0743884
777.5		0.0744797
777		0.0743324
776.5		0.0743769
776		0.0742806
775.5		0.0741367
775		0.0743108
774.5		0.0740078
774		0.0741185
773.5		0.0738784
773		0.0739819
772.5		0.074015
772		0.0740004
771.5		0.0739521
771		0.073484
770.5		0.073547
770		0.0735719
769.5		0.0735353
769		0.0736202
768.5		0.073263
768		0.073547
767.5		0.0734137
767		0.0731974
766.5		0.0732218
766		0.0732024
765.5		0.0731294
765		0.0729601
764.5		0.0729811
764		0.0728793
763.5		0.0730102
763		0.0728701
762.5		0.0726168
762		0.0725734
761.5		0.0726063
761		0.0726947
760.5		0.0724883
760		0.0725461
759.5		0.0721465
759		0.0723658
758.5		0.0721321
758		0.0720533
757.5		0.0719968
757		0.0718902
756.5		0.0718474
756		0.0719618
755.5		0.0718194
755		0.0716985
754.5		0.0715352
754		0.0714073
753.5		0.0719052
753		0.0715708
752.5		0.0714073
752		0.0714783
751.5		0.0712516
751		0.0713647
750.5		0.0711235
750		0.0712228
749.5		0.0710024
749		0.0708903
748.5		0.0707332
748		0.0708466
747.5		0.070677
747		0.0705192
746.5		0.0703946
746		0.070953
745.5		0.0704645
745		0.0701528
744.5		0.0704086
744		0.0699218
743.5		0.0702033
743		0.0702242
742.5		0.0701111
742		0.0699772
741.5		0.0700069
741		0.0699079
740.5		0.0700416
740		0.0698733
739.5		0.0698136
739		0.0696271
738.5		0.0697536
738		0.0693785
737.5		0.0696203
737		0.0694733
736.5		0.0692688
736		0.0691905
735.5		0.0692277
735		0.0690643
734.5		0.0688466
734		0.0691594
733.5		0.0688431
733		0.0691321
732.5		0.0688909
732		0.0687555
731.5		0.0684878
731		0.0685322
730.5		0.0686197
730		0.0685361
729.5		0.068614
729		0.0681796
728.5		0.0685854
728		0.0683151
727.5		0.0682438
727		0.0681419
726.5		0.0685052
726		0.067915
725.5		0.068323
725		0.0683182
724.5		0.0677606
724		0.0678864
723.5		0.0678276
723		0.0679528
722.5		0.0680077
722		0.06769
721.5		0.067637
721		0.0675189
720.5		0.0675612
720		0.0674476
719.5		0.0675371
719		0.0673756
718.5		0.0669852
718		0.0668354
717.5		0.066948
717		0.0667791
716.5		0.0665417
716		0.0667355
715.5		0.066604
715		0.0665594
714.5		0.0664767
714		0.0664509
713.5		0.066017
713		0.0661751
712.5		0.0660323
712		0.0658885
711.5		0.0658798
711		0.0657231
710.5		0.0655977
710		0.0658075
709.5		0.0654361
709		0.0656219
708.5		0.0655738
708		0.0653903
707.5		0.065577
707		0.0656287
706.5		0.0654252
706		0.0651466
705.5		0.0652281
705		0.0654445
704.5		0.0653009
704		0.0653911
703.5		0.065196
703		0.0651039
702.5		0.0649773
702		0.0651938
701.5		0.0649325
701		0.0650823
700.5		0.0649171
700		0.0648941
699.5		0.0647709
699		0.0647957
698.5		0.0645766
698		0.0647518
697.5		0.0645034
697		0.0647134
696.5		0.0644938
696		0.0642808
695.5		0.0641506
695		0.0642111
694.5		0.0645798
694		0.0642075
693.5		0.0641279
693		0.0641405
692.5		0.0638738
692		0.0641051
691.5		0.0640063
691		0.0640039
690.5		0.0639328
690		0.0638697
689.5		0.0637037
689		0.0641558
688.5		0.0636911
688		0.0638235
687.5		0.0635673
687		0.0636974
686.5		0.0636911
686		0.0636678
685.5		0.0635062
685		0.0637037
684.5		0.0635987
684		0.0634325
683.5		0.063569
683		0.0633337
682.5		0.0634387
682		0.0633636
681.5		0.0634387
681		0.0630551
680.5		0.0631548
680		0.0632349
679.5		0.0630924
679		0.0634716
678.5		0.0633775
678		0.0631985
677.5		0.0632911
677		0.0632661
676.5		0.0632987
676		0.0631496
675.5		0.0633224
675		0.0634716
674.5		0.0629945
674		0.0632611
673.5		0.0630506
673		0.0631246
672.5		0.062908
672		0.0629205
671.5		0.0630319
671		0.0631371
670.5		0.0629454
670		0.0630943
669.5		0.0629018
669		0.0627661
668.5		0.0628713
668		0.0630809
667.5		0.062908
667		0.0630568
666.5		0.0628029
666		0.0628719
665.5		0.062908
665		0.06289
664.5		0.0631631
664		0.0628769
663.5		0.0630202
663		0.0630015
662.5		0.0630568
662		0.0629952
661.5		0.0629828
661		0.0627785
660.5		0.0631871
660		0.063014
659.5		0.0631443
659		0.063113
658.5		0.0631569
658		0.0633866
657.5		0.0629211
657		0.0632497
656.5		0.0632247
656		0.0631506
655.5		0.0633628
655		0.0630515
654.5		0.0632309
654		0.0633991
653.5		0.0632874
653		0.0634684
652.5		0.0631819
652		0.0633991
651.5		0.0635063
651		0.0634103
650.5		0.0634243
650		0.0635362
649.5		0.0635063
649		0.0635993
648.5		0.0635614
648		0.0638425
647.5		0.0636183
647		0.0638383
646.5		0.063743
646		0.0636183
645.5		0.0637114
645		0.0637133
644.5		0.0638997
644		0.0640949
643.5		0.0640502
643		0.0638955
642.5		0.0641717
642		0.0640399
641.5		0.064091
641		0.0641524
640.5		0.0641397
640		0.0644387
639.5		0.0644064
639		0.0643936
638.5		0.0644903
638		0.0645032
637.5		0.064746
637		0.0648334
636.5		0.0646457
636		0.0648437
635.5		0.0649116
635		0.0649351
634.5		0.0650488
634		0.0650816
633.5		0.0651735
633		0.065314
632.5		0.0653469
632		0.0654064
631.5		0.0655158
631		0.0655556
630.5		0.0658785
630		0.0657855
629.5		0.0657789
629		0.0660425
628.5		0.0662038
628		0.0662784
627.5		0.0662862
627		0.0664196
626.5		0.0665536
626		0.0667397
625.5		0.0668853
625		0.0666865
624.5		0.06697
624		0.0671399
623.5		0.0671392
623		0.0675184
622.5		0.0671759
622		0.0674708
621.5		0.0677104
621		0.0677404
620.5		0.0679271
620		0.0680027
619.5		0.0679432
619		0.068131
618.5		0.0682259
618		0.0682634
617.5		0.06827
617		0.0684798
616.5		0.0686704
616		0.0688716
615.5		0.0688381
615		0.0691334
614.5		0.068999
614		0.0691401
613.5		0.0693715
613		0.0696067
612.5		0.0698286
612		0.0699552
611.5		0.0703292
611		0.0702335
610.5		0.0704472
610		0.0703239
609.5		0.0705539
609		0.0708033
608.5		0.0708937
608		0.0709979
607.5		0.0711993
607		0.0717275
606.5		0.0717201
606		0.0719221
605.5		0.0720327
605		0.0721509
604.5		0.0721439
604		0.0726583
603.5		0.07263
603		0.0729339
602.5		0.073275
602		0.0734694
601.5		0.0733981
601		0.0738614
600.5		0.0735565
600		0.0740921
599.5		0.0744123
599		0.0741817
598.5		0.0748326
598		0.0748425
597.5		0.0751967
597		0.0753012
596.5		0.0754461
596		0.075609
595.5		0.0759469
595		0.0760512
594.5		0.0764084
594		0.0765356
593.5		0.0769305
593		0.0770423
592.5		0.0775937
592		0.0775269
591.5		0.0778165
591		0.0779057
590.5		0.0783611
590		0.0783972
589.5		0.0785092
589		0.078955
588.5		0.0790288
588		0.0794926
587.5		0.0797249
587		0.0798917
586.5		0.0798068
586		0.0804598
585.5		0.0806967
585		0.0806794
584.5		0.0808618
584		0.0813684
583.5		0.0815401
583		0.082148
582.5		0.0823188
582		0.0823836
581.5		0.082762
581		0.0829475
580.5		0.0834621
580		0.0837676
579.5		0.0837919
579		0.084049
578.5		0.084313
578		0.0848701
577.5		0.0849402
577		0.0852706
576.5		0.0857281
576		0.0861055
575.5		0.0862969
575		0.0864912
574.5		0.0869565
574		0.0869146
573.5		0.0874627
573		0.0881019
572.5		0.0882183
572		0.0883089
571.5		0.0886856
571		0.0890794
570.5		0.0895436
570		0.0897967
569.5		0.0902878
569		0.0905069
568.5		0.0905682
568		0.0910226
567.5		0.0917581
567		0.0918623
566.5		0.0921938
566		0.0924556
565.5		0.0928201
565		0.0934103
564.5		0.093732
564		0.0940623
563.5		0.0944103
563		0.0946127
562.5		0.0952885
562		0.0956129
561.5		0.0958681
561		0.096455
560.5		0.0967402
560		0.0971088
559.5		0.0977089
559		0.0980035
558.5		0.098463
558		0.0986931
557.5		0.0990792
557		0.0994433
556.5		0.100086
556		0.100403
555.5		0.100844
555		0.101188
554.5		0.101996
554		0.102186
553.5		0.102665
553		0.103078
552.5		0.10362
552		0.103851
551.5		0.104562
551		0.104925
550.5		0.105414
550		0.105474
549.5		0.106489
549		0.106627
548.5		0.107345
548		0.107604
547.5		0.107927
547		0.108856
546.5		0.109145
546		0.10975
545.5		0.110345
545		0.1104
544.5		0.110994
544		0.111631
543.5		0.112151
543		0.11296
542.5		0.113179
542		0.113745
541.5		0.113847
541		0.114515
540.5		0.115172
540		0.11544
539.5		0.116197
539		0.116783
538.5		0.117131
538		0.117557
537.5		0.117983
537		0.118984
536.5		0.119386
536		0.119969
535.5		0.120263
535		0.1208
534.5		0.121203
534		0.122188
533.5		0.12236
533		0.123297
532.5		0.123987
532		0.124536
531.5		0.12506
531		0.125583
530.5		0.12631
530		0.126606
529.5		0.127354
529		0.128073
528.5		0.128449
528		0.12902
527.5		0.129917
527		0.130778
526.5		0.131391
526		0.131855
525.5		0.132623
525		0.133124
524.5		0.133587
524		0.134291
523.5		0.134839
523		0.135663
522.5		0.135992
522		0.136714
521.5		0.137442
521		0.138447
520.5		0.138685
520		0.139486
519.5		0.1398
519		0.140423
518.5		0.141605
518		0.141797
517.5		0.142422
517		0.143075
516.5		0.143632
516		0.144655
515.5		0.14498
515		0.145389
514.5		0.146169
514		0.146639
513.5		0.147547
513		0.147855
512.5		0.148869
512		0.149312
511.5		0.149581
511		0.150554
510.5		0.150925
510		0.151492
509.5		0.152062
509		0.152395
508.5		0.153215
508		0.153385
507.5		0.154066
507		0.154388
506.5		0.155081
506		0.155583
505.5		0.156072
505		0.15636
504.5		0.156924
504		0.157587
503.5		0.157602
503		0.158217
502.5		0.158617
502		0.158986
501.5		0.15927
501		0.159637
500.5		0.160097
500		0.160119
499.5		0.160604
499		0.161017
498.5		0.161048
498		0.16177
497.5		0.161515
497		0.162107
496.5		0.161511
496		0.162332
495.5		0.16252
495		0.16216
494.5		0.162703
494		0.162474
493.5		0.162493
493		0.162553
492.5		0.16256
492		0.162759
491.5		0.162552
491		0.162113
490.5		0.162658
490		0.162686
489.5		0.162311
489		0.16187
488.5		0.161949
488		0.161219
487.5		0.161832
487		0.161039
486.5		0.160732
486		0.1607
485.5		0.160289
485		0.16041
484.5		0.160004
484		0.159569
483.5		0.159157
483		0.159354
482.5		0.15885
482		0.158509
481.5		0.158077
481		0.157191
480.5		0.156579
480		0.156477
479.5		0.156071
479		0.155626
478.5		0.155291
478		0.154919
477.5		0.154542
477		0.154452
476.5		0.153429
476		0.153178
475.5		0.152529
475		0.151906
474.5		0.151952
474		0.151134
473.5		0.151093
473		0.150238
472.5		0.149457
472		0.148995
471.5		0.148812
471		0.148267
470.5		0.147629
470		0.147174
469.5		0.14677
469		0.14642
468.5		0.145765
468		0.145548
467.5		0.144958
467		0.143894
466.5		0.143564
466		0.143198
465.5		0.142819
465		0.142392
464.5		0.141839
464		0.141215
463.5		0.141227
463		0.140308
462.5		0.139685
462		0.139255
461.5		0.138865
461		0.138436
460.5		0.137976
460		0.137505
459.5		0.137078
459		0.136454
458.5		0.135837
458		0.135215
457.5		0.134439
457		0.134144
456.5		0.134221
456		0.133069
455.5		0.13248
455		0.132417
454.5		0.131661
454		0.131285
453.5		0.130623
453		0.129912
452.5		0.12945
452		0.128954
451.5		0.128934
451		0.12804
450.5		0.127433
450		0.126865
449.5		0.126629
449		0.125972
448.5		0.126174
448		0.124956
447.5		0.125022
447		0.124747
446.5		0.123867
446		0.123666
445.5		0.122883
445		0.122672
444.5		0.1224
444		0.12205
443.5		0.121408
443		0.121277
442.5		0.120801
442		0.12043
441.5		0.120113
441		0.119358
440.5		0.119371
440		0.119253
439.5		0.118793
439		0.118243
438.5		0.117401
438		0.11737
437.5		0.116784
437		0.116631
436.5		0.116449
436		0.116134
435.5		0.115484
435		0.114844
434.5		0.11534
434		0.114403
433.5		0.113766
433		0.113851
432.5		0.113665
432		0.113037
431.5		0.112504
431		0.112473
430.5		0.11236
430		0.112128
429.5		0.111704
429		0.11124
428.5		0.11048
428		0.110686
427.5		0.110361
427		0.109908
426.5		0.109536
426		0.109093
425.5		0.109093
425		0.108465
424.5		0.108582
424		0.107996
423.5		0.107867
423		0.107541
422.5		0.107481
422		0.106475
421.5		0.10659
421		0.10621
420.5		0.106006
420		0.105616
419.5		0.105175
419		0.104878
418.5		0.10518
418		0.104592
417.5		0.103879
417		0.103436
416.5		0.103479
416		0.1037
415.5		0.102641
415		0.102517
414.5		0.102059
414		0.101894
413.5		0.101376
413		0.101007
412.5		0.101026
412		0.100551
411.5		0.100543
411		0.100175
410.5		0.0995112
410		0.0999825
409.5		0.0990842
409		0.099198
408.5		0.0986934
408		0.0986211
407.5		0.0982533
407		0.0975461
406.5		0.0972888
406		0.097376
405.5		0.0967153
405		0.0970442
404.5		0.096373
404		0.0960501
403.5		0.0956189
403		0.0958666
402.5		0.095631
402		0.0948575
401.5		0.0951512
401		0.0945606
400.5		0.0940127
400		0.0941084
399.5		0.0938804
399		0.093368
398.5		0.093323
398		0.0930736
397.5		0.0929165
397		0.0929326
396.5		0.0925156
396		0.0918853
395.5		0.0916883
395		0.0917653
394.5		0.0912083
394		0.0908934
393.5		0.0912162
393		0.090337
392.5		0.0902676
392		0.0904228
391.5		0.0901809
391		0.0899147
390.5		0.0894791
390		0.0891845
389.5		0.0885403
389		0.0888813
388.5		0.0881849
388		0.08818
387.5		0.0879918
387		0.0880772
386.5		0.087661
386		0.0875968
385.5		0.0878148
385		0.0870414
384.5		0.0868094
384		0.0868459
383.5		0.0864375
383		0.0862215
382.5		0.0858947
382		0.0861515
381.5		0.0857432
381		0.0859789
380.5		0.0853976
380		0.0854276
379.5		0.0849017
379		0.0851189
378.5		0.0845638
378		0.0842264
377.5		0.0843031
377		0.083919
376.5		0.0840911
376		0.0838764
375.5		0.0835213
375		0.0837989
374.5		0.0830895
374		0.0831388
373.5		0.0837307
373		0.0829723
372.5		0.0834444
372		0.0833611
371.5		0.0824759
371		0.082793
370.5		0.0817767
370		0.0822601
369.5		0.0819604
369		0.0816141
368.5		0.0810565
368		0.0817579
367.5		0.0811212
367		0.0807038
366.5		0.0807212
366		0.0809182
365.5		0.0810699
365		0.0801778
364.5		0.0805707
364		0.0803726
363.5		0.0801087
363		0.0794304
362.5		0.0801743
362		0.0793599
361.5		0.0788569
361		0.0791933
360.5		0.0790812
360		0.0788569
359.5		0.0786627
359		0.0786627
358.5		0.0776541
358		0.0779125
357.5		0.0788358
357		0.078153
356.5		0.0781607
356		0.0786151
355.5		0.0778619
355		0.0778131
354.5		0.0772536
354		0.077154
353.5		0.0764606
353		0.0764305
352.5		0.0770729
352		0.0761597
351.5		0.0763117
351		0.0759381
350.5		0.0759095
350		0.0754793
349.5		0.0756011
349		0.0743995
348.5		0.0754277
348		0.0746735
347.5		0.0749296
347		0.0751492
346.5		0.0741514
346		0.0732859
345.5		0.0736406
345		0.0726807
344.5		0.0728891
344		0.0721138
343.5		0.071497
343		0.0721938
342.5		0.0716163
342		0.0716337
341.5		0.0718683
341		0.0706116
340.5		0.0711509
340		0.0696588
339.5		0.06852
339		0.0683741
338.5		0.0688786
338		0.0691586
337.5		0.066379
337		0.0666929
336.5		0.0664273
336		0.0666091
335.5		0.065698
335		0.065104
334.5		0.0649634
334		0.0645387
333.5		0.0648514
333		0.0647745
332.5		0.0651228
332		0.0635547
331.5		0.0633901
331		0.0636646
330.5		0.0619026
330		0.0629647
329.5		0.0621586
329		0.0619271
328.5		0.0614559
328		0.060023
327.5		0.060911
327		0.0601976
326.5		0.059512
326		0.0603699
325.5		0.059044
325		0.0593938
324.5		0.058341
324		0.0581591
323.5		0.0589984
323		0.0578322
322.5		0.0572519
322		0.0562962
321.5		0.0566893
321		0.0553237
320.5		0.0557748
320		0.0541132
319.5		0.0541437
319		0.0539663
318.5		0.0538008
318		0.0534541
317.5		0.0537075
317		0.0507815
316.5		0.0535621
316		0.0526198
315.5		0.0523082
315		0.0519219
314.5		0.0516201
314		0.0505201
313.5		0.0489526
313		0.0500112
312.5		0.0514613
312		0.0487193
311.5		0.0489381
311		0.0463914
310.5		0.0477669
310		0.0481168
309.5		0.0468396
309		0.0473172
308.5		0.0458122
308		0.0449298
307.5		0.0428905
307		0.0468427
306.5		0.0438971
306		0.0447936
305.5		0.0432661
305		0.043195
304.5		0.0435545
304		0.0395266
303.5		0.0466549
303		0.0396221
302.5		0.0400675
302		0.0374401
301.5		0.0363159
301		0.0394032
300.5		0.0447457
300		0.0385038
299.5		0.0410092
299		0.0531799
298.5		0.0649153
298		0.0402738
297.5		0.0551899
297		0.0412126
296.5		0.0630767
296		0.0234759
295.5		0.003976
295		0.0360993
294.5		0.144026
294		0.0221889
293.5		-0.0460215
293		0.0927887
292.5		-0.171089
292		-0.389456
291.5		0.398429
291		0.0186384
290.5		-0.636331
290		3.39269
289.5		-0.027441
289		-0.424552
288.5		-0.808906
288		0.438036
287.5		0.396827
287		0.599819
286.5		0.283041
286		0.201775
285.5		0.0247342
285		-0.298682
284.5		0.531109
284		0.156588
283.5		-0.458494
283		0.118383
282.5		-0.219864
282		0.242587
281.5		-0.0200262
281		11.3674
280.5		0.327387
280		-0.428921
279.5		-0.240598
279		0.297878
278.5		0.207377
278		0.256407
277.5		-0.434718
277		0.155536
276.5		0.2564
276		0.169652
275.5		0.329919
275		0.577174
274.5		-0.0230902
274		0.389703
273.5		0.00921445
273		0.655879
272.5		0.285102
272		0.165584
271.5		0.941604
271		0.751871
270.5		-0.219501
270		-0.00531363
269.5		0.457206
269		0.208541
268.5		0.780043
268		0.114854
267.5		0.239524
267		1.6726
266.5		-0.716369
266		0.112847
265.5		0.50877
265		-0.192468
264.5		0.130943
264		0.287976
263.5		0.527437
263		0.426758
262.5		-0.00224048
262		-0.0093633
261.5		-0.277614
261		-0.408447
260.5		0.669913
260		0.304676
259.5		0.606688
259		0.14164
258.5		0.256449
258		0.667907
257.5		-2.50743
257		0.900414
256.5		-0.190297
256		-0.225861
255.5		-1.0589
255		-0.238391
254.5		0.00448941
254		0.16746
253.5		0.326941
253		0.764016
252.5		0.18658
252		0.117037
251.5		0.131411
251		0.851509
250.5		-1.97167
250		0.435923
249.5		0.26765
249		0.464331
248.5		0.0799722
248		-1.06947
247.5		0.711305
247		-0.125484
246.5		0.0761204
246		-0.984997
245.5		-0.056069
245		0.533614
244.5		0.23886
244		0.859949
243.5		0.306393
243		0.46253
242.5		0.13721
242		0.238108
241.5		-1.17481
241		0.653738
240.5		-0.355753
240		0.135754
239.5		1.90459
239		0.0929657
238.5		8.0037
238		-0.155616
237.5		-0.587294
237		1.8122
236.5		0.327001
236		0.150054
235.5		-0.424734
235		0.53926
234.5		0.971195
234		0.909591
233.5		0.0296965
233		-0.356429
232.5		1.22832
232		0.26707
231.5		0.533813
231		-0.52605
230.5		0.149819
230		1.80312
229.5		0.127499
229		0.382549
228.5		0.38011
228		-0.757227
227.5		0.293957
227		-0.410319
226.5		0.019618
226		0
225.5		-0.315558
225		-0.16979
224.5		0.0161624
224		0.429612
223.5		-0.133698
223		0.700811
222.5		0.0272642
222		0.236646
221.5		0.245485
221		0.134144
220.5		-10.9871
220		0.0146597
219.5		0.161864
219		0.145235
218.5		0.226506
218		0.0309561
217.5		-0.103231
217		0.0163248
216.5		0.640537
216		1.17842
215.5		0.248964
215		-0.282468
214.5		-1.50326
214		-0.0238095
213.5		-0.495387
213		-0.1824
212.5		0.113063
212		0.196334
211.5		-0.235781
211		0.193413
210.5		1.59321
210		2.09289
209.5		-0.466319
209		1.27454
208.5		0.193871
208		-1.27045
207.5		0.164247
207		0.500629
206.5		0.198435
206		0.42024
205.5		0.174519
205		0.113355
204.5		0.284842
204		0.547849
203.5		0.276741
203		0.776036
202.5		-0.318278
202		0.0960587
201.5		0.499194
201		0.72149
200.5		-0.10249
200		-0.115341
