lambda		value

Calibration:
lambda:	800
Abs:	0.0002

Data:
#
900		0.231732
899.5		0.245192
899		0.26149
898.5		0.268524
898		0.248894
897.5		0.265514
897		0.276359
896.5		0.264637
896		0.257463
895.5		0.259094
895		0.257275
894.5		0.265092
894		0.254821
893.5		0.283408
893		0.275148
892.5		0.239591
892		0.265358
891.5		0.261638
891		0.281356
890.5		0.257171
890		0.25637
889.5		0.258077
889		0.261685
888.5		0.274489
888		0.265526
887.5		0.255561
887		0.25279
886.5		0.284129
886		0.274965
885.5		0.25745
885		0.251385
884.5		0.269159
884		0.287631
883.5		0.266626
883		0.281757
882.5		0.272838
882		0.253446
881.5		0.264894
881		0.265287
880.5		0.273257
880		0.27823
879.5		0.27688
879		0.276394
878.5		0.267832
878		0.269149
877.5		0.265582
877		0.2751
876.5		0.272988
876		0.273559
875.5		0.27406
875		0.272109
874.5		0.273298
874		0.275739
873.5		0.27116
873		0.274045
872.5		0.273616
872		0.266259
871.5		0.276523
871		0.279457
870.5		0.274442
870		0.269886
869.5		0.273161
869		0.274764
868.5		0.275235
868		0.275209
867.5		0.27449
867		0.273308
866.5		0.277665
866		0.271532
865.5		0.275234
865		0.279928
864.5		0.268352
864		0.277024
863.5		0.275294
863		0.271658
862.5		0.278742
862		0.274078
861.5		0.278603
861		0.28536
860.5		0.28104
860		0.274874
859.5		0.276903
859		0.276404
858.5		0.274914
858		0.277183
857.5		0.281156
857		0.278499
856.5		0.277483
856		0.276807
855.5		0.277381
855		0.280301
854.5		0.279469
854		0.278152
853.5		0.281042
853		0.281803
852.5		0.277149
852		0.278841
851.5		0.283433
851		0.280946
850.5		0.280577
850		0.284063
849.5		0.282047
849		0.281963
848.5		0.281589
848		0.282814
847.5		0.282354
847		0.283051
846.5		0.283491
846		0.285199
845.5		0.286035
845		0.285676
844.5		0.284779
844		0.285158
843.5		0.2838
843		0.286256
842.5		0.288012
842		0.285759
841.5		0.289228
841		0.287216
840.5		0.288966
840		0.289412
839.5		0.286754
839		0.290428
838.5		0.289217
838		0.291436
837.5		0.289627
837		0.291967
836.5		0.292577
836		0.291644
835.5		0.291754
835		0.293915
834.5		0.293692
834		0.294759
833.5		0.294448
833		0.294167
832.5		0.295462
832		0.296152
831.5		0.296452
831		0.296904
830.5		0.298347
830		0.297517
829.5		0.299142
829		0.297421
828.5		0.299917
828		0.29936
827.5		0.300157
827		0.300275
826.5		0.300154
826		0.300597
825.5		0.301109
825		0.302311
824.5		0.302211
824		0.302413
823.5		0.303496
823		0.302571
822.5		0.30575
822		0.302407
821.5		0.303532
821		0.304768
820.5		0.304271
820		0.304486
819.5		0.306062
819		0.306906
818.5		0.305782
818		0.307114
817.5		0.309028
817		0.308938
816.5		0.30727
816		0.306534
815.5		0.30694
815		0.309466
814.5		0.308962
814		0.30951
813.5		0.310898
813		0.310324
812.5		0.31029
812		0.3106
811.5		0.310922
811		0.311038
810.5		0.311341
810		0.311638
809.5		0.311802
809		0.313502
808.5		0.314277
808		0.313851
807.5		0.313727
807		0.314162
806.5		0.315394
806		0.315557
805.5		0.314286
805		0.315884
804.5		0.31511
804		0.31476
803.5		0.316934
803		0.316267
802.5		0.317628
802		0.316695
801.5		0.31771
801		0.320043
800.5		0.317059
800		0.318728
799.5		0.319128
799		0.318389
798.5		0.31918
798		0.32078
797.5		0.321821
797		0.321414
796.5		0.320459
796		0.320745
795.5		0.321563
795		0.3221
794.5		0.322406
794		0.322426
793.5		0.321911
793		0.32383
792.5		0.323741
792		0.326047
791.5		0.324207
791		0.322923
790.5		0.325219
790		0.323596
789.5		0.326204
789		0.326155
788.5		0.3264
788		0.326857
787.5		0.326788
787		0.327772
786.5		0.326496
786		0.325823
785.5		0.32814
785		0.326818
784.5		0.328815
784		0.329083
783.5		0.328922
783		0.330734
782.5		0.329779
782		0.330183
781.5		0.330775
781		0.330513
780.5		0.331374
780		0.330083
779.5		0.331439
779		0.331871
778.5		0.331774
778		0.334231
777.5		0.331873
777		0.332634
776.5		0.33343
776		0.332468
775.5		0.332665
775		0.335528
774.5		0.334083
774		0.336394
773.5		0.336016
773		0.335047
772.5		0.336749
772		0.335105
771.5		0.337783
771		0.336436
770.5		0.336299
770		0.337937
769.5		0.338395
769		0.337366
768.5		0.338019
768		0.338083
767.5		0.338788
767		0.338304
766.5		0.339849
766		0.341092
765.5		0.340711
765		0.338114
764.5		0.341385
764		0.340336
763.5		0.342256
763		0.341101
762.5		0.342561
762		0.342845
761.5		0.341477
761		0.342653
760.5		0.34318
760		0.344224
759.5		0.343464
759		0.343504
758.5		0.344516
758		0.343565
757.5		0.344668
757		0.344797
756.5		0.344682
756		0.346277
755.5		0.346061
755		0.346448
754.5		0.346397
754		0.345677
753.5		0.348477
753		0.348031
752.5		0.347034
752		0.348713
751.5		0.346308
751		0.348674
750.5		0.348357
750		0.348653
749.5		0.35001
749		0.348225
748.5		0.350598
748		0.349651
747.5		0.350436
747		0.352029
746.5		0.349405
746		0.351893
745.5		0.351479
745		0.350847
744.5		0.351708
744		0.351294
743.5		0.351638
743		0.35234
742.5		0.352102
742		0.352441
741.5		0.353313
741		0.35292
740.5		0.353662
740		0.352767
739.5		0.354955
739		0.353257
738.5		0.353341
738		0.354629
737.5		0.354165
737		0.353969
736.5		0.354973
736		0.356063
735.5		0.355138
735		0.355977
734.5		0.354319
734		0.355508
733.5		0.355687
733		0.356201
732.5		0.355312
732		0.354302
731.5		0.355353
731		0.355953
730.5		0.357057
730		0.35536
729.5		0.355632
729		0.354555
728.5		0.353928
728		0.355556
727.5		0.35393
727		0.354992
726.5		0.35519
726		0.353413
725.5		0.354279
725		0.353536
724.5		0.352602
724		0.351555
723.5		0.351965
723		0.351844
722.5		0.35144
722		0.350164
721.5		0.34818
721		0.346457
720.5		0.34665
720		0.347702
719.5		0.345206
719		0.346441
718.5		0.344889
718		0.345805
717.5		0.346351
717		0.345661
716.5		0.345939
716		0.346626
715.5		0.34722
715		0.351437
714.5		0.351682
714		0.353063
713.5		0.355108
713		0.356626
712.5		0.357019
712		0.357966
711.5		0.360164
711		0.360881
710.5		0.362046
710		0.364399
709.5		0.364231
709		0.365248
708.5		0.366225
708		0.366465
707.5		0.368949
707		0.369045
706.5		0.369361
706		0.370382
705.5		0.369264
705		0.369871
704.5		0.369167
704		0.370868
703.5		0.370259
703		0.369749
702.5		0.371817
702		0.371744
701.5		0.371012
701		0.371598
700.5		0.372451
700		0.371349
699.5		0.373137
699		0.371931
698.5		0.371938
698		0.373599
697.5		0.373398
697		0.37306
696.5		0.374432
696		0.373688
695.5		0.372931
695		0.373266
694.5		0.374479
694		0.374664
693.5		0.374789
693		0.374937
692.5		0.374026
692		0.375482
691.5		0.37636
691		0.375368
690.5		0.376365
690		0.375915
689.5		0.376775
689		0.377739
688.5		0.377015
688		0.377899
687.5		0.376621
687		0.377382
686.5		0.377601
686		0.3784
685.5		0.377555
685		0.378433
684.5		0.378066
684		0.37883
683.5		0.378693
683		0.378635
682.5		0.379198
682		0.378398
681.5		0.379003
681		0.378248
680.5		0.379935
680		0.379612
679.5		0.379184
679		0.381268
678.5		0.381018
678		0.381341
677.5		0.381658
677		0.380573
676.5		0.382551
676		0.382435
675.5		0.381644
675		0.38264
674.5		0.381364
674		0.38298
673.5		0.382337
673		0.38272
672.5		0.382591
672		0.382841
671.5		0.382797
671		0.383264
670.5		0.383536
670		0.38434
669.5		0.382809
669		0.384058
668.5		0.383741
668		0.382582
667.5		0.383179
667		0.384276
666.5		0.383788
666		0.385452
665.5		0.383766
665		0.385049
664.5		0.385573
664		0.383973
663.5		0.385333
663		0.385398
662.5		0.38457
662		0.385322
661.5		0.385464
661		0.385682
660.5		0.385737
660		0.38614
659.5		0.38672
659		0.386238
658.5		0.386971
658		0.38706
657.5		0.38661
657		0.38719
656.5		0.386588
656		0.387092
655.5		0.38828
655		0.387386
654.5		0.386862
654		0.387607
653.5		0.387848
653		0.388751
652.5		0.387967
652		0.388199
651.5		0.38961
651		0.387122
650.5		0.388014
650		0.388662
649.5		0.389414
649		0.390027
648.5		0.389168
648		0.38968
647.5		0.389963
647		0.391738
646.5		0.390076
646		0.390655
645.5		0.389688
645		0.390534
644.5		0.391568
644		0.392342
643.5		0.391994
643		0.391945
642.5		0.392984
642		0.391896
641.5		0.393419
641		0.39245
640.5		0.392094
640		0.395032
639.5		0.394436
639		0.394078
638.5		0.394963
638		0.395322
637.5		0.397675
637		0.397012
636.5		0.397171
636		0.397662
635.5		0.39797
635		0.398785
634.5		0.398945
634		0.399449
633.5		0.400069
633		0.400859
632.5		0.401571
632		0.401586
631.5		0.401063
631		0.401958
630.5		0.402202
630		0.401168
629.5		0.402105
629		0.400813
628.5		0.401341
628		0.400214
627.5		0.398395
627		0.399597
626.5		0.398206
626		0.397354
625.5		0.396132
625		0.393787
624.5		0.394023
624		0.392358
623.5		0.392654
623		0.391922
622.5		0.388991
622		0.391869
621.5		0.389819
621		0.389538
620.5		0.388134
620		0.387723
619.5		0.387801
619		0.38782
618.5		0.387069
618		0.385735
617.5		0.38722
617		0.387934
616.5		0.38937
616		0.389067
615.5		0.388783
615		0.39011
614.5		0.388973
614		0.389522
613.5		0.389881
613		0.390527
612.5		0.390452
612		0.390071
611.5		0.391458
611		0.390298
610.5		0.392447
610		0.390979
609.5		0.390674
609		0.390808
608.5		0.391489
608		0.391565
607.5		0.392115
607		0.393141
606.5		0.391901
606		0.393141
605.5		0.392887
605		0.393589
604.5		0.393323
604		0.394197
603.5		0.39408
603		0.393444
602.5		0.394075
602		0.394169
601.5		0.394064
601		0.395717
600.5		0.394624
600		0.395066
599.5		0.395656
599		0.394052
598.5		0.395531
598		0.395175
597.5		0.396772
597		0.397038
596.5		0.396251
596		0.397227
595.5		0.395689
595		0.396329
594.5		0.397398
594		0.397268
593.5		0.398065
593		0.39825
592.5		0.398224
592		0.399097
591.5		0.397811
591		0.398202
590.5		0.399085
590		0.399779
589.5		0.399652
589		0.399547
588.5		0.399409
588		0.40112
587.5		0.401885
587		0.400923
586.5		0.400537
586		0.400399
585.5		0.402731
585		0.400542
584.5		0.401767
584		0.40228
583.5		0.401769
583		0.403762
582.5		0.40446
582		0.403961
581.5		0.403883
581		0.403522
580.5		0.404864
580		0.404641
579.5		0.405342
579		0.405402
578.5		0.404323
578		0.407457
577.5		0.405907
577		0.40695
576.5		0.406994
576		0.407659
575.5		0.409568
575		0.408496
574.5		0.408804
574		0.408782
573.5		0.408621
573		0.41127
572.5		0.410185
572		0.410443
571.5		0.410642
571		0.411464
570.5		0.411305
570		0.412046
569.5		0.411809
569		0.412009
568.5		0.411599
568		0.410862
567.5		0.413995
567		0.414494
566.5		0.414109
566		0.413685
565.5		0.413391
565		0.415686
564.5		0.416328
564		0.415755
563.5		0.416082
563		0.415407
562.5		0.418245
562		0.417803
561.5		0.417142
561		0.418907
560.5		0.417589
560		0.419946
559.5		0.422271
559		0.420211
558.5		0.421319
558		0.422013
557.5		0.420947
557		0.422331
556.5		0.422733
556		0.422993
555.5		0.423665
555		0.422712
554.5		0.424585
554		0.424324
553.5		0.424415
553		0.425764
552.5		0.425071
552		0.425856
551.5		0.427101
551		0.427213
550.5		0.427571
550		0.425873
549.5		0.429389
549		0.427878
548.5		0.428934
548		0.428682
547.5		0.427911
547		0.430878
546.5		0.430411
546		0.431025
545.5		0.432484
545		0.430576
544.5		0.43304
544		0.432047
543.5		0.432273
543		0.433441
542.5		0.432733
542		0.43478
541.5		0.43419
541		0.433917
540.5		0.434563
540		0.433717
539.5		0.436267
539		0.435755
538.5		0.435596
538		0.436111
537.5		0.436121
537		0.438603
536.5		0.436984
536		0.437523
535.5		0.437279
535		0.437301
534.5		0.437921
534		0.439112
533.5		0.438515
533		0.439861
532.5		0.440392
532		0.440279
531.5		0.44125
531		0.440605
530.5		0.441969
530		0.441652
529.5		0.440715
529		0.443487
528.5		0.44259
528		0.442953
527.5		0.444426
527		0.443159
526.5		0.444632
526		0.445182
525.5		0.44477
525		0.446304
524.5		0.445398
524		0.445743
523.5		0.447393
523		0.446451
522.5		0.447017
522		0.447305
521.5		0.44851
521		0.448398
520.5		0.447497
520		0.447934
519.5		0.447961
519		0.448899
518.5		0.450392
518		0.448467
517.5		0.44908
517		0.449992
516.5		0.449127
516		0.451721
515.5		0.450412
515		0.451037
514.5		0.452238
514		0.450522
513.5		0.451859
513		0.451281
512.5		0.452137
512		0.453453
511.5		0.450946
511		0.452815
510.5		0.452516
510		0.452276
509.5		0.452852
509		0.451505
508.5		0.452334
508		0.45098
507.5		0.451519
507		0.450994
506.5		0.449211
506		0.448634
505.5		0.449259
505		0.447643
504.5		0.447169
504		0.445745
503.5		0.4445
503		0.444781
502.5		0.442542
502		0.441551
501.5		0.439661
501		0.438505
500.5		0.440017
500		0.436717
499.5		0.437092
499		0.435618
498.5		0.433187
498		0.434506
497.5		0.432964
497		0.431902
496.5		0.430017
496		0.429974
495.5		0.429753
495		0.426743
494.5		0.425551
494		0.425316
493.5		0.42454
493		0.424428
492.5		0.422094
492		0.421748
491.5		0.419695
491		0.418345
490.5		0.419098
490		0.418533
489.5		0.415897
489		0.415516
488.5		0.413137
488		0.412683
487.5		0.413704
487		0.410556
486.5		0.410102
486		0.40948
485.5		0.406136
485		0.408231
484.5		0.406721
484		0.405152
483.5		0.403028
483		0.40177
482.5		0.401406
482		0.399937
481.5		0.398057
481		0.396765
480.5		0.395228
480		0.39485
479.5		0.394055
479		0.392352
478.5		0.391669
478		0.38943
477.5		0.387462
477		0.388047
476.5		0.384942
476		0.384599
475.5		0.382001
475		0.380938
474.5		0.381544
474		0.37864
473.5		0.377303
473		0.376625
472.5		0.374283
472		0.374054
471.5		0.372781
471		0.369656
470.5		0.368473
470		0.36781
469.5		0.367909
469		0.365648
468.5		0.363363
468		0.363248
467.5		0.360485
467		0.359357
466.5		0.357448
466		0.356943
465.5		0.355782
465		0.35391
464.5		0.353243
464		0.350985
463.5		0.351124
463		0.348502
462.5		0.347097
462		0.345521
461.5		0.346109
461		0.344007
460.5		0.341777
460		0.341069
459.5		0.339939
459		0.338546
458.5		0.33645
458		0.336576
457.5		0.335372
457		0.332544
456.5		0.334364
456		0.331731
455.5		0.332436
455		0.331653
454.5		0.331094
454		0.330182
453.5		0.328623
453		0.32889
452.5		0.329216
452		0.329184
451.5		0.327939
451		0.328384
450.5		0.328616
450		0.326482
449.5		0.327893
449		0.32545
448.5		0.327539
448		0.326063
447.5		0.325317
447		0.326709
446.5		0.324086
446		0.324558
445.5		0.324149
445		0.3235
444.5		0.324787
444		0.323088
443.5		0.322648
443		0.322973
442.5		0.32233
442		0.32248
441.5		0.321029
441		0.320234
440.5		0.320234
440		0.321111
439.5		0.32064
439		0.319516
438.5		0.31842
438		0.317698
437.5		0.317585
437		0.31789
436.5		0.316748
436		0.316339
435.5		0.316202
435		0.314027
434.5		0.316163
434		0.314135
433.5		0.311813
433		0.312625
432.5		0.313229
432		0.311332
431.5		0.311277
431		0.309903
430.5		0.311672
430		0.30901
429.5		0.308725
429		0.308002
428.5		0.307219
428		0.307735
427.5		0.306679
427		0.305757
426.5		0.304203
426		0.304832
425.5		0.303888
425		0.302959
424.5		0.302805
424		0.302081
423.5		0.302035
423		0.301882
422.5		0.301807
422		0.299628
421.5		0.300803
421		0.298616
420.5		0.297913
420		0.298313
419.5		0.296848
419		0.295858
418.5		0.295756
418		0.295233
417.5		0.294253
417		0.29209
416.5		0.29286
416		0.293658
415.5		0.292166
415		0.291192
414.5		0.290273
414		0.290296
413.5		0.289761
413		0.289306
412.5		0.288961
412		0.287627
411.5		0.288356
411		0.287521
410.5		0.285379
410		0.287891
409.5		0.284702
409		0.284887
408.5		0.28411
408		0.284136
407.5		0.284457
407		0.281624
406.5		0.283036
406		0.282884
405.5		0.280162
405		0.281842
404.5		0.280092
404		0.28039
403.5		0.279298
403		0.278188
402.5		0.278257
402		0.278457
401.5		0.278801
401		0.277432
400.5		0.276308
400		0.277518
399.5		0.276653
399		0.27607
398.5		0.273808
398		0.275428
397.5		0.274998
397		0.273893
396.5		0.274138
396		0.27362
395.5		0.273553
395		0.272243
394.5		0.272739
394		0.270493
393.5		0.272786
393		0.269517
392.5		0.269553
392		0.269955
391.5		0.269619
391		0.268608
390.5		0.267694
390		0.267697
389.5		0.26677
389		0.266243
388.5		0.266323
388		0.265849
387.5		0.264571
387		0.264279
386.5		0.263465
386		0.262858
385.5		0.262345
385		0.261493
384.5		0.259737
384		0.261115
383.5		0.260116
383		0.259396
382.5		0.258073
382		0.25927
381.5		0.257615
381		0.257789
380.5		0.255049
380		0.258031
379.5		0.25358
379		0.255957
378.5		0.255142
378		0.254467
377.5		0.254005
377		0.254337
376.5		0.252506
376		0.251757
375.5		0.254004
375		0.251349
374.5		0.253241
374		0.252017
373.5		0.25316
373		0.250542
372.5		0.250167
372		0.251657
371.5		0.249238
371		0.249529
370.5		0.248425
370		0.249874
369.5		0.249404
369		0.247918
368.5		0.246589
368		0.248357
367.5		0.244071
367		0.245449
366.5		0.245922
366		0.246475
365.5		0.247143
365		0.244772
364.5		0.245049
364		0.244779
363.5		0.244445
363		0.24385
362.5		0.243978
362		0.242546
361.5		0.240871
361		0.241559
360.5		0.241136
360		0.2402
359.5		0.240716
359		0.241926
358.5		0.238134
358		0.242853
357.5		0.240084
357		0.239266
356.5		0.239613
356		0.239533
355.5		0.237916
355		0.238416
354.5		0.235592
354		0.236172
353.5		0.23743
353		0.235319
352.5		0.23637
352		0.232117
351.5		0.235322
351		0.235149
350.5		0.233906
350		0.234313
349.5		0.232675
349		0.23203
348.5		0.230946
348		0.229764
347.5		0.231257
347		0.232245
346.5		0.229599
346		0.228205
345.5		0.225387
345		0.22772
344.5		0.228588
344		0.228261
343.5		0.225795
343		0.227493
342.5		0.225612
342		0.225397
341.5		0.226562
341		0.224224
340.5		0.223683
340		0.221697
339.5		0.217885
339		0.216358
338.5		0.220303
338		0.219897
337.5		0.217509
337		0.217528
336.5		0.214115
336		0.218173
335.5		0.215304
335		0.213783
334.5		0.215157
334		0.213407
333.5		0.211767
333		0.21297
332.5		0.213491
332		0.21364
331.5		0.212015
331		0.216651
330.5		0.211864
330		0.213418
329.5		0.21205
329		0.212159
328.5		0.208752
328		0.210028
327.5		0.212285
327		0.21152
326.5		0.210885
326		0.211518
325.5		0.213396
325		0.212148
324.5		0.216116
324		0.214556
323.5		0.216674
323		0.220975
322.5		0.22045
322		0.220706
321.5		0.218939
321		0.221569
320.5		0.222629
320		0.223692
319.5		0.2277
319		0.227942
318.5		0.230459
318		0.232699
317.5		0.23649
317		0.236558
316.5		0.240257
316		0.243149
315.5		0.249257
315		0.247682
314.5		0.256747
314		0.258119
313.5		0.262238
313		0.268991
312.5		0.273279
312		0.278961
311.5		0.288725
311		0.297004
310.5		0.298559
310		0.315441
309.5		0.318388
309		0.333902
308.5		0.341414
308		0.356234
307.5		0.371212
307		0.402263
306.5		0.410479
306		0.418695
305.5		0.435174
305		0.456695
304.5		0.477945
304		0.501231
303.5		0.546032
303		0.594547
302.5		0.630681
302		0.639797
301.5		0.746948
301		0.721174
300.5		0.85562
300		0.937565
299.5		0.924216
299		0.995403
298.5		1.17544
298		1.22934
297.5		1.2728
297		1.30079
296.5		1.70655
296		1.49044
295.5		2.03428
295		1.72218
294.5		2.63276
294		1.26991
293.5		1.36116
293		2.75925
292.5		0.716947
292		1.90071
291.5		0.67987
291		1.19169
290.5		0.699741
290		0.479718
289.5		0.999858
289		0.618486
288.5		1.04263
288		0.726834
287.5		0.384998
287		0.0534173
286.5		0.184646
286		-0.579639
285.5		-0.186865
285		0.519981
284.5		0.0246047
284		0.221127
283.5		0.409043
283		0.060003
282.5		0.617537
282		0.0962186
281.5		0.985353
281		0.332134
280.5		0.361423
280		2.4668
279.5		-0.0241182
279		0.421749
278.5		-0.0299984
278		-0.488512
277.5		0.373618
277		0.160043
276.5		0.57067
276		-0.496912
275.5		0.204031
275		0.10342
274.5		-0.138674
274		5.47304
273.5		0.282861
273		0.251554
272.5		0.210763
272		-0.331272
271.5		0.253961
271		0.377046
270.5		-0.396769
270		0.0406577
269.5		-0.487027
269		0.303919
268.5		0.140919
268		-0.119354
267.5		0.602021
267		0.178929
266.5		0.0552535
266		1.40091
265.5		0.342747
265		0.0213356
264.5		-0.0641523
264		0.290188
263.5		-0.39329
263		0.294304
262.5		0.268135
262		0.216154
261.5		0.306897
261		-0.471897
260.5		0.319913
260		0.387803
259.5		0.0595728
259		-0.11299
258.5		-1.66803
258		0.711297
257.5		0.0937892
257		0.613916
256.5		1.85675
256		0.34441
255.5		31.9371
255		-0.0495845
254.5		0.042577
254		0
253.5		0.709128
253		0.270966
252.5		0.347827
252		0.390617
251.5		0.982106
251		0.530341
250.5		-0.117843
250		0.159552
249.5		-0.190873
249		0.226473
248.5		0.0812223
248		0.000826875
247.5		0.338136
247		0.0628928
246.5		0.288932
246		0.331537
245.5		0.23737
245		0.243479
244.5		0.142466
244		0.156134
243.5		0.528556
243		0.43024
242.5		0.298182
242		0.0429212
241.5		0.481847
241		-0.0258738
240.5		-0.678115
240		0.889831
239.5		0.0470013
239		0.202137
238.5		0.231219
238		1.01544
237.5		0.295515
237		-0.249035
236.5		0.00896922
236		0.0717712
235.5		0.196277
235		0.111022
234.5		0.304842
234		-0.0273632
233.5		0.262771
233		1.1382
232.5		0.0920053
232		0.357326
231.5		-0.0262222
231		0.159524
230.5		0.297042
230		0.133729
229.5		0.038529
229		-0.0056615
228.5		0.0566885
228		0.0807813
227.5		0.0893186
227		0.245942
226.5		0.281668
226		0.15173
225.5		0.0349976
225		0.194561
224.5		0.0746884
224		-1.5443
223.5		0.270276
223		0.291078
222.5		0.042876
222		0.0446298
221.5		-0.40566
221		-0.00894853
220.5		0.0800236
220		0.113854
219.5		0.244718
219		0.0689964
218.5		0.882031
218		0.0759696
217.5		0.344636
217		-0.38276
216.5		0.229868
216		0.211897
215.5		0.105899
215		0.0544671
214.5		0.170729
214		0.0324339
213.5		0.482279
213		0.125109
212.5		0.0788103
212		0.208046
211.5		0.0708918
211		-0.0194303
210.5		0.564922
210		0.092989
209.5		0.205554
209		-0.0333721
208.5		0.109217
208		-0.781943
207.5		0.861842
207		0.142421
206.5		0.0670205
206		-0.0105353
205.5		-0.191614
205		0.239877
204.5		0.134069
204		0.617865
203.5		-0.0542077
203		-0.0383894
202.5		0.0521682
202		0.685988
201.5		-0.00423617
201		0.262011
200.5		-0.824287
200		0.222458
900		0.255358
899.5		0.257683
899		0.261289
898.5		0.255544
898		0.251635
897.5		0.238278
897		0.278062
896.5		0.274496
896		0.26324
895.5		0.241814
895		0.249767
894.5		0.263178
894		0.256374
893.5		0.267773
893		0.280525
892.5		0.238823
892		0.267614
891.5		0.256965
891		0.263027
890.5		0.25607
890		0.25192
889.5		0.265358
889		0.27056
888.5		0.277369
888		0.257057
887.5		0.259818
887		0.252012
886.5		0.260199
886		0.266754
885.5		0.252907
885		0.248773
884.5		0.26485
884		0.277724
883.5		0.256943
883		0.274991
882.5		0.26968
882		0.257645
881.5		0.262551
881		0.259929
880.5		0.264949
880		0.273187
879.5		0.267203
879		0.277227
878.5		0.268443
878		0.268148
877.5		0.264988
877		0.276356
876.5		0.269541
876		0.269502
875.5		0.27314
875		0.273251
874.5		0.277925
874		0.269448
873.5		0.277864
873		0.276809
872.5		0.273318
872		0.267456
871.5		0.270491
871		0.281926
870.5		0.268918
870		0.270094
869.5		0.267988
869		0.268769
868.5		0.272134
868		0.272726
867.5		0.2709
867		0.27152
866.5		0.273658
866		0.272038
865.5		0.275445
865		0.280851
864.5		0.267183
864		0.273948
863.5		0.275404
863		0.271964
862.5		0.277655
862		0.268589
861.5		0.276826
861		0.279915
860.5		0.278837
860		0.273408
859.5		0.276119
859		0.274447
858.5		0.277394
858		0.274631
857.5		0.278177
857		0.277525
856.5		0.275529
856		0.276326
855.5		0.275136
855		0.277463
854.5		0.276933
854		0.276884
853.5		0.279873
853		0.278667
852.5		0.275605
852		0.277683
851.5		0.28009
851		0.278715
850.5		0.280492
850		0.278484
849.5		0.279232
849		0.278361
848.5		0.278015
848		0.279122
847.5		0.279733
847		0.279847
846.5		0.279616
846		0.280624
845.5		0.282815
845		0.282173
844.5		0.284208
844		0.283121
843.5		0.279459
843		0.282661
842.5		0.283431
842		0.282465
841.5		0.28542
841		0.282842
840.5		0.283991
840		0.285034
839.5		0.283844
839		0.285251
838.5		0.284838
838		0.287036
837.5		0.28553
837		0.286489
836.5		0.288949
836		0.288232
835.5		0.287062
835		0.29019
834.5		0.290453
834		0.289647
833.5		0.289541
833		0.290141
832.5		0.291328
832		0.29241
831.5		0.292317
831		0.29227
830.5		0.293097
830		0.292188
829.5		0.293898
829		0.292799
828.5		0.294273
828		0.294516
827.5		0.294706
827		0.296021
826.5		0.296799
826		0.29703
825.5		0.295366
825		0.297448
824.5		0.297547
824		0.298942
823.5		0.297821
823		0.298603
822.5		0.30006
822		0.298446
821.5		0.299461
821		0.299301
820.5		0.298327
820		0.300319
819.5		0.30028
819		0.302223
818.5		0.300119
818		0.302726
817.5		0.303217
817		0.302561
816.5		0.302497
816		0.30267
815.5		0.301192
815		0.304675
814.5		0.303882
814		0.304926
813.5		0.30491
813		0.304444
812.5		0.304418
812		0.305222
811.5		0.306334
811		0.305961
810.5		0.304785
810		0.306761
809.5		0.305953
809		0.308517
808.5		0.308493
808		0.308169
807.5		0.307939
807		0.308685
806.5		0.309605
806		0.309667
805.5		0.309514
805		0.310091
804.5		0.310038
804		0.31009
803.5		0.311948
803		0.311302
802.5		0.311449
802		0.310743
801.5		0.311737
801		0.313742
800.5		0.311217
800		0.31255
799.5		0.314252
799		0.313334
798.5		0.313912
798		0.314412
797.5		0.315825
797		0.314848
796.5		0.314796
796		0.314293
795.5		0.316104
795		0.315626
794.5		0.316737
794		0.316367
793.5		0.315762
793		0.318255
792.5		0.317673
792		0.319457
791.5		0.316669
791		0.316013
790.5		0.318762
790		0.316968
789.5		0.319436
789		0.319205
788.5		0.320428
788		0.319613
787.5		0.319641
787		0.321607
786.5		0.319457
786		0.319999
785.5		0.321478
785		0.319412
784.5		0.32147
784		0.32194
783.5		0.322287
783		0.323965
782.5		0.322638
782		0.322164
781.5		0.323827
781		0.323182
780.5		0.323844
780		0.323749
779.5		0.324695
779		0.324929
778.5		0.323958
778		0.326082
777.5		0.324167
777		0.325713
776.5		0.325804
776		0.325159
775.5		0.324771
775		0.327575
774.5		0.325007
774		0.328839
773.5		0.327595
773		0.327242
772.5		0.328917
772		0.326824
771.5		0.330043
771		0.328036
770.5		0.328801
770		0.329121
769.5		0.329388
769		0.329754
768.5		0.329526
768		0.32999
767.5		0.330482
767		0.329926
766.5		0.331741
766		0.332369
765.5		0.331807
765		0.330162
764.5		0.332569
764		0.332534
763.5		0.334228
763		0.331642
762.5		0.333561
762		0.333658
761.5		0.331937
761		0.334255
760.5		0.334188
760		0.335815
759.5		0.334185
759		0.334444
758.5		0.335043
758		0.334607
757.5		0.335699
757		0.33494
756.5		0.336221
756		0.337888
755.5		0.336494
755		0.337184
754.5		0.337619
754		0.335577
753.5		0.338789
753		0.338649
752.5		0.338091
752		0.338367
751.5		0.336225
751		0.33853
750.5		0.338916
750		0.339114
749.5		0.339263
749		0.33823
748.5		0.339577
748		0.340008
747.5		0.34022
747		0.340784
746.5		0.339903
746		0.341064
745.5		0.340775
745		0.341034
744.5		0.340038
744		0.340144
743.5		0.341348
743		0.342338
742.5		0.342301
742		0.341274
741.5		0.341383
741		0.341678
740.5		0.341819
740		0.342025
739.5		0.343187
739		0.341748
738.5		0.342214
738		0.343495
737.5		0.342855
737		0.342673
736.5		0.34241
736		0.343395
735.5		0.343176
735		0.344394
734.5		0.341449
734		0.343667
733.5		0.344243
733		0.344856
732.5		0.342753
732		0.342566
731.5		0.343029
731		0.342489
730.5		0.34501
730		0.342127
729.5		0.343175
729		0.342054
728.5		0.341302
728		0.342599
727.5		0.341073
727		0.3421
726.5		0.341644
726		0.33942
725.5		0.341125
725		0.339803
724.5		0.339032
724		0.33805
723.5		0.338762
723		0.337598
722.5		0.3367
722		0.335016
721.5		0.333912
721		0.33187
720.5		0.332126
720		0.332652
719.5		0.329795
719		0.33195
718.5		0.32912
718		0.331162
717.5		0.331524
717		0.331481
716.5		0.331038
716		0.332209
715.5		0.3338
715		0.336409
714.5		0.338457
714		0.338595
713.5		0.340171
713		0.340884
712.5		0.341808
712		0.344878
711.5		0.345225
711		0.345974
710.5		0.346686
710		0.349658
709.5		0.350149
709		0.35099
708.5		0.351709
708		0.351558
707.5		0.353084
707		0.353934
706.5		0.353767
706		0.355123
705.5		0.353863
705		0.353878
704.5		0.353293
704		0.354951
703.5		0.35371
703		0.354265
702.5		0.355034
702		0.355536
701.5		0.354932
701		0.355493
700.5		0.355844
700		0.354609
699.5		0.35709
699		0.355677
698.5		0.356034
698		0.356781
697.5		0.356898
697		0.35665
696.5		0.357789
696		0.356131
695.5		0.356751
695		0.355942
694.5		0.357843
694		0.357872
693.5		0.35711
693		0.358323
692.5		0.35706
692		0.358446
691.5		0.35913
691		0.357899
690.5		0.358925
690		0.358606
689.5		0.358863
689		0.359697
688.5		0.358721
688		0.360704
687.5		0.358633
687		0.35928
686.5		0.359599
686		0.359671
685.5		0.359741
685		0.359547
684.5		0.35928
684		0.359929
683.5		0.360552
683		0.360221
682.5		0.360195
682		0.359537
681.5		0.360976
681		0.359005
680.5		0.360729
680		0.360221
679.5		0.360309
679		0.362676
678.5		0.361503
678		0.361327
677.5		0.361842
677		0.361653
676.5		0.362375
676		0.362978
675.5		0.361906
675		0.363265
674.5		0.362625
674		0.362337
673.5		0.363076
673		0.3622
672.5		0.362377
672		0.362226
671.5		0.36237
671		0.362834
670.5		0.362709
670		0.363285
669.5		0.362109
669		0.362925
668.5		0.363782
668		0.361993
667.5		0.361986
667		0.36354
666.5		0.362599
666		0.364544
665.5		0.362279
665		0.363606
664.5		0.364668
664		0.362899
663.5		0.364556
663		0.364339
662.5		0.36354
662		0.363677
661.5		0.363828
661		0.364149
660.5		0.363998
660		0.363992
659.5		0.36455
659		0.364091
658.5		0.364203
658		0.365746
657.5		0.363671
657		0.364524
656.5		0.364923
656		0.364819
655.5		0.366323
655		0.364327
654.5		0.364799
654		0.3653
653.5		0.36545
653		0.366692
652.5		0.36528
652		0.365202
651.5		0.366635
651		0.364091
650.5		0.365688
650		0.365439
649.5		0.366734
649		0.366266
648.5		0.366125
648		0.366973
647.5		0.366484
647		0.367972
646.5		0.367171
646		0.366583
645.5		0.366905
645		0.367481
644.5		0.36783
644		0.368533
643.5		0.368218
643		0.368533
642.5		0.369217
642		0.369248
641.5		0.369539
641		0.368698
640.5		0.368948
640		0.37054
639.5		0.37067
639		0.370122
638.5		0.371436
638		0.371987
637.5		0.372926
637		0.373079
636.5		0.372523
636		0.373749
635.5		0.374181
635		0.374905
634.5		0.37536
634		0.375535
633.5		0.376597
633		0.377156
632.5		0.377129
632		0.378122
631.5		0.37685
631		0.377512
630.5		0.378558
630		0.377387
629.5		0.377617
629		0.376325
628.5		0.376276
628		0.375346
627.5		0.374372
627		0.375048
626.5		0.373056
626		0.371992
625.5		0.37217
625		0.368372
624.5		0.369011
624		0.36761
623.5		0.367106
623		0.367233
622.5		0.364576
622		0.36642
621.5		0.365155
621		0.364042
620.5		0.363763
620		0.362489
619.5		0.362706
619		0.363014
618.5		0.362145
618		0.361795
617.5		0.361678
617		0.363157
616.5		0.364052
616		0.363934
615.5		0.364432
615		0.365022
614.5		0.363604
614		0.365473
613.5		0.365118
613		0.36545
612.5		0.365639
612		0.365402
611.5		0.366447
611		0.365922
610.5		0.366756
610		0.365756
609.5		0.366061
609		0.366348
608.5		0.366845
608		0.366537
607.5		0.367461
607		0.367795
606.5		0.36748
606		0.368459
605.5		0.367883
605		0.368571
604.5		0.368216
604		0.369449
603.5		0.370202
603		0.368679
602.5		0.368802
602		0.370126
601.5		0.369313
601		0.37123
600.5		0.369897
600		0.370118
599.5		0.37116
599		0.368957
598.5		0.371926
598		0.370496
597.5		0.372556
597		0.373289
596.5		0.371936
596		0.373058
595.5		0.371707
595		0.372155
594.5		0.373557
594		0.372906
593.5		0.374485
593		0.374251
592.5		0.374337
592		0.37519
591.5		0.373778
591		0.375206
590.5		0.375672
590		0.375653
589.5		0.375611
589		0.375623
588.5		0.376528
588		0.377163
587.5		0.378187
587		0.377579
586.5		0.37687
586		0.377678
585.5		0.378995
585		0.377581
584.5		0.379039
584		0.379351
583.5		0.379185
583		0.380869
582.5		0.3807
582		0.380592
581.5		0.380985
581		0.381519
580.5		0.381673
580		0.381869
579.5		0.382369
579		0.382354
578.5		0.38255
578		0.384103
577.5		0.383738
577		0.384667
576.5		0.384723
576		0.385579
575.5		0.387202
575		0.386324
574.5		0.38664
574		0.386824
573.5		0.386079
573		0.388691
572.5		0.388203
572		0.388327
571.5		0.388809
571		0.39009
570.5		0.389754
570		0.390745
569.5		0.390363
569		0.390133
568.5		0.390573
568		0.389431
567.5		0.392722
567		0.392986
566.5		0.392903
566		0.393415
565.5		0.392802
565		0.39547
564.5		0.394567
564		0.395591
563.5		0.396025
563		0.394507
562.5		0.397495
562		0.396844
561.5		0.39633
561		0.398655
560.5		0.397511
560		0.401088
559.5		0.403051
559		0.401932
558.5		0.402457
558		0.403321
557.5		0.402419
557		0.403406
556.5		0.404648
556		0.403646
555.5		0.405216
555		0.404772
554.5		0.406137
554		0.406554
553.5		0.406738
553		0.407525
552.5		0.407428
552		0.407924
551.5		0.409248
551		0.409091
550.5		0.409721
550		0.408132
549.5		0.411625
549		0.410744
548.5		0.411847
548		0.412183
547.5		0.41082
547		0.413707
546.5		0.412995
546		0.414148
545.5		0.415664
545		0.414283
544.5		0.416347
544		0.415209
543.5		0.416091
543		0.417951
542.5		0.415946
542		0.418397
541.5		0.41695
541		0.417678
540.5		0.417872
540		0.41754
539.5		0.421081
539		0.419887
538.5		0.420557
538		0.421244
537.5		0.421563
537		0.422709
536.5		0.421955
536		0.423218
535.5		0.42211
535		0.422323
534.5		0.422938
534		0.424371
533.5		0.42319
533		0.4254
532.5		0.425744
532		0.425478
531.5		0.426256
531		0.425283
530.5		0.428336
530		0.426857
529.5		0.42667
529		0.429389
528.5		0.428173
528		0.429622
527.5		0.429707
527		0.429567
526.5		0.43074
526		0.431111
525.5		0.431171
525		0.432297
524.5		0.431887
524		0.432587
523.5		0.433842
523		0.43356
522.5		0.433411
522		0.433888
521.5		0.434791
521		0.435758
520.5		0.434628
520		0.43533
519.5		0.435097
519		0.436282
518.5		0.437477
518		0.436221
517.5		0.437188
517		0.437649
516.5		0.437164
516		0.43979
515.5		0.438415
515		0.438945
514.5		0.440386
514		0.438716
513.5		0.441458
513		0.439356
512.5		0.441373
512		0.442302
511.5		0.440308
511		0.44285
510.5		0.441394
510		0.44126
509.5		0.442265
509		0.440964
508.5		0.442578
508		0.440537
507.5		0.441075
507		0.441193
506.5		0.439725
506		0.438357
505.5		0.43898
505		0.43803
504.5		0.437221
504		0.435832
503.5		0.434264
503		0.434463
502.5		0.432016
502		0.431492
501.5		0.430262
501		0.428778
500.5		0.430094
500		0.427382
499.5		0.427245
499		0.426059
498.5		0.423248
498		0.424547
497.5		0.422604
497		0.422509
496.5		0.421164
496		0.419761
495.5		0.419723
495		0.417439
494.5		0.416524
494		0.415613
493.5		0.414262
493		0.413974
492.5		0.411674
492		0.412257
491.5		0.409564
491		0.409075
490.5		0.409471
490		0.40906
489.5		0.407803
489		0.405748
488.5		0.404808
488		0.403021
487.5		0.404917
487		0.401321
486.5		0.401364
486		0.400148
485.5		0.397436
485		0.398984
484.5		0.397322
484		0.39644
483.5		0.393435
483		0.393257
482.5		0.392805
482		0.391187
481.5		0.389241
481		0.38838
480.5		0.386198
480		0.386628
479.5		0.384927
479		0.383182
478.5		0.381837
478		0.380536
477.5		0.378754
477		0.378578
476.5		0.375766
476		0.376392
475.5		0.373193
475		0.372139
474.5		0.372241
474		0.369463
473.5		0.368697
473		0.367468
472.5		0.365477
472		0.36525
471.5		0.364068
471		0.360528
470.5		0.360304
470		0.357842
469.5		0.359039
469		0.356807
468.5		0.354718
468		0.353975
467.5		0.351342
467		0.350393
466.5		0.348904
466		0.347709
465.5		0.347351
465		0.345277
464.5		0.344536
464		0.342244
463.5		0.342535
463		0.338976
462.5		0.338578
462		0.337186
461.5		0.337147
461		0.335533
460.5		0.333046
460		0.332872
459.5		0.332063
459		0.329788
458.5		0.329076
458		0.329043
457.5		0.327046
457		0.325361
456.5		0.326397
456		0.324318
455.5		0.325143
455		0.325031
454.5		0.323646
454		0.323177
453.5		0.321549
453		0.322108
452.5		0.322843
452		0.322573
451.5		0.322457
451		0.322341
450.5		0.322632
450		0.320806
449.5		0.322191
449		0.31953
448.5		0.321945
448		0.319945
447.5		0.320025
447		0.320921
446.5		0.318856
446		0.319379
445.5		0.31889
445		0.318548
444.5		0.319258
444		0.316792
443.5		0.316815
443		0.317425
442.5		0.316785
442		0.317235
441.5		0.314695
441		0.314525
440.5		0.314585
440		0.315369
439.5		0.314177
439		0.313618
438.5		0.312763
438		0.311807
437.5		0.31176
437		0.311419
436.5		0.310604
436		0.310271
435.5		0.310046
435		0.308447
434.5		0.309836
434		0.307673
433.5		0.306084
433		0.307423
432.5		0.306829
432		0.304884
431.5		0.305056
431		0.30401
430.5		0.306134
430		0.302879
429.5		0.302355
429		0.302574
428.5		0.301024
428		0.3012
427.5		0.300083
427		0.29995
426.5		0.298416
426		0.297945
425.5		0.297394
425		0.296397
424.5		0.296397
424		0.294751
423.5		0.295716
423		0.295325
422.5		0.295247
422		0.292569
421.5		0.29355
421		0.292257
420.5		0.291558
420		0.292253
419.5		0.291041
419		0.289987
418.5		0.289337
418		0.2886
417.5		0.28762
417		0.286118
416.5		0.287095
416		0.286496
415.5		0.285261
415		0.284599
414.5		0.284231
414		0.284395
413.5		0.283256
413		0.283197
412.5		0.283675
412		0.281608
411.5		0.282393
411		0.281034
410.5		0.279454
410		0.281768
409.5		0.278559
409		0.277915
408.5		0.277452
408		0.278137
407.5		0.278145
407		0.276266
406.5		0.275987
406		0.276367
405.5		0.274667
405		0.276007
404.5		0.274284
404		0.2742
403.5		0.273497
403		0.27255
402.5		0.272768
402		0.272287
401.5		0.272022
401		0.271126
400.5		0.269642
400		0.271644
399.5		0.270624
399		0.270073
398.5		0.268663
398		0.268772
397.5		0.26864
397		0.268057
396.5		0.268
396		0.267635
395.5		0.267046
395		0.266733
394.5		0.267353
394		0.264336
393.5		0.266723
393		0.26448
392.5		0.263199
392		0.26461
391.5		0.262659
391		0.263356
390.5		0.262612
390		0.261153
389.5		0.260319
389		0.260884
388.5		0.259886
388		0.259499
387.5		0.258174
387		0.258393
386.5		0.258025
386		0.257001
385.5		0.256131
385		0.255665
384.5		0.253305
384		0.255086
383.5		0.254108
383		0.253406
382.5		0.251063
382		0.253922
381.5		0.251016
381		0.251773
380.5		0.249913
380		0.251855
379.5		0.247643
379		0.249967
378.5		0.249311
378		0.247679
377.5		0.248409
377		0.247767
376.5		0.245766
376		0.247442
375.5		0.24641
375		0.245519
374.5		0.246054
374		0.245282
373.5		0.246523
373		0.244931
372.5		0.244837
372		0.245888
371.5		0.242087
371		0.243251
370.5		0.242714
370		0.243117
369.5		0.243945
369		0.242299
368.5		0.241526
368		0.242523
367.5		0.23871
367		0.240341
366.5		0.240459
366		0.238983
365.5		0.239382
365		0.237054
364.5		0.238596
364		0.238467
363.5		0.23781
363		0.237964
362.5		0.237765
362		0.235414
361.5		0.235783
361		0.235451
360.5		0.236096
360		0.234709
359.5		0.235488
359		0.235756
358.5		0.231279
358		0.235007
357.5		0.232581
357		0.233417
356.5		0.233284
356		0.232571
355.5		0.23137
355		0.233045
354.5		0.228698
354		0.229135
353.5		0.230174
353		0.228164
352.5		0.229662
352		0.226135
351.5		0.230266
351		0.22977
350.5		0.227246
350		0.227053
349.5		0.225585
349		0.224889
348.5		0.22437
348		0.223927
347.5		0.224979
347		0.225684
346.5		0.223358
346		0.222386
345.5		0.218673
345		0.220933
344.5		0.221906
344		0.220083
343.5		0.221089
343		0.220147
342.5		0.218698
342		0.218719
341.5		0.21992
341		0.216783
340.5		0.216702
340		0.215748
339.5		0.212921
339		0.21219
338.5		0.214034
338		0.215673
337.5		0.213019
337		0.213645
336.5		0.209975
336		0.214599
335.5		0.21238
335		0.210391
334.5		0.210489
334		0.209369
333.5		0.208641
333		0.210254
332.5		0.209932
332		0.20723
331.5		0.207945
331		0.209058
330.5		0.209551
330		0.209943
329.5		0.209155
329		0.208068
328.5		0.206406
328		0.20533
327.5		0.206624
327		0.208415
326.5		0.208022
326		0.208311
325.5		0.210066
325		0.211105
324.5		0.213713
324		0.21194
323.5		0.211856
323		0.215994
322.5		0.215212
322		0.216011
321.5		0.214089
321		0.218466
320.5		0.220622
320		0.219598
319.5		0.220145
319		0.225332
318.5		0.229785
318		0.232027
317.5		0.232177
317		0.233942
316.5		0.234939
316		0.237967
315.5		0.242139
315		0.249145
314.5		0.249718
314		0.25665
313.5		0.261432
313		0.269966
312.5		0.276956
312		0.277734
311.5		0.290743
311		0.294853
310.5		0.30576
310		0.315315
309.5		0.317573
309		0.328619
308.5		0.341622
308		0.358125
307.5		0.372067
307		0.389695
306.5		0.403784
306		0.418123
305.5		0.434769
305		0.478121
304.5		0.487543
304		0.532516
303.5		0.568106
303		0.587315
302.5		0.63259
302		0.6482
301.5		0.694702
301		0.76275
300.5		0.841888
300		0.943312
299.5		0.981194
299		1.08713
298.5		1.07213
298		1.20903
297.5		1.24291
297		1.46927
296.5		1.404
296		1.84291
295.5		2.44681
295		2.42658
294.5		2.19442
294		2.62489
293.5		2.10694
293		1.78233
292.5		1.92182
292		1.45481
291.5		0.858694
291		0.335567
290.5		0.635352
290		0.194521
289.5		0.376846
289		1.46673
288.5		2.04238
288		0.129486
287.5		1.40237
287		0.28754
286.5		-0.415581
286		1.27372
285.5		1.0791
285		-1.30088
284.5		0.402537
284		0.0423005
283.5		0.523071
283		-0.00248488
282.5		0.507439
282		0.556586
281.5		-0.0328383
281		0.339986
280.5		0.472395
280		0.311741
279.5		4.91242
279		1.78747
278.5		0.831365
278		0.744435
277.5		0.105338
277		0.382886
276.5		0.148303
276		0.19398
275.5		2.69468
275		0.308884
274.5		0.298954
274		1.5679
273.5		0.0605004
273		0.408618
272.5		0.288817
272		0.617598
271.5		0.550206
271		-0.361324
270.5		0.520114
270		0.347781
269.5		-0.698227
269		0.217809
268.5		-0.0487888
268		0.513863
267.5		-1.03401
267		-2.29521
266.5		-0.00122817
266		0.304179
265.5		0.240934
265		0.250956
264.5		-0.46513
264		0.15203
263.5		0.477882
263		0.0777336
262.5		0.231349
262		-0.0480289
261.5		0.315555
261		0.0774276
260.5		-0.0898257
260		-0.0105553
259.5		-0.247802
259		0.0815846
258.5		0.670674
258		27.0099
257.5		0.379662
257		0.410307
256.5		-0.0263006
256		-0.0309978
255.5		0.011067
255		0.563604
254.5		0.099836
254		0.657172
253.5		1.31191
253		0.0680994
252.5		0.224522
252		-0.0517852
251.5		0.486122
251		1.36426
250.5		0.104923
250		-5.34678
249.5		-0.0299352
249		-0.103806
248.5		0.388985
248		0.52446
247.5		-0.593086
247		0.380624
246.5		0.373014
246		0.298069
245.5		0.558403
245		0.207558
244.5		-1.0791
244		0.373019
243.5		-1.03652
243		0.413864
242.5		0.451218
242		-0.0501835
241.5		-0.471697
241		0.627429
240.5		-0.200081
240		0.318184
239.5		0.0930429
239		0.0691471
238.5		0.279233
238		0.724938
237.5		0.0406765
237		-0.0643722
236.5		1.10874
236		-0.949278
235.5		-1.44584
235		-1.21493
234.5		1.73144
234		-0.753454
233.5		0.173105
233		-0.576859
232.5		0.10448
232		-0.18625
231.5		0.334455
231		0.585522
230.5		0.21704
230		1.47195
229.5		0.328165
229		0.994728
228.5		5.71073
228		-0.15908
227.5		0.280338
227		0.176926
226.5		0.248073
226		0.621268
225.5		12.0624
225		0.0274008
224.5		0.27466
224		0.24851
223.5		0.14841
223		-0.0928171
222.5		0.211083
222		-0.185802
221.5		0.731363
221		-0.434787
220.5		-15.5861
220		0.403871
219.5		0.0715518
219		0.0453883
218.5		-0.389654
218		0.234757
217.5		0.43818
217		0.164621
216.5		0.808509
216		0.774073
215.5		-0.171711
215		0.157142
214.5		-0.0211577
214		0.237366
213.5		-0.0646448
213		4.50912
212.5		0.143587
212		0.294186
211.5		-0.638159
211		-0.0439373
210.5		0.292941
210		0.200986
209.5		0.711827
209		5.34766
208.5		-0.515373
208		0.231094
207.5		-1.52379
207		-0.0907315
206.5		0.104859
206		0.0778395
205.5		0.00680677
205		-0.0442535
204.5		0.0511197
204		0.0487627
203.5		-0.267636
203		0.25512
202.5		0.469261
202		0.0604644
201.5		0.100511
201		0.0335606
200.5		-0.138001
200		0.121709
200		0.257008
200.5		-2.08376
201		0.71392
201.5		-0.318192
202		2.02184
202.5		-1.26485
203		-0.892695
203.5		0.591068
204		1.45391
204.5		0.245815
205		0.79049
205.5		-0.567638
206		-0.249362
206.5		-0.104388
207		0.686203
207.5		6.57277
208		-2.80673
208.5		1.62822
209		-14.1306
209.5		-1.31861
210		-0.288574
210.5		0.703295
211		0.0634461
211.5		1.80846
212		-0.220727
212.5		-0.163673
213		-11.3708
213.5		1.39282
214		-0.518875
214.5		0.491509
215		-0.254725
215.5		0.669692
216		-1.3863
216.5		-1.37331
217		-1.32093
217.5		-0.225619
218		-0.359449
218.5		2.94824
219		0.0546139
219.5		0.406207
220		-0.6645
220.5		35.7643
221		0.973676
221.5		-2.58678
222		0.527454
222.5		-0.377456
223		0.861883
223.5		0.276585
224		-3.96149
224.5		-0.435368
225		0.36218
225.5		-25.7277
226		-1.00935
226.5		0.0716733
227		0.1472
227.5		-0.404429
228		0.499424
228.5		-11.9187
229		-2.08491
229.5		-0.611116
230		-2.78252
230.5		0.163899
231		-0.875407
231.5		-0.72674
232		1.10398
232.5		-0.0250286
233		3.44755
233.5		0.177894
234		1.43954
234.5		-2.80713
235		2.6184
235.5		3.239
236		1.97341
236.5		-2.14708
237		-0.354763
237.5		0.48895
238		0.558401
238.5		-0.090688
239		0.252776
239.5		-0.0870094
240		1.07379
240.5		-0.891944
241		-1.20731
241.5		1.75662
242		0.171814
242.5		-0.280074
243		0.0300121
243.5		2.83425
244		-0.390677
244.5		2.17591
245		0.0640342
245.5		-0.572853
246		0.0592265
246.5		-0.147297
247		-0.557594
247.5		1.6511
248		-0.910283
248.5		-0.531628
249		0.574908
249.5		-0.278321
250		9.46656
250.5		-0.383651
251		-1.43079
251.5		0.839499
252		0.754762
252.5		0.20956
253		0.342649
253.5		-1.01782
254		-1.10392
254.5		-0.0956058
255		-1.0257
255.5		53.0067
256		0.62354
256.5		3.10081
257		0.334207
257.5		-0.471223
258		-43.1031
258.5		-3.83403
259		-0.319596
259.5		0.499846
260		0.643065
260.5		0.66038
261		-0.884271
261.5		-0.0137072
262		0.423149
262.5		0.0591933
263		0.34624
263.5		-1.37766
264		0.218226
264.5		0.634842
265		-0.363849
265.5		0.16029
266		1.71234
266.5		0.0882861
267		3.87976
267.5		2.54493
268		-0.981027
268.5		0.294046
269		0.133359
269.5		0.323685
270		-0.473752
270.5		-1.41106
271		1.12454
271.5		-0.452236
272		-1.44536
272.5		-0.118275
273		-0.238102
273.5		0.335411
274		5.88607
274.5		-0.65746
275		-0.308935
275.5		-3.71871
276		-1.03336
276.5		0.626937
277		-0.332485
277.5		0.398411
278		-1.82767
278.5		-1.2676
279		-2.02001
279.5		-7.29522
280		3.16958
280.5		-0.162762
281		-0.0113497
281.5		1.47932
282		-0.66731
282.5		0.160473
283		0.0904064
283.5		-0.165428
284		0.256366
284.5		-0.543419
285		2.637
285.5		-1.82142
286		-2.65092
286.5		0.862599
287		-0.335242
287.5		-1.44828
288		0.850197
288.5		-1.41783
289		-1.20502
289.5		0.878661
290		0.401209
290.5		0.0907344
291		1.20342
291.5		-0.252353
292		0.624705
292.5		-1.68353
293		1.36606
293.5		-1.03936
294		-1.89782
294.5		0.611303
295		-0.972578
295.5		-0.56959
296		-0.487141
296.5		0.420187
297		-0.232802
297.5		0.0418144
298		0.0286785
298.5		0.143167
299		-0.125464
299.5		-0.077958
300		-0.0074676
300.5		0.0191691
301		-0.0570849
301.5		0.0719131
302		-0.0113208
302.5		-0.00234862
303		0.0101084
303.5		-0.0298606
304		-0.0426014
304.5		-0.0129367
305		-0.0290693
305.5		0.000728491
306		0.000950084
306.5		0.00926607
307		0.0171905
307.5		-0.00102309
308		-0.00242701
308.5		-0.000147091
309		0.00729766
309.5		0.00124242
310		0.000296604
310.5		-0.00961396
311		0.00302918
311.5		-0.00259952
312		0.00177187
312.5		-0.00483451
313		-0.00119626
313.5		0.00118871
314		0.00208055
314.5		0.00953587
315		-0.00186261
315.5		0.00959376
316		0.00702699
316.5		0.00719263
317		0.0035904
317.5		0.00580913
318		0.000981651
318.5		0.000982467
319		0.00354797
319.5		0.0101063
320		0.00551027
320.5		0.00273224
321		0.00417457
321.5		0.00650136
322		0.00624762
322.5		0.00694763
323		0.00658852
323.5		0.0064039
324		0.00351145
324.5		0.00322036
325		0.00145071
325.5		0.00443663
326		0.00428004
326.5		0.00382526
327		0.00413635
327.5		0.00745179
328		0.00621023
328.5		0.00314224
329		0.0053925
329.5		0.00384704
330		0.0045701
330.5		0.00308404
331		0.00986178
331.5		0.00534138
332		0.00836172
332.5		0.00466345
333		0.00357754
333.5		0.00411203
334		0.00528196
334.5		0.00607666
335		0.0044396
335.5		0.00382842
336		0.00463509
336.5		0.00538684
337		0.00502828
337.5		0.00580711
338		0.00544207
338.5		0.00803973
339		0.00540498
339.5		0.00642231
340		0.00760035
340.5		0.00888536
341		0.00945345
341.5		0.0083953
342		0.008457
342.5		0.00876424
343		0.00927555
343.5		0.00598563
344		0.010315
344.5		0.00842088
345		0.00856617
345.5		0.00851979
346		0.00736177
346.5		0.0078658
347		0.00822581
347.5		0.00788859
348		0.00737239
348.5		0.00827509
349		0.00894873
349.5		0.00887669
350		0.00906222
350.5		0.00832794
351		0.00672773
351.5		0.00632655
352		0.00750424
352.5		0.00835768
353		0.00891699
353.5		0.00902072
354		0.00876339
354.5		0.00859413
355		0.00668242
355.5		0.00813736
356		0.00863685
356.5		0.00784186
357		0.00726175
357.5		0.0092955
358		0.00966896
358.5		0.00853034
359		0.0076217
359.5		0.00647435
360		0.00679771
360.5		0.00623564
361		0.00754346
361.5		0.00630631
362		0.00878273
362.5		0.00764866
363		0.00724459
363.5		0.00815217
364		0.00775002
364.5		0.00791818
365		0.00946814
365.5		0.0094955
366		0.00916674
366.5		0.00670031
367		0.00627892
367.5		0.00659631
368		0.00713219
368.5		0.00621067
369		0.00687826
369.5		0.00665779
370		0.00822737
370.5		0.00697501
371		0.00764882
371.5		0.00871369
372		0.00701052
372.5		0.00649675
373		0.00683219
373.5		0.00803146
374		0.00817348
374.5		0.00869493
375		0.00708865
375.5		0.00918887
376		0.00526404
376.5		0.00817689
377		0.00794979
377.5		0.00678222
378		0.00820633
378.5		0.00704816
379		0.0072275
379.5		0.00719485
380		0.0074224
380.5		0.00621483
381		0.00724333
381.5		0.00792647
382		0.00642652
382.5		0.00842247
383		0.00718634
383.5		0.00719729
384		0.00721011
384.5		0.00770077
385		0.0069645
385.5		0.00740426
386		0.00698169
386.5		0.00648188
387		0.00699957
387.5		0.0075971
388		0.0075278
388.5		0.00762117
389		0.00634975
389.5		0.00762966
390		0.00772665
390.5		0.00601788
391		0.00620208
391.5		0.00818401
392		0.00629962
392.5		0.00748774
393		0.00594879
393.5		0.00710449
394		0.00724513
394.5		0.00632418
395		0.00648172
395.5		0.00762037
396		0.00701602
396.5		0.00719113
397		0.00684338
397.5		0.00744847
398		0.00779356
398.5		0.00605536
399		0.00702332
399.5		0.00704225
400		0.00686598
400.5		0.00779964
401		0.00737527
401.5		0.00790892
402		0.00721112
402.5		0.00642863
403		0.00660066
403.5		0.00678143
404		0.00722242
404.5		0.00678556
405		0.00680213
405.5		0.00643143
406		0.00758567
406.5		0.00819601
407		0.00626632
407.5		0.00733753
408		0.00698324
408.5		0.00775396
409		0.00810811
409.5		0.00715345
410		0.00709904
410.5		0.00689715
411		0.00752538
411.5		0.00692011
412		0.00699606
412.5		0.00613981
413		0.00709096
413.5		0.00753659
414		0.00684091
414.5		0.00700955
415		0.00763091
415.5		0.00798456
416		0.00826228
416.5		0.00667721
417		0.00692618
417.5		0.00765373
418		0.00765441
418.5		0.00740088
419		0.00678175
419.5		0.00670135
420		0.00697757
420.5		0.00732116
421		0.0073231
421.5		0.00831638
422		0.00811717
422.5		0.00752679
423		0.00752479
423.5		0.00725728
424		0.0084041
424.5		0.00735229
425		0.00752745
425.5		0.00744549
426		0.00788867
426.5		0.00664776
427		0.00665956
427.5		0.00754818
428		0.00746932
428.5		0.00710038
429		0.00622554
429.5		0.00728824
430		0.00702035
430.5		0.0063325
431		0.00675315
431.5		0.00711617
432		0.00737712
432.5		0.00730577
433		0.0059651
433.5		0.0065731
434		0.007385
434.5		0.00722118
435		0.00640114
435.5		0.00703535
436		0.00694259
436.5		0.0070291
437		0.00739092
437.5		0.006672
438		0.00675375
438.5		0.00648889
439		0.00675796
439.5		0.00738697
440		0.00658187
440.5		0.00648485
441		0.00656319
441.5		0.00727015
442		0.00603586
442.5		0.00638241
443		0.00638411
443.5		0.0067215
444		0.0072483
444.5		0.00637337
445		0.00573749
445.5		0.00608788
446		0.00599912
446.5		0.00607127
447		0.00669663
447.5		0.00615114
448		0.00710402
448.5		0.00649864
449		0.00690258
449.5		0.00664742
450		0.00663234
450.5		0.00698385
451		0.00706128
451.5		0.00643478
452		0.00773509
452.5		0.00746787
453		0.00796399
453.5		0.00830594
454		0.00822297
454.5		0.00873854
455		0.00778547
455.5		0.00856253
456		0.00871742
456.5		0.00934175
457		0.00845557
457.5		0.00976495
458		0.00883117
458.5		0.00865351
459		0.0102315
459.5		0.00920379
460		0.00956272
460.5		0.0101739
461		0.00985265
461.5		0.0103948
462		0.00968671
462.5		0.00987935
463		0.0110236
463.5		0.00992011
464		0.0100948
464.5		0.0100326
465		0.00994631
465.5		0.00969932
466		0.010596
466.5		0.00980825
467		0.0102673
467.5		0.0104573
468		0.0105759
468.5		0.00986754
469		0.0100659
469.5		0.0100839
470		0.0113231
470.5		0.00928986
471		0.0103627
471.5		0.00986282
472		0.00995873
472.5		0.00995962
473		0.0103352
473.5		0.00971485
474		0.0103473
474.5		0.0104627
475		0.00991259
475.5		0.00991795
476		0.00922493
476.5		0.0103028
477		0.0106007
477.5		0.00977376
478		0.00996738
478.5		0.010984
479		0.0102559
479.5		0.0101883
480		0.00919017
480.5		0.0100891
481		0.0093713
481.5		0.00983607
482		0.00975476
482.5		0.00958204
483		0.00948819
483.5		0.0106732
484		0.00968921
484.5		0.010431
485		0.0102564
485.5		0.00968302
486		0.0103489
486.5		0.00970429
487		0.0102498
487.5		0.00973191
488		0.0107133
488.5		0.00925332
489		0.0108177
489.5		0.00898835
490		0.0104741
490.5		0.01065
491		0.0102715
491.5		0.0111999
492		0.0104847
492.5		0.0114953
493		0.0115144
493.5		0.011326
494		0.0106922
494.5		0.00995759
495		0.0102465
495.5		0.0110093
496		0.0112006
496.5		0.00972582
497		0.0102959
497.5		0.0113267
498		0.0108797
498.5		0.0108686
499		0.0104322
499.5		0.0107276
500		0.0101727
500.5		0.0107688
501		0.0105696
501.5		0.0102079
502		0.010889
502.5		0.0113722
503		0.0111216
503.5		0.0110305
504		0.0106715
504.5		0.0106906
505		0.0103249
505.5		0.0110078
506		0.0110067
506.5		0.0101634
507		0.0104722
507.5		0.0111429
508		0.0111418
508.5		0.0104008
509		0.0112413
509.5		0.011266
510		0.0117288
510.5		0.0118321
511		0.0106058
511.5		0.0113398
512		0.0118479
512.5		0.0114537
513		0.0126812
513.5		0.0110729
514		0.0125714
514.5		0.0125966
515		0.0128645
515.5		0.0127668
516		0.0126848
516.5		0.0127485
517		0.0131391
517.5		0.0126643
518		0.0130402
518.5		0.0137247
519		0.013426
519.5		0.0136973
520		0.0134183
520.5		0.0136999
521		0.0134375
521.5		0.0145756
522		0.0142735
522.5		0.0144679
523		0.0137117
523.5		0.0143919
524		0.0139933
524.5		0.01437
525		0.0148685
525.5		0.0144638
526		0.0149495
526.5		0.0147605
527		0.0144597
527.5		0.0156235
528		0.0141797
528.5		0.0153217
529		0.0149638
529.5		0.0149353
530		0.0157098
530.5		0.0144817
531		0.0162718
531.5		0.0159093
532		0.0157128
532.5		0.0155371
533		0.0153436
533.5		0.0162733
534		0.0156339
534.5		0.0159032
535		0.0159002
535.5		0.0160952
536		0.015166
536.5		0.0159275
537		0.0168099
537.5		0.0154418
538		0.0157473
538.5		0.0159321
539		0.0167955
539.5		0.0160566
540		0.0171478
540.5		0.017656
541		0.0171805
541.5		0.0182304
542		0.017304
542.5		0.0177532
543		0.0163589
543.5		0.017103
544		0.0177803
544.5		0.0176093
545		0.0172084
545.5		0.0177237
546		0.0178007
546.5		0.0183697
547		0.0180982
547.5		0.018055
548		0.0174113
548.5		0.0180059
549		0.0180775
549.5		0.0186943
550		0.0187291
550.5		0.0187865
551		0.0190723
551.5		0.0187883
552		0.018877
552.5		0.0185824
553		0.019181
553.5		0.0186002
554		0.0186961
554.5		0.0193858
555		0.0188806
555.5		0.0193858
556		0.0203338
556.5		0.0190037
557		0.0198733
557.5		0.0194743
558		0.0196078
558.5		0.0197925
559		0.0192012
559.5		0.0201232
560		0.0197906
560.5		0.021097
561		0.0212357
561.5		0.0218621
562		0.0219875
562.5		0.0217349
563		0.0219559
563.5		0.0210375
564		0.0211416
564.5		0.0227885
565		0.0211681
565.5		0.0216014
566		0.0212439
566.5		0.0222115
567		0.022513
567.5		0.0222458
568		0.0224719
568.5		0.0220213
569		0.0228956
569.5		0.0224319
570		0.0222608
570.5		0.0225347
571		0.0223464
571.5		0.0228258
572		0.0231169
572.5		0.0229508
573		0.0235499
573.5		0.0235781
574		0.0229375
574.5		0.0231415
575		0.0231459
575.5		0.023294
576		0.0230495
576.5		0.0232446
577		0.0232513
577.5		0.0231437
578		0.0243361
578.5		0.0227448
579		0.0240324
579.5		0.0239452
580		0.0237452
580.5		0.0241546
581		0.0229597
581.5		0.0238578
582		0.0243431
582.5		0.0247391
583		0.0238072
583.5		0.0235499
584		0.023874
584.5		0.0236738
585		0.0239382
585.5		0.0246782
586		0.0236692
586.5		0.0246424
587		0.0242817
587.5		0.02461
588		0.0248886
588.5		0.0238003
589		0.0248718
589.5		0.0249806
590		0.0250726
590.5		0.024317
591		0.0239086
591.5		0.0249758
592		0.0248134
592.5		0.0248038
593		0.0249103
593.5		0.0244518
594		0.0252907
594.5		0.0247309
595		0.0250969
595.5		0.0249007
596		0.0250461
596.5		0.0252182
597		0.024587
597.5		0.0250704
598		0.0255988
598.5		0.0244636
599		0.0260558
599.5		0.0253595
600		0.0258353
600.5		0.0256236
601		0.0253066
601.5		0.025636
602		0.0248834
602.5		0.026147
603		0.0256435
603.5		0.024701
604		0.0255861
604.5		0.0259652
605		0.0258705
605.5		0.0258629
606		0.0255037
606.5		0.0252722
607		0.0261851
607.5		0.0254889
608		0.0258755
608.5		0.0254839
609		0.0252918
609.5		0.0254666
610		0.0260726
610.5		0.0265081
611		0.0251995
611.5		0.0258184
612		0.0254963
612.5		0.0256185
613		0.0259007
613.5		0.0255936
614		0.0248369
614.5		0.0262442
615		0.0259057
615.5		0.0251872
616		0.0259778
616.5		0.0261699
617		0.0256485
617.5		0.0264791
618		0.0248279
618.5		0.0258202
619		0.0256635
619.5		0.0259576
620		0.0260776
620.5		0.0251486
621		0.0262618
621.5		0.0253474
622		0.0260912
622.5		0.0250735
623		0.025263
623.5		0.0260929
624		0.0252441
624.5		0.0254279
625		0.0258288
625.5		0.0242545
626		0.0256053
626.5		0.0253493
627		0.0246493
627.5		0.0241362
628		0.0249096
628.5		0.0250579
629		0.0244688
629.5		0.0244198
630		0.0237158
630.5		0.0235472
631		0.0243484
631.5		0.0241317
632		0.0233569
632.5		0.0243459
633		0.0236268
633.5		0.0234107
634		0.0238815
634.5		0.0235673
635		0.0238647
635.5		0.0238191
636		0.0239316
636.5		0.0246988
637		0.0239912
637.5		0.0247992
638		0.0234422
638.5		0.0236378
639		0.0241024
639.5		0.0239072
640		0.0246197
640.5		0.0233463
641		0.0239497
641.5		0.0240639
642		0.0228475
642.5		0.0239569
643		0.0236291
643.5		0.0240112
644		0.0240279
644.5		0.023992
645		0.0232998
645.5		0.0230639
646		0.0243587
646.5		0.0231749
647		0.0240064
647.5		0.0237622
648		0.0229759
648.5		0.0233436
649		0.0240533
649.5		0.0229622
650		0.0235329
650.5		0.0226348
651		0.0233872
651.5		0.0232604
652		0.0233204
652.5		0.0230159
653		0.0223525
653.5		0.0227205
654		0.0226258
654.5		0.0224029
655		0.0234011
655.5		0.0222509
656		0.0226078
656.5		0.0220042
657		0.0230045
657.5		0.0232904
658		0.0216291
658.5		0.0231059
659		0.0224953
659.5		0.0225064
660		0.0224953
660.5		0.0220901
661		0.0218877
661.5		0.0219889
662		0.0219933
662.5		0.0213861
663		0.021401
663.5		0.02111
664		0.0214575
664.5		0.0212238
665		0.021793
665.5		0.0218639
666		0.0212259
666.5		0.0215649
667		0.0210891
667.5		0.0215671
668		0.0209652
668.5		0.020301
669		0.0214873
669.5		0.0210703
670		0.0213989
670.5		0.0211839
671		0.0207859
671.5		0.0207838
672		0.0209776
672.5		0.0205778
673		0.0208808
673.5		0.019602
674		0.0209922
674.5		0.01909
675		0.0197088
675.5		0.0200891
676		0.0198
676.5		0.0205093
677		0.0192802
677.5		0.020178
678		0.0203779
678.5		0.0198774
679		0.0189165
679.5		0.0192574
680		0.0197648
680.5		0.019573
681		0.0196407
681.5		0.0183831
682		0.0192498
682.5		0.0193714
683		0.0187766
683.5		0.0184911
684		0.0192707
684.5		0.0191624
685		0.0192631
685.5		0.0181764
686		0.0190843
686.5		0.0183704
687		0.018471
687.5		0.0183631
688		0.0175178
688.5		0.0186667
689		0.0183904
689.5		0.0182752
690		0.0176738
690.5		0.0177901
691		0.0178536
691.5		0.0175855
692		0.0173879
692.5		0.0173519
693		0.0169759
693.5		0.018058
694		0.0171648
694.5		0.0169877
695		0.0177305
695.5		0.0165582
696		0.0179469
696.5		0.016991
697		0.0167736
697.5		0.0168689
698		0.0171784
698.5		0.0162706
699		0.0166453
699.5		0.0163934
700		0.0171378
700.5		0.0169726
701		0.0164711
701.5		0.0164581
702		0.016573
702.5		0.0171598
703		0.0158605
703.5		0.0169425
704		0.016277
704.5		0.0162546
705		0.0163644
705.5		0.0157682
706		0.0155988
706.5		0.0159653
707		0.0154741
707.5		0.0162498
708		0.0153197
708.5		0.0149239
709		0.0146944
709.5		0.014555
710		0.0152344
710.5		0.0159409
711		0.0155129
711.5		0.0155781
712		0.0137013
712.5		0.0159585
713		0.0165709
713.5		0.0157668
714		0.0153304
714.5		0.0140578
715		0.0160038
715.5		0.0143959
716		0.01549
716.5		0.0160292
717		0.0152693
717.5		0.015943
718		0.015751
718.5		0.0169603
719		0.0155294
719.5		0.0165351
720		0.016062
720.5		0.0154995
721		0.0155332
721.5		0.0151284
722		0.0160198
722.5		0.0155202
723		0.0149755
723.5		0.0138568
724		0.0141578
724.5		0.0141919
725		0.0143244
725.5		0.0136867
726		0.014556
726.5		0.0140351
727		0.013358
727.5		0.0133398
728		0.013392
728.5		0.0130757
729		0.0129146
729.5		0.0128431
730		0.0136315
730.5		0.0123894
731		0.0138466
731.5		0.0126781
732		0.0120837
732.5		0.012895
733		0.0116394
733.5		0.0117392
734		0.0121374
734.5		0.0132007
735		0.0118589
735.5		0.0122481
736		0.0129511
736.5		0.0128484
737		0.0115647
737.5		0.0115727
738		0.0113839
738.5		0.0113805
739		0.0117717
739.5		0.0120016
740		0.0109879
740.5		0.0120888
741		0.0114886
741.5		0.0121818
742		0.0114008
742.5		0.0100179
743		0.0102183
743.5		0.0105127
744		0.0113918
744.5		0.0119024
745		0.0100238
745.5		0.0109192
746		0.0110327
746.5		0.00971837
747		0.0114405
747.5		0.0104249
748		0.009839
748.5		0.0112281
749		0.0102142
749.5		0.0109409
750		0.00973671
750.5		0.00963736
751		0.010339
751.5		0.0103083
752		0.0105399
752.5		0.00913877
753		0.00955795
753.5		0.00986154
754		0.0103164
754.5		0.00895612
755		0.00944898
755.5		0.00975027
756		0.00856147
756.5		0.00864725
757		0.0100448
757.5		0.00915059
758		0.00914513
758.5		0.0096527
759		0.00924637
759.5		0.00945556
760		0.00857171
760.5		0.00916243
761		0.00856574
761.5		0.00973574
762		0.00935975
762.5		0.00916609
763		0.00964502
763.5		0.00818037
764		0.00796654
764.5		0.00897487
765		0.00814138
765.5		0.00906826
766		0.00887781
766.5		0.00827023
767		0.00855466
767.5		0.00846867
768		0.00826199
768.5		0.00866189
769		0.00777202
769.5		0.00916883
770		0.00897398
770.5		0.00766474
771		0.00856488
771.5		0.00788581
772		0.00845603
772.5		0.00798164
773		0.00796733
773.5		0.00857599
774		0.00769308
774.5		0.00925281
775		0.00809191
775.5		0.00806211
776		0.00746938
776.5		0.00777822
777		0.00707594
777.5		0.00786774
778		0.00828922
778.5		0.0079721
779		0.00708583
779.5		0.00688691
780		0.0064812
780.5		0.00768003
781		0.0074798
781.5		0.00708795
782		0.00817384
782.5		0.00728543
783		0.00689931
783.5		0.00678169
784		0.00728543
784.5		0.00748652
785		0.00756671
785.5		0.00679524
786		0.0059755
786.5		0.00718348
787		0.00629685
787.5		0.00728761
788		0.00738597
788.5		0.0061
789		0.00708866
789.5		0.00689793
790		0.00677696
790.5		0.00659209
791		0.00706749
791.5		0.00768233
792		0.00670872
792.5		0.00619752
793		0.00570114
793.5		0.00628743
794		0.00619257
794.5		0.00579826
795		0.0066
795.5		0.00559273
796		0.00658814
796.5		0.00579421
797		0.00669598
797.5		0.00611161
798		0.00649675
798.5		0.0053973
799		0.00519014
799.5		0.005001
800		0.00630126
800.5		0.00598265
801		0.00641347
801.5		0.00609817
802		0.00608843
802.5		0.00630126
803		0.00509491
803.5		0.00510511
804		0.00479664
804.5		0.00519844
805		0.00590827
805.5		0.00489755
806		0.00600721
806.5		0.0059065
807		0.00560056
807.5		0.00590591
808		0.00580232
808.5		0.00590354
809		0.00510408
809.5		0.00598563
810		0.0049995
810.5		0.00668863
811		0.00519948
811.5		0.0047047
812		0.0055
812.5		0.005997
813		0.0060012
813.5		0.00610488
814		0.00470235
814.5		0.00520052
815		0.00490687
815.5		0.00588411
816		0.00399241
816.5		0.00489657
817		0.00649935
817.5		0.00591657
818		0.0045045
818.5		0.00579131
819		0.0048024
819.5		0.00590059
820		0.00429356
820.5		0.00608175
821		0.00559329
821.5		0.00419539
822		0.00409059
822.5		0.00580522
823		0.00409304
823.5		0.0057971
824		0.00359533
824.5		0.00479138
825		0.00499102
825.5		0.00588059
826		0.00369261
826.5		0.0034864
827		0.00438596
827.5		0.00558381
828		0.00498058
828.5		0.00578092
829		0.004769
829.5		0.00538063
830		0.00547264
830.5		0.00538331
831		0.00477517
831.5		0.0042752
832		0.00387944
832.5		0.0042752
833		0.0041708
833.5		0.00506103
834		0.00526316
834.5		0.00337704
835		0.00387058
835.5		0.00485245
836		0.00356259
836.5		0.00377096
837		0.0056458
837.5		0.0042549
838		0.00455671
838.5		0.00454545
839		0.00534442
839.5		0.00306052
840		0.00454545
840.5		0.00514393
841		0.00454276
841.5		0.00396
842		0.00345236
842.5		0.00474684
843		0.00375346
843.5		0.00452489
844		0.0021737
844.5		0.00069129
845		0.00365721
845.5		0.00336567
846		0.00474215
846.5		0.0040426
847		0.0033567
847.5		0.00276571
848		0.00385071
848.5		0.00374126
849		0.00375605
849.5		0.00296267
850		0.00574428
850.5		0.000197922
851		0.00237084
851.5		0.00347636
852		0.00128408
852.5		0.00167554
853		0.00327284
853.5		0.00128981
854		0.0013882
854.5		0.00267274
855		0.00297413
855.5		0.00237647
856		0.000594766
856.5		0.00208127
857		0.00109257
857.5		0.00309536
858		0.00268017
858.5		-0.0023845
859		0.00208313
859.5		0.000896772
860		0.00158699
860.5		0.00230715
861		0.00552875
861.5		0.00189356
862		0.00564748
862.5		0.0011988
863		-0.000198926
863.5		0
864		0.00319266
864.5		0.001287
865		-0.000805234
865.5		-9.997e-05
866		-0.000398486
866.5		0.00410863
867		0.00189829
867.5		0.00369926
868		0.00259533
868.5		0.00320545
869		0.00610183
869.5		0.00528995
870		-0.00010009
870.5		0.00566544
871		-0.00232746
871.5		0.0061202
872		-0.0010954
872.5		0.000404245
873		-0.00262573
873.5		-0.00649482
874		0.00635017
874.5		-0.0044566
875		-0.00101543
875.5		0.00101523
876		0.00413306
876.5		0.00352716
877		-0.00112119
877.5		0.00069958
878		0.00110442
878.5		-0.000501907
879		-0.000710083
879.5		0.00964173
880		0.00507563
880.5		0.00835767
881		0.00548027
881.5		0.00247304
882		-0.00409795
882.5		0.00323298
883		0.00668724
883.5		0.00979314
884		0.0097566
884.5		0.00435752
885		0.00275428
885.5		0.0046715
886		0.00815827
886.5		0.0237662
887		0.000888801
887.5		-0.00412641
888		0.00853585
888.5		-0.00268179
889		-0.00873319
889.5		-0.00713711
890		0.00462371
890.5		0.0012018
891		0.0182168
891.5		0.00478755
892		-0.00212357
892.5		0.000880712
893		-0.0050246
893.5		0.0153166
894		-0.00147565
894.5		0.00200985
895		0.00770294
895.5		0.0176852
896		-0.00568635
896.5		-0.00952088
897		-0.00154321
897.5		0.027712
898		-0.00267062
898.5		0.0130908
899		0.000302786
899.5		-0.0125935
900		-0.0235118
