lambda		value

Calibration:
lambda:	800
Abs:	-0.0003

Data:
#
900		0.1018
899.5		0.0915785
899		0.110006
898.5		0.09996
898		0.0909951
897.5		0.1027
897		0.101083
896.5		0.110563
896		0.104195
895.5		0.0943164
895		0.0988925
894.5		0.103308
894		0.096298
893.5		0.111051
893		0.11406
892.5		0.0988234
892		0.104606
891.5		0.0998794
891		0.11337
890.5		0.100902
890		0.0986185
889.5		0.098524
889		0.0988513
888.5		0.112658
888		0.102658
887.5		0.101089
887		0.0969434
886.5		0.0991096
886		0.099111
885.5		0.101555
885		0.0971491
884.5		0.107309
884		0.105366
883.5		0.103552
883		0.102035
882.5		0.102682
882		0.0994011
881.5		0.0995185
881		0.0979948
880.5		0.100888
880		0.106752
879.5		0.104857
879		0.103311
878.5		0.10016
878		0.101207
877.5		0.101178
877		0.102747
876.5		0.10521
876		0.102126
875.5		0.100905
875		0.104963
874.5		0.104433
874		0.104948
873.5		0.104321
873		0.106165
872.5		0.102642
872		0.0996606
871.5		0.105691
871		0.106698
870.5		0.101752
870		0.102782
869.5		0.102209
869		0.10106
868.5		0.103748
868		0.100935
867.5		0.102058
867		0.100219
866.5		0.102628
866		0.101624
865.5		0.100938
865		0.103235
864.5		0.0994795
864		0.101133
863.5		0.103768
863		0.100313
862.5		0.101894
862		0.100618
861.5		0.101804
861		0.101855
860.5		0.103135
860		0.101526
859.5		0.100574
859		0.100956
858.5		0.102757
858		0.101096
857.5		0.101394
857		0.100724
856.5		0.100187
856		0.101797
855.5		0.0990291
855		0.100738
854.5		0.100929
854		0.101956
853.5		0.101095
853		0.100622
852.5		0.099473
852		0.100295
851.5		0.102104
851		0.0995359
850.5		0.10038
850		0.101127
849.5		0.100549
849		0.100044
848.5		0.0996457
848		0.100022
847.5		0.100393
847		0.101366
846.5		0.100523
846		0.100336
845.5		0.100733
845		0.0996532
844.5		0.100061
844		0.100842
843.5		0.0994691
843		0.100295
842.5		0.100729
842		0.100505
841.5		0.100459
841		0.100159
840.5		0.100593
840		0.100278
839.5		0.0999043
839		0.101084
838.5		0.100668
838		0.101068
837.5		0.0996746
837		0.100264
836.5		0.101037
836		0.100478
835.5		0.100617
835		0.100958
834.5		0.101217
834		0.100487
833.5		0.100643
833		0.101176
832.5		0.10122
832		0.101223
831.5		0.100628
831		0.101143
830.5		0.101667
830		0.100689
829.5		0.100871
829		0.100389
828.5		0.101428
828		0.10081
827.5		0.101111
827		0.100951
826.5		0.100612
826		0.100795
825.5		0.100535
825		0.100637
824.5		0.101035
824		0.100338
823.5		0.100598
823		0.100358
822.5		0.10108
822		0.0998404
821.5		0.100279
821		0.100159
820.5		0.0997997
820		0.1
819.5		0.10092
819		0.0999
818.5		0.0995016
818		0.1003
817.5		0.100261
817		0.0998801
816.5		0.0996607
816		0.0994222
815.5		0.099065
815		0.10048
814.5		0.0995204
814		0.0994
813.5		0.0996598
813		0.0991405
812.5		0.0995009
812		0.0993006
811.5		0.0991992
811		0.0988813
810.5		0.0986654
810		0.0983819
809.5		0.0987266
809		0.0987592
808.5		0.0988198
808		0.0990802
807.5		0.098999
807		0.0986211
806.5		0.0989187
806		0.0985379
805.5		0.0977045
805		0.0986775
804.5		0.0980431
804		0.0980645
803.5		0.0984984
803		0.0977066
802.5		0.0979412
802		0.0974318
801.5		0.0973442
801		0.0979131
800.5		0.0965424
800		0.0973416
799.5		0.0973416
799		0.0969342
798.5		0.0971057
798		0.0970059
797.5		0.097573
797		0.0968867
796.5		0.0968094
796		0.0964558
795.5		0.0964525
795		0.0966034
794.5		0.0964456
794		0.0960731
793.5		0.0960194
793		0.0962422
792.5		0.0959273
792		0.0961538
791.5		0.0954647
791		0.0951273
790.5		0.0954751
790		0.0950571
789.5		0.0954472
789		0.0948014
788.5		0.0955044
788		0.0951428
787.5		0.0949816
787		0.0952095
786.5		0.0949674
786		0.094132
785.5		0.0947724
785		0.0939768
784.5		0.0946641
784		0.0940292
783.5		0.0938981
783		0.0945864
782.5		0.0939298
782		0.0937053
781.5		0.0937869
781		0.0936
780.5		0.0934199
780		0.0933641
779.5		0.0935504
779		0.0934322
778.5		0.0927565
778		0.0933635
777.5		0.0926457
777		0.0925765
776.5		0.0923892
776		0.0924475
775.5		0.0922383
775		0.0925222
774.5		0.0918682
774		0.0926404
773.5		0.0920912
773		0.0914567
772.5		0.0919841
772		0.0916522
771.5		0.0917773
771		0.0911594
770.5		0.0912667
770		0.0912783
769.5		0.0913858
769		0.0909527
768.5		0.091105
768		0.0904748
767.5		0.0907362
767		0.09025
766.5		0.0904567
766		0.090854
765.5		0.0901771
765		0.0893191
764.5		0.0902036
764		0.0899524
763.5		0.0900768
763		0.0894869
762.5		0.0895462
762		0.0891422
761.5		0.0892285
761		0.0894928
760.5		0.0890786
760		0.0892207
759.5		0.0889722
759		0.0885803
758.5		0.0885412
758		0.0885452
757.5		0.0884531
757		0.0883368
756.5		0.0880341
756		0.0881166
755.5		0.0877148
755		0.0880579
754.5		0.0878487
754		0.0871938
753.5		0.0876271
753		0.0873419
752.5		0.0872393
752		0.0870176
751.5		0.0863686
751		0.086983
750.5		0.0867808
750		0.0865836
749.5		0.086773
749		0.0864543
748.5		0.0865021
748		0.0863392
747.5		0.0861679
747		0.0863132
746.5		0.0853736
746		0.0858629
745.5		0.0858384
745		0.085706
744.5		0.0852109
744		0.0851877
743.5		0.0848992
743		0.0847531
742.5		0.0850143
742		0.0847337
741.5		0.084664
741		0.084566
740.5		0.0844537
740		0.0842866
739.5		0.084228
739		0.0838767
738.5		0.0838453
738		0.0837972
737.5		0.0836647
737		0.083549
736.5		0.0833373
736		0.083289
735.5		0.0830436
735		0.0832232
734.5		0.0826027
734		0.0825881
733.5		0.0825392
733		0.0825229
732.5		0.0819887
732		0.081667
731.5		0.0815382
731		0.0817955
730.5		0.0818115
730		0.0815713
729.5		0.0810432
729		0.0809019
728.5		0.0800959
728		0.0808552
727.5		0.0801322
727		0.0802559
726.5		0.0803832
726		0.0800594
725.5		0.0800118
725		0.0794545
724.5		0.0789632
724		0.078491
723.5		0.0787251
723		0.078532
722.5		0.0780331
722		0.0771243
721.5		0.0769681
721		0.0766287
720.5		0.0767423
720		0.0766096
719.5		0.0753078
719		0.0759313
718.5		0.0754397
718		0.0755246
717.5		0.0756549
717		0.0751343
716.5		0.0748818
716		0.0751948
715.5		0.0750039
715		0.0756142
714.5		0.0757139
714		0.0758173
713.5		0.0759891
713		0.0758034
712.5		0.0758963
712		0.0767327
711.5		0.0768831
711		0.0765389
710.5		0.0768317
710		0.0772675
709.5		0.0770268
709		0.0771772
708.5		0.0774297
708		0.0772675
707.5		0.0773216
707		0.0774435
706.5		0.0770402
706		0.0776062
705.5		0.0771372
705		0.0770857
704.5		0.0766887
704		0.0769005
703.5		0.0766735
703		0.0766887
702.5		0.076855
702		0.0767061
701.5		0.0766521
701		0.0763843
700.5		0.076557
700		0.0762708
699.5		0.0762881
699		0.0761739
698.5		0.0761599
698		0.076243
697.5		0.0764144
697		0.0759583
696.5		0.0762359
696		0.0758684
695.5		0.0756967
695		0.0754134
694.5		0.075816
694		0.0752478
693.5		0.0756814
693		0.0755166
692.5		0.0754501
692		0.0754708
691.5		0.0751783
691		0.0751358
690.5		0.0753354
690		0.0750893
689.5		0.0748711
689		0.0751996
688.5		0.0748415
688		0.0750549
687.5		0.0748798
687		0.0748563
686.5		0.0749389
686		0.0748238
685.5		0.074676
685		0.074481
684.5		0.0745638
684		0.0744424
683.5		0.0746284
683		0.0744424
682.5		0.0742619
682		0.0742809
681.5		0.0744571
681		0.0738623
680.5		0.0739984
680		0.0741496
679.5		0.0739499
679		0.0741791
678.5		0.0740569
678		0.0740031
677.5		0.0739884
677		0.0738323
676.5		0.0742378
676		0.0740224
675.5		0.0740617
675		0.0739831
674.5		0.0736953
674		0.0740518
673.5		0.0739245
673		0.0737682
672.5		0.0738222
672		0.0738514
671.5		0.0737828
671		0.0736994
670.5		0.0736162
670		0.074027
669.5		0.0733188
669		0.0733661
668.5		0.0735766
668		0.0732753
667.5		0.0734311
667		0.0735474
666.5		0.0732211
666		0.0735153
665.5		0.0733333
665		0.0735222
664.5		0.0735007
664		0.0731632
663.5		0.0737913
663		0.0733552
662.5		0.0733515
662		0.0734388
661.5		0.0734097
661		0.0731992
660.5		0.0733261
660		0.0732862
659.5		0.073457
659		0.0734824
658.5		0.0734862
658		0.0734606
657.5		0.0733006
657		0.0733733
656.5		0.0734133
656		0.0734716
655.5		0.0737344
655		0.0733733
654.5		0.0733297
654		0.0734898
653.5		0.0734606
653		0.0737491
652.5		0.0732495
652		0.0734898
651.5		0.073837
651		0.0734824
650.5		0.0735481
650		0.0736759
649.5		0.073837
649		0.0738224
648.5		0.0737344
648		0.0739251
647.5		0.0737676
647		0.0741461
646.5		0.074024
646		0.0738663
645.5		0.0739504
645		0.0742851
644.5		0.0741566
644		0.0743785
643.5		0.0741757
643		0.0743785
642.5		0.0744571
642		0.0746812
641.5		0.0746013
641		0.0745121
640.5		0.0745818
640		0.074945
639.5		0.07507
639		0.07494
638.5		0.0753657
638		0.0752957
637.5		0.0754271
637		0.0754974
636.5		0.0755277
636		0.0758567
635.5		0.0757805
635		0.0761719
634.5		0.0761013
634		0.0761779
633.5		0.0764949
633		0.0765875
632.5		0.0765629
632		0.0769065
631.5		0.0766894
631		0.0768843
630.5		0.077237
630		0.0771207
629.5		0.0771052
629		0.0771848
628.5		0.0769905
628		0.0771002
627.5		0.0768537
627		0.0771312
626.5		0.0767159
626		0.0768531
625.5		0.0767984
625		0.0763119
624.5		0.0766729
624		0.076257
623.5		0.0761289
623		0.0761644
622.5		0.0759011
622		0.076509
621.5		0.0761651
621		0.0762701
620.5		0.0763172
620		0.0761449
619.5		0.0761062
619		0.0763746
618.5		0.0761524
618		0.0763016
617.5		0.0762224
617		0.0765686
616.5		0.0769663
616		0.0769812
615.5		0.0770009
615		0.0772259
614.5		0.0771148
614		0.07762
613.5		0.0775788
613		0.0777642
612.5		0.0782987
612		0.0780518
611.5		0.0783292
611		0.0783052
610.5		0.0788494
610		0.0786682
609.5		0.0787194
609		0.0789365
608.5		0.0791101
608		0.0795037
607.5		0.0795192
607		0.0797068
606.5		0.0796634
606		0.08018
605.5		0.0800876
605		0.0803233
604.5		0.0804966
604		0.0806538
603.5		0.0810635
603		0.080969
602.5		0.0811735
602		0.0815511
601.5		0.081487
601		0.0820573
600.5		0.0818786
600		0.0824611
599.5		0.0823366
599		0.0822959
598.5		0.0827577
598		0.0828472
597.5		0.0834846
597		0.0835008
596.5		0.0836472
596		0.0839817
595.5		0.0835629
595		0.0842357
594.5		0.0846647
594		0.0847047
593.5		0.085123
593		0.0851294
592.5		0.0853449
592		0.0856926
591.5		0.085758
591		0.0860222
590.5		0.0863597
590		0.0865069
589.5		0.0867278
589		0.0870182
588.5		0.0874353
588		0.0876046
587.5		0.0880646
587		0.0880728
586.5		0.087979
586		0.0883011
585.5		0.0891702
585		0.0887993
584.5		0.0892679
584		0.0895997
583.5		0.089899
583		0.0905737
582.5		0.0904048
582		0.0906147
581.5		0.0908767
581		0.0910209
580.5		0.0916755
580		0.0916849
579.5		0.0922968
579		0.0923186
578.5		0.0925159
578		0.0932641
577.5		0.0932733
577		0.0935493
576.5		0.093867
576		0.0943135
575.5		0.095013
575		0.0950568
574.5		0.095113
574		0.095671
573.5		0.0956727
573		0.0968783
572.5		0.0968964
572		0.0966728
571.5		0.0973027
571		0.0976923
570.5		0.0981182
570		0.0984358
569.5		0.0987096
569		0.0991125
568.5		0.0995905
568		0.0993233
567.5		0.100712
567		0.100611
566.5		0.101234
566		0.101453
565.5		0.101476
565		0.102388
564.5		0.102804
564		0.103147
563.5		0.103252
563		0.103224
562.5		0.104415
562		0.104719
561.5		0.104805
561		0.10571
560.5		0.105836
560		0.106499
559.5		0.107527
559		0.107369
558.5		0.107996
558		0.108447
557.5		0.108584
557		0.109119
556.5		0.109609
556		0.109828
555.5		0.110415
555		0.110762
554.5		0.111612
554		0.111857
553.5		0.112408
553		0.11284
552.5		0.113292
552		0.113655
551.5		0.114384
551		0.114983
550.5		0.115372
550		0.115215
549.5		0.116426
549		0.116715
548.5		0.117211
548		0.117675
547.5		0.117793
547		0.118816
546.5		0.119434
546		0.119869
545.5		0.120947
545		0.120987
544.5		0.121607
544		0.121877
543.5		0.122307
543		0.123435
542.5		0.123416
542		0.124183
541.5		0.124326
541		0.124872
540.5		0.125485
540		0.125847
539.5		0.127214
539		0.12719
538.5		0.127845
538		0.12858
537.5		0.128715
537		0.129779
536.5		0.130044
536		0.130887
535.5		0.131122
535		0.131591
534.5		0.132184
534		0.133279
533.5		0.133365
533		0.134291
532.5		0.134615
532		0.135265
531.5		0.136184
531		0.136597
530.5		0.137479
530		0.138112
529.5		0.138508
529		0.139581
528.5		0.13979
528		0.140423
527.5		0.141443
527		0.141763
526.5		0.142603
526		0.143029
525.5		0.144015
525		0.145026
524.5		0.145399
524		0.146206
523.5		0.147204
523		0.147649
522.5		0.147989
522		0.148719
521.5		0.149512
521		0.150533
520.5		0.150651
520		0.151371
519.5		0.151679
519		0.152721
518.5		0.15392
518		0.153963
517.5		0.154624
517		0.15559
516.5		0.155987
516		0.157488
515.5		0.157521
515		0.158216
514.5		0.159306
514		0.159395
513.5		0.160672
513		0.16094
512.5		0.161916
512		0.162803
511.5		0.162661
511		0.164262
510.5		0.164278
510		0.164604
509.5		0.165742
509		0.165651
508.5		0.166462
508		0.166522
507.5		0.167369
507		0.167875
506.5		0.167652
506		0.168202
505.5		0.168774
505		0.168884
504.5		0.169095
504		0.169201
503.5		0.169338
503		0.169509
502.5		0.169526
502		0.169729
501.5		0.169637
501		0.169749
500.5		0.170919
500		0.16986
499.5		0.170397
499		0.170236
498.5		0.169407
498		0.170704
497.5		0.170251
497		0.170366
496.5		0.17015
496		0.170529
495.5		0.170254
495		0.170012
494.5		0.169775
494		0.17002
493.5		0.169761
493		0.170141
492.5		0.169663
492		0.169609
491.5		0.169408
491		0.168899
490.5		0.169608
490		0.16952
489.5		0.168929
489		0.168859
488.5		0.168391
488		0.167954
487.5		0.168766
487		0.167687
486.5		0.167642
486		0.167178
485.5		0.166325
485		0.166813
484.5		0.166622
484		0.165869
483.5		0.165454
483		0.164902
482.5		0.164826
482		0.164496
481.5		0.163835
481		0.163342
480.5		0.16252
480		0.162379
479.5		0.16229
479		0.161391
478.5		0.161037
478		0.160291
477.5		0.159558
477		0.159688
476.5		0.158472
476		0.158457
475.5		0.157243
475		0.156262
474.5		0.156869
474		0.155542
473.5		0.155135
473		0.154695
472.5		0.153391
472		0.153846
471.5		0.15277
471		0.151494
470.5		0.151546
470		0.150583
469.5		0.150454
469		0.149522
468.5		0.148674
468		0.148596
467.5		0.147362
467		0.146762
466.5		0.14588
466		0.145596
465.5		0.144797
465		0.143979
464.5		0.143695
464		0.142658
463.5		0.142683
463		0.141099
462.5		0.141208
462		0.140005
461.5		0.140275
461		0.139154
460.5		0.138329
460		0.138031
459.5		0.13747
459		0.136788
458.5		0.135571
458		0.136011
457.5		0.134749
457		0.133736
456.5		0.134258
456		0.132935
455.5		0.133412
455		0.132636
454.5		0.132757
454		0.132198
453.5		0.131785
453		0.130499
452.5		0.13124
452		0.130639
451.5		0.130699
451		0.130525
450.5		0.130205
450		0.12943
449.5		0.129406
449		0.128678
448.5		0.129529
448		0.12819
447.5		0.128454
447		0.128304
446.5		0.127633
446		0.127921
445.5		0.127243
445		0.126888
444.5		0.127216
444		0.126388
443.5		0.125976
443		0.125917
442.5		0.12585
442		0.125634
441.5		0.124638
441		0.124491
440.5		0.124653
440		0.124251
439.5		0.124406
439		0.123553
438.5		0.123465
438		0.122926
437.5		0.122794
437		0.122559
436.5		0.121888
436		0.121817
435.5		0.12163
435		0.120746
434.5		0.121017
434		0.120148
433.5		0.119743
433		0.119743
432.5		0.119438
432		0.118865
431.5		0.118582
431		0.117777
430.5		0.11874
430		0.117483
429.5		0.117366
429		0.117434
428.5		0.116325
428		0.116365
427.5		0.116133
427		0.115719
426.5		0.115153
426		0.114525
425.5		0.114368
425		0.113851
424.5		0.113834
424		0.113375
423.5		0.113163
423		0.112909
422.5		0.11297
422		0.111688
421.5		0.112144
421		0.111454
420.5		0.110929
420		0.1113
419.5		0.110229
419		0.11021
418.5		0.109822
418		0.108662
417.5		0.109107
417		0.107978
416.5		0.10828
416		0.108144
415.5		0.107611
415		0.107381
414.5		0.106926
414		0.106825
413.5		0.106503
413		0.105591
412.5		0.106152
412		0.10514
411.5		0.105643
411		0.105115
410.5		0.104335
410		0.10468
409.5		0.103258
409		0.102905
408.5		0.102761
408		0.102927
407.5		0.102843
407		0.102017
406.5		0.102086
406		0.102086
405.5		0.100903
405		0.101287
404.5		0.10087
404		0.100392
403.5		0.100067
403		0.0997838
402.5		0.0996848
402		0.0997021
401.5		0.0992433
401		0.0989913
400.5		0.0982259
400		0.0982617
399.5		0.0985565
399		0.0974268
398.5		0.0969728
398		0.0969497
397.5		0.0966081
397		0.0967919
396.5		0.0964502
396		0.0966251
395.5		0.0959751
395		0.0955943
394.5		0.0960582
394		0.0948435
393.5		0.095475
393		0.0945398
392.5		0.0941406
392		0.0942724
391.5		0.0939482
391		0.0936353
390.5		0.0933393
390		0.0929357
389.5		0.0924447
389		0.0923252
388.5		0.0923128
388		0.0921231
387.5		0.0912944
387		0.0911485
386.5		0.0908474
386		0.0906834
385.5		0.0903896
385		0.0899491
384.5		0.0888665
384		0.0894328
383.5		0.0894016
383		0.0885591
382.5		0.0879601
382		0.0885175
381.5		0.0873862
381		0.0876764
380.5		0.0873178
380		0.0876435
379.5		0.0862276
379		0.0864474
378.5		0.086594
378		0.0858257
377.5		0.086232
377		0.0858511
376.5		0.085211
376		0.0851741
375.5		0.0852714
375		0.0848483
374.5		0.0853443
374		0.0845152
373.5		0.0851781
373		0.0841376
372.5		0.0843593
372		0.0850455
371.5		0.0827811
371		0.0833599
370.5		0.0833599
370		0.0833602
369.5		0.0827657
369		0.0826854
368.5		0.0822881
368		0.0823277
367.5		0.080973
367		0.0814988
366.5		0.0817011
366		0.0814997
365.5		0.0816772
365		0.0809364
364.5		0.0810264
364		0.0812313
363.5		0.0808953
363		0.0800427
362.5		0.0798849
362		0.0796379
361.5		0.0790851
361		0.0790652
360.5		0.0800435
360		0.0788841
359.5		0.0795244
359		0.0790546
358.5		0.0776868
358		0.0788946
357.5		0.0783242
357		0.0782268
356.5		0.0784057
356		0.0774796
355.5		0.0778074
355		0.0775049
354.5		0.0765841
354		0.0765769
353.5		0.0768134
353		0.0764279
352.5		0.0761163
352		0.0758569
351.5		0.0760546
351		0.0764156
350.5		0.0755759
350		0.0753589
349.5		0.0746979
349		0.0744886
348.5		0.073846
348		0.0728263
347.5		0.0741316
347		0.0736919
346.5		0.0732534
346		0.0724888
345.5		0.0715851
345		0.0724944
344.5		0.0724933
344		0.0724484
343.5		0.071153
343		0.0718735
342.5		0.0706614
342		0.071044
341.5		0.0705844
341		0.0695532
340.5		0.0704349
340		0.0689554
339.5		0.0675454
339		0.0670147
338.5		0.0680378
338		0.068248
337.5		0.0673183
337		0.0672303
336.5		0.0647386
336		0.0670347
335.5		0.0661207
335		0.0655277
334.5		0.0653764
334		0.0648103
333.5		0.0643588
333		0.0653343
332.5		0.0641666
332		0.0633714
331.5		0.0640104
331		0.0641676
330.5		0.0630826
330		0.0622912
329.5		0.0630575
329		0.0635095
328.5		0.0616854
328		0.0627899
327.5		0.0619794
327		0.0617365
326.5		0.0618779
326		0.0607628
325.5		0.0615082
325		0.0613413
324.5		0.0635632
324		0.0614297
323.5		0.0617933
323		0.0632802
322.5		0.0623221
322		0.0624721
321.5		0.0610466
321		0.0609052
320.5		0.0621048
320		0.0617164
319.5		0.0633193
319		0.0618966
318.5		0.063692
318		0.0622188
317.5		0.0634144
317		0.0634002
316.5		0.0637215
316		0.0658931
315.5		0.0661268
315		0.0671162
314.5		0.0663298
314		0.0676405
313.5		0.0676204
313		0.0696553
312.5		0.0699825
312		0.07184
311.5		0.0751875
311		0.0749461
310.5		0.079189
310		0.0773049
309.5		0.0794718
309		0.0819888
308.5		0.0846964
308		0.0882635
307.5		0.0906136
307		0.0930666
306.5		0.0955458
306		0.10002
305.5		0.100176
305		0.108599
304.5		0.108576
304		0.116052
303.5		0.126618
303		0.130928
302.5		0.13893
302		0.137876
301.5		0.173924
301		0.159789
300.5		0.17566
300		0.196728
299.5		0.19141
299		0.21346
298.5		0.204324
298		0.239185
297.5		0.289728
297		0.298057
296.5		0.315507
296		0.34427
295.5		0.426986
295		0.355517
294.5		0.395109
294		0.317709
293.5		0.358886
293		0.517628
292.5		0.531623
292		0.307413
291.5		0.0395343
291		0.114324
290.5		0.145091
290		0.333493
289.5		0.592373
289		0.208705
288.5		-0.183823
288		0.202475
287.5		0.467458
287		0.0375024
286.5		0.285555
286		0.0410635
285.5		0.548434
285		-0.0673938
284.5		0.0482092
284		1.07059
283.5		0.237272
283		-0.4489
282.5		-2.83709
282		0.164263
281.5		0.438228
281		0.362738
280.5		0.124208
280		0.00203287
279.5		-0.251995
279		-0.0412198
278.5		0.151689
278		0.0803789
277.5		0.147389
277		0.305698
276.5		-0.0400121
276		0.302915
275.5		-0.159451
275		-0.300867
274.5		0.529055
274		0.173482
273.5		0.233036
273		0.228417
272.5		0.363869
272		0.0427973
271.5		-0.159928
271		0.611071
270.5		0.0497327
270		0.887133
269.5		0.228382
269		-0.0894064
268.5		0.0741984
268		-0.0599298
267.5		0.866613
267		0.215212
266.5		-0.0717837
266		0.106646
265.5		0.179843
265		0.114368
264.5		0.251864
264		0.91546
263.5		0.401112
263		0.0419221
262.5		0.0380599
262		0.00654366
261.5		1.16751
261		-0.360847
260.5		0.270166
260		0.292455
259.5		0.223978
259		-1.03536
258.5		0.330049
258		-1.0379
257.5		0.406761
257		0.540322
256.5		-0.132202
256		-0.183077
255.5		0.384409
255		0.409184
254.5		0.112826
254		0.19053
253.5		-0.551727
253		0.0414846
252.5		0.0494871
252		-0.0181975
251.5		0.194365
251		-0.0140786
250.5		0.0172148
250		0.123735
249.5		-0.0515004
249		-1.90869
248.5		-0.0973097
248		0.322032
247.5		0.208272
247		0.0354179
246.5		-0.195264
246		-0.722008
245.5		-7.20901
245		0.15754
244.5		-0.108946
244		-1.059
243.5		0.147368
243		0.0532841
242.5		0.044822
242		0.520791
241.5		0.0370405
241		-0.185962
240.5		-0.524679
240		0.0393822
239.5		0.142216
239		-0.0461011
238.5		0.154381
238		-0.325135
237.5		-9.84425
237		0.233196
236.5		0.498822
236		0.00382475
235.5		0.187703
235		-0.0399437
234.5		0.155968
234		-0.0695936
233.5		0.305154
233		0.0507504
232.5		0.00507313
232		-0.0457673
231.5		0.646002
231		0.0814027
230.5		6.75148
230		0.164539
229.5		-0.0465899
229		-0.0315143
228.5		-0.114695
228		0.106581
227.5		0.411616
227		0.359491
226.5		-0.362264
226		-0.605059
225.5		-0.263254
225		0.00585566
224.5		-0.129812
224		0.0232754
223.5		-0.101629
223		0.203027
222.5		-0.0691862
222		0.0118821
221.5		0.0230341
221		-3.31614
220.5		0.016757
220		-0.0943738
219.5		0
219		-0.0604064
218.5		-0.932264
218		-0.0101183
217.5		-0.0222171
217		0.0931788
216.5		-0.335363
216		0.248846
215.5		0.124952
215		0.145983
214.5		-0.0349338
214		0.575787
213.5		-0.00883138
213		0.0814623
212.5		0.263374
212		0.187252
211.5		0.705033
211		-0.0739199
210.5		-0.256712
210		0.0101308
209.5		-1.84666
209		1.98512
208.5		0.0754546
208		-0.0570738
207.5		0.175129
207		-0.603893
206.5		0
206		0.0616581
205.5		0.0958344
205		0.153124
204.5		0.742983
204		1.22963
203.5		0.387121
203		0.314448
202.5		0.0107149
202		0.0470511
201.5		0.0713088
201		-0.0267588
200.5		-0.0649132
200		-0.181449
900		0.108954
899.5		0.104975
899		0.115763
898.5		0.100808
898		0.103166
897.5		0.105764
897		0.10981
896.5		0.109781
896		0.104048
895.5		0.0959065
895		0.103327
894.5		0.0925588
894		0.0998279
893.5		0.110475
893		0.112039
892.5		0.0994454
892		0.103841
891.5		0.104503
891		0.111073
890.5		0.0996489
890		0.103117
889.5		0.106552
889		0.106756
888.5		0.110164
888		0.103214
887.5		0.103975
887		0.104009
886.5		0.106622
886		0.112155
885.5		0.10447
885		0.101646
884.5		0.104283
884		0.105527
883.5		0.107895
883		0.110128
882.5		0.10508
882		0.107738
881.5		0.100936
881		0.102906
880.5		0.105904
880		0.109381
879.5		0.107999
879		0.107581
878.5		0.10726
878		0.105289
877.5		0.106319
877		0.111937
876.5		0.108612
876		0.107357
875.5		0.108373
875		0.109448
874.5		0.106947
874		0.107945
873.5		0.10633
873		0.108869
872.5		0.10688
872		0.103676
871.5		0.105744
871		0.106957
870.5		0.10447
870		0.104036
869.5		0.106442
869		0.106311
868.5		0.106107
868		0.107161
867.5		0.105305
867		0.105957
866.5		0.106293
866		0.105841
865.5		0.106483
865		0.105515
864.5		0.103252
864		0.107651
863.5		0.104418
863		0.10501
862.5		0.106833
862		0.104102
861.5		0.106322
861		0.107259
860.5		0.107109
860		0.105411
859.5		0.105387
859		0.104055
858.5		0.10488
858		0.104102
857.5		0.106527
857		0.106394
856.5		0.104753
856		0.104402
855.5		0.105154
855		0.104422
854.5		0.104897
854		0.104562
853.5		0.104391
853		0.104702
852.5		0.103989
852		0.104343
851.5		0.105704
851		0.104462
850.5		0.104736
850		0.105196
849.5		0.104107
849		0.104878
848.5		0.103473
848		0.104943
847.5		0.104538
847		0.104143
846.5		0.104168
846		0.104678
845.5		0.104897
845		0.104683
844.5		0.10362
844		0.104112
843.5		0.10329
843		0.104538
842.5		0.104005
842		0.103764
841.5		0.104427
841		0.104009
840.5		0.104262
840		0.104523
839.5		0.10385
839		0.104365
838.5		0.104133
838		0.104061
837.5		0.103932
837		0.104334
836.5		0.104433
836		0.103856
835.5		0.104097
835		0.104454
834.5		0.104521
834		0.104283
833.5		0.104039
833		0.104479
832.5		0.104334
832		0.104437
831.5		0.104136
831		0.104161
830.5		0.104797
830		0.104401
829.5		0.104097
829		0.10409
828.5		0.10406
828		0.104332
827.5		0.104043
827		0.103783
826.5		0.103638
826		0.103733
825.5		0.10406
825		0.103774
824.5		0.103874
824		0.104176
823.5		0.104144
823		0.104193
822.5		0.104036
822		0.103471
821.5		0.10372
821		0.103898
820.5		0.10293
820		0.103438
819.5		0.103569
819		0.103652
818.5		0.103039
818		0.103355
817.5		0.104131
817		0.102928
816.5		0.102805
816		0.102658
815.5		0.102296
815		0.103438
814.5		0.103069
814		0.102951
813.5		0.102613
813		0.10309
812.5		0.102247
812		0.102449
811.5		0.102554
811		0.102329
810.5		0.101603
810		0.102029
809.5		0.101959
809		0.101913
808.5		0.102371
808		0.101631
807.5		0.102053
807		0.101769
806.5		0.101773
806		0.101693
805.5		0.101448
805		0.101333
804.5		0.101389
804		0.100908
803.5		0.101252
803		0.101047
802.5		0.10089
802		0.100567
801.5		0.10049
801		0.100974
800.5		0.0999691
800		0.10059
799.5		0.10059
799		0.100169
798.5		0.09995
798		0.09995
797.5		0.100832
797		0.10013
796.5		0.0997505
796		0.0994917
795.5		0.099591
795		0.0998501
794.5		0.0992908
794		0.0994115
793.5		0.0988547
793		0.0992901
792.5		0.099271
792		0.0993084
791.5		0.0986961
791		0.0979476
790.5		0.0984144
790		0.098182
789.5		0.0984916
789		0.0979373
788.5		0.0987506
788		0.0978787
787.5		0.0981169
787		0.0981527
786.5		0.0978006
786		0.0970538
785.5		0.0979139
785		0.0968968
784.5		0.0973007
784		0.0969632
783.5		0.0965296
783		0.0974318
782.5		0.0972618
782		0.0969301
781.5		0.0969217
781		0.0967285
780.5		0.0964495
780		0.0964911
779.5		0.0964846
779		0.0963659
778.5		0.0959788
778		0.0961018
777.5		0.0954676
777		0.0957994
776.5		0.0954171
776		0.0951702
775.5		0.0952547
775		0.0960597
774.5		0.094981
774		0.0954802
773.5		0.0947213
773		0.0945755
772.5		0.0950149
772		0.0941707
771.5		0.0948108
771		0.0939806
770.5		0.0942833
770		0.0941062
769.5		0.0943103
769		0.0937765
768.5		0.0934291
768		0.0931938
767.5		0.0935595
767		0.0931631
766.5		0.0932804
766		0.0930873
765.5		0.0931997
765		0.0918267
764.5		0.0930317
764		0.092376
763.5		0.0930064
763		0.0920019
762.5		0.0921704
762		0.0922586
761.5		0.0913443
761		0.0917188
760.5		0.0920971
760		0.0917475
759.5		0.091393
759		0.0911932
758.5		0.0913566
758		0.0910582
757.5		0.0908703
757		0.0905557
756.5		0.0901514
756		0.090835
755.5		0.0906277
755		0.0904748
754.5		0.0906637
754		0.0896958
753.5		0.0904477
753		0.0897633
752.5		0.0898468
752		0.0895314
751.5		0.0891609
751		0.0893971
750.5		0.0890931
750		0.0889945
749.5		0.0891893
749		0.088463
748.5		0.0888149
748		0.0889488
747.5		0.0883783
747		0.088928
746.5		0.0880698
746		0.0880779
745.5		0.0882447
745		0.0877174
744.5		0.0875147
744		0.0871915
743.5		0.0873991
743		0.0873527
742.5		0.0872198
742		0.0871334
741.5		0.0869609
741		0.0866668
740.5		0.0867526
740		0.0866789
739.5		0.0866298
739		0.0861678
738.5		0.0860402
738		0.0859934
737.5		0.0860529
737		0.0857386
736.5		0.0858193
736		0.0854794
735.5		0.0851325
735		0.0856071
734.5		0.0846804
734		0.0851593
733.5		0.0848171
733		0.0847031
732.5		0.0843534
732		0.0842152
731.5		0.0839918
731		0.0835708
730.5		0.0840744
730		0.0831493
729.5		0.0835807
729		0.0830464
728.5		0.082895
728		0.0828048
727.5		0.0819717
727		0.0823856
726.5		0.0821315
726		0.0817924
725.5		0.0817459
725		0.0808975
724.5		0.0809577
724		0.0804757
723.5		0.080429
723		0.0802277
722.5		0.079997
722		0.0792514
721.5		0.079086
721		0.078548
720.5		0.0782962
720		0.0782519
719.5		0.0779017
719		0.0778263
718.5		0.0774058
718		0.077405
717.5		0.0772728
717		0.0770992
716.5		0.0772004
716		0.07708
715.5		0.077163
715		0.0778012
714.5		0.0779141
714		0.0778471
713.5		0.0779421
713		0.0781323
712.5		0.0783346
712		0.0785377
711.5		0.0788854
711		0.078925
710.5		0.0788521
710		0.079307
709.5		0.0791627
709		0.0795171
708.5		0.0793948
708		0.0792332
707.5		0.0792986
707		0.0794236
706.5		0.0792138
706		0.0793007
705.5		0.0792138
705		0.0791636
704.5		0.0789574
704		0.0787865
703.5		0.0784569
703		0.0784724
702.5		0.07874
702		0.0783975
701.5		0.0784372
701		0.078561
700.5		0.0783466
700		0.0780537
699.5		0.0782754
699		0.0780537
698.5		0.0782384
698		0.078229
697.5		0.0778138
697		0.0778446
696.5		0.0777366
696		0.0775582
695.5		0.0775788
695		0.0773902
694.5		0.0775109
694		0.0776193
693.5		0.077276
693		0.0772091
692.5		0.0770418
692		0.077069
691.5		0.0771666
691		0.0767288
690.5		0.0770323
690		0.0770752
689.5		0.0767613
689		0.0769956
688.5		0.0766334
688		0.0769522
687.5		0.0764754
687		0.076356
686.5		0.0764384
686		0.0765221
685.5		0.0763711
685		0.0762735
684.5		0.0760634
684		0.0763339
683.5		0.0760335
683		0.0761386
682.5		0.076056
682		0.0757786
681.5		0.0758607
681		0.0755539
680.5		0.0758907
680		0.0756505
679.5		0.075546
679		0.0759805
678.5		0.0755598
678		0.0757024
677.5		0.0755897
677		0.0754322
676.5		0.0759426
676		0.0754305
675.5		0.0754687
675		0.0756864
674.5		0.0751985
674		0.0753624
673.5		0.0753326
673		0.0753708
672.5		0.0749348
672		0.0750623
671.5		0.0752879
671		0.0751068
670.5		0.0752196
670		0.0751428
669.5		0.0750178
669		0.0749704
668.5		0.0749853
668		0.0747778
667.5		0.0747391
667		0.0748576
666.5		0.0748221
666		0.0750267
665.5		0.0747391
665		0.0748337
664.5		0.0750118
664		0.0746653
663.5		0.0749078
663		0.0746671
662.5		0.0747596
662		0.0748485
661.5		0.0747207
661		0.074706
660.5		0.0748337
660		0.0748929
659.5		0.074869
659		0.0746966
658.5		0.0747021
658		0.0748746
657.5		0.0748096
657		0.0748838
656.5		0.0746281
656		0.0744907
655.5		0.0749545
655		0.0746872
654.5		0.0746428
654		0.0750027
653.5		0.0748746
653		0.0751667
652.5		0.074663
652		0.0748059
651.5		0.0751576
651		0.0745985
650.5		0.0750623
650		0.0749935
649.5		0.0750588
649		0.0751427
648.5		0.0749545
648		0.0752473
647.5		0.0751875
647		0.0753732
646.5		0.0752473
646		0.0752863
645.5		0.0750737
645		0.0754122
644.5		0.0753822
644		0.0757071
643.5		0.0753039
643		0.0757071
642.5		0.075789
642		0.0756139
641.5		0.0760336
641		0.0759426
640.5		0.0760119
640		0.0761838
639.5		0.0763076
639		0.076377
638.5		0.0766067
638		0.0766374
637.5		0.0768755
637		0.0769453
636.5		0.0769762
636		0.0772085
635.5		0.0772319
635		0.0775277
634.5		0.0774575
634		0.0777385
633.5		0.0778566
633		0.0781547
632.5		0.0782336
632		0.0784782
631.5		0.0784604
631		0.0786575
630.5		0.0786031
630		0.0785848
629.5		0.0786707
629		0.0785412
628.5		0.0785476
628		0.0784498
627.5		0.0783959
627		0.0784744
626.5		0.0781479
626		0.0781811
625.5		0.0782192
625		0.0775242
624.5		0.0776893
624		0.0776553
623.5		0.0773292
623		0.0773608
622.5		0.0771848
622		0.0776043
621.5		0.0776384
621		0.0773553
620.5		0.0773991
620		0.0771283
619.5		0.0771823
619		0.0774507
618.5		0.0772254
618		0.0771847
617.5		0.0772937
617		0.0777378
616.5		0.0782335
616		0.0780594
615.5		0.0780781
615		0.078496
614.5		0.0784744
614		0.0787957
613.5		0.0786577
613		0.079034
612.5		0.0791904
612		0.0792257
611.5		0.079411
611		0.0793841
610.5		0.0798371
610		0.0797471
609.5		0.079702
609		0.0800153
608.5		0.080378
608		0.0804882
607.5		0.0807876
607		0.0806926
606.5		0.0809297
606		0.0812608
605.5		0.0811659
605		0.0813078
604.5		0.0815755
604		0.0819228
603.5		0.0819536
603		0.0819514
602.5		0.0823462
602		0.0826295
601.5		0.0825634
601		0.0831388
600.5		0.0828599
600		0.0832555
599.5		0.083792
599		0.0832735
598.5		0.0840224
598		0.084015
597.5		0.0843745
597		0.0847685
596.5		0.0846281
596		0.0849644
595.5		0.084917
595		0.085215
594.5		0.0856458
594		0.0856843
593.5		0.0861053
593		0.0862975
592.5		0.0866059
592		0.0866731
591.5		0.0869235
591		0.0870003
590.5		0.0873397
590		0.0876729
589.5		0.0879879
589		0.0879964
588.5		0.0884131
588		0.0888656
587.5		0.0890456
587		0.0890509
586.5		0.089235
586		0.0894632
585.5		0.0899623
585		0.0897735
584.5		0.0903376
584		0.0907636
583.5		0.0905942
583		0.0915537
582.5		0.0916619
582		0.0918709
581.5		0.0922262
581		0.0923671
580.5		0.0928395
580		0.0929397
579.5		0.0933663
579		0.0935736
578.5		0.0936746
578		0.0943346
577.5		0.0946196
577		0.0948039
576.5		0.0953999
576		0.0955675
575.5		0.0962728
575		0.0962182
574.5		0.096274
574		0.0970167
573.5		0.0970152
573		0.09795
572.5		0.0979653
572		0.0980177
571.5		0.0985551
571		0.0992231
570.5		0.0990923
570		0.0996898
569.5		0.0999615
569		0.100178
568.5		0.100932
568		0.100661
567.5		0.101687
567		0.102047
566.5		0.102207
566		0.102702
565.5		0.102722
565		0.103455
564.5		0.104055
564		0.104489
563.5		0.104962
563		0.104652
562.5		0.105944
562		0.106152
561.5		0.105958
561		0.107146
560.5		0.106806
560		0.108303
559.5		0.109062
559		0.108895
558.5		0.109708
558		0.110069
557.5		0.110015
557		0.110921
556.5		0.11141
556		0.111904
555.5		0.11231
555		0.112376
554.5		0.113322
554		0.113564
553.5		0.114207
553		0.114549
552.5		0.114998
552		0.115636
551.5		0.116185
551		0.116782
550.5		0.117264
550		0.117187
549.5		0.118503
549		0.118599
548.5		0.119468
548		0.119652
547.5		0.119673
547		0.120797
546.5		0.12123
546		0.121849
545.5		0.122656
545		0.122689
544.5		0.123588
544		0.123762
543.5		0.124373
543		0.125141
542.5		0.125114
542		0.126343
541.5		0.126207
541		0.127026
540.5		0.127548
540		0.12745
539.5		0.129192
539		0.129253
538.5		0.129998
538		0.13028
537.5		0.130593
537		0.132029
536.5		0.132288
536		0.132858
535.5		0.133089
535		0.133375
534.5		0.134423
534		0.13525
533.5		0.135421
533		0.136535
532.5		0.137313
532		0.137504
531.5		0.138336
531		0.138834
530.5		0.139904
530		0.14017
529.5		0.140654
529		0.141826
528.5		0.142029
528		0.142662
527.5		0.143596
527		0.144182
526.5		0.145028
526		0.145544
525.5		0.146255
525		0.147093
524.5		0.147731
524		0.148269
523.5		0.149363
523		0.149804
522.5		0.150233
522		0.150962
521.5		0.151851
521		0.152875
520.5		0.152895
520		0.153706
519.5		0.154465
519		0.155332
518.5		0.156264
518		0.15639
517.5		0.157416
517		0.158021
516.5		0.158413
516		0.159654
515.5		0.160318
515		0.160832
514.5		0.162203
514		0.161918
513.5		0.16339
513		0.163652
512.5		0.164633
512		0.165527
511.5		0.165281
511		0.166895
510.5		0.167087
510		0.167409
509.5		0.168554
509		0.16836
508.5		0.169636
508		0.169501
507.5		0.170259
507		0.171216
506.5		0.170617
506		0.171072
505.5		0.171464
505		0.171565
504.5		0.172038
504		0.171956
503.5		0.171995
503		0.172075
502.5		0.172166
502		0.172099
501.5		0.171995
501		0.17219
500.5		0.173015
500		0.172377
499.5		0.172738
499		0.172657
498.5		0.17216
498		0.172944
497.5		0.172484
497		0.172767
496.5		0.17263
496		0.172749
495.5		0.173071
495		0.17222
494.5		0.172062
494		0.172307
493.5		0.171958
493		0.172254
492.5		0.171854
492		0.171716
491.5		0.171676
491		0.171161
490.5		0.171455
490		0.171792
489.5		0.170857
489		0.170952
488.5		0.170314
488		0.170126
487.5		0.170781
487		0.169689
486.5		0.169646
486		0.169854
485.5		0.168569
485		0.169068
484.5		0.168873
484		0.16845
483.5		0.167276
483		0.16764
482.5		0.166899
482		0.166565
481.5		0.165733
481		0.165319
480.5		0.164659
480		0.164853
479.5		0.164597
479		0.16344
478.5		0.163088
478		0.162251
477.5		0.161512
477		0.161729
476.5		0.160422
476		0.160164
475.5		0.159427
475		0.158606
474.5		0.158567
474		0.157312
473.5		0.157388
473		0.156782
472.5		0.155794
472		0.155283
471.5		0.154767
471		0.153556
470.5		0.153289
470		0.152636
469.5		0.151874
469		0.151413
468.5		0.150636
468		0.150319
467.5		0.148918
467		0.148628
466.5		0.147583
466		0.147219
465.5		0.146415
465		0.14559
464.5		0.145617
464		0.144646
463.5		0.14444
463		0.142844
462.5		0.14272
462		0.14197
461.5		0.141937
461		0.141191
460.5		0.139977
460		0.139904
459.5		0.138886
459		0.138501
458.5		0.13795
458		0.137419
457.5		0.136823
457		0.136026
456.5		0.136185
456		0.135301
455.5		0.135115
455		0.135461
454.5		0.13491
454		0.134128
453.5		0.133562
453		0.133401
452.5		0.133559
452		0.133338
451.5		0.133099
451		0.133317
450.5		0.13308
450		0.132302
449.5		0.132598
449		0.131787
448.5		0.131821
448		0.131321
447.5		0.131135
447		0.131231
446.5		0.130475
446		0.130778
445.5		0.130333
445		0.129592
444.5		0.129858
444		0.129177
443.5		0.12869
443		0.129037
442.5		0.128419
442		0.128367
441.5		0.127758
441		0.127455
440.5		0.127548
440		0.127153
439.5		0.127153
439		0.126375
438.5		0.126048
438		0.125191
437.5		0.125142
437		0.12515
436.5		0.124474
436		0.124009
435.5		0.123983
435		0.123169
434.5		0.123294
434		0.122813
433.5		0.122004
433		0.122015
432.5		0.12211
432		0.121129
431.5		0.121245
431		0.120671
430.5		0.121019
430		0.119902
429.5		0.119866
429		0.119383
428.5		0.118817
428		0.119182
427.5		0.118393
427		0.117977
426.5		0.117323
426		0.116931
425.5		0.116774
425		0.116411
424.5		0.116159
424		0.115695
423.5		0.115405
423		0.115388
422.5		0.114744
422		0.113916
421.5		0.114228
421		0.11376
420.5		0.113467
420		0.113455
419.5		0.11292
419		0.111964
418.5		0.112043
418		0.111341
417.5		0.111553
417		0.110408
416.5		0.110719
416		0.110662
415.5		0.109812
415		0.109428
414.5		0.109044
414		0.109179
413.5		0.108622
413		0.107782
412.5		0.108197
412		0.107173
411.5		0.107683
411		0.107075
410.5		0.106437
410		0.107029
409.5		0.105661
409		0.105533
408.5		0.10493
408		0.104952
407.5		0.104947
407		0.104105
406.5		0.104487
406		0.104031
405.5		0.103287
405		0.104067
404.5		0.102956
404		0.103009
403.5		0.102378
403		0.101787
402.5		0.101991
402		0.10133
401.5		0.1014
401		0.10084
400.5		0.100521
400		0.100796
399.5		0.100413
399		0.100024
398.5		0.0989589
398		0.09924
397.5		0.0989741
397		0.0990839
396.5		0.0985927
396		0.0983169
395.5		0.0983407
395		0.0975769
394.5		0.0981252
394		0.0970411
393.5		0.0974669
393		0.0965865
392.5		0.0962543
392		0.0960994
391.5		0.0959916
391		0.0956785
390.5		0.0950786
390		0.0948176
389.5		0.0940274
389		0.0944995
388.5		0.0939647
388		0.0937717
387.5		0.0931536
387		0.0930085
386.5		0.0929949
386		0.0920987
385.5		0.0917312
385		0.0917905
384.5		0.0911952
384		0.0912693
383.5		0.0905865
383		0.09024
382.5		0.0896279
382		0.0904133
381.5		0.0897682
381		0.0892734
380.5		0.0889053
380		0.0893871
379.5		0.0877329
379		0.0881779
378.5		0.0878965
378		0.0880347
377.5		0.0878097
377		0.0875667
376.5		0.0868474
376		0.0873039
375.5		0.0870508
375		0.0863438
374.5		0.087126
374		0.0864969
373.5		0.0866834
373		0.0857691
372.5		0.0860586
372		0.086195
371.5		0.0845367
371		0.0847079
370.5		0.0842214
370		0.084637
369.5		0.0854305
369		0.0845046
368.5		0.0840361
368		0.0838059
367.5		0.0829094
367		0.0831704
366.5		0.0835133
366		0.0827604
365.5		0.0831421
365		0.0827315
364.5		0.082964
364		0.0824196
363.5		0.0820131
363		0.082108
362.5		0.082149
362		0.081893
361.5		0.0815984
361		0.0811138
360.5		0.081153
360		0.0806597
359.5		0.0806983
359		0.0804969
358.5		0.0789059
358		0.0806048
357.5		0.0796852
357		0.0797227
356.5		0.0795049
356		0.0789048
355.5		0.0790966
355		0.079528
354.5		0.0780607
354		0.0786481
353.5		0.0785611
353		0.0783638
352.5		0.0775951
352		0.077059
351.5		0.0774664
351		0.0774317
350.5		0.0769787
350		0.0771563
349.5		0.07603
349		0.075818
348.5		0.0758114
348		0.0746528
347.5		0.0755863
347		0.0757369
346.5		0.0743775
346		0.0737979
345.5		0.0731979
345		0.0731
344.5		0.0738082
344		0.0731805
343.5		0.0729641
343		0.0730526
342.5		0.0723394
342		0.0729175
341.5		0.0724019
341		0.0709686
340.5		0.0709033
340		0.0701731
339.5		0.0702085
339		0.0699238
338.5		0.0710455
338		0.0701403
337.5		0.0698686
337		0.0699099
336.5		0.0684804
336		0.0694671
335.5		0.0682823
335		0.0679182
334.5		0.068314
334		0.0671273
333.5		0.0657076
333		0.067234
332.5		0.0671504
332		0.0662721
331.5		0.0660719
331		0.0663021
330.5		0.0648302
330		0.0664537
329.5		0.0656855
329		0.065017
328.5		0.064175
328		0.0636954
327.5		0.064835
327		0.0646927
326.5		0.0639494
326		0.0636473
325.5		0.0647487
325		0.0638706
324.5		0.0647042
324		0.0638414
323.5		0.0635018
323		0.0651819
322.5		0.0645018
322		0.0655714
321.5		0.0631833
321		0.064902
320.5		0.0649497
320		0.0643597
319.5		0.064651
319		0.0647682
318.5		0.0655431
318		0.0669162
317.5		0.066852
317		0.0665
316.5		0.0671683
316		0.0683198
315.5		0.0676117
315		0.0683065
314.5		0.0697942
314		0.0699837
313.5		0.0731631
313		0.0734253
312.5		0.0746535
312		0.0750812
311.5		0.0790749
311		0.0771019
310.5		0.0821705
310		0.0827196
309.5		0.0828112
309		0.0871785
308.5		0.0927297
308		0.0911072
307.5		0.0936898
307		0.0990324
306.5		0.100987
306		0.110095
305.5		0.109072
305		0.113945
304.5		0.120951
304		0.131787
303.5		0.128978
303		0.136823
302.5		0.14415
302		0.165195
301.5		0.177018
301		0.161002
300.5		0.17891
300		0.205479
299.5		0.236257
299		0.247978
298.5		0.271012
298		0.316035
297.5		0.256403
297		0.34916
296.5		0.265269
296		0.344759
295.5		0.499358
295		0.54629
294.5		0.408756
294		0.593243
293.5		0.387326
293		0.382244
292.5		0.282634
292		0.24716
291.5		1.45302
291		0.161021
290.5		0.394271
290		0.610982
289.5		2.29105
289		-0.0467635
288.5		-0.119299
288		-0.0215674
287.5		-0.423557
287		-0.124386
286.5		0.339262
286		-2.07812
285.5		-0.00926764
285		-0.115681
284.5		0.743154
284		-0.503493
283.5		0.327984
283		-0.0110795
282.5		-0.723184
282		-2.4344
281.5		-0.839769
281		-0.0530391
280.5		0.415173
280		0.85331
279.5		1.82513
279		-0.936639
278.5		0.0932862
278		0.275418
277.5		-6.22001
277		-1.00956
276.5		0.564714
276		0.0393179
275.5		0.262942
275		-0.251792
274.5		-0.20947
274		0.0679544
273.5		0.381109
273		-16.8953
272.5		5.23863
272		0.212334
271.5		-0.031799
271		0.64294
270.5		2.79408
270		0.140367
269.5		0.276936
269		0.238215
268.5		0.0669418
268		0.0447954
267.5		0.237353
267		-0.120765
266.5		-0.25384
266		-0.463348
265.5		3.3077
265		0.272979
264.5		0.0391008
264		-0.215688
263.5		1.00813
263		1.75029
262.5		-0.169134
262		0.0745747
261.5		0.0225578
261		0.238788
260.5		4.70326
260		0.311305
259.5		0.0625778
259		0.0955441
258.5		0.352279
258		0.336997
257.5		0.0526897
257		1.65957
256.5		-0.171322
256		-0.0142042
255.5		0.0233914
255		0.481876
254.5		-0.0860961
254		0.0918939
253.5		-0.208832
253		0.128556
252.5		-0.173897
252		-0.166848
251.5		0.118595
251		-0.648314
250.5		0.281211
250		0.1757
249.5		-0.00150434
249		-2.06812
248.5		-0.642056
248		-0.0839867
247.5		-0.493629
247		0.0155728
246.5		-0.0693108
246		-0.00275642
245.5		-0.893683
245		0.0965819
244.5		0.284379
244		-1.44275
243.5		0.306825
243		-0.342123
242.5		0.291006
242		0.0011153
241.5		-4.24261
241		-1.48772
240.5		1.88056
240		0.0344332
239.5		0.120241
239		0.0357059
238.5		0.165548
238		0.00376493
237.5		-0.929389
237		0.199366
236.5		0.0786837
236		-0.169269
235.5		0.071951
235		0.0862118
234.5		-0.144292
234		-0.247376
233.5		0.317406
233		-0.144299
232.5		0.482858
232		-0.0270697
231.5		-5.13087
231		-1.22856
230.5		0.227341
230		-0.025519
229.5		0.291256
229		0.384636
228.5		2.68289
228		4.26206
227.5		0.0824095
227		-0.0640834
226.5		0.24407
226		-0.129832
225.5		0.956836
225		0.102551
224.5		0.100285
224		0.244294
223.5		0.0608548
223		-0.0826847
222.5		0.199865
222		-0.240727
221.5		0.0510225
221		-0.0995209
220.5		-1.19236
220		0.506976
219.5		0.069162
219		1.82621
218.5		0.0100063
218		7.06928
217.5		0.0799466
217		0.219391
216.5		-0.120516
216		-0.370181
215.5		0.0701326
215		0.00552031
214.5		-2.22119
214		-0.419203
213.5		-0.0210268
213		0.209371
212.5		0.244084
212		-0.399446
211.5		0.104327
211		0.014268
210.5		0.0249043
210		0.0984158
209.5		-0.0700959
209		-1.31657
208.5		-0.221892
208		0.396604
207.5		0.058378
207		-0.0748573
206.5		0.119986
206		-0.00767097
205.5		0.031702
205		1.47049
204.5		0.0326234
204		0.118294
203.5		0.10618
203		-0.0219039
202.5		0.00891244
202		0.132992
201.5		0.113155
201		-0.0729176
200.5		0.17001
200		0.543795
200		-1.84982
200.5		-0.713307
201		0.144233
201.5		-0.127098
202		-0.277755
202.5		0.00547223
203		1.02327
203.5		0.778371
204		2.83974
204.5		2.10531
205		-3.66511
205.5		0.183518
206		0.195678
206.5		-0.331148
207		-1.55741
207.5		0.321782
208		-1.25704
208.5		0.775281
209		8.67254
209.5		-4.62907
210		-0.235963
210.5		-0.728218
211		-0.228408
211.5		1.53269
212		1.50427
212.5		0.0488905
213		-0.331766
213.5		0.0310537
214		2.52
214.5		5.60008
215		0.34863
215.5		0.132319
216		1.52696
216.5		-0.510192
217		-0.304541
217.5		-0.246614
218		-16.0299
218.5		-2.18512
219		-4.36302
219.5		-0.162227
220		-1.37822
220.5		2.76079
221		-7.35774
221.5		-0.0636699
222		0.578304
222.5		-0.60392
223		0.641582
223.5		-0.368743
224		-0.488372
224.5		-0.501148
225		-0.209497
225.5		-2.61051
226		-1.02213
226.5		-1.29198
227		0.903156
227.5		0.697399
228		-8.65332
228.5		-5.89848
229		-0.867482
229.5		-0.713013
230		0.395347
230.5		13.3622
231		2.69266
231.5		11.6424
232		-0.0379996
232.5		-0.960203
233		0.392132
233.5		-0.0241468
234		0.352508
234.5		0.59105
235		-0.24919
235.5		0.22845
236		0.334609
236.5		0.820653
237		0.0651054
237.5		-17.109
238		-0.632045
238.5		-0.0210404
239		-0.155497
239.5		0.041616
240		0.00931495
240.5		-4.48773
241		2.40608
241.5		7.88486
242		0.959374
242.5		-0.450813
243		0.720696
243.5		-0.288734
244		0.690985
244.5		-0.700802
245		0.108603
245.5		-11.2771
246		-1.27063
246.5		-0.220968
247		0.0348539
247.5		1.24479
248		0.706146
248.5		0.941217
249		0.276575
249.5		-0.086484
250		-0.0892971
250.5		-0.454698
251		1.08859
251.5		0.128316
252		0.253604
252.5		0.379509
253		-0.147034
253.5		-0.579561
254		0.165824
254.5		0.332336
255		-0.121415
255.5		0.599591
256		-0.28059
256.5		0.0643516
257		-1.83596
257.5		0.584031
258		-2.25453
258.5		-0.0362805
259		-1.85826
259.5		0.262631
260		-0.0302824
260.5		-7.14513
261		-0.965472
261.5		1.82987
262		-0.108968
262.5		0.332898
263		-2.73097
263.5		-0.959863
264		1.78665
264.5		0.337079
265		-0.25134
265.5		-4.92128
266		0.889928
266.5		0.284536
267		0.527087
267.5		0.979438
268		-0.162312
268.5		0.011286
269		-0.507105
269.5		-0.0743613
270		1.1527
270.5		-4.22407
271		-0.0482378
271.5		-0.195772
272		-0.258268
272.5		-7.39386
273		25.9767
273.5		-0.223224
274		0.159127
274.5		1.10997
275		-0.0739682
275.5		-0.630924
276		0.39444
276.5		-0.897555
277		1.96343
277.5		9.45503
278		-0.289124
278.5		0.0860441
279		1.32484
279.5		-3.07053
280		-1.25197
280.5		-0.42719
281		0.608297
281.5		1.85702
282		3.76815
282.5		-3.07863
283		-0.633663
283.5		-0.13165
284		2.25697
284.5		-0.999513
285		0.0699103
285.5		0.802862
286		3.03172
286.5		-0.0770568
287		0.231907
287.5		1.26913
288		0.318958
288.5		-0.091652
289		0.363202
289.5		-2.39501
290		-0.390121
290.5		-0.350075
291		-0.0655761
291.5		-1.99738
292		0.0844879
292.5		0.348327
293		0.189471
293.5		-0.0394897
294		-0.385976
294.5		-0.018807
295		-0.263489
295.5		-0.0998844
296		-0.000505525
296.5		0.0698378
297		-0.0706451
297.5		0.0462106
298		-0.106533
298.5		-0.0920339
299		-0.0472688
299.5		-0.0615731
300		-0.011856
300.5		-0.00437158
301		-0.00159316
301.5		-0.00415573
302		-0.0375771
302.5		-0.00704329
303		-0.00798126
303.5		-0.00315365
304		-0.0214755
304.5		-0.0168773
305		-0.00724638
305.5		-0.0121614
306		-0.0137347
306.5		-0.00735132
307		-0.00803894
307.5		-0.00416393
308		-0.00382297
308.5		-0.0108808
309		-0.00700022
309.5		-0.00452951
310		-0.0072641
310.5		-0.00399202
311		-0.00288035
311.5		-0.00519712
312		-0.00435424
312.5		-0.00624535
313		-0.00500747
313.5		-0.00742666
314		-0.00311966
314.5		-0.00461722
315		-0.00156401
315.5		-0.001948
316		-0.00321327
316.5		-0.0045686
317		-0.00411246
317.5		-0.00452489
318		-0.00618961
318.5		-0.00241747
319		-0.00377302
319.5		-0.00173402
320		-0.00347091
320.5		-0.00371747
321		-0.0052352
321.5		-0.00279604
322		-0.00403656
322.5		-0.00282378
323		-0.0024506
323.5		-0.00221003
324		-0.00312858
324.5		-0.00145627
325		-0.00328194
325.5		-0.00420554
326		-0.0037436
326.5		-0.00267666
327		-0.00382848
327.5		-0.00368607
328		-0.0011496
328.5		-0.00321765
329		-0.00192515
329.5		-0.00338409
330		-0.00534262
330.5		-0.00223507
331		-0.00271676
331.5		-0.00263097
332		-0.00371488
332.5		-0.00380701
333		-0.00241001
333.5		-0.00170622
334		-0.00295054
334.5		-0.00373803
335		-0.00303644
335.5		-0.00273352
336		-0.00306267
336.5		-0.00476042
337		-0.00337705
337.5		-0.00321619
338		-0.00236518
338.5		-0.00378191
339		-0.00368021
339.5		-0.00336648
340		-0.00150364
340.5		-0.000555115
341		-0.001747
341.5		-0.00223785
342		-0.00231278
342.5		-0.00207072
343		-0.00143873
343.5		-0.00223375
344		-0.000879226
344.5		-0.00160333
345		-0.00072023
345.5		-0.00198981
346		-0.00159974
346.5		-0.00136393
347		-0.00249899
347.5		-0.0017702
348		-0.00224287
348.5		-0.00240925
349		-0.00161173
349.5		-0.00161329
350		-0.00218376
350.5		-0.00169724
351		-0.00121536
351.5		-0.00170261
352		-0.00145185
352.5		-0.00178441
353		-0.00234989
353.5		-0.0021121
354		-0.0025144
354.5		-0.00178296
355		-0.00244379
355.5		-0.00154547
356		-0.00171038
356.5		-0.00130644
357		-0.00179431
357.5		-0.00163012
358		-0.00204767
358.5		-0.00146175
359		-0.00172032
359.5		-0.00139264
360		-0.00212853
360.5		-0.00131223
361		-0.00245881
361.5		-0.00302906
362		-0.00270758
362.5		-0.00271292
363		-0.00246873
363.5		-0.00131698
364		-0.00140102
364.5		-0.00230852
365		-0.00213974
365.5		-0.00173325
366		-0.00148588
366.5		-0.00214983
367		-0.001982
367.5		-0.00230776
368		-0.00174086
368.5		-0.00206937
369		-0.00215374
369.5		-0.00316113
370		-0.00149526
370.5		-0.000996016
371		-0.00157899
371.5		-0.00207383
372		-0.00133478
372.5		-0.00199817
373		-0.00191555
373.5		-0.00175615
374		-0.00233431
374.5		-0.00208925
375		-0.00175058
375.5		-0.00208751
376		-0.00250564
376.5		-0.00191827
377		-0.00200753
377.5		-0.00184131
378		-0.00259479
378.5		-0.00150969
379		-0.00201613
379.5		-0.00175615
380		-0.00202344
380.5		-0.00184688
381		-0.00185216
381.5		-0.00278152
382		-0.00219762
382.5		-0.00193635
383		-0.00194372
383.5		-0.00135421
384		-0.00211972
384.5		-0.00270682
385		-0.00212242
385.5		-0.00153126
386		-0.00161702
386.5		-0.00247229
387		-0.00213311
387.5		-0.00213311
388		-0.00188115
388.5		-0.00188308
389		-0.00248735
389.5		-0.00179949
390		-0.00214537
390.5		-0.00197645
391		-0.00232478
391.5		-0.00232498
392		-0.00207021
392.5		-0.00240881
393		-0.00232678
393.5		-0.00225167
394		-0.00250022
394.5		-0.00233807
395		-0.00224603
395.5		-0.00268329
396		-0.00190476
396.5		-0.00242487
397		-0.00259763
397.5		-0.00268375
398		-0.00259673
398.5		-0.00224816
399		-0.00294678
399.5		-0.00208569
400		-0.00286682
400.5		-0.00259875
401		-0.00208153
401.5		-0.00243246
402		-0.00182371
402.5		-0.00260507
403		-0.00225714
403.5		-0.00260711
404		-0.00295729
404.5		-0.00234783
405		-0.00313808
405.5		-0.00269308
406		-0.00217884
406.5		-0.00270176
407		-0.00234885
407.5		-0.00235746
408		-0.00226856
408.5		-0.00243839
409		-0.00296296
409.5		-0.00270317
410		-0.00262812
410.5		-0.00235623
411		-0.00218665
411.5		-0.00227651
412		-0.00227273
412.5		-0.0022795
413		-0.00245012
413.5		-0.0023651
414		-0.00262996
414.5		-0.00236469
415		-0.0022795
415.5		-0.00245571
416		-0.00281146
416.5		-0.0027224
417		-0.00271668
417.5		-0.00272599
418		-0.00299006
418.5		-0.00246587
419		-0.00193679
419.5		-0.00299665
420		-0.00238369
420.5		-0.00282137
421		-0.00255754
421.5		-0.00229926
422		-0.00246935
422.5		-0.00194725
423		-0.00274312
423.5		-0.002477
424		-0.00256433
424.5		-0.00256774
425		-0.00283261
425.5		-0.00265793
426		-0.00265793
426.5		-0.00239213
427		-0.00248513
427.5		-0.00248535
428		-0.00311083
428.5		-0.00275018
429		-0.00213352
429.5		-0.00275409
430		-0.00266477
430.5		-0.00249621
431		-0.00319744
431.5		-0.00293412
432		-0.00248756
432.5		-0.00293882
433		-0.00249177
433.5		-0.00248602
434		-0.0029349
434.5		-0.0024951
435		-0.00266596
435.5		-0.00258145
436		-0.00240214
436.5		-0.00284596
437		-0.00284824
437.5		-0.00257869
438		-0.00248712
438.5		-0.00284318
439		-0.00311083
439.5		-0.00302464
440		-0.00320057
440.5		-0.00319659
441		-0.00328014
441.5		-0.00345622
442		-0.00301659
442.5		-0.00283537
443		-0.00345653
443.5		-0.00300566
444		-0.00309242
444.5		-0.00291984
445		-0.00299982
445.5		-0.00343946
446		-0.0031746
446.5		-0.00316623
447		-0.00325876
447.5		-0.00298639
448		-0.00350662
448.5		-0.00254565
449		-0.00349345
449.5		-0.00358454
450		-0.00322749
450.5		-0.00322862
451		-0.00313698
451.5		-0.00269448
452		-0.00304057
452.5		-0.00260394
453		-0.00328805
453.5		-0.0019891
454		-0.002163
454.5		-0.00242152
455		-0.00319931
455.5		-0.00190196
456		-0.00267449
456.5		-0.00216151
457		-0.00258732
457.5		-0.00233221
458		-0.00155777
458.5		-0.00268143
459		-0.00190674
459.5		-0.00156223
460		-0.00208551
460.5		-0.00182529
461		-0.00226599
461.5		-0.00183358
462		-0.00218074
462.5		-0.0016604
463		-0.00192392
463.5		-0.0019305
464		-0.00219356
464.5		-0.00211119
465		-0.00175963
465.5		-0.00176274
466		-0.00176523
466.5		-0.0018548
467		-0.00203486
467.5		-0.00168305
468		-0.00186551
468.5		-0.00213258
469		-0.0020479
469.5		-0.00151637
470		-0.00222797
470.5		-0.001875
471		-0.00223234
471.5		-0.00215092
472		-0.00152453
472.5		-0.0026009
473		-0.00224578
473.5		-0.00242762
474		-0.00188866
474.5		-0.0018031
475		-0.00252207
475.5		-0.00234319
476		-0.00180799
476.5		-0.00207769
477		-0.00217352
477.5		-0.00208051
478		-0.00208314
478.5		-0.00217766
479		-0.00217727
479.5		-0.00245499
480		-0.00263756
480.5		-0.00227128
481		-0.00209167
481.5		-0.00200273
482		-0.00218699
482.5		-0.00218918
483		-0.00291811
483.5		-0.00191484
484		-0.00274098
484.5		-0.0023779
485		-0.00237986
485.5		-0.002374
486		-0.00283779
486.5		-0.00210469
487		-0.00210392
487.5		-0.00211067
488		-0.00228812
488.5		-0.00201465
489		-0.00219921
489.5		-0.00201687
490		-0.00238773
490.5		-0.00192714
491		-0.00238335
491.5		-0.00238576
492		-0.00220629
492.5		-0.00229801
493		-0.00220974
493.5		-0.00230097
494		-0.00239543
494.5		-0.00239609
495		-0.0023067
495.5		-0.00295913
496		-0.0023131
496.5		-0.00259235
497		-0.00250324
497.5		-0.00231997
498		-0.00232364
498.5		-0.00287837
499		-0.00251373
499.5		-0.00242424
500		-0.00261194
500.5		-0.00215275
501		-0.00252431
501.5		-0.00243377
502		-0.00243948
502.5		-0.00272428
503		-0.00263778
503.5		-0.00273276
504		-0.00283179
504.5		-0.003026
505		-0.00274569
505.5		-0.00275064
506		-0.00294006
506.5		-0.00303807
507		-0.00342564
507.5		-0.00295098
508		-0.00304588
508.5		-0.00324273
509		-0.00276138
509.5		-0.00286287
510		-0.00285932
510.5		-0.00286123
511		-0.00267405
511.5		-0.00266692
512		-0.00276955
512.5		-0.00276665
513		-0.00276375
513.5		-0.00276691
514		-0.0025702
514.5		-0.00295689
515		-0.00266692
515.5		-0.00285687
516		-0.00219256
516.5		-0.00247242
517		-0.00247431
517.5		-0.00285524
518		-0.0024736
518.5		-0.00238163
519		-0.00266489
519.5		-0.00285225
520		-0.00237801
520.5		-0.00228224
521		-0.00238141
521.5		-0.0023805
522		-0.00228267
522.5		-0.00228332
523		-0.00218902
523.5		-0.0021911
524		-0.00209324
524.5		-0.00237801
525		-0.00209584
525.5		-0.00228267
526		-0.00256972
526.5		-0.00247478
527		-0.00247219
527.5		-0.00219006
528		-0.00228289
528.5		-0.00228289
529		-0.00228637
529.5		-0.00218694
530		-0.00209364
530.5		-0.00247595
531		-0.00228267
531.5		-0.00219006
532		-0.00228441
532.5		-0.00276296
533		-0.00228615
533.5		-0.00209265
534		-0.00200095
534.5		-0.00228441
535		-0.00180815
535.5		-0.00199905
536		-0.0020021
536.5		-0.00228789
537		-0.00229117
537.5		-0.00190549
538		-0.00171707
538.5		-0.00219319
539		-0.00209844
539.5		-0.00200611
540		-0.00161874
540.5		-0.00209864
541		-0.00219424
541.5		-0.00190803
542		-0.0021978
542.5		-0.00171723
543		-0.00172117
543.5		-0.00210104
544		-0.00191095
544.5		-0.0020088
545		-0.00172002
545.5		-0.00172364
546		-0.0020088
546.5		-0.00181696
547		-0.00200995
547.5		-0.00190967
548		-0.00200803
548.5		-0.00229753
549		-0.00191205
549.5		-0.00210809
550		-0.00200573
550.5		-0.00191608
551		-0.0018201
551.5		-0.00182045
552		-0.0020113
552.5		-0.00172331
553		-0.00172546
553.5		-0.0018208
554		-0.00172496
554.5		-0.00172662
555		-0.00162851
555.5		-0.00191847
556		-0.0021091
556.5		-0.00182272
557		-0.00182324
557.5		-0.0014383
558		-0.0016332
558.5		-0.00172861
559		-0.00153536
559.5		-0.00153979
560		-0.00182447
560.5		-0.000958497
561		-0.00144065
561.5		-0.00115009
562		-0.00143954
562.5		-0.00153802
563		-0.00143747
563.5		-0.00172828
564		-0.00134473
564.5		-0.0012494
565		-0.0010579
565.5		-0.00124748
566		-0.00124904
566.5		-0.000961076
567		-0.00144245
567.5		-0.000962557
568		-0.00134383
568.5		-0.00134564
569		-0.00105769
569.5		-0.00125096
570		-0.00125217
570.5		-0.000962557
571		-0.00154039
571.5		-0.00125144
572		-0.00134784
572.5		-0.00106024
573		-0.00106116
573.5		-0.00134667
574		-0.00134862
574.5		-0.00115652
575		-0.00115674
575.5		-0.00125592
576		-0.00125313
576.5		-0.00154247
577		-0.00125362
577.5		-0.0013494
578		-0.00106178
578.5		-0.00115596
579		-0.0012541
579.5		-0.00106157
580		-0.00125422
580.5		-0.00115886
581		-0.00134992
581.5		-0.00135161
582		-0.00125519
582.5		-0.00125567
583		-0.000967305
583.5		-0.000675285
584		-0.00115931
584.5		-0.00106239
585		-0.000964785
585.5		-0.000773844
586		-0.00115875
586.5		-0.00125567
587		-0.000966931
587.5		-0.000968429
588		-0.00125835
588.5		-0.000967024
589		-0.000967305
589.5		-0.00125811
590		-0.0011611
590.5		-0.000968335
591		-0.000967492
591.5		-0.0011611
592		-0.000968804
592.5		-0.00125896
593		-0.00116257
593.5		-0.000969838
594		-0.000968523
594.5		-0.000969368
595		-0.000968523
595.5		-0.0013558
596		-0.000970309
596.5		-0.000969462
597		-0.00126275
597.5		-0.000874126
598		-0.00116302
598.5		-0.0012614
599		-0.000968148
599.5		-0.00145673
600		-0.000776624
600.5		-0.00097012
601		-0.00107014
601.5		-0.00106765
602		-0.00106869
602.5		-0.00116584
603		-0.000970874
603.5		-0.000874806
604		-0.0012641
604.5		-0.00106921
605		-0.000972101
605.5		-0.001069
606		-0.00107025
606.5		-0.00126299
607		-0.000972952
607.5		-0.0012641
608		-0.00097229
608.5		-0.00126385
609		-0.00106952
609.5		-0.000971534
610		-0.00106962
610.5		-0.000974089
611		-0.00106973
611.5		-0.00107119
612		-0.0011672
612.5		-0.000876254
613		-0.00126521
613.5		-0.00106993
614		-0.00116822
614.5		-0.00136015
615		-0.00126545
615.5		-0.00106921
616		-0.00106973
616.5		-0.0012641
617		-0.00116527
617.5		-0.00106641
618		-0.000872431
618.5		-0.00106724
619		-0.00106879
619.5		-0.0010689
620		-0.000972573
620.5		-0.00107171
621		-0.00107338
621.5		-0.00146728
622		-0.00107843
622.5		-0.00127264
623		-0.00117901
623.5		-0.00118099
624		-0.00137985
624.5		-0.000988924
625		-0.00118694
625.5		-0.00139096
626		-0.00129456
626.5		-0.00139651
627		-0.00130195
627.5		-0.0015015
628		-0.00130509
628.5		-0.00150875
629		-0.00130837
629.5		-0.00151286
630		-0.00141214
630.5		-0.00131313
631		-0.00171665
631.5		-0.00171561
632		-0.00151592
632.5		-0.00161551
633		-0.00151378
633.5		-0.00131114
634		-0.00151073
634.5		-0.00130864
635		-0.00130837
635.5		-0.00140633
636		-0.00130653
636.5		-0.00140492
637		-0.00140464
637.5		-0.00140492
638		-0.00130169
638.5		-0.00120132
639		-0.00139944
639.5		-0.00119976
640		-0.00120036
640.5		-0.00139609
641		-0.00139637
641.5		-0.00139721
642		-0.000897487
642.5		-0.00129702
643		-0.00129547
643.5		-0.0010954
644		-0.00129547
644.5		-0.00119403
645		-0.00109475
645.5		-0.001093
646		-0.00139124
646.5		-0.00119296
647		-0.00119474
647.5		-0.00139124
648		-0.00129237
648.5		-0.00119142
649		-0.00129148
649.5		-0.00119225
650		-0.00129019
650.5		-0.00148839
651		-0.00108954
651.5		-0.0012916
652		-0.00128943
652.5		-0.0013882
653		-0.00139013
653.5		-0.00138834
654		-0.0014878
654.5		-0.00128802
655		-0.0012884
655.5		-0.00119142
656		-0.00099108
656.5		-0.00118883
657		-0.00148662
657.5		-0.00148588
658		-0.00138834
658.5		-0.00118941
659		-0.00118859
659.5		-0.00138737
660		-0.00158479
660.5		-0.00148515
661		-0.00148485
661.5		-0.001287
662		-0.00138628
662.5		-0.00138545
663		-0.00128738
663.5		-0.00108965
664		-0.00148251
664.5		-0.00148692
665		-0.00128713
665.5		-0.00138436
666		-0.00148706
666.5		-0.00158197
667		-0.00128649
667.5		-0.00128547
668		-0.00148265
668.5		-0.00138573
669		-0.00158353
669.5		-0.00168084
670		-0.00108922
670.5		-0.00158306
671		-0.00138504
671.5		-0.00148383
672		-0.00118683
672.5		-0.00108771
673		-0.00158259
673.5		-0.00138532
674		-0.00128662
674.5		-0.00148295
675		-0.00168284
675.5		-0.00138477
676		-0.00138532
676.5		-0.0016835
677		-0.00158118
677.5		-0.00158181
678		-0.00168084
678.5		-0.00148265
679		-0.00178183
679.5		-0.00157931
680		-0.00148163
680.5		-0.00187728
681		-0.00167702
681.5		-0.00138299
682		-0.00148002
682.5		-0.00177813
683		-0.00167918
683.5		-0.00138367
684		-0.00187673
684.5		-0.0014809
685		-0.00177725
685.5		-0.00167852
686		-0.00168017
686.5		-0.00148075
687		-0.0014809
687.5		-0.00157884
688		-0.00187951
688.5		-0.0017769
689		-0.00177883
689.5		-0.00187599
690		-0.00197375
690.5		-0.00167934
691		-0.00157744
691.5		-0.00197492
692		-0.00157993
692.5		-0.00157667
693		-0.00167702
693.5		-0.00157806
694		-0.0023664
694.5		-0.00167818
695		-0.00196909
695.5		-0.00187174
696		-0.00167554
696.5		-0.00148104
697		-0.00187377
697.5		-0.0013804
698		-0.00197355
698.5		-0.00206978
699		-0.00187045
699.5		-0.00197414
700		-0.001772
700.5		-0.00177532
701		-0.00216877
701.5		-0.00177305
702		-0.0016762
702.5		-0.00187284
703		-0.00177235
703.5		-0.00177218
704		-0.0018734
704.5		-0.00226467
705		-0.00206917
705.5		-0.00206856
706		-0.00167752
706.5		-0.00216706
707		-0.00197025
707.5		-0.0019687
708		-0.00196309
708.5		-0.00196271
709		-0.00234995
709.5		-0.00214802
710		-0.00204978
710.5		-0.00204022
711		-0.00242272
711.5		-0.00203095
712		-0.00183238
712.5		-0.00249832
713		-0.00239349
713.5		-0.00200573
714		-0.00209384
714.5		-0.00227855
715		-0.00227165
715.5		-0.00225712
716		-0.00197054
716.5		-0.00243605
717		-0.00205993
717.5		-0.00168729
718		-0.00196795
718.5		-0.0020605
719		-0.00197554
719.5		-0.00272326
720		-0.00169988
720.5		-0.00160589
721		-0.00198807
721.5		-0.00218735
722		-0.00219215
722.5		-0.00201092
723		-0.00172712
723.5		-0.00173127
724		-0.00202156
724.5		-0.00202644
725		-0.0014511
725.5		-0.00174639
726		-0.00174588
726.5		-0.00175353
727		-0.00214404
727.5		-0.00184915
728		-0.00195408
728.5		-0.00282844
729		-0.00215138
729.5		-0.00254777
730		-0.00156832
730.5		-0.00226044
731		-0.00176678
731.5		-0.0024558
732		-0.00255302
732.5		-0.00236128
733		-0.00216898
733.5		-0.0022678
734		-0.00256436
734.5		-0.00206774
735		-0.0023706
735.5		-0.00207326
736		-0.00217391
736.5		-0.00246962
737		-0.00217348
737.5		-0.00237271
738		-0.00217671
738.5		-0.00217606
739		-0.00227408
739.5		-0.0023793
740		-0.00237459
740.5		-0.0022779
741		-0.0020788
741.5		-0.00227678
742		-0.00237812
742.5		-0.00218103
743		-0.00257809
743.5		-0.00247819
744		-0.0019802
744.5		-0.00228016
745		-0.00198393
745.5		-0.00238119
746		-0.00218558
746.5		-0.00267618
747		-0.00258526
747.5		-0.00218319
748		-0.0025827
748.5		-0.00228424
749		-0.00198236
749.5		-0.00238592
750		-0.00238332
750.5		-0.00228401
751		-0.00238474
751.5		-0.00277393
752		-0.0024846
752.5		-0.00258141
753		-0.0023883
753.5		-0.00278773
754		-0.00247868
754.5		-0.00278496
755		-0.00238592
755.5		-0.00288385
756		-0.00268657
756.5		-0.00208623
757		-0.00218688
757.5		-0.00238592
758		-0.00248385
758.5		-0.00278496
759		-0.00258372
759.5		-0.00238758
760		-0.00249054
760.5		-0.00298626
761		-0.00219014
761.5		-0.0020852
762		-0.00308519
762.5		-0.00258913
763		-0.0024846
763.5		-0.00289161
764		-0.00238877
764.5		-0.00279079
765		-0.0024809
765.5		-0.00298805
766		-0.00219342
766.5		-0.00278857
767		-0.00288328
767.5		-0.00278829
768		-0.0026863
768.5		-0.00228878
769		-0.00278857
769.5		-0.00288873
770		-0.00279051
770.5		-0.00298478
771		-0.00278718
771.5		-0.00299312
772		-0.00248583
772.5		-0.00299162
773		-0.00308581
773.5		-0.00259145
774		-0.00279609
774.5		-0.00308274
775		-0.00349476
775.5		-0.00298448
776		-0.00268764
776.5		-0.00299013
777		-0.00318757
777.5		-0.00278718
778		-0.00269515
778.5		-0.00318725
779		-0.00289277
779.5		-0.00289306
780		-0.0030895
780.5		-0.00299073
781		-0.00309011
781.5		-0.00309319
782		-0.0031882
782.5		-0.00329177
783		-0.00279832
783.5		-0.00259171
784		-0.00289277
784.5		-0.00259403
785		-0.00288586
785.5		-0.00309628
786		-0.00288672
786.5		-0.00279218
787		-0.0028971
787.5		-0.00309319
788		-0.00269354
788.5		-0.0031984
789		-0.0030935
789.5		-0.0029976
790		-0.00308796
790.5		-0.00289508
791		-0.00278579
791.5		-0.00319107
792		-0.00310248
792.5		-0.00329703
793		-0.0029991
793.5		-0.00279302
794		-0.0032944
794.5		-0.00279776
795		-0.0031984
795.5		-0.00309443
796		-0.00299312
796.5		-0.00289566
797		-0.00319648
797.5		-0.00320449
798		-0.0028971
798.5		-0.0027972
799		-0.00319234
799.5		-0.00319904
800		-0.00319904
800.5		-0.00338848
801		-0.00300481
801.5		-0.00309752
802		-0.00309258
802.5		-0.00289913
803		-0.00329506
803.5		-0.00270135
804		-0.00279664
804.5		-0.00329736
805		-0.00260234
805.5		-0.0036963
806		-0.00310217
806.5		-0.00280168
807		-0.00309876
807.5		-0.0030015
808		-0.00249975
808.5		-0.00350035
809		-0.00310093
809.5		-0.00319075
810		-0.00359784
810.5		-0.00289363
811		-0.00339796
811.5		-0.00330165
812		-0.00309845
812.5		-0.0026973
813		-0.00389883
813.5		-0.00290087
814		-0.0035
814.5		-0.0034986
815		-0.00290261
815.5		-0.00318979
816		-0.00319234
816.5		-0.00309628
817		-0.0029982
817.5		-0.00380876
818		-0.0030015
818.5		-0.00349301
819		-0.0037
819.5		-0.00259896
820		-0.00339321
820.5		-0.00308919
821		-0.00369372
821.5		-0.00339457
822		-0.00358995
822.5		-0.00290116
823		-0.00379166
823.5		-0.0034965
824		-0.00379317
824.5		-0.00279357
825		-0.00309289
825.5		-0.00348675
826		-0.00289277
826.5		-0.00298686
827		-0.00278968
827.5		-0.00289017
828		-0.00348467
828.5		-0.00259016
829		-0.00367428
829.5		-0.00318693
830		-0.00367976
830.5		-0.00308888
831		-0.002983
831.5		-0.00347809
832		-0.00318155
832.5		-0.00308059
833		-0.00327543
833.5		-0.00337235
834		-0.00377171
834.5		-0.00327608
835		-0.00347188
835.5		-0.00346432
836		-0.00336301
836.5		-0.00337235
837		-0.004059
837.5		-0.00425279
838		-0.0029703
838.5		-0.00345679
839		-0.00326442
839.5		-0.00394711
840		-0.00424691
840.5		-0.0036583
841		-0.00384957
841.5		-0.00395804
842		-0.00325348
842.5		-0.00326184
843		-0.00424524
843.5		-0.00383443
844		-0.00325894
844.5		-0.00355345
845		-0.00503853
845.5		-0.00415554
846		-0.00434482
846.5		-0.0036464
847		-0.00276298
847.5		-0.00414651
848		-0.00493437
848.5		-0.00383783
849		-0.00484094
849.5		-0.00355345
850		-0.0040586
850.5		-0.00435213
851		-0.00493681
851.5		-0.00357391
852		-0.00404778
852.5		-0.00453157
853		-0.00406423
853.5		-0.00327251
854		-0.00257681
854.5		-0.00395765
855		-0.00366627
855.5		-0.00613618
856		-0.00257604
856.5		-0.00455671
857		-0.00565869
857.5		-0.00508982
858		-0.00297649
858.5		-0.0020854
859		-0.00307357
859.5		-0.0047804
860		-0.00386636
860.5		-0.00391017
861		-0.00532503
861.5		-0.00448252
862		-0.00346603
862.5		-0.00489266
863		-0.00467243
863.5		-0.000599042
864		-0.00648185
864.5		-0.00376014
865		-0.00221328
865.5		-0.0054956
866		-0.00418202
866.5		-0.00360577
867		-0.00569203
867.5		-0.00319776
868		-0.00618577
868.5		-0.00230276
869		-0.00519896
869.5		-0.00418994
870		-0.00120048
870.5		-0.0026823
871		-0.000202286
871.5		0
872		-0.00398129
872.5		-0.00414141
873		-0.00262441
873.5		-0.00192717
874		-0.00292162
874.5		-0.00242964
875		-0.00436415
875.5		-0.00730594
876		-0.00513854
876.5		-0.00332393
877		-0.00896496
877.5		-0.0050944
878		-0.00401405
878.5		-0.00702318
879		-0.00415695
879.5		-0.00304321
880		-0.00253653
880.5		-0.00493156
881		-0.00487999
881.5		-0.00138422
882		-0.00829171
882.5		-0.00232253
883		-0.00781491
883.5		-0.00429485
884		-0.000102648
884.5		0.00303859
885		-0.00452266
885.5		-0.00288099
886		-0.0127408
886.5		-0.00737895
887		-0.0071069
887.5		-0.00281662
888		-0.000501857
888.5		0.00247423
889		-0.00782583
889.5		-0.00793731
890		-0.00452311
890.5		0.0013013
891		0.00232652
891.5		-0.00458578
892		0.000808571
892.5		-0.000586854
893		0.00198786
893.5		0.000616459
894		-0.00353982
894.5		0.0107473
895		-0.00444181
895.5		-0.00157125
896		0.000199422
896.5		0.000818582
897		-0.00843188
897.5		-0.00305569
898		-0.012259
898.5		-0.000799041
899		-0.00564915
899.5		-0.0135707
900		-0.0071
