Data1:
lambda		value

Calibration:
lambda:	800
Abs:	-0.0007

Data:
#
900		0.2497
899.5		0.261968
899		0.261974
898.5		0.242212
898		0.249036
897.5		0.253128
897		0.272279
896.5		0.253043
896		0.257151
895.5		0.260528
895		0.253083
894.5		0.253715
894		0.255259
893.5		0.266509
893		0.267622
892.5		0.260266
892		0.261467
891.5		0.257598
891		0.270374
890.5		0.263958
890		0.261647
889.5		0.255097
889		0.25875
888.5		0.272671
888		0.261663
887.5		0.260432
887		0.256241
886.5		0.270284
886		0.27295
885.5		0.255412
885		0.254447
884.5		0.26911
884		0.274574
883.5		0.256889
883		0.286772
882.5		0.269305
882		0.267426
881.5		0.254991
881		0.270682
880.5		0.275956
880		0.268661
879.5		0.274995
879		0.273437
878.5		0.270785
878		0.266125
877.5		0.265701
877		0.280754
876.5		0.274869
876		0.274751
875.5		0.276701
875		0.270163
874.5		0.275956
874		0.271803
873.5		0.273142
873		0.279084
872.5		0.273122
872		0.275495
871.5		0.275461
871		0.277727
870.5		0.273982
870		0.2771
869.5		0.272736
869		0.273436
868.5		0.270616
868		0.274758
867.5		0.277095
867		0.2776
866.5		0.27473
866		0.274908
865.5		0.274071
865		0.279364
864.5		0.276162
864		0.280203
863.5		0.284032
863		0.278545
862.5		0.280068
862		0.277173
861.5		0.28129
861		0.282113
860.5		0.28182
860		0.281736
859.5		0.28213
859		0.278593
858.5		0.284296
858		0.286224
857.5		0.283021
857		0.282525
856.5		0.282701
856		0.282559
855.5		0.284032
855		0.28437
854.5		0.284739
854		0.283634
853.5		0.284199
853		0.286068
852.5		0.282816
852		0.285898
851.5		0.288082
851		0.285827
850.5		0.286731
850		0.286958
849.5		0.286532
849		0.289058
848.5		0.289101
848		0.288547
847.5		0.288858
847		0.291576
846.5		0.289824
846		0.29158
845.5		0.289981
845		0.292218
844.5		0.292255
844		0.291313
843.5		0.291892
843		0.293496
842.5		0.294141
842		0.29457
841.5		0.294659
841		0.293241
840.5		0.295809
840		0.295291
839.5		0.29493
839		0.295659
838.5		0.29687
838		0.297506
837.5		0.296589
837		0.298169
836.5		0.300218
836		0.297607
835.5		0.298407
835		0.299256
834.5		0.299395
834		0.300923
833.5		0.299822
833		0.301022
832.5		0.300884
832		0.300934
831.5		0.303268
831		0.302256
830.5		0.302789
830		0.30331
829.5		0.303932
829		0.302958
828.5		0.303625
828		0.303842
827.5		0.304443
827		0.30485
826.5		0.305434
826		0.305015
825.5		0.306313
825		0.305974
824.5		0.306672
824		0.306625
823.5		0.30737
823		0.3078
822.5		0.308
822		0.308413
821.5		0.308782
821		0.30975
820.5		0.308198
820		0.309856
819.5		0.310651
819		0.310976
818.5		0.310555
818		0.311631
817.5		0.312594
817		0.312288
816.5		0.3125
816		0.311029
815.5		0.311977
815		0.313757
814.5		0.313549
814		0.313675
813.5		0.314169
813		0.31428
812.5		0.315458
812		0.315616
811.5		0.316732
811		0.315884
810.5		0.315579
810		0.316883
809.5		0.316356
809		0.317568
808.5		0.317905
808		0.318441
807.5		0.318632
807		0.318945
806.5		0.319064
806		0.320596
805.5		0.320052
805		0.31966
804.5		0.319916
804		0.320487
803.5		0.322232
803		0.322088
802.5		0.322974
802		0.321998
801.5		0.323012
801		0.32459
800.5		0.322773
800		0.324673
799.5		0.324673
799		0.324292
798.5		0.325045
798		0.326743
797.5		0.326226
797		0.32661
796.5		0.326879
796		0.327017
795.5		0.326981
795		0.328305
794.5		0.328106
794		0.32871
793.5		0.328348
793		0.330269
792.5		0.330171
792		0.330732
791.5		0.329944
791		0.329687
790.5		0.330905
790		0.330778
789.5		0.332101
789		0.331771
788.5		0.3333
788		0.331871
787.5		0.333234
787		0.333633
786.5		0.333732
786		0.333234
785.5		0.335164
785		0.334726
784.5		0.336093
784		0.336026
783.5		0.335891
783		0.337063
782.5		0.337322
782		0.338114
781.5		0.338021
781		0.338282
780.5		0.338714
780		0.338713
779.5		0.33945
779		0.340014
778.5		0.338909
778		0.340251
777.5		0.340697
777		0.341531
776.5		0.342034
776		0.341393
775.5		0.341587
775		0.343647
774.5		0.34175
774		0.34418
773.5		0.34313
773		0.343781
772.5		0.344996
772		0.344499
771.5		0.345368
771		0.345373
770.5		0.345102
770		0.346184
769.5		0.346908
769		0.34664
768.5		0.346961
768		0.346892
767.5		0.348397
767		0.348539
766.5		0.34893
766		0.34991
765.5		0.350757
765		0.349469
764.5		0.3514
764		0.350313
763.5		0.352038
763		0.350785
762.5		0.353374
762		0.352666
761.5		0.35196
761		0.353866
760.5		0.35393
760		0.35481
759.5		0.35352
759		0.354127
758.5		0.35524
758		0.354653
757.5		0.356653
757		0.35622
756.5		0.356405
756		0.357868
755.5		0.357654
755		0.357547
754.5		0.358222
754		0.357483
753.5		0.359176
753		0.359694
752.5		0.358873
752		0.360123
751.5		0.35918
751		0.360648
750.5		0.361326
750		0.361624
749.5		0.361821
749		0.361835
748.5		0.362851
748		0.363916
747.5		0.363258
747		0.36398
746.5		0.363717
746		0.364647
745.5		0.364673
745		0.365097
744.5		0.364979
744		0.364806
743.5		0.366429
743		0.366736
742.5		0.366862
742		0.367373
741.5		0.367109
741		0.368197
740.5		0.367587
740		0.368312
739.5		0.369735
739		0.36865
738.5		0.369883
738		0.370191
737.5		0.369898
737		0.370926
736.5		0.370692
736		0.371493
735.5		0.371262
735		0.373321
734.5		0.372244
734		0.373361
733.5		0.373448
733		0.374101
732.5		0.373918
732		0.373086
731.5		0.374018
731		0.374706
730.5		0.375872
730		0.375465
729.5		0.376335
729		0.375855
728.5		0.376036
728		0.377283
727.5		0.376496
727		0.377789
726.5		0.378323
726		0.378321
725.5		0.37911
725		0.37946
724.5		0.379763
724		0.379426
723.5		0.379771
723		0.380012
722.5		0.380683
722		0.380907
721.5		0.38093
721		0.380997
720.5		0.380831
720		0.382989
719.5		0.380926
719		0.383769
718.5		0.38311
718		0.384075
717.5		0.384183
717		0.384219
716.5		0.38494
716		0.384204
715.5		0.384601
715		0.386129
714.5		0.386163
714		0.386643
713.5		0.387054
713		0.386831
712.5		0.387571
712		0.386484
711.5		0.387278
711		0.387194
710.5		0.387589
710		0.388721
709.5		0.38903
709		0.389057
708.5		0.389543
708		0.389816
707.5		0.389846
707		0.389956
706.5		0.390607
706		0.391596
705.5		0.39169
705		0.390426
704.5		0.392224
704		0.393061
703.5		0.391694
703		0.392815
702.5		0.392847
702		0.393357
701.5		0.393659
701		0.394265
700.5		0.395248
700		0.393033
699.5		0.395264
699		0.394411
698.5		0.395468
698		0.395837
697.5		0.395328
697		0.396096
696.5		0.396565
696		0.39665
695.5		0.39616
695		0.397303
694.5		0.397474
694		0.397004
693.5		0.398107
693		0.39789
692.5		0.397656
692		0.398677
691.5		0.399072
691		0.399231
690.5		0.399131
690		0.399625
689.5		0.399428
689		0.400573
688.5		0.400039
688		0.401068
687.5		0.400178
687		0.401362
686.5		0.400928
686		0.401897
685.5		0.400612
685		0.401994
684.5		0.401362
684		0.402152
683.5		0.402391
683		0.40235
682.5		0.403081
682		0.402801
681.5		0.403673
681		0.40213
680.5		0.403358
680		0.403535
679.5		0.404045
679		0.40471
678.5		0.404604
678		0.404527
677.5		0.404882
677		0.405216
676.5		0.405266
676		0.405935
675.5		0.406269
675		0.406194
674.5		0.406562
674		0.406708
673.5		0.406726
673		0.406269
672.5		0.406741
672		0.407711
671.5		0.406605
671		0.407634
670.5		0.40807
670		0.408295
669.5		0.407393
669		0.408093
668.5		0.408925
668		0.407865
667.5		0.408916
667		0.408547
666.5		0.408974
666		0.40987
665.5		0.408916
665		0.409541
664.5		0.40983
664		0.408911
663.5		0.41014
663		0.410414
662.5		0.409932
662		0.410373
661.5		0.410292
661		0.410746
660.5		0.411025
660		0.410198
659.5		0.411095
659		0.41099
658.5		0.411969
658		0.411479
657.5		0.411526
657		0.411333
656.5		0.411369
656		0.411829
655.5		0.412366
655		0.411829
654.5		0.4124
654		0.411858
653.5		0.413164
653		0.413102
652.5		0.412528
652		0.412949
651.5		0.413844
651		0.412673
650.5		0.412617
650		0.413194
649.5		0.413745
649		0.413903
648.5		0.41316
648		0.41429
647.5		0.414523
647		0.414908
646.5		0.414687
646		0.413728
645.5		0.414084
645		0.414743
644.5		0.415258
644		0.414982
643.5		0.414493
643		0.415081
642.5		0.415777
642		0.415869
641.5		0.415104
641		0.415254
640.5		0.415371
640		0.416658
639.5		0.41625
639		0.415168
638.5		0.416592
638		0.416575
637.5		0.417394
637		0.416909
636.5		0.416591
636		0.417521
635.5		0.416909
635		0.417907
634.5		0.417287
634		0.417799
633.5		0.418591
633		0.418743
632.5		0.419358
632		0.419133
631.5		0.418743
631		0.4194
630.5		0.419931
630		0.420044
629.5		0.4198
629		0.419618
628.5		0.419867
628		0.420472
627.5		0.419452
627		0.420663
626.5		0.419783
626		0.419968
625.5		0.420101
625		0.419419
624.5		0.420819
624		0.419409
623.5		0.420167
623		0.419957
622.5		0.41873
622		0.420521
621.5		0.420456
621		0.420503
620.5		0.420238
620		0.419697
619.5		0.419815
619		0.420066
618.5		0.42091
618		0.419961
617.5		0.419905
617		0.420113
616.5		0.421656
616		0.421211
615.5		0.421104
615		0.42201
614.5		0.420899
614		0.422051
613.5		0.421974
613		0.422123
612.5		0.42219
612		0.421779
611.5		0.422953
611		0.422475
610.5		0.423661
610		0.423114
609.5		0.422744
609		0.423268
608.5		0.423032
608		0.423948
607.5		0.423795
607		0.424334
606.5		0.424104
606		0.424528
605.5		0.424131
605		0.424546
604.5		0.425962
604		0.42603
603.5		0.42567
603		0.425175
602.5		0.425755
602		0.426532
601.5		0.426118
601		0.427307
600.5		0.426396
600		0.427074
599.5		0.427337
599		0.426304
598.5		0.427546
598		0.427243
597.5		0.428835
597		0.428682
596.5		0.428433
596		0.42968
595.5		0.42817
595		0.42889
594.5		0.430039
594		0.429374
593.5		0.430732
593		0.43037
592.5		0.430784
592		0.431338
591.5		0.430119
591		0.431238
590.5		0.431807
590		0.431957
589.5		0.432234
589		0.432702
588.5		0.432866
588		0.433478
587.5		0.433882
587		0.432921
586.5		0.433137
586		0.433494
585.5		0.435119
585		0.434468
584.5		0.43464
584		0.435828
583.5		0.436162
583		0.436473
582.5		0.436709
582		0.436541
581.5		0.437271
581		0.436434
580.5		0.43788
580		0.437554
579.5		0.438356
579		0.438476
578.5		0.438325
578		0.440178
577.5		0.439638
577		0.440428
576.5		0.440204
576		0.44074
575.5		0.442588
575		0.441607
574.5		0.4421
574		0.442658
573.5		0.442308
573		0.444455
572.5		0.443781
572		0.444038
571.5		0.44438
571		0.444327
570.5		0.445685
570		0.445792
569.5		0.445941
569		0.446175
568.5		0.446195
568		0.445788
567.5		0.448282
567		0.448236
566.5		0.447978
566		0.449001
565.5		0.447866
565		0.449817
564.5		0.449803
564		0.450504
563.5		0.450907
563		0.450043
562.5		0.452003
562		0.451938
561.5		0.45114
561		0.452957
560.5		0.452716
560		0.453734
559.5		0.4557
559		0.454388
558.5		0.455889
558		0.455872
557.5		0.455861
557		0.456691
556.5		0.457231
556		0.457499
555.5		0.45805
555		0.457914
554.5		0.458913
554		0.459527
553.5		0.459623
553		0.46033
552.5		0.460331
552		0.46089
551.5		0.46212
551		0.461745
550.5		0.462555
550		0.461524
549.5		0.463506
549		0.463016
548.5		0.464115
548		0.464347
547.5		0.464255
547		0.465844
546.5		0.466208
546		0.466437
545.5		0.467311
545		0.467284
544.5		0.467776
544		0.467622
543.5		0.46864
543		0.469413
542.5		0.468148
542		0.470532
541.5		0.469102
541		0.470628
540.5		0.470773
540		0.470112
539.5		0.472594
539		0.471587
538.5		0.472119
538		0.473253
537.5		0.473714
537		0.474377
536.5		0.473699
536		0.47403
535.5		0.473975
535		0.47441
534.5		0.474786
534		0.476141
533.5		0.475421
533		0.476481
532.5		0.477714
532		0.476879
531.5		0.478108
531		0.478228
530.5		0.478439
530		0.478976
529.5		0.478091
529		0.479954
528.5		0.47989
528		0.48008
527.5		0.480773
527		0.480373
526.5		0.481732
526		0.481876
525.5		0.482316
525		0.482716
524.5		0.482742
524		0.48307
523.5		0.484049
523		0.484064
522.5		0.484165
522		0.484313
521.5		0.485151
521		0.485622
520.5		0.484791
520		0.484739
519.5		0.485554
519		0.485396
518.5		0.487001
518		0.485497
517.5		0.485777
517		0.486016
516.5		0.485551
516		0.487612
515.5		0.486149
515		0.486718
514.5		0.48751
514		0.486535
513.5		0.487649
513		0.487377
512.5		0.487793
512		0.488019
511.5		0.486623
511		0.487351
510.5		0.487368
510		0.487329
509.5		0.487551
509		0.487626
508.5		0.487368
508		0.486775
507.5		0.487297
507		0.487397
506.5		0.486381
506		0.48559
505.5		0.486299
505		0.485898
504.5		0.485679
504		0.484903
503.5		0.484457
503		0.484509
502.5		0.483332
502		0.483962
501.5		0.48283
501		0.482336
500.5		0.482317
500		0.48135
499.5		0.481592
499		0.480689
498.5		0.479024
498		0.480164
497.5		0.479035
497		0.478035
496.5		0.477186
496		0.476878
495.5		0.475689
495		0.47482
494.5		0.472962
494		0.47366
493.5		0.473273
493		0.47225
492.5		0.471285
492		0.470226
491.5		0.469272
491		0.467516
490.5		0.468764
490		0.466538
489.5		0.465543
489		0.46423
488.5		0.463566
488		0.463038
487.5		0.461792
487		0.46004
486.5		0.459202
486		0.458638
485.5		0.456736
485		0.456492
484.5		0.456116
484		0.45374
483.5		0.452648
483		0.450957
482.5		0.450533
482		0.4499
481.5		0.447811
481		0.447
480.5		0.445191
480		0.445313
479.5		0.444737
479		0.441915
478.5		0.442268
478		0.439565
477.5		0.438376
477		0.43862
476.5		0.436518
476		0.435478
475.5		0.434324
475		0.433189
474.5		0.432588
474		0.430549
473.5		0.429804
473		0.428879
472.5		0.42756
472		0.426177
471.5		0.426626
471		0.423369
470.5		0.422974
470		0.421737
469.5		0.421667
469		0.420205
468.5		0.418813
468		0.41808
467.5		0.416187
467		0.416025
466.5		0.41418
466		0.413005
465.5		0.412687
465		0.411522
464.5		0.412329
464		0.409613
463.5		0.407982
463		0.407466
462.5		0.407006
462		0.405651
461.5		0.404905
461		0.40399
460.5		0.402555
460		0.402102
459.5		0.400399
459		0.399671
458.5		0.398962
458		0.397958
457.5		0.397116
457		0.394517
456.5		0.395506
456		0.393187
455.5		0.39357
455		0.393033
454.5		0.391113
454		0.389898
453.5		0.388692
453		0.388029
452.5		0.388113
452		0.387408
451.5		0.38648
451		0.38493
450.5		0.384508
450		0.382368
449.5		0.382363
449		0.380391
448.5		0.38145
448		0.379458
447.5		0.378787
447		0.378412
446.5		0.377704
446		0.376587
445.5		0.37565
445		0.375287
444.5		0.374403
444		0.372814
443.5		0.373188
443		0.372375
442.5		0.371213
442		0.37153
441.5		0.370216
441		0.368929
440.5		0.368809
440		0.368468
439.5		0.367897
439		0.367303
438.5		0.365397
438		0.364678
437.5		0.364089
437		0.364801
436.5		0.364243
436		0.362593
435.5		0.362965
435		0.361553
434.5		0.362106
434		0.360597
433.5		0.359723
433		0.360288
432.5		0.359477
432		0.358171
431.5		0.356946
431		0.356211
430.5		0.357633
430		0.355532
429.5		0.356039
429		0.354661
428.5		0.354115
428		0.354243
427.5		0.353239
427		0.352764
426.5		0.351696
426		0.351253
425.5		0.350013
425		0.350234
424.5		0.349531
424		0.348537
423.5		0.348691
423		0.34843
422.5		0.348434
422		0.346028
421.5		0.347772
421		0.346381
420.5		0.346378
420		0.345689
419.5		0.344934
419		0.343307
418.5		0.34378
418		0.342593
417.5		0.34186
417		0.340955
416.5		0.341147
416		0.341472
415.5		0.340084
415		0.339527
414.5		0.339258
414		0.338884
413.5		0.339142
413		0.337736
412.5		0.337862
412		0.337207
411.5		0.336893
411		0.335403
410.5		0.334293
410		0.335493
409.5		0.333944
409		0.33435
408.5		0.332637
408		0.333799
407.5		0.332897
407		0.33142
406.5		0.333072
406		0.331765
405.5		0.329831
405		0.330864
404.5		0.330233
404		0.329624
403.5		0.32925
403		0.3283
402.5		0.328472
402		0.328501
401.5		0.327139
401		0.32738
400.5		0.32629
400		0.326704
399.5		0.326644
399		0.32516
398.5		0.325093
398		0.32396
397.5		0.324621
397		0.324504
396.5		0.324041
396		0.323265
395.5		0.322662
395		0.324093
394.5		0.322628
394		0.321469
393.5		0.322483
393		0.321072
392.5		0.320089
392		0.319997
391.5		0.32022
391		0.320967
390.5		0.320333
390		0.318864
389.5		0.318828
389		0.3181
388.5		0.318474
388		0.318403
387.5		0.316445
387		0.316786
386.5		0.316772
386		0.317254
385.5		0.317034
385		0.315709
384.5		0.314646
384		0.315731
383.5		0.31644
383		0.314353
382.5		0.312658
382		0.314744
381.5		0.313532
381		0.313079
380.5		0.311514
380		0.313949
379.5		0.311319
379		0.312563
378.5		0.311981
378		0.312024
377.5		0.311831
377		0.310896
376.5		0.309488
376		0.310261
375.5		0.310935
375		0.308667
374.5		0.311529
374		0.310026
373.5		0.310734
373		0.309799
372.5		0.310112
372		0.31115
371.5		0.307571
371		0.308549
370.5		0.309326
370		0.3095
369.5		0.308524
369		0.306807
368.5		0.305834
368		0.306787
367.5		0.306336
367		0.304219
366.5		0.306414
366		0.306156
365.5		0.305611
365		0.305224
364.5		0.305118
364		0.305816
363.5		0.304863
363		0.305035
362.5		0.30383
362		0.302575
361.5		0.303626
361		0.302499
360.5		0.303599
360		0.301334
359.5		0.303497
359		0.303497
358.5		0.300455
358		0.302628
357.5		0.300416
357		0.301101
356.5		0.302343
356		0.301335
355.5		0.299967
355		0.299919
354.5		0.298793
354		0.2979
353.5		0.29836
353		0.300527
352.5		0.299116
352		0.296081
351.5		0.297131
351		0.29791
350.5		0.295629
350		0.296248
349.5		0.295621
349		0.296383
348.5		0.293995
348		0.292281
347.5		0.292873
347		0.294625
346.5		0.291386
346		0.29146
345.5		0.2905
345		0.29328
344.5		0.292435
344		0.289013
343.5		0.288939
343		0.29173
342.5		0.288296
342		0.289165
341.5		0.288431
341		0.286497
340.5		0.284287
340		0.28307
339.5		0.284574
339		0.281174
338.5		0.28316
338		0.282314
337.5		0.281995
337		0.281542
336.5		0.279997
336		0.281677
335.5		0.278576
335		0.277709
334.5		0.277306
334		0.275867
333.5		0.278105
333		0.276366
332.5		0.275573
332		0.275126
331.5		0.273459
331		0.273454
330.5		0.270591
330		0.277343
329.5		0.270721
329		0.273441
328.5		0.268745
328		0.268465
327.5		0.269308
327		0.267912
326.5		0.268272
326		0.266707
325.5		0.267237
325		0.268503
324.5		0.267412
324		0.266077
323.5		0.266723
323		0.265962
322.5		0.266041
322		0.264124
321.5		0.260935
321		0.261908
320.5		0.259689
320		0.265068
319.5		0.260627
319		0.260033
318.5		0.262518
318		0.259508
317.5		0.257615
317		0.257213
316.5		0.25614
316		0.2596
315.5		0.257958
315		0.257687
314.5		0.254765
314		0.254103
313.5		0.257406
313		0.257845
312.5		0.254125
312		0.259112
311.5		0.259185
311		0.255907
310.5		0.258444
310		0.25239
309.5		0.251534
309		0.256427
308.5		0.256504
308		0.25283
307.5		0.249178
307		0.251051
306.5		0.257661
306		0.251242
305.5		0.253931
305		0.257574
304.5		0.256519
304		0.255586
303.5		0.283818
303		0.23966
302.5		0.237348
302		0.235695
301.5		0.256924
301		0.245059
300.5		0.23454
300		0.224685
299.5		0.245058
299		0.228848
298.5		0.255479
298		0.331893
297.5		0.263302
297		0.169095
296.5		0.226025
296		0.331456
295.5		0.179913
295		0.161171
294.5		0.215357
294		0.102475
293.5		0.0543097
293		0.234179
292.5		0.0303117
292		0.0246323
291.5		0.474116
291		1.0748
290.5		-0.693407
290		0.504618
289.5		1.18781
289		0.617705
288.5		0.408198
288		0.408679
287.5		2.3273
287		0.338868
286.5		0.590489
286		0.701362
285.5		-2.33083
285		-18.7765
284.5		0.0601723
284		0.177356
283.5		0.623805
283		0.907508
282.5		-0.136482
282		-0.0507271
281.5		0.461274
281		0.33782
280.5		0.169809
280		0.102134
279.5		0.288216
279		0.69794
278.5		0.398941
278		0.283047
277.5		0.779311
277		0.720005
276.5		0.0274729
276		0.237255
275.5		1.00977
275		0.380241
274.5		3.34892
274		0.280902
273.5		0.329645
273		0.422821
272.5		0.576069
272		0.454867
271.5		-18.4976
271		0.17617
270.5		0.0194793
270		0.706004
269.5		-1.23769
269		1.11178
268.5		0.388524
268		0.0525637
267.5		0.138691
267		0.977507
266.5		0.24335
266		1.11414
265.5		-0.839929
265		0.920676
264.5		0.203017
264		0.777848
263.5		-0.0101738
263		0.231072
262.5		0.0669362
262		0.292194
261.5		-0.121544
261		-1.2055
260.5		0.289328
260		-1.41821
259.5		0.519909
259		0.363653
258.5		0.5609
258		0.129245
257.5		0.390229
257		0.358209
256.5		0.348143
256		-0.605632
255.5		1.74458
255		0.638053
254.5		0.283492
254		0.343466
253.5		0.720996
253		0.427329
252.5		0.138377
252		0.987639
251.5		0.281732
251		0.32819
250.5		0.0504845
250		0.267248
249.5		0.917524
249		-1.09066
248.5		0.290722
248		-0.223372
247.5		-2.52858
247		0.362637
246.5		-0.616586
246		-0.180419
245.5		0.484602
245		1.54699
244.5		-0.476971
244		0.0528038
243.5		0.236025
243		4.96764
242.5		0.358531
242		0.986515
241.5		0.596973
241		4.13
240.5		0.154184
240		0.46203
239.5		0.713243
239		0.242085
238.5		-0.826533
238		1.05286
237.5		0.2708
237		0.773974
236.5		0.565111
236		0.668252
235.5		0.52551
235		0.437399
234.5		0.710528
234		0.115228
233.5		0.119147
233		-0.244531
232.5		0.212374
232		0.243996
231.5		-0.0610555
231		1.06609
230.5		2.05702
230		1.75872
229.5		0.771894
229		-0.298216
228.5		-0.427914
228		0.184803
227.5		0.165432
227		-0.965771
226.5		0.182838
226		0.12389
225.5		0.333536
225		-0.152618
224.5		0.433306
224		0.279155
223.5		0.611498
223		0.295089
222.5		0.176806
222		0.0802987
221.5		0.0094895
221		0.187473
220.5		0.186411
220		1.34553
219.5		0.373365
219		-7.96875
218.5		2.82612
218		0.00547413
217.5		-0.166066
217		0.0396819
216.5		0.47684
216		0.14189
215.5		0.611063
215		0.223373
214.5		0.617195
214		0.29728
213.5		-0.011187
213		-1.01044
212.5		1.05169
212		-0.111436
211.5		0.528803
211		0.374329
210.5		1.22689
210		1.65482
209.5		-36.3147
209		0.212233
208.5		0.973889
208		0.0209987
207.5		0.316185
207		0.695741
206.5		-0.274015
206		0.0348223
205.5		0.496453
205		0.230391
204.5		1.06623
204		-1.1852
203.5		3.07723
203		1.07096
202.5		0.176275
202		-2.12885
201.5		0.460908
201		0.5822
200.5		0.0791874
200		0.00634946
Data2:
lambda		value

Calibration:
lambda:	800
Abs:	0

Data:
#
900		0.26528
899.5		0.247885
899		0.260444
898.5		0.245979
898		0.258505
897.5		0.248275
897		0.247891
896.5		0.253429
896		0.258927
895.5		0.252259
895		0.252271
894.5		0.255702
894		0.256615
893.5		0.262384
893		0.274411
892.5		0.254574
892		0.255687
891.5		0.260271
891		0.266619
890.5		0.259137
890		0.253664
889.5		0.255377
889		0.261843
888.5		0.262968
888		0.259036
887.5		0.263735
887		0.255727
886.5		0.266734
886		0.266721
885.5		0.251317
885		0.253639
884.5		0.262513
884		0.26399
883.5		0.258168
883		0.267126
882.5		0.263333
882		0.259518
881.5		0.262387
881		0.261506
880.5		0.267694
880		0.262661
879.5		0.267884
879		0.264604
878.5		0.265054
878		0.266212
877.5		0.266787
877		0.264445
876.5		0.26398
876		0.268494
875.5		0.26959
875		0.270254
874.5		0.269975
874		0.27008
873.5		0.274148
873		0.270093
872.5		0.270082
872		0.270609
871.5		0.267128
871		0.271145
870.5		0.265825
870		0.270389
869.5		0.269933
869		0.272827
868.5		0.272208
868		0.269162
867.5		0.27379
867		0.270602
866.5		0.271215
866		0.273307
865.5		0.271464
865		0.274026
864.5		0.269128
864		0.273017
863.5		0.273245
863		0.273667
862.5		0.27477
862		0.274889
861.5		0.274512
861		0.279196
860.5		0.278207
860		0.275288
859.5		0.277147
859		0.274918
858.5		0.275653
858		0.276796
857.5		0.278027
857		0.276862
856.5		0.278637
856		0.279782
855.5		0.278586
855		0.280008
854.5		0.280384
854		0.279964
853.5		0.28152
853		0.281011
852.5		0.278479
852		0.280071
851.5		0.281827
851		0.281877
850.5		0.281488
850		0.282206
849.5		0.283077
849		0.282933
848.5		0.280933
848		0.283613
847.5		0.284318
847		0.284079
846.5		0.283517
846		0.284176
845.5		0.285926
845		0.285404
844.5		0.283867
844		0.285982
843.5		0.28511
843		0.285996
842.5		0.286336
842		0.286391
841.5		0.287736
841		0.287421
840.5		0.288003
840		0.288481
839.5		0.287138
839		0.288838
838.5		0.288777
838		0.288799
837.5		0.289375
837		0.29085
836.5		0.2911
836		0.290789
835.5		0.290396
835		0.291725
834.5		0.292155
834		0.292395
833.5		0.292092
833		0.293288
832.5		0.293439
832		0.293486
831.5		0.293837
831		0.29441
830.5		0.295026
830		0.294966
829.5		0.295577
829		0.295719
828.5		0.296163
828		0.296584
827.5		0.29678
827		0.297588
826.5		0.297281
826		0.297346
825.5		0.297459
825		0.298902
824.5		0.2998
824		0.29975
823.5		0.29989
823		0.300329
822.5		0.30041
822		0.300249
821.5		0.300509
821		0.300679
820.5		0.301336
820		0.301587
819.5		0.30347
819		0.302291
818.5		0.302486
818		0.303343
817.5		0.304692
817		0.304409
816.5		0.303527
816		0.304361
815.5		0.304317
815		0.306167
814.5		0.305269
814		0.305992
813.5		0.306884
813		0.3071
812.5		0.307185
812		0.307139
811.5		0.307546
811		0.307908
810.5		0.307815
810		0.308807
809.5		0.308099
809		0.309886
808.5		0.310724
808		0.310262
807.5		0.309848
807		0.310969
806.5		0.312181
806		0.312412
805.5		0.312181
805		0.312575
804.5		0.313543
804		0.313418
803.5		0.313851
803		0.314223
802.5		0.3145
802		0.31414
801.5		0.315342
801		0.316802
800.5		0.314724
800		0.3154
799.5		0.3164
799		0.315837
798.5		0.318277
798		0.317877
797.5		0.319443
797		0.319145
796.5		0.318817
796		0.318563
795.5		0.31972
795		0.319436
794.5		0.32014
794		0.320052
793.5		0.319996
793		0.3216
792.5		0.322207
792		0.322254
791.5		0.321696
791		0.321357
790.5		0.323048
790		0.323037
789.5		0.324138
789		0.323717
788.5		0.324535
788		0.324319
787.5		0.324883
787		0.326272
786.5		0.325586
786		0.3255
785.5		0.327206
785		0.3261
784.5		0.327445
784		0.32728
783.5		0.32755
783		0.328901
782.5		0.328677
782		0.328682
781.5		0.329773
781		0.329943
780.5		0.329777
780		0.330276
779.5		0.331604
779		0.33197
778.5		0.331175
778		0.332501
777.5		0.331773
777		0.331606
776.5		0.333001
776		0.33257
775.5		0.333367
775		0.334698
774.5		0.333831
774		0.335431
773.5		0.335194
773		0.335258
772.5		0.335461
772		0.335091
771.5		0.336727
771		0.337051
770.5		0.33758
770		0.337853
769.5		0.338382
769		0.337816
768.5		0.33914
768		0.338575
767.5		0.339376
767		0.338538
766.5		0.339809
766		0.341079
765.5		0.34054
765		0.340083
764.5		0.342373
764		0.341697
763.5		0.343307
763		0.342082
762.5		0.343261
762		0.343753
761.5		0.342173
761		0.344254
760.5		0.344319
760		0.344494
759.5		0.345208
759		0.345527
758.5		0.345637
758		0.345657
757.5		0.345664
757		0.345928
756.5		0.346815
756		0.346671
755.5		0.347856
755		0.347753
754.5		0.348224
754		0.347912
753.5		0.349467
753		0.350488
752.5		0.348793
752		0.350134
751.5		0.348627
751		0.349766
750.5		0.350551
750		0.351147
749.5		0.352327
749		0.351081
748.5		0.352672
748		0.352544
747.5		0.35269
747		0.354088
746.5		0.352568
746		0.353771
745.5		0.354208
745		0.35513
744.5		0.354522
744		0.354066
743.5		0.355082
743		0.355584
742.5		0.35601
742		0.355635
741.5		0.356174
741		0.356867
740.5		0.357143
740		0.35768
739.5		0.358191
739		0.357136
738.5		0.358464
738		0.359264
737.5		0.358782
737		0.358435
736.5		0.359585
736		0.35979
735.5		0.360458
735		0.360241
734.5		0.359894
734		0.361385
733.5		0.361475
733		0.362722
732.5		0.362071
732		0.361752
731.5		0.362091
731		0.362396
730.5		0.363645
730		0.362683
729.5		0.363556
729		0.363005
728.5		0.363512
728		0.364347
727.5		0.363026
727		0.364886
726.5		0.365718
726		0.364801
725.5		0.36481
725		0.365493
724.5		0.365058
724		0.365335
723.5		0.366365
723		0.366446
722.5		0.367433
722		0.365526
721.5		0.366724
721		0.36572
720.5		0.366437
720		0.367655
719.5		0.366053
719		0.368872
718.5		0.368372
718		0.369235
717.5		0.370277
717		0.370329
716.5		0.369541
716		0.370471
715.5		0.370743
715		0.371994
714.5		0.373409
714		0.37262
713.5		0.373459
713		0.373109
712.5		0.373126
712		0.373722
711.5		0.373416
711		0.373691
710.5		0.373664
710		0.375024
709.5		0.374744
709		0.37522
708.5		0.375577
708		0.375454
707.5		0.377314
707		0.376724
706.5		0.377377
706		0.377949
705.5		0.377279
705		0.37808
704.5		0.377622
704		0.378538
703.5		0.378078
703		0.378607
702.5		0.378328
702		0.378834
701.5		0.379446
701		0.379746
700.5		0.380426
700		0.379222
699.5		0.380924
699		0.380601
698.5		0.380459
698		0.381009
697.5		0.381201
697		0.381178
696.5		0.381531
696		0.381741
695.5		0.38175
695		0.381525
694.5		0.382937
694		0.382582
693.5		0.383583
693		0.382672
692.5		0.382553
692		0.38384
691.5		0.383544
691		0.383629
690.5		0.384486
690		0.384798
689.5		0.385185
689		0.385132
688.5		0.385702
688		0.386008
687.5		0.385056
687		0.385246
686.5		0.385702
686		0.385665
685.5		0.386272
685		0.386469
684.5		0.385838
684		0.386819
683.5		0.386752
683		0.386325
682.5		0.387352
682		0.386992
681.5		0.388142
681		0.387014
680.5		0.388219
680		0.387017
679.5		0.387836
679		0.388949
678.5		0.388471
678		0.38918
677.5		0.388647
677		0.389779
676.5		0.389797
676		0.389884
675.5		0.38973
675		0.38994
674.5		0.389636
674		0.39006
673.5		0.390775
673		0.390719
672.5		0.389812
672		0.390681
671.5		0.390659
671		0.390995
670.5		0.391429
670		0.391739
669.5		0.390367
669		0.391149
668.5		0.391683
668		0.390844
667.5		0.391592
667		0.391903
666.5		0.391356
666		0.392503
665.5		0.391988
665		0.391899
664.5		0.39296
664		0.39219
663.5		0.392588
663		0.392967
662.5		0.392002
662		0.393126
661.5		0.392751
661		0.392613
660.5		0.393087
660		0.393045
659.5		0.394231
659		0.39354
658.5		0.393813
658		0.393215
657.5		0.393381
657		0.394369
656.5		0.393717
656		0.394369
655.5		0.393982
655		0.393675
654.5		0.394252
654		0.395079
653.5		0.394108
653		0.394815
652.5		0.394366
652		0.394682
651.5		0.395746
651		0.393936
650.5		0.394442
650		0.394719
649.5		0.395746
649		0.395111
648.5		0.395074
648		0.395585
647.5		0.39493
647		0.396773
646.5		0.395485
646		0.395626
645.5		0.395587
645		0.396516
644.5		0.396039
644		0.396033
643.5		0.397051
643		0.39683
642.5		0.397804
642		0.396509
641.5		0.397125
641		0.396887
640.5		0.397307
640		0.397739
639.5		0.39764
639		0.39806
638.5		0.398358
638		0.398738
637.5		0.399117
637		0.399438
636.5		0.399619
636		0.399719
635.5		0.399719
635		0.399779
634.5		0.400161
634		0.400262
633.5		0.401634
633		0.400868
632.5		0.40198
632		0.402345
631.5		0.401474
631		0.402727
630.5		0.402748
630		0.402684
629.5		0.402946
629		0.403101
628.5		0.402656
628		0.402691
627.5		0.402123
627		0.402825
626.5		0.402814
626		0.401833
625.5		0.402604
625		0.40091
624.5		0.402018
624		0.401163
623.5		0.401162
623		0.400885
622.5		0.400313
622		0.401589
621.5		0.400881
621		0.400488
620.5		0.400741
620		0.399747
619.5		0.400175
619		0.400233
618.5		0.400136
618		0.400465
617.5		0.400019
617		0.40068
616.5		0.401323
616		0.401265
615.5		0.40175
615		0.402045
614.5		0.400194
614		0.402279
613.5		0.401829
613		0.402551
612.5		0.402318
612		0.402121
611.5		0.402883
611		0.40214
610.5		0.403878
610		0.402198
609.5		0.40311
609		0.403423
608.5		0.403092
608		0.403618
607.5		0.404144
607		0.404672
606.5		0.404568
606		0.405547
605.5		0.40488
605		0.404998
604.5		0.405931
604		0.405894
603.5		0.406223
603		0.405167
602.5		0.405928
602		0.406414
601.5		0.406699
601		0.40726
600.5		0.406696
600		0.407166
599.5		0.407908
599		0.407612
598.5		0.408231
598		0.408047
597.5		0.409113
597		0.40993
596.5		0.409523
596		0.409395
595.5		0.409183
595		0.409514
594.5		0.41055
594		0.410386
593.5		0.41104
593		0.411086
592.5		0.411508
592		0.411862
591.5		0.411343
591		0.411981
590.5		0.41234
590		0.413086
589.5		0.413359
589		0.413159
588.5		0.413716
588		0.414892
587.5		0.414608
587		0.414837
586.5		0.414976
586		0.415049
585.5		0.416546
585		0.415364
584.5		0.416385
584		0.416989
583.5		0.417254
583		0.418094
582.5		0.417681
582		0.418582
581.5		0.418831
581		0.418596
580.5		0.419532
580		0.419224
579.5		0.419925
579		0.421114
578.5		0.420409
578		0.421647
577.5		0.422194
577		0.422012
576.5		0.423047
576		0.422524
575.5		0.424623
575		0.423778
574.5		0.424178
574		0.424745
573.5		0.423939
573		0.426035
572.5		0.426244
572		0.426618
571.5		0.426577
571		0.427773
570.5		0.427499
570		0.428076
569.5		0.428915
569		0.428104
568.5		0.428805
568		0.429477
567.5		0.430868
567		0.430839
566.5		0.431263
566		0.431619
565.5		0.431657
565		0.433478
564.5		0.433186
564		0.433224
563.5		0.433922
563		0.433666
562.5		0.435769
562		0.435058
561.5		0.435049
561		0.436834
560.5		0.437105
560		0.438671
559.5		0.440219
559		0.439912
558.5		0.440538
558		0.44186
557.5		0.441301
557		0.442407
556.5		0.442856
556		0.442367
555.5		0.444157
555		0.443082
554.5		0.445404
554		0.444881
553.5		0.445744
553		0.445872
552.5		0.446179
552		0.447404
551.5		0.447288
551		0.448064
550.5		0.448395
550		0.447979
549.5		0.45011
549		0.449747
548.5		0.450445
548		0.450885
547.5		0.450334
547		0.45237
546.5		0.453128
546		0.452014
545.5		0.453927
545		0.454024
544.5		0.455267
544		0.454936
543.5		0.45491
543		0.456911
542.5		0.455482
542		0.457656
541.5		0.456341
541		0.457296
540.5		0.458206
540		0.457853
539.5		0.459627
539		0.459021
538.5		0.459748
538		0.460878
537.5		0.460497
537		0.461516
536.5		0.461619
536		0.462808
535.5		0.461722
535		0.463018
534.5		0.463011
534		0.463687
533.5		0.463749
533		0.465079
532.5		0.465072
532		0.465391
531.5		0.466235
531		0.465988
530.5		0.467041
530		0.467111
529.5		0.467472
529		0.469221
528.5		0.468411
528		0.468982
527.5		0.469854
527		0.469469
526.5		0.470818
526		0.471154
525.5		0.47084
525		0.471984
524.5		0.472027
524		0.472066
523.5		0.473604
523		0.472772
522.5		0.473639
522		0.473599
521.5		0.474617
521		0.474512
520.5		0.474555
520		0.475357
519.5		0.475226
519		0.476009
518.5		0.475796
518		0.476399
517.5		0.476104
517		0.476821
516.5		0.475792
516		0.477353
515.5		0.477329
515		0.47742
514.5		0.479153
514		0.477909
513.5		0.479195
513		0.47836
512.5		0.479435
512		0.480034
511.5		0.478659
511		0.479652
510.5		0.479202
510		0.479359
509.5		0.479381
509		0.479379
508.5		0.480443
508		0.479577
507.5		0.479813
507		0.478679
506.5		0.479012
506		0.477754
505.5		0.478843
505		0.477697
504.5		0.478244
504		0.477481
503.5		0.476954
503		0.476724
502.5		0.475662
502		0.475458
501.5		0.473783
501		0.474235
500.5		0.474394
500		0.473173
499.5		0.472953
499		0.472341
498.5		0.471441
498		0.471086
497.5		0.470343
497		0.470185
496.5		0.468605
496		0.467746
495.5		0.467764
495		0.466913
494.5		0.464878
494		0.464934
493.5		0.464187
493		0.463253
492.5		0.462026
492		0.462253
491.5		0.459936
491		0.459472
490.5		0.459244
490		0.457744
489.5		0.456946
489		0.455454
488.5		0.454337
488		0.45363
487.5		0.453552
487		0.451368
486.5		0.450618
486		0.450508
485.5		0.447712
485		0.449002
484.5		0.446162
484		0.445805
483.5		0.443907
483		0.443036
482.5		0.442062
482		0.441163
481.5		0.43972
481		0.438188
480.5		0.437477
480		0.436044
479.5		0.435653
479		0.434211
478.5		0.433382
478		0.432234
477.5		0.429334
477		0.429568
476.5		0.427939
476		0.427796
475.5		0.424502
475		0.423822
474.5		0.423843
474		0.422184
473.5		0.42189
473		0.419804
472.5		0.418409
472		0.417653
471.5		0.417391
471		0.414166
470.5		0.414039
470		0.412819
469.5		0.412206
469		0.410848
468.5		0.409386
468		0.409188
467.5		0.407762
467		0.406372
466.5		0.404806
466		0.40399
465.5		0.403509
465		0.401478
464.5		0.40176
464		0.39986
463.5		0.399456
463		0.398006
462.5		0.397115
462		0.3963
461.5		0.395721
461		0.395432
460.5		0.392975
460		0.393133
459.5		0.391701
459		0.391417
458.5		0.389687
458		0.38937
457.5		0.38837
457		0.386042
456.5		0.38701
456		0.384622
455.5		0.385593
455		0.384968
454.5		0.38391
454		0.382518
453.5		0.381661
453		0.38082
452.5		0.381229
452		0.380083
451.5		0.378804
451		0.379064
450.5		0.37776
450		0.376843
449.5		0.377175
449		0.374247
448.5		0.375538
448		0.373378
447.5		0.373748
447		0.372919
446.5		0.371074
446		0.370468
445.5		0.37006
445		0.368811
444.5		0.369236
444		0.3673
443.5		0.36608
443		0.366933
442.5		0.365151
442		0.365815
441.5		0.363975
441		0.363217
440.5		0.363087
440		0.362116
439.5		0.362164
439		0.360864
438.5		0.359936
438		0.359129
437.5		0.359335
437		0.357906
436.5		0.357175
436		0.357124
435.5		0.356513
435		0.3552
434.5		0.355379
434		0.354506
433.5		0.352575
433		0.353302
432.5		0.352842
432		0.351551
431.5		0.351121
431		0.350391
430.5		0.351614
430		0.349
429.5		0.348174
429		0.348924
428.5		0.347236
428		0.347795
427.5		0.346622
427		0.346236
426.5		0.345179
426		0.344293
425.5		0.343495
425		0.34328
424.5		0.342839
424		0.342208
423.5		0.341386
423		0.341388
422.5		0.341656
422		0.34042
421.5		0.340734
421		0.338656
420.5		0.338478
420		0.339014
419.5		0.338094
419		0.337179
418.5		0.336416
418		0.335943
417.5		0.335825
417		0.333713
416.5		0.334592
416		0.334564
415.5		0.333187
415		0.332632
414.5		0.332019
414		0.332164
413.5		0.331289
413		0.331116
412.5		0.33079
412		0.329632
411.5		0.32948
411		0.329921
410.5		0.327078
410		0.329127
409.5		0.326995
409		0.327057
408.5		0.326481
408		0.326235
407.5		0.326725
407		0.324922
406.5		0.325604
406		0.324209
405.5		0.32308
405		0.323742
404.5		0.323128
404		0.323734
403.5		0.322844
403		0.321726
402.5		0.320334
402		0.320796
401.5		0.320386
401		0.319944
400.5		0.320423
400		0.319604
399.5		0.320063
399		0.318769
398.5		0.317592
398		0.317403
397.5		0.317891
397		0.317253
396.5		0.316701
396		0.317139
395.5		0.316797
395		0.315648
394.5		0.316674
394		0.315022
393.5		0.315315
393		0.313507
392.5		0.313398
392		0.314668
391.5		0.313953
391		0.313324
390.5		0.312188
390		0.312017
389.5		0.31242
389		0.312028
388.5		0.310959
388		0.310469
387.5		0.310318
387		0.309636
386.5		0.309372
386		0.309015
385.5		0.309735
385		0.309103
384.5		0.30654
384		0.308032
383.5		0.306891
383		0.30727
382.5		0.3056
382		0.307153
381.5		0.305455
381		0.3056
380.5		0.306575
380		0.305785
379.5		0.303722
379		0.304764
378.5		0.304111
378		0.303667
377.5		0.303725
377		0.302795
376.5		0.303662
376		0.303175
375.5		0.302765
375		0.301759
374.5		0.301931
374		0.302368
373.5		0.302969
373		0.301233
372.5		0.301049
372		0.300901
371.5		0.29995
371		0.300333
370.5		0.299709
370		0.299294
369.5		0.300133
369		0.297622
368.5		0.298891
368		0.299254
367.5		0.298351
367		0.297951
366.5		0.298238
366		0.29725
365.5		0.298357
365		0.295851
364.5		0.297707
364		0.296843
363.5		0.294418
363		0.297144
362.5		0.296933
362		0.295691
361.5		0.293973
361		0.293245
360.5		0.294176
360		0.294874
359.5		0.296296
359		0.293756
358.5		0.292746
358		0.294445
357.5		0.294146
357		0.291891
356.5		0.294348
356		0.292546
355.5		0.292409
355		0.293001
354.5		0.290775
354		0.291173
353.5		0.292191
353		0.291538
352.5		0.290849
352		0.288423
351.5		0.289514
351		0.289489
350.5		0.288197
350		0.28776
349.5		0.288043
349		0.284701
348.5		0.286449
348		0.285153
347.5		0.286197
347		0.286002
346.5		0.28513
346		0.284183
345.5		0.282143
345		0.283599
344.5		0.281373
344		0.282139
343.5		0.282716
343		0.280141
342.5		0.279136
342		0.28135
341.5		0.280518
341		0.278396
340.5		0.276196
340		0.279189
339.5		0.275489
339		0.277569
338.5		0.273938
338		0.276082
337.5		0.274539
337		0.274863
336.5		0.27211
336		0.27437
335.5		0.271698
335		0.271474
334.5		0.270759
334		0.270115
333.5		0.268249
333		0.271229
332.5		0.269506
332		0.26885
331.5		0.266022
331		0.268789
330.5		0.262643
330		0.267116
329.5		0.266405
329		0.264731
328.5		0.262222
328		0.263703
327.5		0.262002
327		0.261852
326.5		0.261378
326		0.258903
325.5		0.25782
325		0.259944
324.5		0.25989
324		0.25706
323.5		0.257184
323		0.260207
322.5		0.260992
322		0.256113
321.5		0.256085
321		0.257115
320.5		0.25368
320		0.252151
319.5		0.253224
319		0.25451
318.5		0.249887
318		0.253152
317.5		0.251641
317		0.248673
316.5		0.25148
316		0.247477
315.5		0.252548
315		0.249255
314.5		0.24581
314		0.250371
313.5		0.247066
313		0.247141
312.5		0.247044
312		0.24618
311.5		0.249146
311		0.241412
310.5		0.241718
310		0.24874
309.5		0.237486
309		0.23806
308.5		0.245165
308		0.245018
307.5		0.239807
307		0.244025
306.5		0.245368
306		0.23734
305.5		0.227183
305		0.231423
304.5		0.242108
304		0.227954
303.5		0.239217
303		0.245349
302.5		0.233654
302		0.233203
301.5		0.243929
301		0.235767
300.5		0.247923
300		0.238855
299.5		0.22526
299		0.241786
298.5		0.226589
298		0.205187
297.5		0.241664
297		0.179141
296.5		0.149582
296		0.23447
295.5		0.136124
295		-0.152355
294.5		0.557725
294		0.00142694
293.5		0.251613
293		-0.101016
292.5		0.673414
292		-0.705265
291.5		0.963985
291		0.639183
290.5		4.13612
290		0.485818
289.5		0.570233
289		-8.2427
288.5		0.417207
288		-1.08676
287.5		-0.513024
287		0.233492
286.5		0.632095
286		0.0192899
285.5		1.23275
285		0.539173
284.5		0.896837
284		-0.461184
283.5		1.31759
283		2.51997
282.5		0.514802
282		1.02455
281.5		5.10949
281		1.12264
280.5		0.87437
280		0.540281
279.5		0.27665
279		0.211785
278.5		0.178305
278		0.731319
277.5		0.336476
277		0.143412
276.5		0.629345
276		0.699866
275.5		2.82145
275		3.58847
274.5		-4.65285
274		0.366616
273.5		0.368379
273		-21.702
272.5		0.414041
272		0.251821
271.5		-0.0557119
271		15.9955
270.5		-0.790568
270		2.35193
269.5		-0.628512
269		-1.44622
268.5		0.491969
268		0.296619
267.5		0.458355
267		1.33754
266.5		0.110344
266		0.799155
265.5		1.39743
265		0.900517
264.5		-0.375339
264		0.46299
263.5		0.0290808
263		-0.116587
262.5		-1.76351
262		1.17085
261.5		5.84054
261		-0.351677
260.5		3.02146
260		-0.448746
259.5		2.5912
259		-0.0111388
258.5		0.302372
258		0.305684
257.5		11.7545
257		0.607204
256.5		-0.83053
256		2.23995
255.5		-0.100271
255		0.529672
254.5		0.892434
254		0.383421
253.5		0.294152
253		0.535255
252.5		-0.560153
252		-1.67204
251.5		-0.374498
251		0.610276
250.5		0.709103
250		0.243807
249.5		0.837872
249		0.264216
248.5		0.210173
248		0.645256
247.5		0.394249
247		0.225678
246.5		0.230927
246		1.01087
245.5		-0.575702
245		-7.55237
244.5		-0.762543
244		-20.193
243.5		9.07116
243		-0.310621
242.5		-0.390718
242		0.518691
241.5		23.6342
241		-0.535973
240.5		2.98323
240		0.159977
239.5		-0.0763698
239		0.364813
238.5		0.354518
238		1.48277
237.5		0.565353
237		2.02353
236.5		0.478622
236		0.376248
235.5		-0.0489103
235		0.136637
234.5		-0.275198
234		7.07251
233.5		-0.147777
233		0.671773
232.5		0.553858
232		0.0454881
231.5		-0.757331
231		1.08474
230.5		0.411173
230		9.51954
229.5		0.108689
229		-0.984362
228.5		0.546619
228		0.0389417
227.5		2.70708
227		0.212008
226.5		0.0205097
226		0.772089
225.5		0.2441
225		0.122439
224.5		-0.0828321
224		-0.8809
223.5		-4.18389
223		-1.09878
222.5		-0.121486
222		-0.181393
221.5		-4.50556
221		0.0335359
220.5		1.26087
220		0.888874
219.5		-0.912908
219		0.804436
218.5		7.68961
218		0.332303
217.5		2.87237
217		0.226269
216.5		0.0329388
216		-0.48198
215.5		1.19533
215		0.315187
214.5		4.22766
214		-0.0473427
213.5		0.250893
213		-0.0549281
212.5		0.190798
212		0.108307
211.5		0.244287
211		0.840297
210.5		0.189627
210		-0.149121
209.5		1.05397
209		0.756948
208.5		0.345133
208		-0.265726
207.5		0.790826
207		1.21553
206.5		0.0777146
206		0.0048898
205.5		0.53684
205		0.193179
204.5		-1.20341
204		0.157501
203.5		0.615862
203		-0.0502959
202.5		0.30664
202		-0.00624923
201.5		1.37458
201		0.895655
200.5		-0.686504
200		-0.366527
Data1 / Data2
lambda		value

Calibration:
lambda:	2.12203e-314
Abs:	6.93382e-310

Data:
#
900		0.941931
899.5		1.05754
899		1.00659
898.5		0.985378
898		0.96404
897.5		1.02025
897		1.09917
896.5		0.999192
896		0.993837
895.5		1.03349
895		1.00391
894.5		0.992927
894		0.995401
893.5		1.01645
893		0.975973
892.5		1.02306
892		1.02333
891.5		0.990421
891		1.0148
890.5		1.01932
890		1.03218
889.5		0.999606
889		0.988885
888.5		1.03765
888		1.01085
887.5		0.988172
887		1.0027
886.5		1.01403
886		1.02408
885.5		1.017
885		1.00388
884.5		1.02586
884		1.04084
883.5		0.995743
883		1.07432
882.5		1.0234
882		1.03119
881.5		0.972484
881		1.03581
880.5		1.03159
880		1.02357
879.5		1.02727
879		1.03411
878.5		1.02234
878		1.00038
877.5		0.996629
877		1.06243
876.5		1.04198
876		1.02402
875.5		1.02711
875		1.00038
874.5		1.02288
874		1.00709
873.5		0.997039
873		1.03402
872.5		1.01197
872		1.01876
871.5		1.03192
871		1.025
870.5		1.0314
870		1.02554
869.5		1.01109
869		1.00293
868.5		0.994849
868		1.02151
867.5		1.01278
867		1.02658
866.5		1.01367
866		1.00656
865.5		1.01031
865		1.0202
864.5		1.02685
864		1.02704
863.5		1.0402
863		1.01853
862.5		1.01999
862		1.00901
861.5		1.02541
861		1.01116
860.5		1.0137
860		1.02414
859.5		1.01869
859		1.01407
858.5		1.03207
858		1.03478
857.5		1.01867
857		1.02116
856.5		1.01529
856		1.01063
855.5		1.02026
855		1.01628
854.5		1.01624
854		1.01381
853.5		1.01022
853		1.0187
852.5		1.01628
852		1.02151
851.5		1.0229
851		1.01472
850.5		1.01933
850		1.01754
849.5		1.01291
849		1.02235
848.5		1.02978
848		1.0181
847.5		1.01667
847		1.0271
846.5		1.02295
846		1.02676
845.5		1.01488
845		1.02458
844.5		1.03026
844		1.01934
843.5		1.02449
843		1.02693
842.5		1.02797
842		1.02927
841.5		1.02477
841		1.02095
840.5		1.02782
840		1.02432
839.5		1.02784
839		1.02432
838.5		1.02874
838		1.03086
837.5		1.02564
837		1.02588
836.5		1.03204
836		1.02416
835.5		1.0283
835		1.02653
834.5		1.02549
834		1.02988
833.5		1.02717
833		1.02708
832.5		1.02608
832		1.02609
831.5		1.03281
831		1.02736
830.5		1.02703
830		1.02901
829.5		1.02899
829		1.02519
828.5		1.02591
828		1.02518
827.5		1.02654
827		1.02512
826.5		1.02814
826		1.02651
825.5		1.03049
825		1.02437
824.5		1.02364
824		1.02365
823.5		1.02566
823		1.02559
822.5		1.02598
822		1.02791
821.5		1.02825
821		1.03089
820.5		1.02349
820		1.02814
819.5		1.02438
819		1.02945
818.5		1.02739
818		1.02804
817.5		1.02665
817		1.0266
816.5		1.03028
816		1.02262
815.5		1.02588
815		1.02551
814.5		1.02784
814		1.02583
813.5		1.02445
813		1.0241
812.5		1.02765
812		1.02832
811.5		1.03059
811		1.02662
810.5		1.02594
810		1.02687
809.5		1.02752
809		1.02551
808.5		1.02382
808		1.02708
807.5		1.02907
807		1.02637
806.5		1.02276
806		1.02691
805.5		1.02593
805		1.02338
804.5		1.02104
804		1.02327
803.5		1.02742
803		1.02575
802.5		1.02766
802		1.02573
801.5		1.02504
801		1.0253
800.5		1.02629
800		1.03012
799.5		1.02686
799		1.02749
798.5		1.02198
798		1.02861
797.5		1.02195
797		1.02411
796.5		1.026
796		1.02726
795.5		1.02342
795		1.02848
794.5		1.0256
794		1.02777
793.5		1.02682
793		1.02767
792.5		1.02543
792		1.02703
791.5		1.02636
791		1.02663
790.5		1.02504
790		1.02468
789.5		1.02529
789		1.02559
788.5		1.02773
788		1.024
787.5		1.02642
787		1.02328
786.5		1.02574
786		1.02447
785.5		1.02504
785		1.02717
784.5		1.02713
784		1.02744
783.5		1.02618
783		1.02553
782.5		1.02702
782		1.02941
781.5		1.02573
781		1.02599
780.5		1.02782
780		1.02626
779.5		1.02438
779		1.02495
778.5		1.02407
778		1.02402
777.5		1.02761
777		1.03065
776.5		1.02784
776		1.02725
775.5		1.02537
775		1.02745
774.5		1.02443
774		1.0268
773.5		1.02439
773		1.02614
772.5		1.02914
772		1.02879
771.5		1.02638
771		1.02541
770.5		1.023
770		1.02538
769.5		1.02591
769		1.02684
768.5		1.02377
768		1.02528
767.5		1.0273
767		1.03026
766.5		1.02756
766		1.02661
765.5		1.03072
765		1.02831
764.5		1.02708
764		1.02593
763.5		1.02615
763		1.02616
762.5		1.03018
762		1.02664
761.5		1.02932
761		1.02864
760.5		1.02863
760		1.03066
759.5		1.02479
759		1.0256
758.5		1.0285
758		1.02674
757.5		1.03251
757		1.03047
756.5		1.02837
756		1.03302
755.5		1.02888
755		1.02888
754.5		1.02943
754		1.02822
753.5		1.0285
753		1.02698
752.5		1.02961
752		1.02924
751.5		1.03098
751		1.03183
750.5		1.03145
750		1.03055
749.5		1.02766
749		1.03135
748.5		1.02958
748		1.03298
747.5		1.03068
747		1.02865
746.5		1.03234
746		1.03146
745.5		1.03026
745		1.02878
744.5		1.03021
744		1.03105
743.5		1.03267
743		1.03208
742.5		1.0312
742		1.03372
741.5		1.03142
741		1.03246
740.5		1.02996
740		1.03044
739.5		1.03295
739		1.03295
738.5		1.03257
738		1.03113
737.5		1.0317
737		1.03557
736.5		1.0316
736		1.03324
735.5		1.03068
735		1.03703
734.5		1.03503
734		1.03385
733.5		1.03383
733		1.03208
732.5		1.03343
732		1.03204
731.5		1.03365
731		1.03468
730.5		1.03433
730		1.03596
729.5		1.03586
729		1.03611
728.5		1.03516
728		1.03621
727.5		1.03781
727		1.03607
726.5		1.03517
726		1.03777
725.5		1.0399
725		1.03892
724.5		1.04098
724		1.03927
723.5		1.03729
723		1.03772
722.5		1.03676
722		1.04278
721.5		1.03943
721		1.04247
720.5		1.03997
720		1.04239
719.5		1.04131
719		1.04107
718.5		1.04069
718		1.04087
717.5		1.03824
717		1.03819
716.5		1.04235
716		1.03775
715.5		1.03806
715		1.03869
714.5		1.03484
714		1.03832
713.5		1.03709
713		1.03747
712.5		1.03941
712		1.03485
711.5		1.03782
711		1.03684
710.5		1.03797
710		1.03723
709.5		1.03883
709		1.03759
708.5		1.0379
708		1.03896
707.5		1.03392
707		1.03584
706.5		1.03577
706		1.03682
705.5		1.03891
705		1.03337
704.5		1.03938
704		1.03908
703.5		1.03673
703		1.03824
702.5		1.03909
702		1.03905
701.5		1.03817
701		1.03895
700.5		1.03968
700		1.03713
699.5		1.03836
699		1.037
698.5		1.04017
698		1.03964
697.5		1.03777
697		1.03986
696.5		1.04012
696		1.03977
695.5		1.03846
695		1.04208
694.5		1.03868
694		1.03841
693.5		1.03858
693		1.04048
692.5		1.0402
692		1.03937
691.5		1.04121
691		1.04139
690.5		1.03881
690		1.03925
689.5		1.03769
689		1.04081
688.5		1.03789
688		1.03973
687.5		1.03999
687		1.04255
686.5		1.04019
686		1.04281
685.5		1.03784
685		1.04089
684.5		1.04095
684		1.04036
683.5		1.04116
683		1.0422
682.5		1.04133
682		1.04157
681.5		1.04073
681		1.03978
680.5		1.03971
680		1.0434
679.5		1.04252
679		1.04124
678.5		1.04225
678		1.04015
677.5		1.04249
677		1.04032
676.5		1.04041
676		1.04189
675.5		1.04316
675		1.04241
674.5		1.04416
674		1.0434
673.5		1.04154
673		1.04052
672.5		1.04415
672		1.04432
671.5		1.04154
671		1.04328
670.5		1.04324
670		1.04298
669.5		1.04434
669		1.04404
668.5		1.04474
668		1.04427
667.5		1.04496
667		1.04319
666.5		1.04574
666		1.04497
665.5		1.04391
665		1.04574
664.5		1.04365
664		1.04336
663.5		1.04543
663		1.04512
662.5		1.04646
662		1.0446
661.5		1.04539
661		1.04691
660.5		1.04636
660		1.04437
659.5		1.0435
659		1.04507
658.5		1.04683
658		1.04717
657.5		1.04685
657		1.04374
656.5		1.04556
656		1.045
655.5		1.04739
655		1.04684
654.5		1.04676
654		1.04319
653.5		1.04908
653		1.04704
652.5		1.04678
652		1.04701
651.5		1.04646
651		1.04829
650.5		1.0468
650		1.04754
649.5		1.04621
649		1.04829
648.5		1.04651
648		1.04801
647.5		1.05034
647		1.04644
646.5		1.04928
646		1.04648
645.5		1.04749
645		1.0467
644.5		1.04926
644		1.04858
643.5		1.04466
643		1.04672
642.5		1.04591
642		1.04956
641.5		1.046
641		1.04701
640.5		1.0462
640		1.0483
639.5		1.04754
639		1.04371
638.5		1.04651
638		1.04547
637.5		1.04653
637		1.04447
636.5		1.04321
636		1.04527
635.5		1.04374
635		1.04608
634.5		1.04353
634		1.04455
633.5		1.04295
633		1.04533
632.5		1.04397
632		1.04246
631.5		1.04375
631		1.04214
630.5		1.0434
630		1.04385
629.5		1.04256
629		1.04171
628.5		1.04348
628		1.04489
627.5		1.04382
627		1.04501
626.5		1.04285
626		1.04586
625.5		1.04419
625		1.04689
624.5		1.04749
624		1.0462
623.5		1.0481
623		1.0483
622.5		1.04672
622		1.04786
621.5		1.04955
621		1.05069
620.5		1.04937
620		1.05062
619.5		1.04979
619		1.05027
618.5		1.05263
618		1.04939
617.5		1.05042
617		1.04921
616.5		1.05138
616		1.05042
615.5		1.04889
615		1.05038
614.5		1.05245
614		1.04987
613.5		1.05085
613		1.04933
612.5		1.05011
612		1.0496
611.5		1.05053
611		1.05128
610.5		1.0497
610		1.05272
609.5		1.04942
609		1.0499
608.5		1.05018
608		1.05108
607.5		1.04934
607		1.0493
606.5		1.049
606		1.04752
605.5		1.04826
605		1.04898
604.5		1.05006
604		1.05032
603.5		1.04859
603		1.0501
602.5		1.04956
602		1.05022
601.5		1.04846
601		1.04994
600.5		1.04915
600		1.04961
599.5		1.04834
599		1.04657
598.5		1.04803
598		1.04775
597.5		1.04892
597		1.04646
596.5		1.04689
596		1.05026
595.5		1.04711
595		1.04802
594.5		1.04818
594		1.04698
593.5		1.04862
593		1.04762
592.5		1.04755
592		1.048
591.5		1.04635
591		1.04745
590.5		1.04792
590		1.04639
589.5		1.04637
589		1.04801
588.5		1.047
588		1.04551
587.5		1.0472
587		1.0443
586.5		1.04447
586		1.04515
585.5		1.0453
585		1.0467
584.5		1.04455
584		1.04589
583.5		1.04602
583		1.04467
582.5		1.04626
582		1.04361
581.5		1.04473
581		1.04332
580.5		1.04444
580		1.04443
579.5		1.0446
579		1.04193
578.5		1.04332
578		1.04465
577.5		1.04202
577		1.04434
576.5		1.04126
576		1.04382
575.5		1.04301
575		1.04278
574.5		1.04295
574		1.04288
573.5		1.04403
573		1.04394
572.5		1.04185
572		1.04153
571.5		1.04244
571		1.0394
570.5		1.04324
570		1.04209
569.5		1.04039
569		1.04291
568.5		1.04126
568		1.03868
567.5		1.04112
567		1.04108
566.5		1.03946
566		1.04097
565.5		1.03825
565		1.03839
564.5		1.03906
564		1.04059
563.5		1.03984
563		1.03846
562.5		1.03795
562		1.0395
561.5		1.03768
561		1.03761
560.5		1.03641
560		1.03503
559.5		1.03586
559		1.0336
558.5		1.03554
558		1.03241
557.5		1.03369
557		1.03298
556.5		1.03315
556		1.0349
555.5		1.03197
555		1.03417
554.5		1.03102
554		1.03361
553.5		1.03183
553		1.03312
552.5		1.03241
552		1.03084
551.5		1.03385
551		1.03122
550.5		1.03227
550		1.03092
549.5		1.03045
549		1.03019
548.5		1.03104
548		1.03055
547.5		1.0316
547		1.03048
546.5		1.02955
546		1.0326
545.5		1.03018
545		1.02989
544.5		1.02816
544		1.02857
543.5		1.03087
543		1.02805
542.5		1.02849
542		1.02882
541.5		1.02865
541		1.02984
540.5		1.02811
540		1.02746
539.5		1.0289
539		1.02806
538.5		1.02759
538		1.02754
537.5		1.02939
537		1.02855
536.5		1.02685
536		1.02493
535.5		1.02722
535		1.02529
534.5		1.02612
534		1.02754
533.5		1.02585
533		1.0252
532.5		1.02787
532		1.02537
531.5		1.02615
531		1.02695
530.5		1.02509
530		1.02609
529.5		1.0234
529		1.02356
528.5		1.02519
528		1.02435
527.5		1.02392
527		1.02391
526.5		1.02386
526		1.02344
525.5		1.02506
525		1.02342
524.5		1.02338
524		1.02399
523.5		1.02274
523		1.02457
522.5		1.02291
522		1.0233
521.5		1.02288
521		1.0241
520.5		1.02225
520		1.02042
519.5		1.02241
519		1.0204
518.5		1.02423
518		1.01978
517.5		1.021
517		1.01996
516.5		1.02119
516		1.02217
515.5		1.01916
515		1.02016
514.5		1.01812
514		1.01873
513.5		1.01832
513		1.01953
512.5		1.01811
512		1.01731
511.5		1.01732
511		1.01673
510.5		1.01772
510		1.0173
509.5		1.01772
509		1.01788
508.5		1.01509
508		1.01568
507.5		1.01627
507		1.01889
506.5		1.01606
506		1.01708
505.5		1.01625
505		1.01784
504.5		1.01622
504		1.01622
503.5		1.0164
503		1.017
502.5		1.01679
502		1.01856
501.5		1.01976
501		1.01775
500.5		1.01737
500		1.01795
499.5		1.01893
499		1.01834
498.5		1.01675
498		1.01993
497.5		1.01914
497		1.01736
496.5		1.01897
496		1.02018
495.5		1.0176
495		1.01759
494.5		1.01804
494		1.01943
493.5		1.02023
493		1.02008
492.5		1.0207
492		1.0179
491.5		1.02095
491		1.01816
490.5		1.02139
490		1.01987
489.5		1.01947
489		1.01992
488.5		1.02097
488		1.02139
487.5		1.01882
487		1.01987
486.5		1.0197
486		1.0187
485.5		1.02081
485		1.01733
484.5		1.02296
484		1.01845
483.5		1.02034
483		1.01853
482.5		1.01981
482		1.02045
481.5		1.01905
481		1.02076
480.5		1.01828
480		1.02191
479.5		1.0215
479		1.01839
478.5		1.02115
478		1.01761
477.5		1.02171
477		1.02172
476.5		1.02069
476		1.0186
475.5		1.02378
475		1.02275
474.5		1.02128
474		1.02046
473.5		1.0194
473		1.02226
472.5		1.02251
472		1.02105
471.5		1.02277
471		1.02286
470.5		1.02222
470		1.02224
469.5		1.02359
469		1.02341
468.5		1.02366
468		1.02237
467.5		1.0213
467		1.02439
466.5		1.02379
466		1.02295
465.5		1.02338
465		1.02565
464.5		1.02694
464		1.02502
463.5		1.02197
463		1.0244
462.5		1.02553
462		1.02422
461.5		1.02384
461		1.02227
460.5		1.025
460		1.02344
459.5		1.02283
459		1.02171
458.5		1.02442
458		1.02268
457.5		1.02314
457		1.02257
456.5		1.02257
456		1.02289
455.5		1.02131
455		1.02157
454.5		1.01938
454		1.01991
453.5		1.01904
453		1.01955
452.5		1.01867
452		1.01989
451.5		1.02089
451		1.0161
450.5		1.01848
450		1.01528
449.5		1.01438
449		1.01704
448.5		1.01637
448		1.01691
447.5		1.0141
447		1.01536
446.5		1.01849
446		1.01714
445.5		1.01573
445		1.01819
444.5		1.01462
444		1.01564
443.5		1.02005
443		1.01546
442.5		1.01723
442		1.01625
441.5		1.01778
441		1.01636
440.5		1.01639
440		1.01817
439.5		1.01646
439		1.01848
438.5		1.0158
438		1.01608
437.5		1.01386
437		1.0199
436.5		1.02042
436		1.01595
435.5		1.01873
435		1.01852
434.5		1.01956
434		1.01782
433.5		1.02091
433		1.02041
432.5		1.01944
432		1.01946
431.5		1.01722
431		1.01724
430.5		1.01775
430		1.01935
429.5		1.02323
429		1.01707
428.5		1.02044
428		1.01917
427.5		1.01972
427		1.01949
426.5		1.01951
426		1.02085
425.5		1.01961
425		1.02089
424.5		1.02015
424		1.01913
423.5		1.02203
423		1.02126
422.5		1.02047
422		1.0171
421.5		1.02129
421		1.02344
420.5		1.02397
420		1.02032
419.5		1.02086
419		1.0188
418.5		1.02252
418		1.02042
417.5		1.0186
417		1.02233
416.5		1.02022
416		1.02128
415.5		1.02133
415		1.02136
414.5		1.02243
414		1.02086
413.5		1.02433
413		1.02062
412.5		1.022
412		1.02361
411.5		1.02313
411		1.01724
410.5		1.02268
410		1.01997
409.5		1.02187
409		1.02292
408.5		1.01948
408		1.02381
407.5		1.01951
407		1.02062
406.5		1.02356
406		1.02393
405.5		1.02152
405		1.02262
404.5		1.02261
404		1.01881
403.5		1.02046
403		1.02105
402.5		1.02603
402		1.02464
401.5		1.0217
401		1.02386
400.5		1.01893
400		1.02284
399.5		1.02118
399		1.02067
398.5		1.02424
398		1.02128
397.5		1.02179
397		1.02348
396.5		1.0238
396		1.01993
395.5		1.01913
395		1.02737
394.5		1.01942
394		1.02108
393.5		1.02335
393		1.02475
392.5		1.02197
392		1.01755
391.5		1.02058
391		1.02501
390.5		1.02671
390		1.02256
389.5		1.02112
389		1.02007
388.5		1.02478
388		1.02617
387.5		1.02035
387		1.0237
386.5		1.02453
386		1.02727
385.5		1.02418
385		1.02198
384.5		1.02705
384		1.02561
383.5		1.03172
383		1.02366
382.5		1.0237
382		1.02532
381.5		1.02705
381		1.02508
380.5		1.01671
380		1.0273
379.5		1.02561
379		1.02619
378.5		1.02648
378		1.02812
377.5		1.02729
377		1.02736
376.5		1.01978
376		1.02397
375.5		1.02759
375		1.02349
374.5		1.03239
374		1.02592
373.5		1.02623
373		1.02904
372.5		1.03071
372		1.03466
371.5		1.026
371		1.02795
370.5		1.03269
370		1.0347
369.5		1.02856
369		1.03146
368.5		1.02382
368		1.02577
367.5		1.02736
367		1.02162
366.5		1.02801
366		1.03056
365.5		1.0249
365		1.03228
364.5		1.02548
364		1.03082
363.5		1.03607
363		1.02715
362.5		1.02382
362		1.02387
361.5		1.03343
361		1.03215
360.5		1.03263
360		1.02249
359.5		1.02489
359		1.03375
358.5		1.02691
358		1.02838
357.5		1.0219
357		1.03214
356.5		1.02775
356		1.03063
355.5		1.02643
355		1.02419
354.5		1.02816
354		1.02368
353.5		1.02169
353		1.03142
352.5		1.02901
352		1.02713
351.5		1.02689
351		1.02968
350.5		1.02637
350		1.03008
349.5		1.02689
349		1.04162
348.5		1.02692
348		1.02557
347.5		1.0239
347		1.03073
346.5		1.02252
346		1.02618
345.5		1.03019
345		1.03472
344.5		1.0399
344		1.02494
343.5		1.02258
343		1.04195
342.5		1.03339
342		1.02835
341.5		1.02878
341		1.02967
340.5		1.02987
340		1.01446
339.5		1.03354
339		1.01354
338.5		1.03423
338		1.02314
337.5		1.02772
337		1.02486
336.5		1.02955
336		1.0272
335.5		1.02588
335		1.02352
334.5		1.02474
334		1.02185
333.5		1.0373
333		1.0195
332.5		1.02307
332		1.0239
331.5		1.02851
331		1.01791
330.5		1.03082
330		1.03885
329.5		1.01675
329		1.03346
328.5		1.02542
328		1.0186
327.5		1.02844
327		1.02369
326.5		1.02692
326		1.0307
325.5		1.03708
325		1.03348
324.5		1.0295
324		1.03563
323.5		1.03764
323		1.02267
322.5		1.01989
322		1.03183
321.5		1.01948
321		1.01919
320.5		1.02423
320		1.05178
319.5		1.02978
319		1.02224
318.5		1.0511
318		1.02565
317.5		1.02428
317		1.03489
316.5		1.01906
316		1.04953
315.5		1.02196
315		1.03437
314.5		1.03697
314		1.01543
313.5		1.04239
313		1.04386
312.5		1.0292
312		1.05307
311.5		1.04083
311		1.06059
310.5		1.06975
310		1.0152
309.5		1.05969
309		1.07771
308.5		1.04679
308		1.03241
307.5		1.03961
307		1.02932
306.5		1.05064
306		1.05911
305.5		1.11831
305		1.11357
304.5		1.06007
304		1.12179
303.5		1.18706
303		0.977313
302.5		1.01633
302		1.0112
301.5		1.05381
301		1.03994
300.5		0.946502
300		0.941158
299.5		1.08844
299		0.946972
298.5		1.12807
298		1.61833
297.5		1.09009
297		0.9444
296.5		1.51181
296		1.41436
295.5		1.32236
295		-1.0584
294.5		0.386329
294		71.85
293.5		0.215954
293		-2.31941
292.5		0.0450345
292		-0.0349438
291.5		0.492073
291		1.68236
290.5		-0.16773
290		1.03922
289.5		2.08406
289		-0.0749765
288.5		0.978889
288		-0.376236
287.5		-4.53866
287		1.45202
286.5		0.934632
286		36.3768
285.5		-1.89168
285		-34.8414
284.5		0.0671266
284		-0.384755
283.5		0.47367
283		0.360301
282.5		-0.265243
282		-0.0495356
281.5		0.0903214
281		0.30106
280.5		0.1943
280		0.189128
279.5		1.0423
279		3.29706
278.5		2.23848
278		0.387219
277.5		2.31719
277		5.02289
276.5		0.0436737
276		0.33916
275.5		0.358058
275		0.106011
274.5		-0.720092
274		0.766558
273.5		0.895267
273		-0.0194921
272.5		1.39198
272		1.80714
271.5		332.174
271		0.0110187
270.5		-0.0246508
270		0.300317
269.5		1.97013
269		-0.769097
268.5		0.790088
268		0.17729
267.5		0.30272
267		0.731151
266.5		2.20638
266		1.39477
265.5		-0.601319
265		1.02284
264.5		-0.541127
264		1.6808
263.5		-0.35
263		-1.98283
262.5		-0.0379729
262		0.249667
261.5		-0.0208195
261		3.42935
260.5		0.0957993
260		3.16177
259.5		0.200731
259		-32.6612
258.5		1.85579
258		0.422985
257.5		0.0332123
257		0.590184
256.5		-0.41936
256		-0.270492
255.5		-17.406
255		1.20512
254.5		0.317795
254		0.896166
253.5		2.45211
253		0.798695
252.5		-0.247137
252		-0.590922
251.5		-0.752603
251		0.537992
250.5		0.0712239
250		1.09659
249.5		1.09551
249		-4.12957
248.5		1.38381
248		-0.346315
247.5		-6.41619
247		1.60752
246.5		-2.67111
246		-0.178549
245.5		-0.84209
245		-0.204916
244.5		0.625745
244		-0.00261597
243.5		0.0260293
243		-15.9988
242.5		-0.917971
242		1.90265
241.5		0.0252685
241		-7.70852
240.5		0.0517031
240		2.88918
239.5		-9.3428
239		0.66383
238.5		-2.33229
238		0.710319
237.5		0.479167
237		0.382627
236.5		1.18113
236		1.77674
235.5		-10.7482
235		3.2023
234.5		-2.58279
234		0.0162981
233.5		-0.806551
233		-0.364134
232.5		0.383579
232		5.3658
231.5		0.0806473
231		0.983138
230.5		5.00451
230		0.184811
229.5		7.10418
229		0.303055
228.5		-0.783099
228		4.74723
227.5		0.0611309
227		-4.55686
226.5		8.91762
226		0.160513
225.5		1.36684
225		-1.24689
224.5		-5.23282
224		-0.316998
223.5		-0.1462
223		-0.268645
222.5		-1.45581
222		-0.442812
221.5		-0.00210682
221		5.59192
220.5		0.147888
220		1.51421
219.5		-0.409106
219		-9.909
218.5		0.367635
218		0.0164784
217.5		-0.0578318
217		0.175426
216.5		14.4808
216		-0.294474
215.5		0.511355
215		0.708898
214.5		0.14603
214		-6.28107
213.5		-0.0446009
213		18.4007
212.5		5.51358
212		-1.02917
211.5		2.16528
211		0.445593
210.5		6.47175
210		-11.1001
209.5		-34.4645
209		0.280455
208.5		2.82254
208		-0.0790439
207.5		0.399917
207		0.572515
206.5		-3.52681
206		7.12319
205.5		0.924995
205		1.19293
204.5		-0.886209
204		-7.52709
203.5		4.99789
203		-21.298
202.5		0.574992
202		340.733
201.5		0.335385
201		0.650173
200.5		-0.115375
200		-0.0173281
