23/04/2024 17.26.49
23/04/2024 17.35.48

800.0000	 31.8600

800.0000	 31.8600

900.0000	 26.1700



  1.0000
900.0000
  3.0000
340.0000
  1.0000
1401.0000
  5.0000
  6.0000
  1.0000
  1.0000
  0.0000
  0.0000
100.0000
  0.0000
  1.0000
  0.0000
500.0000
900.0000
200.0000
  4.0000
  1.0000
 18.0000
  2.0000
  1.0000
255.0000
  0.8178
  1.0000
 30.0000
  4.0000
500.0000
  0.0000
  0.0000
  4.0000
900.0000
200.0000
  0.0000
100.0000
  0.0000
  1.0000
  0.0000
500.0000
  1.0000
  1.0000
  1.0000
  1.0000
  4.0000
  0.0000
  1.0000
  1.0000
  1.0000
  1.0000
  1.0000
  2.0000
  1.0000
  1.0000
  1.0000
  3.0000
  1.0000
  1.0000
  1.0000
  4.0000
  5.0000
538.687
0.000
900.0000	  0.2315
899.5000	  0.2533
899.0000	  0.2567
898.5000	  0.2689
898.0000	  0.2544
897.5000	  0.2730
897.0000	  0.2611
896.5000	  0.2525
896.0000	  0.2587
895.5000	  0.2684
895.0000	  0.2638
894.5000	  0.2625
894.0000	  0.2633
893.5000	  0.2682
893.0000	  0.2511
892.5000	  0.2502
892.0000	  0.2595
891.5000	  0.2630
891.0000	  0.2747
890.5000	  0.2564
890.0000	  0.2649
889.5000	  0.2554
889.0000	  0.2597
888.5000	  0.2580
888.0000	  0.2633
887.5000	  0.2523
887.0000	  0.2592
886.5000	  0.2778
886.0000	  0.2644
885.5000	  0.2606
885.0000	  0.2598
884.5000	  0.2621
884.0000	  0.2727
883.5000	  0.2670
883.0000	  0.2662
882.5000	  0.2673
882.0000	  0.2537
881.5000	  0.2707
881.0000	  0.2672
880.5000	  0.2695
880.0000	  0.2700
879.5000	  0.2688
879.0000	  0.2686
878.5000	  0.2658
878.0000	  0.2670
877.5000	  0.2659
877.0000	  0.2648
876.5000	  0.2688
876.0000	  0.2692
875.5000	  0.2659
875.0000	  0.2639
874.5000	  0.2664
874.0000	  0.2714
873.5000	  0.2633
873.0000	  0.2687
872.5000	  0.2679
872.0000	  0.2685
871.5000	  0.2747
871.0000	  0.2729
870.5000	  0.2778
870.0000	  0.2694
869.5000	  0.2742
869.0000	  0.2746
868.5000	  0.2743
868.0000	  0.2762
867.5000	  0.2746
867.0000	  0.2738
866.5000	  0.2765
866.0000	  0.2736
865.5000	  0.2754
865.0000	  0.2763
864.5000	  0.2738
864.0000	  0.2783
863.5000	  0.2759
863.0000	  0.2746
862.5000	  0.2793
862.0000	  0.2792
861.5000	  0.2805
861.0000	  0.2824
860.5000	  0.2793
860.0000	  0.2794
859.5000	  0.2789
859.0000	  0.2809
858.5000	  0.2785
858.0000	  0.2813
857.5000	  0.2820
857.0000	  0.2823
856.5000	  0.2825
856.0000	  0.2817
855.5000	  0.2829
855.0000	  0.2852
854.5000	  0.2852
854.0000	  0.2829
853.5000	  0.2855
853.0000	  0.2865
852.5000	  0.2853
852.0000	  0.2858
851.5000	  0.2873
851.0000	  0.2879
850.5000	  0.2865
850.0000	  0.2896
849.5000	  0.2892
849.0000	  0.2886
848.5000	  0.2905
848.0000	  0.2901
847.5000	  0.2894
847.0000	  0.2904
846.5000	  0.2916
846.0000	  0.2922
845.5000	  0.2919
845.0000	  0.2924
844.5000	  0.2920
844.0000	  0.2921
843.5000	  0.2933
843.0000	  0.2934
842.5000	  0.2945
842.0000	  0.2937
841.5000	  0.2951
841.0000	  0.2945
840.5000	  0.2953
840.0000	  0.2964
839.5000	  0.2942
839.0000	  0.2965
838.5000	  0.2962
838.0000	  0.2970
837.5000	  0.2958
837.0000	  0.2976
836.5000	  0.2971
836.0000	  0.2978
835.5000	  0.2975
835.0000	  0.2984
834.5000	  0.2977
834.0000	  0.2989
833.5000	  0.2990
833.0000	  0.2983
832.5000	  0.2989
832.0000	  0.2993
831.5000	  0.2999
831.0000	  0.3000
830.5000	  0.3002
830.0000	  0.3005
829.5000	  0.3013
829.0000	  0.3013
828.5000	  0.3019
828.0000	  0.3017
827.5000	  0.3019
827.0000	  0.3022
826.5000	  0.3025
826.0000	  0.3018
825.5000	  0.3031
825.0000	  0.3034
824.5000	  0.3033
824.0000	  0.3032
823.5000	  0.3038
823.0000	  0.3036
822.5000	  0.3052
822.0000	  0.3038
821.5000	  0.3042
821.0000	  0.3055
820.5000	  0.3061
820.0000	  0.3054
819.5000	  0.3060
819.0000	  0.3066
818.5000	  0.3067
818.0000	  0.3065
817.5000	  0.3073
817.0000	  0.3090
816.5000	  0.3077
816.0000	  0.3077
815.5000	  0.3086
815.0000	  0.3086
814.5000	  0.3089
814.0000	  0.3092
813.5000	  0.3104
813.0000	  0.3102
812.5000	  0.3106
812.0000	  0.3106
811.5000	  0.3103
811.0000	  0.3111
810.5000	  0.3124
810.0000	  0.3117
809.5000	  0.3133
809.0000	  0.3130
808.5000	  0.3139
808.0000	  0.3136
807.5000	  0.3131
807.0000	  0.3141
806.5000	  0.3147
806.0000	  0.3148
805.5000	  0.3146
805.0000	  0.3150
804.5000	  0.3153
804.0000	  0.3152
803.5000	  0.3163
803.0000	  0.3169
802.5000	  0.3175
802.0000	  0.3179
801.5000	  0.3179
801.0000	  0.3187
800.5000	  0.3189
800.0000	  0.3186
799.5000	  0.3190
799.0000	  0.3196
798.5000	  0.3195
798.0000	  0.3211
797.5000	  0.3206
797.0000	  0.3218
796.5000	  0.3211
796.0000	  0.3219
795.5000	  0.3224
795.0000	  0.3221
794.5000	  0.3226
794.0000	  0.3232
793.5000	  0.3232
793.0000	  0.3237
792.5000	  0.3240
792.0000	  0.3252
791.5000	  0.3257
791.0000	  0.3259
790.5000	  0.3260
790.0000	  0.3258
789.5000	  0.3264
789.0000	  0.3272
788.5000	  0.3264
788.0000	  0.3281
787.5000	  0.3279
787.0000	  0.3281
786.5000	  0.3280
786.0000	  0.3285
785.5000	  0.3286
785.0000	  0.3297
784.5000	  0.3300
784.0000	  0.3304
783.5000	  0.3307
783.0000	  0.3308
782.5000	  0.3311
782.0000	  0.3323
781.5000	  0.3319
781.0000	  0.3323
780.5000	  0.3331
780.0000	  0.3320
779.5000	  0.3327
779.0000	  0.3332
778.5000	  0.3341
778.0000	  0.3351
777.5000	  0.3346
777.0000	  0.3349
776.5000	  0.3353
776.0000	  0.3352
775.5000	  0.3358
775.0000	  0.3362
774.5000	  0.3375
774.0000	  0.3370
773.5000	  0.3379
773.0000	  0.3378
772.5000	  0.3383
772.0000	  0.3386
771.5000	  0.3390
771.0000	  0.3392
770.5000	  0.3394
770.0000	  0.3399
769.5000	  0.3407
769.0000	  0.3398
768.5000	  0.3410
768.0000	  0.3412
767.5000	  0.3413
767.0000	  0.3419
766.5000	  0.3423
766.0000	  0.3428
765.5000	  0.3431
765.0000	  0.3430
764.5000	  0.3433
764.0000	  0.3432
763.5000	  0.3439
763.0000	  0.3450
762.5000	  0.3451
762.0000	  0.3458
761.5000	  0.3460
761.0000	  0.3454
760.5000	  0.3460
760.0000	  0.3465
759.5000	  0.3467
759.0000	  0.3475
758.5000	  0.3479
758.0000	  0.3477
757.5000	  0.3484
757.0000	  0.3486
756.5000	  0.3489
756.0000	  0.3494
755.5000	  0.3496
755.0000	  0.3502
754.5000	  0.3498
754.0000	  0.3513
753.5000	  0.3512
753.0000	  0.3511
752.5000	  0.3517
752.0000	  0.3527
751.5000	  0.3525
751.0000	  0.3528
750.5000	  0.3529
750.0000	  0.3532
749.5000	  0.3538
749.0000	  0.3541
748.5000	  0.3551
748.0000	  0.3540
747.5000	  0.3555
747.0000	  0.3557
746.5000	  0.3553
746.0000	  0.3562
745.5000	  0.3567
745.0000	  0.3562
744.5000	  0.3575
744.0000	  0.3580
743.5000	  0.3575
743.0000	  0.3580
742.5000	  0.3579
742.0000	  0.3586
741.5000	  0.3602
741.0000	  0.3598
740.5000	  0.3602
740.0000	  0.3600
739.5000	  0.3608
739.0000	  0.3610
738.5000	  0.3608
738.0000	  0.3619
737.5000	  0.3620
737.0000	  0.3623
736.5000	  0.3634
736.0000	  0.3643
735.5000	  0.3640
735.0000	  0.3645
734.5000	  0.3651
734.0000	  0.3651
733.5000	  0.3655
733.0000	  0.3661
732.5000	  0.3667
732.0000	  0.3671
731.5000	  0.3679
731.0000	  0.3691
730.5000	  0.3693
730.0000	  0.3695
729.5000	  0.3700
729.0000	  0.3704
728.5000	  0.3717
728.0000	  0.3721
727.5000	  0.3733
727.0000	  0.3734
726.5000	  0.3739
726.0000	  0.3753
725.5000	  0.3760
725.0000	  0.3774
724.5000	  0.3783
724.0000	  0.3790
723.5000	  0.3801
723.0000	  0.3818
722.5000	  0.3829
722.0000	  0.3851
721.5000	  0.3846
721.0000	  0.3862
720.5000	  0.3881
720.0000	  0.3895
719.5000	  0.3911
719.0000	  0.3911
718.5000	  0.3928
718.0000	  0.3934
717.5000	  0.3938
717.0000	  0.3939
716.5000	  0.3937
716.0000	  0.3933
715.5000	  0.3922
715.0000	  0.3919
714.5000	  0.3898
714.0000	  0.3894
713.5000	  0.3889
713.0000	  0.3887
712.5000	  0.3863
712.0000	  0.3845
711.5000	  0.3847
711.0000	  0.3839
710.5000	  0.3832
710.0000	  0.3821
709.5000	  0.3817
709.0000	  0.3806
708.5000	  0.3799
708.0000	  0.3800
707.5000	  0.3804
707.0000	  0.3799
706.5000	  0.3803
706.0000	  0.3800
705.5000	  0.3802
705.0000	  0.3806
704.5000	  0.3804
704.0000	  0.3811
703.5000	  0.3816
703.0000	  0.3810
702.5000	  0.3823
702.0000	  0.3820
701.5000	  0.3820
701.0000	  0.3820
700.5000	  0.3825
700.0000	  0.3828
699.5000	  0.3826
699.0000	  0.3834
698.5000	  0.3825
698.0000	  0.3833
697.5000	  0.3837
697.0000	  0.3832
696.5000	  0.3837
696.0000	  0.3843
695.5000	  0.3839
695.0000	  0.3847
694.5000	  0.3839
694.0000	  0.3850
693.5000	  0.3849
693.0000	  0.3849
692.5000	  0.3848
692.0000	  0.3847
691.5000	  0.3856
691.0000	  0.3858
690.5000	  0.3853
690.0000	  0.3856
689.5000	  0.3861
689.0000	  0.3864
688.5000	  0.3865
688.0000	  0.3858
687.5000	  0.3864
687.0000	  0.3868
686.5000	  0.3871
686.0000	  0.3870
685.5000	  0.3869
685.0000	  0.3878
684.5000	  0.3875
684.0000	  0.3879
683.5000	  0.3873
683.0000	  0.3877
682.5000	  0.3882
682.0000	  0.3883
681.5000	  0.3880
681.0000	  0.3883
680.5000	  0.3888
680.0000	  0.3887
679.5000	  0.3888
679.0000	  0.3887
678.5000	  0.3896
678.0000	  0.3897
677.5000	  0.3901
677.0000	  0.3893
676.5000	  0.3897
676.0000	  0.3902
675.5000	  0.3897
675.0000	  0.3901
674.5000	  0.3898
674.0000	  0.3906
673.5000	  0.3901
673.0000	  0.3908
672.5000	  0.3909
672.0000	  0.3910
671.5000	  0.3908
671.0000	  0.3912
670.5000	  0.3914
670.0000	  0.3916
669.5000	  0.3912
669.0000	  0.3917
668.5000	  0.3913
668.0000	  0.3912
667.5000	  0.3915
667.0000	  0.3920
666.5000	  0.3922
666.0000	  0.3918
665.5000	  0.3921
665.0000	  0.3924
664.5000	  0.3920
664.0000	  0.3927
663.5000	  0.3923
663.0000	  0.3926
662.5000	  0.3923
662.0000	  0.3926
661.5000	  0.3929
661.0000	  0.3932
660.5000	  0.3931
660.0000	  0.3932
659.5000	  0.3934
659.0000	  0.3933
658.5000	  0.3935
658.0000	  0.3932
657.5000	  0.3936
657.0000	  0.3938
656.5000	  0.3935
656.0000	  0.3937
655.5000	  0.3935
655.0000	  0.3940
654.5000	  0.3937
654.0000	  0.3936
653.5000	  0.3940
653.0000	  0.3939
652.5000	  0.3942
652.0000	  0.3942
651.5000	  0.3943
651.0000	  0.3942
650.5000	  0.3937
650.0000	  0.3942
649.5000	  0.3941
649.0000	  0.3948
648.5000	  0.3944
648.0000	  0.3939
647.5000	  0.3945
647.0000	  0.3948
646.5000	  0.3943
646.0000	  0.3952
645.5000	  0.3943
645.0000	  0.3939
644.5000	  0.3951
644.0000	  0.3947
643.5000	  0.3949
643.0000	  0.3943
642.5000	  0.3944
642.0000	  0.3937
641.5000	  0.3946
641.0000	  0.3941
640.5000	  0.3939
640.0000	  0.3944
639.5000	  0.3942
639.0000	  0.3940
638.5000	  0.3937
638.0000	  0.3939
637.5000	  0.3945
637.0000	  0.3940
636.5000	  0.3940
636.0000	  0.3933
635.5000	  0.3940
635.0000	  0.3933
634.5000	  0.3933
634.0000	  0.3934
633.5000	  0.3929
633.0000	  0.3932
632.5000	  0.3935
632.0000	  0.3928
631.5000	  0.3934
631.0000	  0.3938
630.5000	  0.3938
630.0000	  0.3939
629.5000	  0.3949
629.0000	  0.3953
628.5000	  0.3963
628.0000	  0.3967
627.5000	  0.3972
627.0000	  0.3980
626.5000	  0.3998
626.0000	  0.4003
625.5000	  0.4009
625.0000	  0.4021
624.5000	  0.4025
624.0000	  0.4035
623.5000	  0.4050
623.0000	  0.4056
622.5000	  0.4055
622.0000	  0.4073
621.5000	  0.4070
621.0000	  0.4087
620.5000	  0.4085
620.0000	  0.4095
619.5000	  0.4103
619.0000	  0.4104
618.5000	  0.4108
618.0000	  0.4101
617.5000	  0.4116
617.0000	  0.4110
616.5000	  0.4114
616.0000	  0.4110
615.5000	  0.4111
615.0000	  0.4113
614.5000	  0.4117
614.0000	  0.4106
613.5000	  0.4117
613.0000	  0.4119
612.5000	  0.4115
612.0000	  0.4119
611.5000	  0.4124
611.0000	  0.4123
610.5000	  0.4132
610.0000	  0.4131
609.5000	  0.4135
609.0000	  0.4130
608.5000	  0.4138
608.0000	  0.4138
607.5000	  0.4143
607.0000	  0.4149
606.5000	  0.4148
606.0000	  0.4149
605.5000	  0.4156
605.0000	  0.4161
604.5000	  0.4159
604.0000	  0.4165
603.5000	  0.4167
603.0000	  0.4170
602.5000	  0.4171
602.0000	  0.4172
601.5000	  0.4179
601.0000	  0.4177
600.5000	  0.4189
600.0000	  0.4188
599.5000	  0.4191
599.0000	  0.4200
598.5000	  0.4197
598.0000	  0.4203
597.5000	  0.4202
597.0000	  0.4204
596.5000	  0.4212
596.0000	  0.4215
595.5000	  0.4215
595.0000	  0.4221
594.5000	  0.4225
594.0000	  0.4231
593.5000	  0.4228
593.0000	  0.4239
592.5000	  0.4242
592.0000	  0.4248
591.5000	  0.4245
591.0000	  0.4250
590.5000	  0.4252
590.0000	  0.4266
589.5000	  0.4263
589.0000	  0.4266
588.5000	  0.4267
588.0000	  0.4277
587.5000	  0.4281
587.0000	  0.4284
586.5000	  0.4289
586.0000	  0.4290
585.5000	  0.4300
585.0000	  0.4299
584.5000	  0.4303
584.0000	  0.4306
583.5000	  0.4313
583.0000	  0.4311
582.5000	  0.4331
582.0000	  0.4329
581.5000	  0.4329
581.0000	  0.4336
580.5000	  0.4337
580.0000	  0.4343
579.5000	  0.4348
579.0000	  0.4352
578.5000	  0.4353
578.0000	  0.4369
577.5000	  0.4365
577.0000	  0.4372
576.5000	  0.4375
576.0000	  0.4383
575.5000	  0.4384
575.0000	  0.4392
574.5000	  0.4397
574.0000	  0.4401
573.5000	  0.4412
573.0000	  0.4415
572.5000	  0.4411
572.0000	  0.4424
571.5000	  0.4427
571.0000	  0.4435
570.5000	  0.4435
570.0000	  0.4437
569.5000	  0.4443
569.0000	  0.4452
568.5000	  0.4451
568.0000	  0.4455
567.5000	  0.4464
567.0000	  0.4478
566.5000	  0.4479
566.0000	  0.4477
565.5000	  0.4485
565.0000	  0.4490
564.5000	  0.4503
564.0000	  0.4502
563.5000	  0.4509
563.0000	  0.4519
562.5000	  0.4522
562.0000	  0.4532
561.5000	  0.4537
561.0000	  0.4537
560.5000	  0.4541
560.0000	  0.4550
559.5000	  0.4555
559.0000	  0.4559
558.5000	  0.4564
558.0000	  0.4568
557.5000	  0.4574
557.0000	  0.4582
556.5000	  0.4589
556.0000	  0.4598
555.5000	  0.4600
555.0000	  0.4602
554.5000	  0.4610
554.0000	  0.4616
553.5000	  0.4617
553.0000	  0.4629
552.5000	  0.4633
552.0000	  0.4638
551.5000	  0.4648
551.0000	  0.4651
550.5000	  0.4654
550.0000	  0.4664
549.5000	  0.4672
549.0000	  0.4677
548.5000	  0.4676
548.0000	  0.4684
547.5000	  0.4689
547.0000	  0.4699
546.5000	  0.4702
546.0000	  0.4706
545.5000	  0.4712
545.0000	  0.4711
544.5000	  0.4728
544.0000	  0.4728
543.5000	  0.4735
543.0000	  0.4736
542.5000	  0.4750
542.0000	  0.4757
541.5000	  0.4766
541.0000	  0.4763
540.5000	  0.4771
540.0000	  0.4779
539.5000	  0.4776
539.0000	  0.4785
538.5000	  0.4786
538.0000	  0.4788
537.5000	  0.4800
537.0000	  0.4808
536.5000	  0.4804
536.0000	  0.4809
535.5000	  0.4821
535.0000	  0.4824
534.5000	  0.4829
534.0000	  0.4832
533.5000	  0.4842
533.0000	  0.4843
532.5000	  0.4847
532.0000	  0.4855
531.5000	  0.4862
531.0000	  0.4866
530.5000	  0.4869
530.0000	  0.4872
529.5000	  0.4870
529.0000	  0.4882
528.5000	  0.4887
528.0000	  0.4891
527.5000	  0.4897
527.0000	  0.4897
526.5000	  0.4903
526.0000	  0.4910
525.5000	  0.4912
525.0000	  0.4913
524.5000	  0.4918
524.0000	  0.4919
523.5000	  0.4925
523.0000	  0.4924
522.5000	  0.4934
522.0000	  0.4940
521.5000	  0.4942
521.0000	  0.4937
520.5000	  0.4944
520.0000	  0.4946
519.5000	  0.4951
519.0000	  0.4951
518.5000	  0.4958
518.0000	  0.4950
517.5000	  0.4953
517.0000	  0.4964
516.5000	  0.4962
516.0000	  0.4966
515.5000	  0.4962
515.0000	  0.4967
514.5000	  0.4966
514.0000	  0.4967
513.5000	  0.4959
513.0000	  0.4964
512.5000	  0.4963
512.0000	  0.4967
511.5000	  0.4966
511.0000	  0.4960
510.5000	  0.4970
510.0000	  0.4974
509.5000	  0.4968
509.0000	  0.4975
508.5000	  0.4968
508.0000	  0.4973
507.5000	  0.4978
507.0000	  0.4976
506.5000	  0.4979
506.0000	  0.4983
505.5000	  0.4989
505.0000	  0.4989
504.5000	  0.4996
504.0000	  0.4998
503.5000	  0.5001
503.0000	  0.5007
502.5000	  0.5010
502.0000	  0.5011
501.5000	  0.5013
501.0000	  0.5012
500.5000	  0.5018
500.0000	  0.5014
499.5000	  0.5023
499.0000	  0.5021
498.5000	  0.5020
498.0000	  0.5025
497.5000	  0.5023
497.0000	  0.5020
496.5000	  0.5012
496.0000	  0.5018
495.5000	  0.5021
495.0000	  0.5008
494.5000	  0.5006
494.0000	  0.5006
493.5000	  0.5007
493.0000	  0.5002
492.5000	  0.4991
492.0000	  0.4986
491.5000	  0.4980
491.0000	  0.4974
490.5000	  0.4972
490.0000	  0.4958
489.5000	  0.4944
489.0000	  0.4944
488.5000	  0.4922
488.0000	  0.4922
487.5000	  0.4908
487.0000	  0.4902
486.5000	  0.4893
486.0000	  0.4882
485.5000	  0.4867
485.0000	  0.4868
484.5000	  0.4858
484.0000	  0.4849
483.5000	  0.4843
483.0000	  0.4827
482.5000	  0.4820
482.0000	  0.4812
481.5000	  0.4799
481.0000	  0.4793
480.5000	  0.4784
480.0000	  0.4769
479.5000	  0.4762
479.0000	  0.4763
478.5000	  0.4753
478.0000	  0.4743
477.5000	  0.4731
477.0000	  0.4727
476.5000	  0.4713
476.0000	  0.4702
475.5000	  0.4699
475.0000	  0.4691
474.5000	  0.4690
474.0000	  0.4677
473.5000	  0.4663
473.0000	  0.4663
472.5000	  0.4649
472.0000	  0.4647
471.5000	  0.4637
471.0000	  0.4632
470.5000	  0.4618
470.0000	  0.4627
469.5000	  0.4620
469.0000	  0.4608
468.5000	  0.4598
468.0000	  0.4599
467.5000	  0.4590
467.0000	  0.4587
466.5000	  0.4578
466.0000	  0.4578
465.5000	  0.4576
465.0000	  0.4568
464.5000	  0.4561
464.0000	  0.4555
463.5000	  0.4556
463.0000	  0.4553
462.5000	  0.4541
462.0000	  0.4537
461.5000	  0.4536
461.0000	  0.4525
460.5000	  0.4520
460.0000	  0.4513
459.5000	  0.4509
459.0000	  0.4503
458.5000	  0.4493
458.0000	  0.4490
457.5000	  0.4491
457.0000	  0.4467
456.5000	  0.4469
456.0000	  0.4453
455.5000	  0.4444
455.0000	  0.4432
454.5000	  0.4423
454.0000	  0.4407
453.5000	  0.4390
453.0000	  0.4389
452.5000	  0.4366
452.0000	  0.4358
451.5000	  0.4337
451.0000	  0.4321
450.5000	  0.4312
450.0000	  0.4287
449.5000	  0.4286
449.0000	  0.4263
448.5000	  0.4247
448.0000	  0.4239
447.5000	  0.4213
447.0000	  0.4208
446.5000	  0.4186
446.0000	  0.4170
445.5000	  0.4164
445.0000	  0.4152
444.5000	  0.4145
444.0000	  0.4135
443.5000	  0.4125
443.0000	  0.4108
442.5000	  0.4102
442.0000	  0.4093
441.5000	  0.4084
441.0000	  0.4071
440.5000	  0.4058
440.0000	  0.4059
439.5000	  0.4048
439.0000	  0.4041
438.5000	  0.4030
438.0000	  0.4023
437.5000	  0.4013
437.0000	  0.4009
436.5000	  0.4001
436.0000	  0.3993
435.5000	  0.3987
435.0000	  0.3973
434.5000	  0.3978
434.0000	  0.3968
433.5000	  0.3952
433.0000	  0.3944
432.5000	  0.3946
432.0000	  0.3941
431.5000	  0.3934
431.0000	  0.3925
430.5000	  0.3918
430.0000	  0.3913
429.5000	  0.3908
429.0000	  0.3894
428.5000	  0.3900
428.0000	  0.3892
427.5000	  0.3889
427.0000	  0.3878
426.5000	  0.3872
426.0000	  0.3880
425.5000	  0.3868
425.0000	  0.3863
424.5000	  0.3859
424.0000	  0.3860
423.5000	  0.3856
423.0000	  0.3852
422.5000	  0.3849
422.0000	  0.3849
421.5000	  0.3843
421.0000	  0.3836
420.5000	  0.3829
420.0000	  0.3824
419.5000	  0.3818
419.0000	  0.3814
418.5000	  0.3810
418.0000	  0.3814
417.5000	  0.3802
417.0000	  0.3800
416.5000	  0.3794
416.0000	  0.3801
415.5000	  0.3795
415.0000	  0.3785
414.5000	  0.3781
414.0000	  0.3774
413.5000	  0.3773
413.0000	  0.3775
412.5000	  0.3756
412.0000	  0.3761
411.5000	  0.3758
411.0000	  0.3755
410.5000	  0.3744
410.0000	  0.3748
409.5000	  0.3741
409.0000	  0.3748
408.5000	  0.3743
408.0000	  0.3729
407.5000	  0.3728
407.0000	  0.3718
406.5000	  0.3723
406.0000	  0.3721
405.5000	  0.3709
405.0000	  0.3706
404.5000	  0.3701
404.0000	  0.3703
403.5000	  0.3695
403.0000	  0.3688
402.5000	  0.3687
402.0000	  0.3689
401.5000	  0.3691
401.0000	  0.3685
400.5000	  0.3679
400.0000	  0.3674
399.5000	  0.3660
399.0000	  0.3672
398.5000	  0.3659
398.0000	  0.3673
397.5000	  0.3666
397.0000	  0.3650
396.5000	  0.3652
396.0000	  0.3647
395.5000	  0.3648
395.0000	  0.3645
394.5000	  0.3634
394.0000	  0.3636
393.5000	  0.3634
393.0000	  0.3626
392.5000	  0.3639
392.0000	  0.3625
391.5000	  0.3633
391.0000	  0.3620
390.5000	  0.3622
390.0000	  0.3632
389.5000	  0.3630
389.0000	  0.3616
388.5000	  0.3632
388.0000	  0.3633
387.5000	  0.3631
387.0000	  0.3627
386.5000	  0.3622
386.0000	  0.3626
385.5000	  0.3622
385.0000	  0.3625
384.5000	  0.3627
384.0000	  0.3629
383.5000	  0.3628
383.0000	  0.3629
382.5000	  0.3638
382.0000	  0.3626
381.5000	  0.3623
381.0000	  0.3634
380.5000	  0.3616
380.0000	  0.3627
379.5000	  0.3623
379.0000	  0.3624
378.5000	  0.3624
378.0000	  0.3629
377.5000	  0.3623
377.0000	  0.3632
376.5000	  0.3627
376.0000	  0.3606
375.5000	  0.3640
375.0000	  0.3614
374.5000	  0.3623
374.0000	  0.3623
373.5000	  0.3617
373.0000	  0.3609
372.5000	  0.3606
372.0000	  0.3613
371.5000	  0.3619
371.0000	  0.3610
370.5000	  0.3603
370.0000	  0.3618
369.5000	  0.3601
369.0000	  0.3610
368.5000	  0.3596
368.0000	  0.3611
367.5000	  0.3590
367.0000	  0.3596
366.5000	  0.3594
366.0000	  0.3614
365.5000	  0.3625
365.0000	  0.3611
364.5000	  0.3602
364.0000	  0.3601
363.5000	  0.3605
363.0000	  0.3598
362.5000	  0.3607
362.0000	  0.3600
361.5000	  0.3591
361.0000	  0.3593
360.5000	  0.3582
360.0000	  0.3581
359.5000	  0.3584
359.0000	  0.3602
358.5000	  0.3608
358.0000	  0.3617
357.5000	  0.3611
357.0000	  0.3594
356.5000	  0.3591
356.0000	  0.3608
355.5000	  0.3593
355.0000	  0.3590
354.5000	  0.3584
354.0000	  0.3587
353.5000	  0.3595
353.0000	  0.3581
352.5000	  0.3590
352.0000	  0.3565
351.5000	  0.3577
351.0000	  0.3579
350.5000	  0.3578
350.0000	  0.3579
349.5000	  0.3573
349.0000	  0.3570
348.5000	  0.3578
348.0000	  0.3578
347.5000	  0.3569
347.0000	  0.3571
346.5000	  0.3564
346.0000	  0.3564
345.5000	  0.3555
345.0000	  0.3553
344.5000	  0.3554
344.0000	  0.3570
343.5000	  0.3545
343.0000	  0.3558
342.5000	  0.3554
342.0000	  0.3541
341.5000	  0.3544
341.0000	  0.3553
340.5000	  0.3554
340.0000	  0.3537
339.5000	  0.3552
339.0000	  0.3526
338.5000	  0.3546
338.0000	  0.3535
337.5000	  0.3532
337.0000	  0.3524
336.5000	  0.3513
336.0000	  0.3535
335.5000	  0.3527
335.0000	  0.3524
334.5000	  0.3545
334.0000	  0.3537
333.5000	  0.3518
333.0000	  0.3521
332.5000	  0.3534
332.0000	  0.3564
331.5000	  0.3538
331.0000	  0.3593
330.5000	  0.3564
330.0000	  0.3557
329.5000	  0.3582
329.0000	  0.3575
328.5000	  0.3554
328.0000	  0.3573
327.5000	  0.3597
327.0000	  0.3605
326.5000	  0.3603
326.0000	  0.3621
325.5000	  0.3647
325.0000	  0.3639
324.5000	  0.3676
324.0000	  0.3682
323.5000	  0.3728
323.0000	  0.3765
322.5000	  0.3782
322.0000	  0.3802
321.5000	  0.3831
321.0000	  0.3846
320.5000	  0.3865
320.0000	  0.3926
319.5000	  0.4003
319.0000	  0.4000
318.5000	  0.4035
318.0000	  0.4081
317.5000	  0.4155
317.0000	  0.4228
316.5000	  0.4280
316.0000	  0.4351
315.5000	  0.4437
315.0000	  0.4462
314.5000	  0.4626
314.0000	  0.4675
313.5000	  0.4751
313.0000	  0.4812
312.5000	  0.4940
312.0000	  0.5118
311.5000	  0.5234
311.0000	  0.5441
310.5000	  0.5459
310.0000	  0.5737
309.5000	  0.5961
309.0000	  0.6145
308.5000	  0.6312
308.0000	  0.6586
307.5000	  0.6951
307.0000	  0.7390
306.5000	  0.7590
306.0000	  0.7839
305.5000	  0.8200
305.0000	  0.8518
304.5000	  0.8947
304.0000	  0.9387
303.5000	  1.0144
303.0000	  1.1081
302.5000	  1.1708
302.0000	  1.2149
301.5000	  1.4042
301.0000	  1.3742
300.5000	  1.6106
300.0000	  1.7492
299.5000	  1.7476
299.0000	  1.8751
298.5000	  2.2437
298.0000	  2.3677
297.5000	  2.4320
297.0000	  2.4963
296.5000	  3.2830
296.0000	  2.8557
295.5000	  3.8915
295.0000	  3.2897
294.5000	  5.1058
294.0000	  2.4940
293.5000	  2.6481
293.0000	  5.3896
292.5000	  1.4010
292.0000	  3.7238
291.5000	  1.3576
291.0000	  2.3541
290.5000	  1.3817
290.0000	  0.9490
289.5000	  1.9881
289.0000	  1.2494
288.5000	  2.0994
288.0000	  1.4722
287.5000	  0.7808
287.0000	  0.1096
286.5000	  0.3815
286.0000	 -1.1863
285.5000	 -0.3870
285.0000	  1.0910
284.5000	  0.0509
284.0000	  0.4544
283.5000	  0.8631
283.0000	  0.1256
282.5000	  1.3086
282.0000	  0.2023
281.5000	  2.0800
281.0000	  0.7105
280.5000	  0.7793
280.0000	  5.3356
279.5000	 -0.0527
279.0000	  0.9233
278.5000	 -0.0650
278.0000	 -1.0738
277.5000	  0.8238
277.0000	  0.3566
276.5000	  1.2571
276.0000	 -1.1118
275.5000	  0.4551
275.0000	  0.2340
274.5000	 -0.3131
274.0000	 12.4312
273.5000	  0.6435
273.0000	  0.5789
272.5000	  0.4849
272.0000	 -0.7689
271.5000	  0.5924
271.0000	  0.8748
270.5000	 -0.9400
270.0000	  0.0968
269.5000	 -1.1459
269.0000	  0.7280
268.5000	  0.3386
268.0000	 -0.2866
267.5000	  1.4572
267.0000	  0.4402
266.5000	  0.1350
266.0000	  3.4145
265.5000	  0.8485
265.0000	  0.0536
264.5000	 -0.1609
264.0000	  0.7236
263.5000	 -0.9838
263.0000	  0.7521
262.5000	  0.6921
262.0000	  0.5546
261.5000	  0.7834
261.0000	 -1.2229
260.5000	  0.8311
260.0000	  1.0106
259.5000	  0.1576
259.0000	 -0.3049
258.5000	 -4.4836
258.0000	  1.9117
257.5000	  0.2550
257.0000	  1.6524
256.5000	  5.0348
256.0000	  0.9502
255.5000	 88.0375
255.0000	 -0.1388
254.5000	  0.1188
254.0000	  0.0000
253.5000	  2.0239
253.0000	  0.7729
252.5000	  1.0038
252.0000	  1.1370
251.5000	  2.8123
251.0000	  1.5624
250.5000	 -0.3496
250.0000	  0.4718
249.5000	 -0.5708
249.0000	  0.6863
248.5000	  0.2425
248.0000	  0.0025
247.5000	  1.0633
247.0000	  0.1938
246.5000	  0.8885
246.0000	  1.0341
245.5000	  0.7564
245.0000	  0.7717
244.5000	  0.4522
244.0000	  0.5070
243.5000	  1.7339
243.0000	  1.4292
242.5000	  1.0000
242.0000	  0.1462
241.5000	  1.6356
241.0000	 -0.0884
240.5000	 -2.3604
240.0000	  3.1390
239.5000	  0.1680
239.0000	  0.7301
238.5000	  0.8269
238.0000	  3.7480
237.5000	  1.0878
237.0000	 -0.9190
236.5000	  0.0342
236.0000	  0.2682
235.5000	  0.7639
235.0000	  0.4331
234.5000	  1.1809
234.0000	 -0.1076
233.5000	  1.0335
233.0000	  4.5998
232.5000	  0.3716
232.0000	  1.4741
231.5000	 -0.1065
231.0000	  0.6740
230.5000	  1.2454
230.0000	  0.5784
229.5000	  0.1716
229.0000	 -0.0246
228.5000	  0.2520
228.0000	  0.3503
227.5000	  0.4006
227.0000	  1.1177
226.5000	  1.2785
226.0000	  0.7015
225.5000	  0.1602
225.0000	  0.9133
224.5000	  0.3542
224.0000	 -7.5405
223.5000	  1.3916
223.0000	  1.4673
222.5000	  0.2160
222.0000	  0.2339
221.5000	 -2.1001
221.0000	 -0.0468
220.5000	  0.4172
220.0000	  0.5980
219.5000	  1.3464
219.0000	  0.3690
218.5000	  4.7413
218.0000	  0.3895
217.5000	  2.0080
217.0000	 -2.2292
216.5000	  1.2954
216.0000	  1.2891
215.5000	  0.6164
215.0000	  0.3354
214.5000	  1.1202
214.0000	  0.2080
213.5000	  3.1279
213.0000	  0.8419
212.5000	  0.5035
212.0000	  1.3675
211.5000	  0.4613
211.0000	 -0.1303
210.5000	  3.7761
210.0000	  0.6643
209.5000	  1.3950
209.0000	 -0.2302
208.5000	  0.7424
208.0000	 -6.0028
207.5000	  6.5433
207.0000	  1.2338
206.5000	  0.5105
206.0000	 -0.0839
205.5000	 -1.5682
205.0000	  1.8568
204.5000	  1.1772
204.0000	  4.0325
203.5000	 -0.4159
203.0000	 -0.3552
202.5000	  0.4799
202.0000	  7.1666
201.5000	 -0.0391
201.0000	  2.5587
200.5000	 -7.5987
200.0000	  1.4471
